line_no,raw,site_type,src_node,dst_node,node,sa_value,status,original_node,net,tmax_site,fault_type,is_hard
1,N110221 /1 undetected,output,,N110221,N110221,1,undetected,N110221,N110221,N110221,sa1,1
2,N117452 /1 undetected,output,,N117452,N117452,1,undetected,N117452,N117452,N117452,sa1,1
3,N79765 /1 undetected,output,,N79765,N79765,1,undetected,N79765,N79765,N79765,sa1,1
4,N89538 /1 undetected,output,,N89538,N89538,1,undetected,N89538,N89538,N89538,sa1,1
5,N81157 /1 undetected,output,,N81157,N81157,1,undetected,N81157,N81157,N81157,sa1,1
6,N95045 /1 undetected,output,,N95045,N95045,1,undetected,N95045,N95045,N95045,sa1,1
7,N94863 /1 undetected,output,,N94863,N94863,1,undetected,N94863,N94863,N94863,sa1,1
8,N44268 /1 undetected,output,,N44268,N44268,1,undetected,N44268,N44268,N44268,sa1,1
9,N44267 /1 undetected,output,,N44267,N44267,1,undetected,N44267,N44267,N44267,sa1,1
10,N44265 /1 undetected,output,,N44265,N44265,1,undetected,N44265,N44265,N44265,sa1,1
11,N44257 /1 undetected,output,,N44257,N44257,1,undetected,N44257,N44257,N44257,sa1,1
12,N79560 /1 undetected,output,,N79560,N79560,1,undetected,N79560,N79560,N79560,sa1,1
13,N44250 /1 undetected,output,,N44250,N44250,1,undetected,N44250,N44250,N44250,sa1,1
14,N79678 /1 undetected,output,,N79678,N79678,1,undetected,N79678,N79678,N79678,sa1,1
15,N89591 /1 undetected,output,,N89591,N89591,1,undetected,N89591,N89591,N89591,sa1,1
16,N109704 /1 undetected,output,,N109704,N109704,1,undetected,N109704,N109704,N109704,sa1,1
17,N109662 /1 undetected,output,,N109662,N109662,1,undetected,N109662,N109662,N109662,sa1,1
18,N109730 /1 undetected,output,,N109730,N109730,1,undetected,N109730,N109730,N109730,sa1,1
19,N109636 /1 undetected,output,,N109636,N109636,1,undetected,N109636,N109636,N109636,sa1,1
20,N79764 /1 undetected,output,,N79764,N79764,1,undetected,N79764,N79764,N79764,sa1,1
21,N81212 /1 undetected,output,,N81212,N81212,1,undetected,N81212,N81212,N81212,sa1,1
22,N109635 /1 undetected,output,,N109635,N109635,1,undetected,N109635,N109635,N109635,sa1,1
23,N109729 /1 undetected,output,,N109729,N109729,1,undetected,N109729,N109729,N109729,sa1,1
24,N109661 /1 undetected,output,,N109661,N109661,1,undetected,N109661,N109661,N109661,sa1,1
25,N109703 /1 undetected,output,,N109703,N109703,1,undetected,N109703,N109703,N109703,sa1,1
26,N88531 /1 undetected,output,,N88531,N88531,1,undetected,N88531,N88531,N88531,sa1,1
27,N44105 /1 undetected,output,,N44105,N44105,1,undetected,N44105,N44105,N44105,sa1,1
28,N79677 /1 undetected,output,,N79677,N79677,1,undetected,N79677,N79677,N79677,sa1,1
29,N44101 /1 undetected,output,,N44101,N44101,1,undetected,N44101,N44101,N44101,sa1,1
30,N44094 /1 undetected,output,,N44094,N44094,1,undetected,N44094,N44094,N44094,sa1,1
31,N44087 /1 undetected,output,,N44087,N44087,1,undetected,N44087,N44087,N44087,sa1,1
32,N79559 /1 undetected,output,,N79559,N79559,1,undetected,N79559,N79559,N79559,sa1,1
33,N44083 /1 undetected,output,,N44083,N44083,1,undetected,N44083,N44083,N44083,sa1,1
34,N44076 /1 undetected,output,,N44076,N44076,1,undetected,N44076,N44076,N44076,sa1,1
35,N44069 /1 undetected,output,,N44069,N44069,1,undetected,N44069,N44069,N44069,sa1,1
36,N81650 /1 undetected,output,,N81650,N81650,1,undetected,N81650,N81650,N81650,sa1,1
37,N95027 /1 undetected,output,,N95027,N95027,1,undetected,N95027,N95027,N95027,sa1,1
38,N28432 /1 undetected,output,,N28432,N28432,1,undetected,N28432,N28432,N28432,sa1,1
39,N28431 /1 undetected,output,,N28431,N28431,1,undetected,N28431,N28431,N28431,sa1,1
40,N28429 /1 undetected,output,,N28429,N28429,1,undetected,N28429,N28429,N28429,sa1,1
41,N109912 /1 undetected,output,,N109912,N109912,1,undetected,N109912,N109912,N109912,sa1,1
42,N79619 /1 undetected,output,,N79619,N79619,1,undetected,N79619,N79619,N79619,sa1,1
43,N107408 /1 undetected,output,,N107408,N107408,1,undetected,N107408,N107408,N107408,sa1,1
44,N107339 /1 undetected,output,,N107339,N107339,1,undetected,N107339,N107339,N107339,sa1,1
45,N109744 /1 undetected,output,,N109744,N109744,1,undetected,N109744,N109744,N109744,sa1,1
46,N88517 /1 undetected,output,,N88517,N88517,1,undetected,N88517,N88517,N88517,sa1,1
47,N79726 /1 undetected,output,,N79726,N79726,1,undetected,N79726,N79726,N79726,sa1,1
48,N109649 /1 undetected,output,,N109649,N109649,1,undetected,N109649,N109649,N109649,sa1,1
49,N109674 /1 undetected,output,,N109674,N109674,1,undetected,N109674,N109674,N109674,sa1,1
50,N109623 /1 undetected,output,,N109623,N109623,1,undetected,N109623,N109623,N109623,sa1,1
51,N109691 /1 undetected,output,,N109691,N109691,1,undetected,N109691,N109691,N109691,sa1,1
52,N109682 /1 undetected,output,,N109682,N109682,1,undetected,N109682,N109682,N109682,sa1,1
53,N109717 /1 undetected,output,,N109717,N109717,1,undetected,N109717,N109717,N109717,sa1,1
54,N28227 /1 undetected,output,,N28227,N28227,1,undetected,N28227,N28227,N28227,sa1,1
55,N81605 /1 undetected,output,,N81605,N81605,1,undetected,N81605,N81605,N81605,sa1,1
56,N79492 /1 undetected,output,,N79492,N79492,1,undetected,N79492,N79492,N79492,sa1,1
57,N89810 /1 undetected,output,,N89810,N89810,1,undetected,N89810,N89810,N89810,sa1,1
58,N110586 /1 undetected,output,,N110586,N110586,1,undetected,N110586,N110586,N110586,sa1,1
59,N81456 /1 undetected,output,,N81456,N81456,1,undetected,N81456,N81456,N81456,sa1,1
60,N110538 /1 undetected,output,,N110538,N110538,1,undetected,N110538,N110538,N110538,sa1,1
61,N95043 /1 undetected,output,,N95043,N95043,1,undetected,N95043,N95043,N95043,sa1,1
62,N94861 /1 undetected,output,,N94861,N94861,1,undetected,N94861,N94861,N94861,sa1,1
63,N43148 /1 undetected,output,,N43148,N43148,1,undetected,N43148,N43148,N43148,sa1,1
64,N43147 /1 undetected,output,,N43147,N43147,1,undetected,N43147,N43147,N43147,sa1,1
65,N43145 /1 undetected,output,,N43145,N43145,1,undetected,N43145,N43145,N43145,sa1,1
66,N43137 /1 undetected,output,,N43137,N43137,1,undetected,N43137,N43137,N43137,sa1,1
67,N79552 /1 undetected,output,,N79552,N79552,1,undetected,N79552,N79552,N79552,sa1,1
68,N43130 /1 undetected,output,,N43130,N43130,1,undetected,N43130,N43130,N43130,sa1,1
69,N79671 /1 undetected,output,,N79671,N79671,1,undetected,N79671,N79671,N79671,sa1,1
70,N89589 /1 undetected,output,,N89589,N89589,1,undetected,N89589,N89589,N89589,sa1,1
71,N109700 /1 undetected,output,,N109700,N109700,1,undetected,N109700,N109700,N109700,sa1,1
72,N109658 /1 undetected,output,,N109658,N109658,1,undetected,N109658,N109658,N109658,sa1,1
73,N109726 /1 undetected,output,,N109726,N109726,1,undetected,N109726,N109726,N109726,sa1,1
74,N109632 /1 undetected,output,,N109632,N109632,1,undetected,N109632,N109632,N109632,sa1,1
75,N79761 /1 undetected,output,,N79761,N79761,1,undetected,N79761,N79761,N79761,sa1,1
76,N81210 /1 undetected,output,,N81210,N81210,1,undetected,N81210,N81210,N81210,sa1,1
77,N109631 /1 undetected,output,,N109631,N109631,1,undetected,N109631,N109631,N109631,sa1,1
78,N109725 /1 undetected,output,,N109725,N109725,1,undetected,N109725,N109725,N109725,sa1,1
79,N109657 /1 undetected,output,,N109657,N109657,1,undetected,N109657,N109657,N109657,sa1,1
80,N109699 /1 undetected,output,,N109699,N109699,1,undetected,N109699,N109699,N109699,sa1,1
81,N88529 /1 undetected,output,,N88529,N88529,1,undetected,N88529,N88529,N88529,sa1,1
82,N42995 /1 undetected,output,,N42995,N42995,1,undetected,N42995,N42995,N42995,sa1,1
83,N79670 /1 undetected,output,,N79670,N79670,1,undetected,N79670,N79670,N79670,sa1,1
84,N42991 /1 undetected,output,,N42991,N42991,1,undetected,N42991,N42991,N42991,sa1,1
85,N42984 /1 undetected,output,,N42984,N42984,1,undetected,N42984,N42984,N42984,sa1,1
86,N42977 /1 undetected,output,,N42977,N42977,1,undetected,N42977,N42977,N42977,sa1,1
87,N79551 /1 undetected,output,,N79551,N79551,1,undetected,N79551,N79551,N79551,sa1,1
88,N42973 /1 undetected,output,,N42973,N42973,1,undetected,N42973,N42973,N42973,sa1,1
89,N42966 /1 undetected,output,,N42966,N42966,1,undetected,N42966,N42966,N42966,sa1,1
90,N42959 /1 undetected,output,,N42959,N42959,1,undetected,N42959,N42959,N42959,sa1,1
91,N81647 /1 undetected,output,,N81647,N81647,1,undetected,N81647,N81647,N81647,sa1,1
92,N116902 /1 undetected,output,,N116902,N116902,1,undetected,N116902,N116902,N116902,sa1,1
93,N89534 /1 undetected,output,,N89534,N89534,1,undetected,N89534,N89534,N89534,sa1,1
94,N81153 /1 undetected,output,,N81153,N81153,1,undetected,N81153,N81153,N81153,sa1,1
95,N110042 /1 undetected,output,,N110042,N110042,1,undetected,N110042,N110042,N110042,sa1,1
96,N53311 /1 undetected,output,,N53311,N53311,1,undetected,N53311,N53311,N53311,sa1,1
97,N87472 /1 undetected,output,,N87472,N87472,1,undetected,N87472,N87472,N87472,sa1,1
98,N120092 /1 undetected,output,,N120092,N120092,1,undetected,N120092,N120092,N120092,sa1,1
99,N82225 /1 undetected,output,,N82225,N82225,1,undetected,N82225,N82225,N82225,sa1,1
100,N120079 /1 undetected,output,,N120079,N120079,1,undetected,N120079,N120079,N120079,sa1,1
101,N90399 /1 undetected,output,,N90399,N90399,1,undetected,N90399,N90399,N90399,sa1,1
102,N82228 /1 undetected,output,,N82228,N82228,1,undetected,N82228,N82228,N82228,sa1,1
103,N53300 /1 undetected,output,,N53300,N53300,1,undetected,N53300,N53300,N53300,sa1,1
104,N82224 /1 undetected,output,,N82224,N82224,1,undetected,N82224,N82224,N82224,sa1,1
105,N53298 /1 undetected,output,,N53298,N53298,1,undetected,N53298,N53298,N53298,sa1,1
106,N90398 /1 undetected,output,,N90398,N90398,1,undetected,N90398,N90398,N90398,sa1,1
107,N90401 /1 undetected,output,,N90401,N90401,1,undetected,N90401,N90401,N90401,sa1,1
108,N53291 /1 undetected,output,,N53291,N53291,1,undetected,N53291,N53291,N53291,sa1,1
109,N90397 /1 undetected,output,,N90397,N90397,1,undetected,N90397,N90397,N90397,sa1,1
110,N53289 /1 undetected,output,,N53289,N53289,1,undetected,N53289,N53289,N53289,sa1,1
111,N87471 /1 undetected,output,,N87471,N87471,1,undetected,N87471,N87471,N87471,sa1,1
112,N82223 /1 undetected,output,,N82223,N82223,1,undetected,N82223,N82223,N82223,sa1,1
113,N52448 /1 undetected,output,,N52448,N52448,1,undetected,N52448,N52448,N52448,sa1,1
114,N90396 /1 undetected,output,,N90396,N90396,1,undetected,N90396,N90396,N90396,sa1,1
115,N52440 /1 undetected,output,,N52440,N52440,1,undetected,N52440,N52440,N52440,sa1,1
116,N52585 /1 undetected,output,,N52585,N52585,1,undetected,N52585,N52585,N52585,sa1,1
117,N82170 /1 undetected,output,,N82170,N82170,1,undetected,N82170,N82170,N82170,sa1,1
118,N90365 /1 undetected,output,,N90365,N90365,1,undetected,N90365,N90365,N90365,sa1,1
119,N52579 /1 undetected,output,,N52579,N52579,1,undetected,N52579,N52579,N52579,sa1,1
120,N82198 /1 undetected,output,,N82198,N82198,1,undetected,N82198,N82198,N82198,sa1,1
121,N120058 /1 undetected,output,,N120058,N120058,1,undetected,N120058,N120058,N120058,sa1,1
122,N52543 /1 undetected,output,,N52543,N52543,1,undetected,N52543,N52543,N52543,sa1,1
123,N90371 /1 undetected,output,,N90371,N90371,1,undetected,N90371,N90371,N90371,sa1,1
124,N52570 /1 undetected,output,,N52570,N52570,1,undetected,N52570,N52570,N52570,sa1,1
125,N52472 /1 undetected,output,,N52472,N52472,1,undetected,N52472,N52472,N52472,sa1,1
126,N120091 /1 undetected,output,,N120091,N120091,1,undetected,N120091,N120091,N120091,sa1,1
127,N120088 /1 undetected,output,,N120088,N120088,1,undetected,N120088,N120088,N120088,sa1,1
128,N90370 /1 undetected,output,,N90370,N90370,1,undetected,N90370,N90370,N90370,sa1,1
129,N52451 /1 undetected,output,,N52451,N52451,1,undetected,N52451,N52451,N52451,sa1,1
130,N52450 /1 undetected,output,,N52450,N52450,1,undetected,N52450,N52450,N52450,sa1,1
131,N90363 /1 undetected,output,,N90363,N90363,1,undetected,N90363,N90363,N90363,sa1,1
132,N52442 /1 undetected,output,,N52442,N52442,1,undetected,N52442,N52442,N52442,sa1,1
133,N82192 /1 undetected,output,,N82192,N82192,1,undetected,N82192,N82192,N82192,sa1,1
134,N120078 /1 undetected,output,,N120078,N120078,1,undetected,N120078,N120078,N120078,sa1,1
135,N120057 /1 undetected,output,,N120057,N120057,1,undetected,N120057,N120057,N120057,sa1,1
136,N118694 /1 undetected,output,,N118694,N118694,1,undetected,N118694,N118694,N118694,sa1,1
137,N89556 /1 undetected,output,,N89556,N89556,1,undetected,N89556,N89556,N89556,sa1,1
138,N81175 /1 undetected,output,,N81175,N81175,1,undetected,N81175,N81175,N81175,sa1,1
139,N110061 /1 undetected,output,,N110061,N110061,1,undetected,N110061,N110061,N110061,sa1,1
140,N95051 /1 undetected,output,,N95051,N95051,1,undetected,N95051,N95051,N95051,sa1,1
141,N89923 /1 undetected,output,,N89923,N89923,1,undetected,N89923,N89923,N89923,sa1,1
142,N81664 /1 undetected,output,,N81664,N81664,1,undetected,N81664,N81664,N81664,sa1,1
143,N89907 /1 undetected,output,,N89907,N89907,1,undetected,N89907,N89907,N89907,sa1,1
144,N110770 /1 undetected,output,,N110770,N110770,1,undetected,N110770,N110770,N110770,sa1,1
145,N110509 /1 undetected,output,,N110509,N110509,1,undetected,N110509,N110509,N110509,sa1,1
146,N110405 /1 undetected,output,,N110405,N110405,1,undetected,N110405,N110405,N110405,sa1,1
147,N110694 /1 undetected,output,,N110694,N110694,1,undetected,N110694,N110694,N110694,sa1,1
148,N81579 /1 undetected,output,,N81579,N81579,1,undetected,N81579,N81579,N81579,sa1,1
149,N110693 /1 undetected,output,,N110693,N110693,1,undetected,N110693,N110693,N110693,sa1,1
150,N110404 /1 undetected,output,,N110404,N110404,1,undetected,N110404,N110404,N110404,sa1,1
151,N110508 /1 undetected,output,,N110508,N110508,1,undetected,N110508,N110508,N110508,sa1,1
152,N110769 /1 undetected,output,,N110769,N110769,1,undetected,N110769,N110769,N110769,sa1,1
153,N74255 /1 undetected,output,,N74255,N74255,1,undetected,N74255,N74255,N74255,sa1,1
154,N98583 /1 undetected,output,,N98583,N98583,1,undetected,N98583,N98583,N98583,sa1,1
155,N29488 /1 undetected,output,,N29488,N29488,1,undetected,N29488,N29488,N29488,sa1,1
156,N29487 /1 undetected,output,,N29487,N29487,1,undetected,N29487,N29487,N29487,sa1,1
157,N29485 /1 undetected,output,,N29485,N29485,1,undetected,N29485,N29485,N29485,sa1,1
158,N79623 /1 undetected,output,,N79623,N79623,1,undetected,N79623,N79623,N79623,sa1,1
159,N89670 /1 undetected,output,,N89670,N89670,1,undetected,N89670,N89670,N89670,sa1,1
160,N107342 /1 undetected,output,,N107342,N107342,1,undetected,N107342,N107342,N107342,sa1,1
161,N81297 /1 undetected,output,,N81297,N81297,1,undetected,N81297,N81297,N81297,sa1,1
162,N107411 /1 undetected,output,,N107411,N107411,1,undetected,N107411,N107411,N107411,sa1,1
163,N109747 /1 undetected,output,,N109747,N109747,1,undetected,N109747,N109747,N109747,sa1,1
164,N88521 /1 undetected,output,,N88521,N88521,1,undetected,N88521,N88521,N88521,sa1,1
165,N79731 /1 undetected,output,,N79731,N79731,1,undetected,N79731,N79731,N79731,sa1,1
166,N109684 /1 undetected,output,,N109684,N109684,1,undetected,N109684,N109684,N109684,sa1,1
167,N109718 /1 undetected,output,,N109718,N109718,1,undetected,N109718,N109718,N109718,sa1,1
168,N109692 /1 undetected,output,,N109692,N109692,1,undetected,N109692,N109692,N109692,sa1,1
169,N109624 /1 undetected,output,,N109624,N109624,1,undetected,N109624,N109624,N109624,sa1,1
170,N109676 /1 undetected,output,,N109676,N109676,1,undetected,N109676,N109676,N109676,sa1,1
171,N109650 /1 undetected,output,,N109650,N109650,1,undetected,N109650,N109650,N109650,sa1,1
172,N29306 /1 undetected,output,,N29306,N29306,1,undetected,N29306,N29306,N29306,sa1,1
173,N79499 /1 undetected,output,,N79499,N79499,1,undetected,N79499,N79499,N79499,sa1,1
174,N29303 /1 undetected,output,,N29303,N29303,1,undetected,N29303,N29303,N29303,sa1,1
175,N79498 /1 undetected,output,,N79498,N79498,1,undetected,N79498,N79498,N79498,sa1,1
176,N29299 /1 undetected,output,,N29299,N29299,1,undetected,N29299,N29299,N29299,sa1,1
177,N29292 /1 undetected,output,,N29292,N29292,1,undetected,N29292,N29292,N29292,sa1,1
178,N29280 /1 undetected,output,,N29280,N29280,1,undetected,N29280,N29280,N29280,sa1,1
179,N81609 /1 undetected,output,,N81609,N81609,1,undetected,N81609,N81609,N81609,sa1,1
180,N95028 /1 undetected,output,,N95028,N95028,1,undetected,N95028,N95028,N95028,sa1,1
181,N83834 /1 undetected,output,,N83834,N83834,1,undetected,N83834,N83834,N83834,sa1,1
182,N81458 /1 undetected,output,,N81458,N81458,1,undetected,N81458,N81458,N81458,sa1,1
183,N109675 /1 undetected,output,,N109675,N109675,1,undetected,N109675,N109675,N109675,sa1,1
184,N109683 /1 undetected,output,,N109683,N109683,1,undetected,N109683,N109683,N109683,sa1,1
185,N108413 /1 undetected,output,,N108413,N108413,1,undetected,N108413,N108413,N108413,sa1,1
186,N95054 /1 undetected,output,,N95054,N95054,1,undetected,N95054,N95054,N95054,sa1,1
187,N81668 /1 undetected,output,,N81668,N81668,1,undetected,N81668,N81668,N81668,sa1,1
188,N117300 /1 undetected,output,,N117300,N117300,1,undetected,N117300,N117300,N117300,sa1,1
189,N81583 /1 undetected,output,,N81583,N81583,1,undetected,N81583,N81583,N81583,sa1,1
190,N110413 /1 undetected,output,,N110413,N110413,1,undetected,N110413,N110413,N110413,sa1,1
191,N110517 /1 undetected,output,,N110517,N110517,1,undetected,N110517,N110517,N110517,sa1,1
192,N89911 /1 undetected,output,,N89911,N89911,1,undetected,N89911,N89911,N89911,sa1,1
193,N110516 /1 undetected,output,,N110516,N110516,1,undetected,N110516,N110516,N110516,sa1,1
194,N110412 /1 undetected,output,,N110412,N110412,1,undetected,N110412,N110412,N110412,sa1,1
195,N111528 /1 undetected,output,,N111528,N111528,1,undetected,N111528,N111528,N111528,sa1,1
196,N79589 /1 undetected,output,,N79589,N79589,1,undetected,N79589,N79589,N79589,sa1,1
197,N110199 /1 undetected,output,,N110199,N110199,1,undetected,N110199,N110199,N110199,sa1,1
198,N81493 /1 undetected,output,,N81493,N81493,1,undetected,N81493,N81493,N81493,sa1,1
199,N110828 /1 undetected,output,,N110828,N110828,1,undetected,N110828,N110828,N110828,sa1,1
200,N109953 /1 undetected,output,,N109953,N109953,1,undetected,N109953,N109953,N109953,sa1,1
201,N113246 /1 undetected,output,,N113246,N113246,1,undetected,N113246,N113246,N113246,sa1,1
202,N79702 /1 undetected,output,,N79702,N79702,1,undetected,N79702,N79702,N79702,sa1,1
203,N109787 /1 undetected,output,,N109787,N109787,1,undetected,N109787,N109787,N109787,sa1,1
204,N111374 /1 undetected,output,,N111374,N111374,1,undetected,N111374,N111374,N111374,sa1,1
205,N108841 /1 undetected,output,,N108841,N108841,1,undetected,N108841,N108841,N108841,sa1,1
206,N80043 /1 undetected,output,,N80043,N80043,1,undetected,N80043,N80043,N80043,sa1,1
207,N108248 /1 undetected,output,,N108248,N108248,1,undetected,N108248,N108248,N108248,sa1,1
208,N108353 /1 undetected,output,,N108353,N108353,1,undetected,N108353,N108353,N108353,sa1,1
209,N109610 /1 undetected,output,,N109610,N109610,1,undetected,N109610,N109610,N109610,sa1,1
210,N80179 /1 undetected,output,,N80179,N80179,1,undetected,N80179,N80179,N80179,sa1,1
211,N80788 /1 undetected,output,,N80788,N80788,1,undetected,N80788,N80788,N80788,sa1,1
212,N89210 /1 undetected,output,,N89210,N89210,1,undetected,N89210,N89210,N89210,sa1,1
213,N112711 /1 undetected,output,,N112711,N112711,1,undetected,N112711,N112711,N112711,sa1,1
214,N109441 /1 undetected,output,,N109441,N109441,1,undetected,N109441,N109441,N109441,sa1,1
215,N80326 /1 undetected,output,,N80326,N80326,1,undetected,N80326,N80326,N80326,sa1,1
216,N106914 /1 undetected,output,,N106914,N106914,1,undetected,N106914,N106914,N106914,sa1,1
217,N106961 /1 undetected,output,,N106961,N106961,1,undetected,N106961,N106961,N106961,sa1,1
218,N107499 /1 undetected,output,,N107499,N107499,1,undetected,N107499,N107499,N107499,sa1,1
219,N90298 /1 undetected,output,,N90298,N90298,1,undetected,N90298,N90298,N90298,sa1,1
220,N50768 /1 undetected,output,,N50768,N50768,1,undetected,N50768,N50768,N50768,sa1,1
221,N50766 /1 undetected,output,,N50766,N50766,1,undetected,N50766,N50766,N50766,sa1,1
222,N119350 /1 undetected,output,,N119350,N119350,1,undetected,N119350,N119350,N119350,sa1,1
223,N50764 /1 undetected,output,,N50764,N50764,1,undetected,N50764,N50764,N50764,sa1,1
224,N109060 /1 undetected,output,,N109060,N109060,1,undetected,N109060,N109060,N109060,sa1,1
225,N50762 /1 undetected,output,,N50762,N50762,1,undetected,N50762,N50762,N50762,sa1,1
226,N105033 /1 undetected,output,,N105033,N105033,1,undetected,N105033,N105033,N105033,sa1,1
227,N79240 /1 undetected,output,,N79240,N79240,1,undetected,N79240,N79240,N79240,sa1,1
228,N50761 /1 undetected,output,,N50761,N50761,1,undetected,N50761,N50761,N50761,sa1,1
229,N50759 /1 undetected,output,,N50759,N50759,1,undetected,N50759,N50759,N50759,sa1,1
230,N50757 /1 undetected,output,,N50757,N50757,1,undetected,N50757,N50757,N50757,sa1,1
231,N112474 /1 undetected,output,,N112474,N112474,1,undetected,N112474,N112474,N112474,sa1,1
232,N112466 /1 undetected,output,,N112466,N112466,1,undetected,N112466,N112466,N112466,sa1,1
233,N50756 /1 undetected,output,,N50756,N50756,1,undetected,N50756,N50756,N50756,sa1,1
234,N84629 /1 undetected,output,,N84629,N84629,1,undetected,N84629,N84629,N84629,sa1,1
235,N50754 /1 undetected,output,,N50754,N50754,1,undetected,N50754,N50754,N50754,sa1,1
236,N112462 /1 undetected,output,,N112462,N112462,1,undetected,N112462,N112462,N112462,sa1,1
237,N88153 /1 undetected,output,,N88153,N88153,1,undetected,N88153,N88153,N88153,sa1,1
238,N50752 /1 undetected,output,,N50752,N50752,1,undetected,N50752,N50752,N50752,sa1,1
239,N112451 /1 undetected,output,,N112451,N112451,1,undetected,N112451,N112451,N112451,sa1,1
240,N79239 /1 undetected,output,,N79239,N79239,1,undetected,N79239,N79239,N79239,sa1,1
241,N50750 /1 undetected,output,,N50750,N50750,1,undetected,N50750,N50750,N50750,sa1,1
242,N119347 /1 undetected,output,,N119347,N119347,1,undetected,N119347,N119347,N119347,sa1,1
243,N50748 /1 undetected,output,,N50748,N50748,1,undetected,N50748,N50748,N50748,sa1,1
244,N50746 /1 undetected,output,,N50746,N50746,1,undetected,N50746,N50746,N50746,sa1,1
245,N84628 /1 undetected,output,,N84628,N84628,1,undetected,N84628,N84628,N84628,sa1,1
246,N50744 /1 undetected,output,,N50744,N50744,1,undetected,N50744,N50744,N50744,sa1,1
247,N50743 /1 undetected,output,,N50743,N50743,1,undetected,N50743,N50743,N50743,sa1,1
248,N112432 /1 undetected,output,,N112432,N112432,1,undetected,N112432,N112432,N112432,sa1,1
249,N88152 /1 undetected,output,,N88152,N88152,1,undetected,N88152,N88152,N88152,sa1,1
250,N50741 /1 undetected,output,,N50741,N50741,1,undetected,N50741,N50741,N50741,sa1,1
251,N112403 /1 undetected,output,,N112403,N112403,1,undetected,N112403,N112403,N112403,sa1,1
252,N79238 /1 undetected,output,,N79238,N79238,1,undetected,N79238,N79238,N79238,sa1,1
253,N50739 /1 undetected,output,,N50739,N50739,1,undetected,N50739,N50739,N50739,sa1,1
254,N119325 /1 undetected,output,,N119325,N119325,1,undetected,N119325,N119325,N119325,sa1,1
255,N50737 /1 undetected,output,,N50737,N50737,1,undetected,N50737,N50737,N50737,sa1,1
256,N108942 /1 undetected,output,,N108942,N108942,1,undetected,N108942,N108942,N108942,sa1,1
257,N106821 /1 undetected,output,,N106821,N106821,1,undetected,N106821,N106821,N106821,sa1,1
258,N79910 /1 undetected,output,,N79910,N79910,1,undetected,N79910,N79910,N79910,sa1,1
259,N108515 /1 undetected,output,,N108515,N108515,1,undetected,N108515,N108515,N108515,sa1,1
260,N108675 /1 undetected,output,,N108675,N108675,1,undetected,N108675,N108675,N108675,sa1,1
261,N79780 /1 undetected,output,,N79780,N79780,1,undetected,N79780,N79780,N79780,sa1,1
262,N111415 /1 undetected,output,,N111415,N111415,1,undetected,N111415,N111415,N111415,sa1,1
263,N106386 /1 undetected,output,,N106386,N106386,1,undetected,N106386,N106386,N106386,sa1,1
264,N81180 /1 undetected,output,,N81180,N81180,1,undetected,N81180,N81180,N81180,sa1,1
265,N89560 /1 undetected,output,,N89560,N89560,1,undetected,N89560,N89560,N89560,sa1,1
266,N106424 /1 undetected,output,,N106424,N106424,1,undetected,N106424,N106424,N106424,sa1,1
267,N89559 /1 undetected,output,,N89559,N89559,1,undetected,N89559,N89559,N89559,sa1,1
268,N81179 /1 undetected,output,,N81179,N81179,1,undetected,N81179,N81179,N81179,sa1,1
269,N50541 /1 undetected,output,,N50541,N50541,1,undetected,N50541,N50541,N50541,sa1,1
270,N50540 /1 undetected,output,,N50540,N50540,1,undetected,N50540,N50540,N50540,sa1,1
271,N50538 /1 undetected,output,,N50538,N50538,1,undetected,N50538,N50538,N50538,sa1,1
272,N50530 /1 undetected,output,,N50530,N50530,1,undetected,N50530,N50530,N50530,sa1,1
273,N79588 /1 undetected,output,,N79588,N79588,1,undetected,N79588,N79588,N79588,sa1,1
274,N50523 /1 undetected,output,,N50523,N50523,1,undetected,N50523,N50523,N50523,sa1,1
275,N79701 /1 undetected,output,,N79701,N79701,1,undetected,N79701,N79701,N79701,sa1,1
276,N79779 /1 undetected,output,,N79779,N79779,1,undetected,N79779,N79779,N79779,sa1,1
277,N81216 /1 undetected,output,,N81216,N81216,1,undetected,N81216,N81216,N81216,sa1,1
278,N109642 /1 undetected,output,,N109642,N109642,1,undetected,N109642,N109642,N109642,sa1,1
279,N109736 /1 undetected,output,,N109736,N109736,1,undetected,N109736,N109736,N109736,sa1,1
280,N109668 /1 undetected,output,,N109668,N109668,1,undetected,N109668,N109668,N109668,sa1,1
281,N109710 /1 undetected,output,,N109710,N109710,1,undetected,N109710,N109710,N109710,sa1,1
282,N89594 /1 undetected,output,,N89594,N89594,1,undetected,N89594,N89594,N89594,sa1,1
283,N109709 /1 undetected,output,,N109709,N109709,1,undetected,N109709,N109709,N109709,sa1,1
284,N109667 /1 undetected,output,,N109667,N109667,1,undetected,N109667,N109667,N109667,sa1,1
285,N109735 /1 undetected,output,,N109735,N109735,1,undetected,N109735,N109735,N109735,sa1,1
286,N109641 /1 undetected,output,,N109641,N109641,1,undetected,N109641,N109641,N109641,sa1,1
287,N88534 /1 undetected,output,,N88534,N88534,1,undetected,N88534,N88534,N88534,sa1,1
288,N50375 /1 undetected,output,,N50375,N50375,1,undetected,N50375,N50375,N50375,sa1,1
289,N79700 /1 undetected,output,,N79700,N79700,1,undetected,N79700,N79700,N79700,sa1,1
290,N50371 /1 undetected,output,,N50371,N50371,1,undetected,N50371,N50371,N50371,sa1,1
291,N50364 /1 undetected,output,,N50364,N50364,1,undetected,N50364,N50364,N50364,sa1,1
292,N50357 /1 undetected,output,,N50357,N50357,1,undetected,N50357,N50357,N50357,sa1,1
293,N79587 /1 undetected,output,,N79587,N79587,1,undetected,N79587,N79587,N79587,sa1,1
294,N50353 /1 undetected,output,,N50353,N50353,1,undetected,N50353,N50353,N50353,sa1,1
295,N50346 /1 undetected,output,,N50346,N50346,1,undetected,N50346,N50346,N50346,sa1,1
296,N50339 /1 undetected,output,,N50339,N50339,1,undetected,N50339,N50339,N50339,sa1,1
297,N81667 /1 undetected,output,,N81667,N81667,1,undetected,N81667,N81667,N81667,sa1,1
298,N95053 /1 undetected,output,,N95053,N95053,1,undetected,N95053,N95053,N95053,sa1,1
299,N110219 /1 undetected,output,,N110219,N110219,1,undetected,N110219,N110219,N110219,sa1,1
300,N117233 /1 undetected,output,,N117233,N117233,1,undetected,N117233,N117233,N117233,sa1,1
301,N79763 /1 undetected,output,,N79763,N79763,1,undetected,N79763,N79763,N79763,sa1,1
302,N89536 /1 undetected,output,,N89536,N89536,1,undetected,N89536,N89536,N89536,sa1,1
303,N81155 /1 undetected,output,,N81155,N81155,1,undetected,N81155,N81155,N81155,sa1,1
304,N95044 /1 undetected,output,,N95044,N95044,1,undetected,N95044,N95044,N95044,sa1,1
305,N94862 /1 undetected,output,,N94862,N94862,1,undetected,N94862,N94862,N94862,sa1,1
306,N43559 /1 undetected,output,,N43559,N43559,1,undetected,N43559,N43559,N43559,sa1,1
307,N43558 /1 undetected,output,,N43558,N43558,1,undetected,N43558,N43558,N43558,sa1,1
308,N43556 /1 undetected,output,,N43556,N43556,1,undetected,N43556,N43556,N43556,sa1,1
309,N43548 /1 undetected,output,,N43548,N43548,1,undetected,N43548,N43548,N43548,sa1,1
310,N79555 /1 undetected,output,,N79555,N79555,1,undetected,N79555,N79555,N79555,sa1,1
311,N43541 /1 undetected,output,,N43541,N43541,1,undetected,N43541,N43541,N43541,sa1,1
312,N79674 /1 undetected,output,,N79674,N79674,1,undetected,N79674,N79674,N79674,sa1,1
313,N88530 /1 undetected,output,,N88530,N88530,1,undetected,N88530,N88530,N88530,sa1,1
314,N89590 /1 undetected,output,,N89590,N89590,1,undetected,N89590,N89590,N89590,sa1,1
315,N109702 /1 undetected,output,,N109702,N109702,1,undetected,N109702,N109702,N109702,sa1,1
316,N109660 /1 undetected,output,,N109660,N109660,1,undetected,N109660,N109660,N109660,sa1,1
317,N109728 /1 undetected,output,,N109728,N109728,1,undetected,N109728,N109728,N109728,sa1,1
318,N109634 /1 undetected,output,,N109634,N109634,1,undetected,N109634,N109634,N109634,sa1,1
319,N109701 /1 undetected,output,,N109701,N109701,1,undetected,N109701,N109701,N109701,sa1,1
320,N79762 /1 undetected,output,,N79762,N79762,1,undetected,N79762,N79762,N79762,sa1,1
321,N81211 /1 undetected,output,,N81211,N81211,1,undetected,N81211,N81211,N81211,sa1,1
322,N109633 /1 undetected,output,,N109633,N109633,1,undetected,N109633,N109633,N109633,sa1,1
323,N109727 /1 undetected,output,,N109727,N109727,1,undetected,N109727,N109727,N109727,sa1,1
324,N109659 /1 undetected,output,,N109659,N109659,1,undetected,N109659,N109659,N109659,sa1,1
325,N43402 /1 undetected,output,,N43402,N43402,1,undetected,N43402,N43402,N43402,sa1,1
326,N79673 /1 undetected,output,,N79673,N79673,1,undetected,N79673,N79673,N79673,sa1,1
327,N43398 /1 undetected,output,,N43398,N43398,1,undetected,N43398,N43398,N43398,sa1,1
328,N43391 /1 undetected,output,,N43391,N43391,1,undetected,N43391,N43391,N43391,sa1,1
329,N43384 /1 undetected,output,,N43384,N43384,1,undetected,N43384,N43384,N43384,sa1,1
330,N79554 /1 undetected,output,,N79554,N79554,1,undetected,N79554,N79554,N79554,sa1,1
331,N43380 /1 undetected,output,,N43380,N43380,1,undetected,N43380,N43380,N43380,sa1,1
332,N43373 /1 undetected,output,,N43373,N43373,1,undetected,N43373,N43373,N43373,sa1,1
333,N43366 /1 undetected,output,,N43366,N43366,1,undetected,N43366,N43366,N43366,sa1,1
334,N81648 /1 undetected,output,,N81648,N81648,1,undetected,N81648,N81648,N81648,sa1,1
335,N95025 /1 undetected,output,,N95025,N95025,1,undetected,N95025,N95025,N95025,sa1,1
336,N89921 /1 undetected,output,,N89921,N89921,1,undetected,N89921,N89921,N89921,sa1,1
337,N81601 /1 undetected,output,,N81601,N81601,1,undetected,N81601,N81601,N81601,sa1,1
338,N81529 /1 undetected,output,,N81529,N81529,1,undetected,N81529,N81529,N81529,sa1,1
339,N110645 /1 undetected,output,,N110645,N110645,1,undetected,N110645,N110645,N110645,sa1,1
340,N110431 /1 undetected,output,,N110431,N110431,1,undetected,N110431,N110431,N110431,sa1,1
341,N110325 /1 undetected,output,,N110325,N110325,1,undetected,N110325,N110325,N110325,sa1,1
342,N110720 /1 undetected,output,,N110720,N110720,1,undetected,N110720,N110720,N110720,sa1,1
343,N89857 /1 undetected,output,,N89857,N89857,1,undetected,N89857,N89857,N89857,sa1,1
344,N110721 /1 undetected,output,,N110721,N110721,1,undetected,N110721,N110721,N110721,sa1,1
345,N110326 /1 undetected,output,,N110326,N110326,1,undetected,N110326,N110326,N110326,sa1,1
346,N110432 /1 undetected,output,,N110432,N110432,1,undetected,N110432,N110432,N110432,sa1,1
347,N110646 /1 undetected,output,,N110646,N110646,1,undetected,N110646,N110646,N110646,sa1,1
348,N95055 /1 undetected,output,,N95055,N95055,1,undetected,N95055,N95055,N95055,sa1,1
349,N94873 /1 undetected,output,,N94873,N94873,1,undetected,N94873,N94873,N94873,sa1,1
350,N111529 /1 undetected,output,,N111529,N111529,1,undetected,N111529,N111529,N111529,sa1,1
351,N82144 /1 undetected,output,,N82144,N82144,1,undetected,N82144,N82144,N82144,sa1,1
352,N52179 /1 undetected,output,,N52179,N52179,1,undetected,N52179,N52179,N52179,sa1,1
353,N79185 /1 undetected,output,,N79185,N79185,1,undetected,N79185,N79185,N79185,sa1,1
354,N82150 /1 undetected,output,,N82150,N82150,1,undetected,N82150,N82150,N82150,sa1,1
355,N120016 /1 undetected,output,,N120016,N120016,1,undetected,N120016,N120016,N120016,sa1,1
356,N51948 /1 undetected,output,,N51948,N51948,1,undetected,N51948,N51948,N51948,sa1,1
357,N79184 /1 undetected,output,,N79184,N79184,1,undetected,N79184,N79184,N79184,sa1,1
358,N90326 /1 undetected,output,,N90326,N90326,1,undetected,N90326,N90326,N90326,sa1,1
359,N119981 /1 undetected,output,,N119981,N119981,1,undetected,N119981,N119981,N119981,sa1,1
360,N109954 /1 undetected,output,,N109954,N109954,1,undetected,N109954,N109954,N109954,sa1,1
361,N90320 /1 undetected,output,,N90320,N90320,1,undetected,N90320,N90320,N90320,sa1,1
362,N114787 /1 undetected,output,,N114787,N114787,1,undetected,N114787,N114787,N114787,sa1,1
363,N79592 /1 undetected,output,,N79592,N79592,1,undetected,N79592,N79592,N79592,sa1,1
364,N81669 /1 undetected,output,,N81669,N81669,1,undetected,N81669,N81669,N81669,sa1,1
365,N89912 /1 undetected,output,,N89912,N89912,1,undetected,N89912,N89912,N89912,sa1,1
366,N110415 /1 undetected,output,,N110415,N110415,1,undetected,N110415,N110415,N110415,sa1,1
367,N110775 /1 undetected,output,,N110775,N110775,1,undetected,N110775,N110775,N110775,sa1,1
368,N110519 /1 undetected,output,,N110519,N110519,1,undetected,N110519,N110519,N110519,sa1,1
369,N81584 /1 undetected,output,,N81584,N81584,1,undetected,N81584,N81584,N81584,sa1,1
370,N110518 /1 undetected,output,,N110518,N110518,1,undetected,N110518,N110518,N110518,sa1,1
371,N110699 /1 undetected,output,,N110699,N110699,1,undetected,N110699,N110699,N110699,sa1,1
372,N110414 /1 undetected,output,,N110414,N110414,1,undetected,N110414,N110414,N110414,sa1,1
373,N74263 /1 undetected,output,,N74263,N74263,1,undetected,N74263,N74263,N74263,sa1,1
374,N98584 /1 undetected,output,,N98584,N98584,1,undetected,N98584,N98584,N98584,sa1,1
375,N34572 /1 undetected,output,,N34572,N34572,1,undetected,N34572,N34572,N34572,sa1,1
376,N34571 /1 undetected,output,,N34571,N34571,1,undetected,N34571,N34571,N34571,sa1,1
377,N34569 /1 undetected,output,,N34569,N34569,1,undetected,N34569,N34569,N34569,sa1,1
378,N34561 /1 undetected,output,,N34561,N34561,1,undetected,N34561,N34561,N34561,sa1,1
379,N79509 /1 undetected,output,,N79509,N79509,1,undetected,N79509,N79509,N79509,sa1,1
380,N34554 /1 undetected,output,,N34554,N34554,1,undetected,N34554,N34554,N34554,sa1,1
381,N79634 /1 undetected,output,,N79634,N79634,1,undetected,N79634,N79634,N79634,sa1,1
382,N88526 /1 undetected,output,,N88526,N88526,1,undetected,N88526,N88526,N88526,sa1,1
383,N79737 /1 undetected,output,,N79737,N79737,1,undetected,N79737,N79737,N79737,sa1,1
384,N81207 /1 undetected,output,,N81207,N81207,1,undetected,N81207,N81207,N81207,sa1,1
385,N109626 /1 undetected,output,,N109626,N109626,1,undetected,N109626,N109626,N109626,sa1,1
386,N109720 /1 undetected,output,,N109720,N109720,1,undetected,N109720,N109720,N109720,sa1,1
387,N109652 /1 undetected,output,,N109652,N109652,1,undetected,N109652,N109652,N109652,sa1,1
388,N109694 /1 undetected,output,,N109694,N109694,1,undetected,N109694,N109694,N109694,sa1,1
389,N89586 /1 undetected,output,,N89586,N89586,1,undetected,N89586,N89586,N89586,sa1,1
390,N109693 /1 undetected,output,,N109693,N109693,1,undetected,N109693,N109693,N109693,sa1,1
391,N109651 /1 undetected,output,,N109651,N109651,1,undetected,N109651,N109651,N109651,sa1,1
392,N109719 /1 undetected,output,,N109719,N109719,1,undetected,N109719,N109719,N109719,sa1,1
393,N109625 /1 undetected,output,,N109625,N109625,1,undetected,N109625,N109625,N109625,sa1,1
394,N34397 /1 undetected,output,,N34397,N34397,1,undetected,N34397,N34397,N34397,sa1,1
395,N79633 /1 undetected,output,,N79633,N79633,1,undetected,N79633,N79633,N79633,sa1,1
396,N34393 /1 undetected,output,,N34393,N34393,1,undetected,N34393,N34393,N34393,sa1,1
397,N34386 /1 undetected,output,,N34386,N34386,1,undetected,N34386,N34386,N34386,sa1,1
398,N34379 /1 undetected,output,,N34379,N34379,1,undetected,N34379,N34379,N34379,sa1,1
399,N79508 /1 undetected,output,,N79508,N79508,1,undetected,N79508,N79508,N79508,sa1,1
400,N34375 /1 undetected,output,,N34375,N34375,1,undetected,N34375,N34375,N34375,sa1,1
401,N34368 /1 undetected,output,,N34368,N34368,1,undetected,N34368,N34368,N34368,sa1,1
402,N34361 /1 undetected,output,,N34361,N34361,1,undetected,N34361,N34361,N34361,sa1,1
403,N81616 /1 undetected,output,,N81616,N81616,1,undetected,N81616,N81616,N81616,sa1,1
404,N95031 /1 undetected,output,,N95031,N95031,1,undetected,N95031,N95031,N95031,sa1,1
405,N83842 /1 undetected,output,,N83842,N83842,1,undetected,N83842,N83842,N83842,sa1,1
406,N81206 /1 undetected,output,,N81206,N81206,1,undetected,N81206,N81206,N81206,sa1,1
407,N109685 /1 undetected,output,,N109685,N109685,1,undetected,N109685,N109685,N109685,sa1,1
408,N107724 /1 undetected,output,,N107724,N107724,1,undetected,N107724,N107724,N107724,sa1,1
409,N109804 /1 undetected,output,,N109804,N109804,1,undetected,N109804,N109804,N109804,sa1,1
410,N25723 /1 undetected,output,,N25723,N25723,1,undetected,N25723,N25723,N25723,sa1,1
411,N94845 /1 undetected,output,,N94845,N94845,1,undetected,N94845,N94845,N94845,sa1,1
412,N25720 /1 undetected,output,,N25720,N25720,1,undetected,N25720,N25720,N25720,sa1,1
413,N25719 /1 undetected,output,,N25719,N25719,1,undetected,N25719,N25719,N25719,sa1,1
414,N25715 /1 undetected,output,,N25715,N25715,1,undetected,N25715,N25715,N25715,sa1,1
415,N79480 /1 undetected,output,,N79480,N79480,1,undetected,N79480,N79480,N79480,sa1,1
416,N89804 /1 undetected,output,,N89804,N89804,1,undetected,N89804,N89804,N89804,sa1,1
417,N81450 /1 undetected,output,,N81450,N81450,1,undetected,N81450,N81450,N81450,sa1,1
418,N110797 /1 undetected,output,,N110797,N110797,1,undetected,N110797,N110797,N110797,sa1,1
419,N110071 /1 undetected,output,,N110071,N110071,1,undetected,N110071,N110071,N110071,sa1,1
420,N109998 /1 undetected,output,,N109998,N109998,1,undetected,N109998,N109998,N109998,sa1,1
421,N25685 /1 undetected,output,,N25685,N25685,1,undetected,N25685,N25685,N25685,sa1,1
422,N81596 /1 undetected,output,,N81596,N81596,1,undetected,N81596,N81596,N81596,sa1,1
423,N109909 /1 undetected,output,,N109909,N109909,1,undetected,N109909,N109909,N109909,sa1,1
424,N109739 /1 undetected,output,,N109739,N109739,1,undetected,N109739,N109739,N109739,sa1,1
425,N88508 /1 undetected,output,,N88508,N88508,1,undetected,N88508,N88508,N88508,sa1,1
426,N79715 /1 undetected,output,,N79715,N79715,1,undetected,N79715,N79715,N79715,sa1,1
427,N109714 /1 undetected,output,,N109714,N109714,1,undetected,N109714,N109714,N109714,sa1,1
428,N109679 /1 undetected,output,,N109679,N109679,1,undetected,N109679,N109679,N109679,sa1,1
429,N109688 /1 undetected,output,,N109688,N109688,1,undetected,N109688,N109688,N109688,sa1,1
430,N109671 /1 undetected,output,,N109671,N109671,1,undetected,N109671,N109671,N109671,sa1,1
431,N109646 /1 undetected,output,,N109646,N109646,1,undetected,N109646,N109646,N109646,sa1,1
432,N109620 /1 undetected,output,,N109620,N109620,1,undetected,N109620,N109620,N109620,sa1,1
433,N79606 /1 undetected,output,,N79606,N79606,1,undetected,N79606,N79606,N79606,sa1,1
434,N107332 /1 undetected,output,,N107332,N107332,1,undetected,N107332,N107332,N107332,sa1,1
435,N107400 /1 undetected,output,,N107400,N107400,1,undetected,N107400,N107400,N107400,sa1,1
436,N95024 /1 undetected,output,,N95024,N95024,1,undetected,N95024,N95024,N95024,sa1,1
437,N95056 /1 undetected,output,,N95056,N95056,1,undetected,N95056,N95056,N95056,sa1,1
438,N94874 /1 undetected,output,,N94874,N94874,1,undetected,N94874,N94874,N94874,sa1,1
439,N81670 /1 undetected,output,,N81670,N81670,1,undetected,N81670,N81670,N81670,sa1,1
440,N89913 /1 undetected,output,,N89913,N89913,1,undetected,N89913,N89913,N89913,sa1,1
441,N110417 /1 undetected,output,,N110417,N110417,1,undetected,N110417,N110417,N110417,sa1,1
442,N110776 /1 undetected,output,,N110776,N110776,1,undetected,N110776,N110776,N110776,sa1,1
443,N110521 /1 undetected,output,,N110521,N110521,1,undetected,N110521,N110521,N110521,sa1,1
444,N81585 /1 undetected,output,,N81585,N81585,1,undetected,N81585,N81585,N81585,sa1,1
445,N110520 /1 undetected,output,,N110520,N110520,1,undetected,N110520,N110520,N110520,sa1,1
446,N110700 /1 undetected,output,,N110700,N110700,1,undetected,N110700,N110700,N110700,sa1,1
447,N110416 /1 undetected,output,,N110416,N110416,1,undetected,N110416,N110416,N110416,sa1,1
448,N111530 /1 undetected,output,,N111530,N111530,1,undetected,N111530,N111530,N111530,sa1,1
449,N79593 /1 undetected,output,,N79593,N79593,1,undetected,N79593,N79593,N79593,sa1,1
450,N114788 /1 undetected,output,,N114788,N114788,1,undetected,N114788,N114788,N114788,sa1,1
451,N109955 /1 undetected,output,,N109955,N109955,1,undetected,N109955,N109955,N109955,sa1,1
452,N90331 /1 undetected,output,,N90331,N90331,1,undetected,N90331,N90331,N90331,sa1,1
453,N82156 /1 undetected,output,,N82156,N82156,1,undetected,N82156,N82156,N82156,sa1,1
454,N82162 /1 undetected,output,,N82162,N82162,1,undetected,N82162,N82162,N82162,sa1,1
455,N120029 /1 undetected,output,,N120029,N120029,1,undetected,N120029,N120029,N120029,sa1,1
456,N52219 /1 undetected,output,,N52219,N52219,1,undetected,N52219,N52219,N52219,sa1,1
457,N88089 /1 undetected,output,,N88089,N88089,1,undetected,N88089,N88089,N88089,sa1,1
458,N90336 /1 undetected,output,,N90336,N90336,1,undetected,N90336,N90336,N90336,sa1,1
459,N120007 /1 undetected,output,,N120007,N120007,1,undetected,N120007,N120007,N120007,sa1,1
460,N52212 /1 undetected,output,,N52212,N52212,1,undetected,N52212,N52212,N52212,sa1,1
461,N88088 /1 undetected,output,,N88088,N88088,1,undetected,N88088,N88088,N88088,sa1,1
462,N81214 /1 undetected,output,,N81214,N81214,1,undetected,N81214,N81214,N81214,sa1,1
463,N109686 /1 undetected,output,,N109686,N109686,1,undetected,N109686,N109686,N109686,sa1,1
464,N74264 /1 undetected,output,,N74264,N74264,1,undetected,N74264,N74264,N74264,sa1,1
465,N98585 /1 undetected,output,,N98585,N98585,1,undetected,N98585,N98585,N98585,sa1,1
466,N44994 /1 undetected,output,,N44994,N44994,1,undetected,N44994,N44994,N44994,sa1,1
467,N44993 /1 undetected,output,,N44993,N44993,1,undetected,N44993,N44993,N44993,sa1,1
468,N44991 /1 undetected,output,,N44991,N44991,1,undetected,N44991,N44991,N44991,sa1,1
469,N44987 /1 undetected,output,,N44987,N44987,1,undetected,N44987,N44987,N44987,sa1,1
470,N81652 /1 undetected,output,,N81652,N81652,1,undetected,N81652,N81652,N81652,sa1,1
471,N44949 /1 undetected,output,,N44949,N44949,1,undetected,N44949,N44949,N44949,sa1,1
472,N79564 /1 undetected,output,,N79564,N79564,1,undetected,N79564,N79564,N79564,sa1,1
473,N44942 /1 undetected,output,,N44942,N44942,1,undetected,N44942,N44942,N44942,sa1,1
474,N79682 /1 undetected,output,,N79682,N79682,1,undetected,N79682,N79682,N79682,sa1,1
475,N88532 /1 undetected,output,,N88532,N88532,1,undetected,N88532,N88532,N88532,sa1,1
476,N79766 /1 undetected,output,,N79766,N79766,1,undetected,N79766,N79766,N79766,sa1,1
477,N81213 /1 undetected,output,,N81213,N81213,1,undetected,N81213,N81213,N81213,sa1,1
478,N109637 /1 undetected,output,,N109637,N109637,1,undetected,N109637,N109637,N109637,sa1,1
479,N109731 /1 undetected,output,,N109731,N109731,1,undetected,N109731,N109731,N109731,sa1,1
480,N109663 /1 undetected,output,,N109663,N109663,1,undetected,N109663,N109663,N109663,sa1,1
481,N109705 /1 undetected,output,,N109705,N109705,1,undetected,N109705,N109705,N109705,sa1,1
482,N89592 /1 undetected,output,,N89592,N89592,1,undetected,N89592,N89592,N89592,sa1,1
483,N109664 /1 undetected,output,,N109664,N109664,1,undetected,N109664,N109664,N109664,sa1,1
484,N109732 /1 undetected,output,,N109732,N109732,1,undetected,N109732,N109732,N109732,sa1,1
485,N109706 /1 undetected,output,,N109706,N109706,1,undetected,N109706,N109706,N109706,sa1,1
486,N109638 /1 undetected,output,,N109638,N109638,1,undetected,N109638,N109638,N109638,sa1,1
487,N44779 /1 undetected,output,,N44779,N44779,1,undetected,N44779,N44779,N44779,sa1,1
488,N79681 /1 undetected,output,,N79681,N79681,1,undetected,N79681,N79681,N79681,sa1,1
489,N44775 /1 undetected,output,,N44775,N44775,1,undetected,N44775,N44775,N44775,sa1,1
490,N44768 /1 undetected,output,,N44768,N44768,1,undetected,N44768,N44768,N44768,sa1,1
491,N44761 /1 undetected,output,,N44761,N44761,1,undetected,N44761,N44761,N44761,sa1,1
492,N79563 /1 undetected,output,,N79563,N79563,1,undetected,N79563,N79563,N79563,sa1,1
493,N44757 /1 undetected,output,,N44757,N44757,1,undetected,N44757,N44757,N44757,sa1,1
494,N44745 /1 undetected,output,,N44745,N44745,1,undetected,N44745,N44745,N44745,sa1,1
495,N95046 /1 undetected,output,,N95046,N95046,1,undetected,N95046,N95046,N95046,sa1,1
496,N83843 /1 undetected,output,,N83843,N83843,1,undetected,N83843,N83843,N83843,sa1,1
497,N95034 /1 undetected,output,,N95034,N95034,1,undetected,N95034,N95034,N95034,sa1,1
498,N94852 /1 undetected,output,,N94852,N94852,1,undetected,N94852,N94852,N94852,sa1,1
499,N36699 /1 undetected,output,,N36699,N36699,1,undetected,N36699,N36699,N36699,sa1,1
500,N36698 /1 undetected,output,,N36698,N36698,1,undetected,N36698,N36698,N36698,sa1,1
501,N36696 /1 undetected,output,,N36696,N36696,1,undetected,N36696,N36696,N36696,sa1,1
502,N36688 /1 undetected,output,,N36688,N36688,1,undetected,N36688,N36688,N36688,sa1,1
503,N79521 /1 undetected,output,,N79521,N79521,1,undetected,N79521,N79521,N79521,sa1,1
504,N36681 /1 undetected,output,,N36681,N36681,1,undetected,N36681,N36681,N36681,sa1,1
505,N79642 /1 undetected,output,,N79642,N79642,1,undetected,N79642,N79642,N79642,sa1,1
506,N89587 /1 undetected,output,,N89587,N89587,1,undetected,N89587,N89587,N89587,sa1,1
507,N109696 /1 undetected,output,,N109696,N109696,1,undetected,N109696,N109696,N109696,sa1,1
508,N109654 /1 undetected,output,,N109654,N109654,1,undetected,N109654,N109654,N109654,sa1,1
509,N109722 /1 undetected,output,,N109722,N109722,1,undetected,N109722,N109722,N109722,sa1,1
510,N109628 /1 undetected,output,,N109628,N109628,1,undetected,N109628,N109628,N109628,sa1,1
511,N79743 /1 undetected,output,,N79743,N79743,1,undetected,N79743,N79743,N79743,sa1,1
512,N81208 /1 undetected,output,,N81208,N81208,1,undetected,N81208,N81208,N81208,sa1,1
513,N109627 /1 undetected,output,,N109627,N109627,1,undetected,N109627,N109627,N109627,sa1,1
514,N109721 /1 undetected,output,,N109721,N109721,1,undetected,N109721,N109721,N109721,sa1,1
515,N109653 /1 undetected,output,,N109653,N109653,1,undetected,N109653,N109653,N109653,sa1,1
516,N109695 /1 undetected,output,,N109695,N109695,1,undetected,N109695,N109695,N109695,sa1,1
517,N88527 /1 undetected,output,,N88527,N88527,1,undetected,N88527,N88527,N88527,sa1,1
518,N36524 /1 undetected,output,,N36524,N36524,1,undetected,N36524,N36524,N36524,sa1,1
519,N79641 /1 undetected,output,,N79641,N79641,1,undetected,N79641,N79641,N79641,sa1,1
520,N36520 /1 undetected,output,,N36520,N36520,1,undetected,N36520,N36520,N36520,sa1,1
521,N36513 /1 undetected,output,,N36513,N36513,1,undetected,N36513,N36513,N36513,sa1,1
522,N36506 /1 undetected,output,,N36506,N36506,1,undetected,N36506,N36506,N36506,sa1,1
523,N79520 /1 undetected,output,,N79520,N79520,1,undetected,N79520,N79520,N79520,sa1,1
524,N36502 /1 undetected,output,,N36502,N36502,1,undetected,N36502,N36502,N36502,sa1,1
525,N36495 /1 undetected,output,,N36495,N36495,1,undetected,N36495,N36495,N36495,sa1,1
526,N36483 /1 undetected,output,,N36483,N36483,1,undetected,N36483,N36483,N36483,sa1,1
527,N81623 /1 undetected,output,,N81623,N81623,1,undetected,N81623,N81623,N81623,sa1,1
528,N95036 /1 undetected,output,,N95036,N95036,1,undetected,N95036,N95036,N95036,sa1,1
529,N38132 /1 undetected,output,,N38132,N38132,1,undetected,N38132,N38132,N38132,sa1,1
530,N38131 /1 undetected,output,,N38131,N38131,1,undetected,N38131,N38131,N38131,sa1,1
531,N38129 /1 undetected,output,,N38129,N38129,1,undetected,N38129,N38129,N38129,sa1,1
532,N38121 /1 undetected,output,,N38121,N38121,1,undetected,N38121,N38121,N38121,sa1,1
533,N79529 /1 undetected,output,,N79529,N79529,1,undetected,N79529,N79529,N79529,sa1,1
534,N38114 /1 undetected,output,,N38114,N38114,1,undetected,N38114,N38114,N38114,sa1,1
535,N79649 /1 undetected,output,,N79649,N79649,1,undetected,N79649,N79649,N79649,sa1,1
536,N88528 /1 undetected,output,,N88528,N88528,1,undetected,N88528,N88528,N88528,sa1,1
537,N79747 /1 undetected,output,,N79747,N79747,1,undetected,N79747,N79747,N79747,sa1,1
538,N89588 /1 undetected,output,,N89588,N89588,1,undetected,N89588,N89588,N89588,sa1,1
539,N109698 /1 undetected,output,,N109698,N109698,1,undetected,N109698,N109698,N109698,sa1,1
540,N109656 /1 undetected,output,,N109656,N109656,1,undetected,N109656,N109656,N109656,sa1,1
541,N109724 /1 undetected,output,,N109724,N109724,1,undetected,N109724,N109724,N109724,sa1,1
542,N109630 /1 undetected,output,,N109630,N109630,1,undetected,N109630,N109630,N109630,sa1,1
543,N81209 /1 undetected,output,,N81209,N81209,1,undetected,N81209,N81209,N81209,sa1,1
544,N109629 /1 undetected,output,,N109629,N109629,1,undetected,N109629,N109629,N109629,sa1,1
545,N109723 /1 undetected,output,,N109723,N109723,1,undetected,N109723,N109723,N109723,sa1,1
546,N109655 /1 undetected,output,,N109655,N109655,1,undetected,N109655,N109655,N109655,sa1,1
547,N109697 /1 undetected,output,,N109697,N109697,1,undetected,N109697,N109697,N109697,sa1,1
548,N37964 /1 undetected,output,,N37964,N37964,1,undetected,N37964,N37964,N37964,sa1,1
549,N79648 /1 undetected,output,,N79648,N79648,1,undetected,N79648,N79648,N79648,sa1,1
550,N37960 /1 undetected,output,,N37960,N37960,1,undetected,N37960,N37960,N37960,sa1,1
551,N37953 /1 undetected,output,,N37953,N37953,1,undetected,N37953,N37953,N37953,sa1,1
552,N37946 /1 undetected,output,,N37946,N37946,1,undetected,N37946,N37946,N37946,sa1,1
553,N79528 /1 undetected,output,,N79528,N79528,1,undetected,N79528,N79528,N79528,sa1,1
554,N37942 /1 undetected,output,,N37942,N37942,1,undetected,N37942,N37942,N37942,sa1,1
555,N37935 /1 undetected,output,,N37935,N37935,1,undetected,N37935,N37935,N37935,sa1,1
556,N37923 /1 undetected,output,,N37923,N37923,1,undetected,N37923,N37923,N37923,sa1,1
557,N81628 /1 undetected,output,,N81628,N81628,1,undetected,N81628,N81628,N81628,sa1,1
558,N115451 /1 undetected,output,,N115451,N115451,1,undetected,N115451,N115451,N115451,sa1,1
559,N89508 /1 undetected,output,,N89508,N89508,1,undetected,N89508,N89508,N89508,sa1,1
560,N81127 /1 undetected,output,,N81127,N81127,1,undetected,N81127,N81127,N81127,sa1,1
561,N110023 /1 undetected,output,,N110023,N110023,1,undetected,N110023,N110023,N110023,sa1,1
562,N95030 /1 undetected,output,,N95030,N95030,1,undetected,N95030,N95030,N95030,sa1,1
563,N110836 /1 undetected,output,,N110836,N110836,1,undetected,N110836,N110836,N110836,sa1,1
564,N81507 /1 undetected,output,,N81507,N81507,1,undetected,N81507,N81507,N81507,sa1,1
565,N110655 /1 undetected,output,,N110655,N110655,1,undetected,N110655,N110655,N110655,sa1,1
566,N25717 /1 undetected,output,,N25717,N25717,1,undetected,N25717,N25717,N25717,sa1,1
567,N89870 /1 undetected,output,,N89870,N89870,1,undetected,N89870,N89870,N89870,sa1,1
568,N110731 /1 undetected,output,,N110731,N110731,1,undetected,N110731,N110731,N110731,sa1,1
569,N110345 /1 undetected,output,,N110345,N110345,1,undetected,N110345,N110345,N110345,sa1,1
570,N110449 /1 undetected,output,,N110449,N110449,1,undetected,N110449,N110449,N110449,sa1,1
571,N33834 /1 undetected,output,,N33834,N33834,1,undetected,N33834,N33834,N33834,sa1,1
572,N114355 /1 undetected,output,,N114355,N114355,1,undetected,N114355,N114355,N114355,sa1,1
573,N79461 /1 undetected,output,,N79461,N79461,1,undetected,N79461,N79461,N79461,sa1,1
574,N114169 /1 undetected,output,,N114169,N114169,1,undetected,N114169,N114169,N114169,sa1,1
575,N106441 /1 undetected,output,,N106441,N106441,1,undetected,N106441,N106441,N106441,sa1,1
576,N110872 /1 undetected,output,,N110872,N110872,1,undetected,N110872,N110872,N110872,sa1,1
577,N110009 /1 undetected,output,,N110009,N110009,1,undetected,N110009,N110009,N110009,sa1,1
578,N110303 /1 undetected,output,,N110303,N110303,1,undetected,N110303,N110303,N110303,sa1,1
579,N74254 /1 undetected,output,,N74254,N74254,1,undetected,N74254,N74254,N74254,sa1,1
580,N98582 /1 undetected,output,,N98582,N98582,1,undetected,N98582,N98582,N98582,sa1,1
581,N79491 /1 undetected,output,,N79491,N79491,1,undetected,N79491,N79491,N79491,sa1,1
582,N110584 /1 undetected,output,,N110584,N110584,1,undetected,N110584,N110584,N110584,sa1,1
583,N110537 /1 undetected,output,,N110537,N110537,1,undetected,N110537,N110537,N110537,sa1,1
584,N109911 /1 undetected,output,,N109911,N109911,1,undetected,N109911,N109911,N109911,sa1,1
585,N79617 /1 undetected,output,,N79617,N79617,1,undetected,N79617,N79617,N79617,sa1,1
586,N107406 /1 undetected,output,,N107406,N107406,1,undetected,N107406,N107406,N107406,sa1,1
587,N107337 /1 undetected,output,,N107337,N107337,1,undetected,N107337,N107337,N107337,sa1,1
588,N109743 /1 undetected,output,,N109743,N109743,1,undetected,N109743,N109743,N109743,sa1,1
589,N88514 /1 undetected,output,,N88514,N88514,1,undetected,N88514,N88514,N88514,sa1,1
590,N79723 /1 undetected,output,,N79723,N79723,1,undetected,N79723,N79723,N79723,sa1,1
591,N109673 /1 undetected,output,,N109673,N109673,1,undetected,N109673,N109673,N109673,sa1,1
592,N109648 /1 undetected,output,,N109648,N109648,1,undetected,N109648,N109648,N109648,sa1,1
593,N109622 /1 undetected,output,,N109622,N109622,1,undetected,N109622,N109622,N109622,sa1,1
594,N109681 /1 undetected,output,,N109681,N109681,1,undetected,N109681,N109681,N109681,sa1,1
595,N109716 /1 undetected,output,,N109716,N109716,1,undetected,N109716,N109716,N109716,sa1,1
596,N109690 /1 undetected,output,,N109690,N109690,1,undetected,N109690,N109690,N109690,sa1,1
597,N27623 /1 undetected,output,,N27623,N27623,1,undetected,N27623,N27623,N27623,sa1,1
598,N27621 /1 undetected,output,,N27621,N27621,1,undetected,N27621,N27621,N27621,sa1,1
599,N81604 /1 undetected,output,,N81604,N81604,1,undetected,N81604,N81604,N81604,sa1,1
600,N27608 /1 undetected,output,,N27608,N27608,1,undetected,N27608,N27608,N27608,sa1,1
601,N95026 /1 undetected,output,,N95026,N95026,1,undetected,N95026,N95026,N95026,sa1,1
602,N83833 /1 undetected,output,,N83833,N83833,1,undetected,N83833,N83833,N83833,sa1,1
603,N89629 /1 undetected,output,,N89629,N89629,1,undetected,N89629,N89629,N89629,sa1,1
604,N81253 /1 undetected,output,,N81253,N81253,1,undetected,N81253,N81253,N81253,sa1,1
605,N26955 /1 undetected,output,,N26955,N26955,1,undetected,N26955,N26955,N26955,sa1,1
606,N95033 /1 undetected,output,,N95033,N95033,1,undetected,N95033,N95033,N95033,sa1,1
607,N94851 /1 undetected,output,,N94851,N94851,1,undetected,N94851,N94851,N94851,sa1,1
608,N111508 /1 undetected,output,,N111508,N111508,1,undetected,N111508,N111508,N111508,sa1,1
609,N109922 /1 undetected,output,,N109922,N109922,1,undetected,N109922,N109922,N109922,sa1,1
610,N113237 /1 undetected,output,,N113237,N113237,1,undetected,N113237,N113237,N113237,sa1,1
611,N110956 /1 undetected,output,,N110956,N110956,1,undetected,N110956,N110956,N110956,sa1,1
612,N110895 /1 undetected,output,,N110895,N110895,1,undetected,N110895,N110895,N110895,sa1,1
613,N110017 /1 undetected,output,,N110017,N110017,1,undetected,N110017,N110017,N110017,sa1,1
614,N109756 /1 undetected,output,,N109756,N109756,1,undetected,N109756,N109756,N109756,sa1,1
615,N111343 /1 undetected,output,,N111343,N111343,1,undetected,N111343,N111343,N111343,sa1,1
616,N108802 /1 undetected,output,,N108802,N108802,1,undetected,N108802,N108802,N108802,sa1,1
617,N79967 /1 undetected,output,,N79967,N79967,1,undetected,N79967,N79967,N79967,sa1,1
618,N111739 /1 undetected,output,,N111739,N111739,1,undetected,N111739,N111739,N111739,sa1,1
619,N107148 /1 undetected,output,,N107148,N107148,1,undetected,N107148,N107148,N107148,sa1,1
620,N107109 /1 undetected,output,,N107109,N107109,1,undetected,N107109,N107109,N107109,sa1,1
621,N80963 /1 undetected,output,,N80963,N80963,1,undetected,N80963,N80963,N80963,sa1,1
622,N89367 /1 undetected,output,,N89367,N89367,1,undetected,N89367,N89367,N89367,sa1,1
623,N109591 /1 undetected,output,,N109591,N109591,1,undetected,N109591,N109591,N109591,sa1,1
624,N80238 /1 undetected,output,,N80238,N80238,1,undetected,N80238,N80238,N80238,sa1,1
625,N107511 /1 undetected,output,,N107511,N107511,1,undetected,N107511,N107511,N107511,sa1,1
626,N88980 /1 undetected,output,,N88980,N88980,1,undetected,N88980,N88980,N88980,sa1,1
627,N80554 /1 undetected,output,,N80554,N80554,1,undetected,N80554,N80554,N80554,sa1,1
628,N107482 /1 undetected,output,,N107482,N107482,1,undetected,N107482,N107482,N107482,sa1,1
629,N91817 /1 undetected,output,,N91817,N91817,1,undetected,N91817,N91817,N91817,sa1,1
630,N35888 /1 undetected,output,,N35888,N35888,1,undetected,N35888,N35888,N35888,sa1,1
631,N81863 /1 undetected,output,,N81863,N81863,1,undetected,N81863,N81863,N81863,sa1,1
632,N35636 /1 undetected,output,,N35636,N35636,1,undetected,N35636,N35636,N35636,sa1,1
633,N90085 /1 undetected,output,,N90085,N90085,1,undetected,N90085,N90085,N90085,sa1,1
634,N35904 /1 undetected,output,,N35904,N35904,1,undetected,N35904,N35904,N35904,sa1,1
635,N87622 /1 undetected,output,,N87622,N87622,1,undetected,N87622,N87622,N87622,sa1,1
636,N112453 /1 undetected,output,,N112453,N112453,1,undetected,N112453,N112453,N112453,sa1,1
637,N90079 /1 undetected,output,,N90079,N90079,1,undetected,N90079,N90079,N90079,sa1,1
638,N35899 /1 undetected,output,,N35899,N35899,1,undetected,N35899,N35899,N35899,sa1,1
639,N112422 /1 undetected,output,,N112422,N112422,1,undetected,N112422,N112422,N112422,sa1,1
640,N81858 /1 undetected,output,,N81858,N81858,1,undetected,N81858,N81858,N81858,sa1,1
641,N35894 /1 undetected,output,,N35894,N35894,1,undetected,N35894,N35894,N35894,sa1,1
642,N114996 /1 undetected,output,,N114996,N114996,1,undetected,N114996,N114996,N114996,sa1,1
643,N81857 /1 undetected,output,,N81857,N81857,1,undetected,N81857,N81857,N81857,sa1,1
644,N35892 /1 undetected,output,,N35892,N35892,1,undetected,N35892,N35892,N35892,sa1,1
645,N90078 /1 undetected,output,,N90078,N90078,1,undetected,N90078,N90078,N90078,sa1,1
646,N35886 /1 undetected,output,,N35886,N35886,1,undetected,N35886,N35886,N35886,sa1,1
647,N114995 /1 undetected,output,,N114995,N114995,1,undetected,N114995,N114995,N114995,sa1,1
648,N80609 /1 undetected,output,,N80609,N80609,1,undetected,N80609,N80609,N80609,sa1,1
649,N114993 /1 undetected,output,,N114993,N114993,1,undetected,N114993,N114993,N114993,sa1,1
650,N89032 /1 undetected,output,,N89032,N89032,1,undetected,N89032,N89032,N89032,sa1,1
651,N80100 /1 undetected,output,,N80100,N80100,1,undetected,N80100,N80100,N80100,sa1,1
652,N109373 /1 undetected,output,,N109373,N109373,1,undetected,N109373,N109373,N109373,sa1,1
653,N80645 /1 undetected,output,,N80645,N80645,1,undetected,N80645,N80645,N80645,sa1,1
654,N109362 /1 undetected,output,,N109362,N109362,1,undetected,N109362,N109362,N109362,sa1,1
655,N89069 /1 undetected,output,,N89069,N89069,1,undetected,N89069,N89069,N89069,sa1,1
656,N79833 /1 undetected,output,,N79833,N79833,1,undetected,N79833,N79833,N79833,sa1,1
657,N108450 /1 undetected,output,,N108450,N108450,1,undetected,N108450,N108450,N108450,sa1,1
658,N108610 /1 undetected,output,,N108610,N108610,1,undetected,N108610,N108610,N108610,sa1,1
659,N79741 /1 undetected,output,,N79741,N79741,1,undetected,N79741,N79741,N79741,sa1,1
660,N111385 /1 undetected,output,,N111385,N111385,1,undetected,N111385,N111385,N111385,sa1,1
661,N106356 /1 undetected,output,,N106356,N106356,1,undetected,N106356,N106356,N106356,sa1,1
662,N81120 /1 undetected,output,,N81120,N81120,1,undetected,N81120,N81120,N81120,sa1,1
663,N89500 /1 undetected,output,,N89500,N89500,1,undetected,N89500,N89500,N89500,sa1,1
664,N106394 /1 undetected,output,,N106394,N106394,1,undetected,N106394,N106394,N106394,sa1,1
665,N89499 /1 undetected,output,,N89499,N89499,1,undetected,N89499,N89499,N89499,sa1,1
666,N81119 /1 undetected,output,,N81119,N81119,1,undetected,N81119,N81119,N81119,sa1,1
667,N79516 /1 undetected,output,,N79516,N79516,1,undetected,N79516,N79516,N79516,sa1,1
668,N110155 /1 undetected,output,,N110155,N110155,1,undetected,N110155,N110155,N110155,sa1,1
669,N81359 /1 undetected,output,,N81359,N81359,1,undetected,N81359,N81359,N81359,sa1,1
670,N89731 /1 undetected,output,,N89731,N89731,1,undetected,N89731,N89731,N89731,sa1,1
671,N110173 /1 undetected,output,,N110173,N110173,1,undetected,N110173,N110173,N110173,sa1,1
672,N89730 /1 undetected,output,,N89730,N89730,1,undetected,N89730,N89730,N89730,sa1,1
673,N81358 /1 undetected,output,,N81358,N81358,1,undetected,N81358,N81358,N81358,sa1,1
674,N110806 /1 undetected,output,,N110806,N110806,1,undetected,N110806,N110806,N110806,sa1,1
675,N81621 /1 undetected,output,,N81621,N81621,1,undetected,N81621,N81621,N81621,sa1,1
676,N35793 /1 undetected,output,,N35793,N35793,1,undetected,N35793,N35793,N35793,sa1,1
677,N112775 /1 undetected,output,,N112775,N112775,1,undetected,N112775,N112775,N112775,sa1,1
678,N35792 /1 undetected,output,,N35792,N35792,1,undetected,N35792,N35792,N35792,sa1,1
679,N111497 /1 undetected,output,,N111497,N111497,1,undetected,N111497,N111497,N111497,sa1,1
680,N110709 /1 undetected,output,,N110709,N110709,1,undetected,N110709,N110709,N110709,sa1,1
681,N111968 /1 undetected,output,,N111968,N111968,1,undetected,N111968,N111968,N111968,sa1,1
682,N111983 /1 undetected,output,,N111983,N111983,1,undetected,N111983,N111983,N111983,sa1,1
683,N111491 /1 undetected,output,,N111491,N111491,1,undetected,N111491,N111491,N111491,sa1,1
684,N88410 /1 undetected,output,,N88410,N88410,1,undetected,N88410,N88410,N88410,sa1,1
685,N79464 /1 undetected,output,,N79464,N79464,1,undetected,N79464,N79464,N79464,sa1,1
686,N111494 /1 undetected,output,,N111494,N111494,1,undetected,N111494,N111494,N111494,sa1,1
687,N79465 /1 undetected,output,,N79465,N79465,1,undetected,N79465,N79465,N79465,sa1,1
688,N88411 /1 undetected,output,,N88411,N88411,1,undetected,N88411,N88411,N88411,sa1,1
689,N114833 /1 undetected,output,,N114833,N114833,1,undetected,N114833,N114833,N114833,sa1,1
690,N89498 /1 undetected,output,,N89498,N89498,1,undetected,N89498,N89498,N89498,sa1,1
691,N81117 /1 undetected,output,,N81117,N81117,1,undetected,N81117,N81117,N81117,sa1,1
692,N110015 /1 undetected,output,,N110015,N110015,1,undetected,N110015,N110015,N110015,sa1,1
693,N95048 /1 undetected,output,,N95048,N95048,1,undetected,N95048,N95048,N95048,sa1,1
694,N94865 /1 undetected,output,,N94865,N94865,1,undetected,N94865,N94865,N94865,sa1,1
695,N81658 /1 undetected,output,,N81658,N81658,1,undetected,N81658,N81658,N81658,sa1,1
696,N110688 /1 undetected,output,,N110688,N110688,1,undetected,N110688,N110688,N110688,sa1,1
697,N110500 /1 undetected,output,,N110500,N110500,1,undetected,N110500,N110500,N110500,sa1,1
698,N110396 /1 undetected,output,,N110396,N110396,1,undetected,N110396,N110396,N110396,sa1,1
699,N110764 /1 undetected,output,,N110764,N110764,1,undetected,N110764,N110764,N110764,sa1,1
700,N110395 /1 undetected,output,,N110395,N110395,1,undetected,N110395,N110395,N110395,sa1,1
701,N110499 /1 undetected,output,,N110499,N110499,1,undetected,N110499,N110499,N110499,sa1,1
702,N111523 /1 undetected,output,,N111523,N111523,1,undetected,N111523,N111523,N111523,sa1,1
703,N114785 /1 undetected,output,,N114785,N114785,1,undetected,N114785,N114785,N114785,sa1,1
704,N110128 /1 undetected,output,,N110128,N110128,1,undetected,N110128,N110128,N110128,sa1,1
705,N110053 /1 undetected,output,,N110053,N110053,1,undetected,N110053,N110053,N110053,sa1,1
706,N110225 /1 undetected,output,,N110225,N110225,1,undetected,N110225,N110225,N110225,sa1,1
707,N109946 /1 undetected,output,,N109946,N109946,1,undetected,N109946,N109946,N109946,sa1,1
708,N109780 /1 undetected,output,,N109780,N109780,1,undetected,N109780,N109780,N109780,sa1,1
709,N111367 /1 undetected,output,,N111367,N111367,1,undetected,N111367,N111367,N111367,sa1,1
710,N79892 /1 undetected,output,,N79892,N79892,1,undetected,N79892,N79892,N79892,sa1,1
711,N108499 /1 undetected,output,,N108499,N108499,1,undetected,N108499,N108499,N108499,sa1,1
712,N108659 /1 undetected,output,,N108659,N108659,1,undetected,N108659,N108659,N108659,sa1,1
713,N108832 /1 undetected,output,,N108832,N108832,1,undetected,N108832,N108832,N108832,sa1,1
714,N80026 /1 undetected,output,,N80026,N80026,1,undetected,N80026,N80026,N80026,sa1,1
715,N89382 /1 undetected,output,,N89382,N89382,1,undetected,N89382,N89382,N89382,sa1,1
716,N108240 /1 undetected,output,,N108240,N108240,1,undetected,N108240,N108240,N108240,sa1,1
717,N80993 /1 undetected,output,,N80993,N80993,1,undetected,N80993,N80993,N80993,sa1,1
718,N108344 /1 undetected,output,,N108344,N108344,1,undetected,N108344,N108344,N108344,sa1,1
719,N109606 /1 undetected,output,,N109606,N109606,1,undetected,N109606,N109606,N109606,sa1,1
720,N46619 /1 undetected,output,,N46619,N46619,1,undetected,N46619,N46619,N46619,sa1,1
721,N118127 /1 undetected,output,,N118127,N118127,1,undetected,N118127,N118127,N118127,sa1,1
722,N89037 /1 undetected,output,,N89037,N89037,1,undetected,N89037,N89037,N89037,sa1,1
723,N118129 /1 undetected,output,,N118129,N118129,1,undetected,N118129,N118129,N118129,sa1,1
724,N80614 /1 undetected,output,,N80614,N80614,1,undetected,N80614,N80614,N80614,sa1,1
725,N46610 /1 undetected,output,,N46610,N46610,1,undetected,N46610,N46610,N46610,sa1,1
726,N107495 /1 undetected,output,,N107495,N107495,1,undetected,N107495,N107495,N107495,sa1,1
727,N46609 /1 undetected,output,,N46609,N46609,1,undetected,N46609,N46609,N46609,sa1,1
728,N46606 /1 undetected,output,,N46606,N46606,1,undetected,N46606,N46606,N46606,sa1,1
729,N118062 /1 undetected,output,,N118062,N118062,1,undetected,N118062,N118062,N118062,sa1,1
730,N82021 /1 undetected,output,,N82021,N82021,1,undetected,N82021,N82021,N82021,sa1,1
731,N46605 /1 undetected,output,,N46605,N46605,1,undetected,N46605,N46605,N46605,sa1,1
732,N46603 /1 undetected,output,,N46603,N46603,1,undetected,N46603,N46603,N46603,sa1,1
733,N74703 /1 undetected,output,,N74703,N74703,1,undetected,N74703,N74703,N74703,sa1,1
734,N46602 /1 undetected,output,,N46602,N46602,1,undetected,N46602,N46602,N46602,sa1,1
735,N92330 /1 undetected,output,,N92330,N92330,1,undetected,N92330,N92330,N92330,sa1,1
736,N46600 /1 undetected,output,,N46600,N46600,1,undetected,N46600,N46600,N46600,sa1,1
737,N78723 /1 undetected,output,,N78723,N78723,1,undetected,N78723,N78723,N78723,sa1,1
738,N46599 /1 undetected,output,,N46599,N46599,1,undetected,N46599,N46599,N46599,sa1,1
739,N117952 /1 undetected,output,,N117952,N117952,1,undetected,N117952,N117952,N117952,sa1,1
740,N109190 /1 undetected,output,,N109190,N109190,1,undetected,N109190,N109190,N109190,sa1,1
741,N46597 /1 undetected,output,,N46597,N46597,1,undetected,N46597,N46597,N46597,sa1,1
742,N46595 /1 undetected,output,,N46595,N46595,1,undetected,N46595,N46595,N46595,sa1,1
743,N109351 /1 undetected,output,,N109351,N109351,1,undetected,N109351,N109351,N109351,sa1,1
744,N87599 /1 undetected,output,,N87599,N87599,1,undetected,N87599,N87599,N87599,sa1,1
745,N46594 /1 undetected,output,,N46594,N46594,1,undetected,N46594,N46594,N46594,sa1,1
746,N114078 /1 undetected,output,,N114078,N114078,1,undetected,N114078,N114078,N114078,sa1,1
747,N108858 /1 undetected,output,,N108858,N108858,1,undetected,N108858,N108858,N108858,sa1,1
748,N46592 /1 undetected,output,,N46592,N46592,1,undetected,N46592,N46592,N46592,sa1,1
749,N84620 /1 undetected,output,,N84620,N84620,1,undetected,N84620,N84620,N84620,sa1,1
750,N46590 /1 undetected,output,,N46590,N46590,1,undetected,N46590,N46590,N46590,sa1,1
751,N46588 /1 undetected,output,,N46588,N46588,1,undetected,N46588,N46588,N46588,sa1,1
752,N46587 /1 undetected,output,,N46587,N46587,1,undetected,N46587,N46587,N46587,sa1,1
753,N46585 /1 undetected,output,,N46585,N46585,1,undetected,N46585,N46585,N46585,sa1,1
754,N114077 /1 undetected,output,,N114077,N114077,1,undetected,N114077,N114077,N114077,sa1,1
755,N46584 /1 undetected,output,,N46584,N46584,1,undetected,N46584,N46584,N46584,sa1,1
756,N109307 /1 undetected,output,,N109307,N109307,1,undetected,N109307,N109307,N109307,sa1,1
757,N78722 /1 undetected,output,,N78722,N78722,1,undetected,N78722,N78722,N78722,sa1,1
758,N46567 /1 undetected,output,,N46567,N46567,1,undetected,N46567,N46567,N46567,sa1,1
759,N109247 /1 undetected,output,,N109247,N109247,1,undetected,N109247,N109247,N109247,sa1,1
760,N87598 /1 undetected,output,,N87598,N87598,1,undetected,N87598,N87598,N87598,sa1,1
761,N46582 /1 undetected,output,,N46582,N46582,1,undetected,N46582,N46582,N46582,sa1,1
762,N84779 /1 undetected,output,,N84779,N84779,1,undetected,N84779,N84779,N84779,sa1,1
763,N46580 /1 undetected,output,,N46580,N46580,1,undetected,N46580,N46580,N46580,sa1,1
764,N46571 /1 undetected,output,,N46571,N46571,1,undetected,N46571,N46571,N46571,sa1,1
765,N118131 /1 undetected,output,,N118131,N118131,1,undetected,N118131,N118131,N118131,sa1,1
766,N109274 /1 undetected,output,,N109274,N109274,1,undetected,N109274,N109274,N109274,sa1,1
767,N46569 /1 undetected,output,,N46569,N46569,1,undetected,N46569,N46569,N46569,sa1,1
768,N118064 /1 undetected,output,,N118064,N118064,1,undetected,N118064,N118064,N118064,sa1,1
769,N109324 /1 undetected,output,,N109324,N109324,1,undetected,N109324,N109324,N109324,sa1,1
770,N46578 /1 undetected,output,,N46578,N46578,1,undetected,N46578,N46578,N46578,sa1,1
771,N74855 /1 undetected,output,,N74855,N74855,1,undetected,N74855,N74855,N74855,sa1,1
772,N46576 /1 undetected,output,,N46576,N46576,1,undetected,N46576,N46576,N46576,sa1,1
773,N46574 /1 undetected,output,,N46574,N46574,1,undetected,N46574,N46574,N46574,sa1,1
774,N46573 /1 undetected,output,,N46573,N46573,1,undetected,N46573,N46573,N46573,sa1,1
775,N118065 /1 undetected,output,,N118065,N118065,1,undetected,N118065,N118065,N118065,sa1,1
776,N109116 /1 undetected,output,,N109116,N109116,1,undetected,N109116,N109116,N109116,sa1,1
777,N46565 /1 undetected,output,,N46565,N46565,1,undetected,N46565,N46565,N46565,sa1,1
778,N118130 /1 undetected,output,,N118130,N118130,1,undetected,N118130,N118130,N118130,sa1,1
779,N109049 /1 undetected,output,,N109049,N109049,1,undetected,N109049,N109049,N109049,sa1,1
780,N46562 /1 undetected,output,,N46562,N46562,1,undetected,N46562,N46562,N46562,sa1,1
781,N46560 /1 undetected,output,,N46560,N46560,1,undetected,N46560,N46560,N46560,sa1,1
782,N90239 /1 undetected,output,,N90239,N90239,1,undetected,N90239,N90239,N90239,sa1,1
783,N46559 /1 undetected,output,,N46559,N46559,1,undetected,N46559,N46559,N46559,sa1,1
784,N109206 /1 undetected,output,,N109206,N109206,1,undetected,N109206,N109206,N109206,sa1,1
785,N78720 /1 undetected,output,,N78720,N78720,1,undetected,N78720,N78720,N78720,sa1,1
786,N46557 /1 undetected,output,,N46557,N46557,1,undetected,N46557,N46557,N46557,sa1,1
787,N109235 /1 undetected,output,,N109235,N109235,1,undetected,N109235,N109235,N109235,sa1,1
788,N87597 /1 undetected,output,,N87597,N87597,1,undetected,N87597,N87597,N87597,sa1,1
789,N46553 /1 undetected,output,,N46553,N46553,1,undetected,N46553,N46553,N46553,sa1,1
790,N91846 /1 undetected,output,,N91846,N91846,1,undetected,N91846,N91846,N91846,sa1,1
791,N80307 /1 undetected,output,,N80307,N80307,1,undetected,N80307,N80307,N80307,sa1,1
792,N107524 /1 undetected,output,,N107524,N107524,1,undetected,N107524,N107524,N107524,sa1,1
793,N80160 /1 undetected,output,,N80160,N80160,1,undetected,N80160,N80160,N80160,sa1,1
794,N109374 /1 undetected,output,,N109374,N109374,1,undetected,N109374,N109374,N109374,sa1,1
795,N80680 /1 undetected,output,,N80680,N80680,1,undetected,N80680,N80680,N80680,sa1,1
796,N109363 /1 undetected,output,,N109363,N109363,1,undetected,N109363,N109363,N109363,sa1,1
797,N89104 /1 undetected,output,,N89104,N89104,1,undetected,N89104,N89104,N89104,sa1,1
798,N79771 /1 undetected,output,,N79771,N79771,1,undetected,N79771,N79771,N79771,sa1,1
799,N111408 /1 undetected,output,,N111408,N111408,1,undetected,N111408,N111408,N111408,sa1,1
800,N106379 /1 undetected,output,,N106379,N106379,1,undetected,N106379,N106379,N106379,sa1,1
801,N81166 /1 undetected,output,,N81166,N81166,1,undetected,N81166,N81166,N81166,sa1,1
802,N89546 /1 undetected,output,,N89546,N89546,1,undetected,N89546,N89546,N89546,sa1,1
803,N106417 /1 undetected,output,,N106417,N106417,1,undetected,N106417,N106417,N106417,sa1,1
804,N89545 /1 undetected,output,,N89545,N89545,1,undetected,N89545,N89545,N89545,sa1,1
805,N81165 /1 undetected,output,,N81165,N81165,1,undetected,N81165,N81165,N81165,sa1,1
806,N79687 /1 undetected,output,,N79687,N79687,1,undetected,N79687,N79687,N79687,sa1,1
807,N109969 /1 undetected,output,,N109969,N109969,1,undetected,N109969,N109969,N109969,sa1,1
808,N81237 /1 undetected,output,,N81237,N81237,1,undetected,N81237,N81237,N81237,sa1,1
809,N89614 /1 undetected,output,,N89614,N89614,1,undetected,N89614,N89614,N89614,sa1,1
810,N109985 /1 undetected,output,,N109985,N109985,1,undetected,N109985,N109985,N109985,sa1,1
811,N89613 /1 undetected,output,,N89613,N89613,1,undetected,N89613,N89613,N89613,sa1,1
812,N81236 /1 undetected,output,,N81236,N81236,1,undetected,N81236,N81236,N81236,sa1,1
813,N111158 /1 undetected,output,,N111158,N111158,1,undetected,N111158,N111158,N111158,sa1,1
814,N117968 /1 undetected,output,,N117968,N117968,1,undetected,N117968,N117968,N117968,sa1,1
815,N81164 /1 undetected,output,,N81164,N81164,1,undetected,N81164,N81164,N81164,sa1,1
816,N89543 /1 undetected,output,,N89543,N89543,1,undetected,N89543,N89543,N89543,sa1,1
817,N110051 /1 undetected,output,,N110051,N110051,1,undetected,N110051,N110051,N110051,sa1,1
818,N95039 /1 undetected,output,,N95039,N95039,1,undetected,N95039,N95039,N95039,sa1,1
819,N114782 /1 undetected,output,,N114782,N114782,1,undetected,N114782,N114782,N114782,sa1,1
820,N110107 /1 undetected,output,,N110107,N110107,1,undetected,N110107,N110107,N110107,sa1,1
821,N110033 /1 undetected,output,,N110033,N110033,1,undetected,N110033,N110033,N110033,sa1,1
822,N79538 /1 undetected,output,,N79538,N79538,1,undetected,N79538,N79538,N79538,sa1,1
823,N110159 /1 undetected,output,,N110159,N110159,1,undetected,N110159,N110159,N110159,sa1,1
824,N81373 /1 undetected,output,,N81373,N81373,1,undetected,N81373,N81373,N81373,sa1,1
825,N89745 /1 undetected,output,,N89745,N89745,1,undetected,N89745,N89745,N89745,sa1,1
826,N110183 /1 undetected,output,,N110183,N110183,1,undetected,N110183,N110183,N110183,sa1,1
827,N89744 /1 undetected,output,,N89744,N89744,1,undetected,N89744,N89744,N89744,sa1,1
828,N81372 /1 undetected,output,,N81372,N81372,1,undetected,N81372,N81372,N81372,sa1,1
829,N109932 /1 undetected,output,,N109932,N109932,1,undetected,N109932,N109932,N109932,sa1,1
830,N79658 /1 undetected,output,,N79658,N79658,1,undetected,N79658,N79658,N79658,sa1,1
831,N89689 /1 undetected,output,,N89689,N89689,1,undetected,N89689,N89689,N89689,sa1,1
832,N81316 /1 undetected,output,,N81316,N81316,1,undetected,N81316,N81316,N81316,sa1,1
833,N113241 /1 undetected,output,,N113241,N113241,1,undetected,N113241,N113241,N113241,sa1,1
834,N109766 /1 undetected,output,,N109766,N109766,1,undetected,N109766,N109766,N109766,sa1,1
835,N111353 /1 undetected,output,,N111353,N111353,1,undetected,N111353,N111353,N111353,sa1,1
836,N79857 /1 undetected,output,,N79857,N79857,1,undetected,N79857,N79857,N79857,sa1,1
837,N108630 /1 undetected,output,,N108630,N108630,1,undetected,N108630,N108630,N108630,sa1,1
838,N108470 /1 undetected,output,,N108470,N108470,1,undetected,N108470,N108470,N108470,sa1,1
839,N108814 /1 undetected,output,,N108814,N108814,1,undetected,N108814,N108814,N108814,sa1,1
840,N79991 /1 undetected,output,,N79991,N79991,1,undetected,N79991,N79991,N79991,sa1,1
841,N89373 /1 undetected,output,,N89373,N89373,1,undetected,N89373,N89373,N89373,sa1,1
842,N108224 /1 undetected,output,,N108224,N108224,1,undetected,N108224,N108224,N108224,sa1,1
843,N80975 /1 undetected,output,,N80975,N80975,1,undetected,N80975,N80975,N80975,sa1,1
844,N108328 /1 undetected,output,,N108328,N108328,1,undetected,N108328,N108328,N108328,sa1,1
845,N109597 /1 undetected,output,,N109597,N109597,1,undetected,N109597,N109597,N109597,sa1,1
846,N109419 /1 undetected,output,,N109419,N109419,1,undetected,N109419,N109419,N109419,sa1,1
847,N107487 /1 undetected,output,,N107487,N107487,1,undetected,N107487,N107487,N107487,sa1,1
848,N90173 /1 undetected,output,,N90173,N90173,1,undetected,N90173,N90173,N90173,sa1,1
849,N40209 /1 undetected,output,,N40209,N40209,1,undetected,N40209,N40209,N40209,sa1,1
850,N40207 /1 undetected,output,,N40207,N40207,1,undetected,N40207,N40207,N40207,sa1,1
851,N94761 /1 undetected,output,,N94761,N94761,1,undetected,N94761,N94761,N94761,sa1,1
852,N40205 /1 undetected,output,,N40205,N40205,1,undetected,N40205,N40205,N40205,sa1,1
853,N74696 /1 undetected,output,,N74696,N74696,1,undetected,N74696,N74696,N74696,sa1,1
854,N40203 /1 undetected,output,,N40203,N40203,1,undetected,N40203,N40203,N40203,sa1,1
855,N76360 /1 undetected,output,,N76360,N76360,1,undetected,N76360,N76360,N76360,sa1,1
856,N40201 /1 undetected,output,,N40201,N40201,1,undetected,N40201,N40201,N40201,sa1,1
857,N116081 /1 undetected,output,,N116081,N116081,1,undetected,N116081,N116081,N116081,sa1,1
858,N109185 /1 undetected,output,,N109185,N109185,1,undetected,N109185,N109185,N109185,sa1,1
859,N40199 /1 undetected,output,,N40199,N40199,1,undetected,N40199,N40199,N40199,sa1,1
860,N86137 /1 undetected,output,,N86137,N86137,1,undetected,N86137,N86137,N86137,sa1,1
861,N40197 /1 undetected,output,,N40197,N40197,1,undetected,N40197,N40197,N40197,sa1,1
862,N112416 /1 undetected,output,,N112416,N112416,1,undetected,N112416,N112416,N112416,sa1,1
863,N40195 /1 undetected,output,,N40195,N40195,1,undetected,N40195,N40195,N40195,sa1,1
864,N109066 /1 undetected,output,,N109066,N109066,1,undetected,N109066,N109066,N109066,sa1,1
865,N90164 /1 undetected,output,,N90164,N90164,1,undetected,N90164,N90164,N90164,sa1,1
866,N40193 /1 undetected,output,,N40193,N40193,1,undetected,N40193,N40193,N40193,sa1,1
867,N40191 /1 undetected,output,,N40191,N40191,1,undetected,N40191,N40191,N40191,sa1,1
868,N40190 /1 undetected,output,,N40190,N40190,1,undetected,N40190,N40190,N40190,sa1,1
869,N40189 /1 undetected,output,,N40189,N40189,1,undetected,N40189,N40189,N40189,sa1,1
870,N84605 /1 undetected,output,,N84605,N84605,1,undetected,N84605,N84605,N84605,sa1,1
871,N40186 /1 undetected,output,,N40186,N40186,1,undetected,N40186,N40186,N40186,sa1,1
872,N116193 /1 undetected,output,,N116193,N116193,1,undetected,N116193,N116193,N116193,sa1,1
873,N112399 /1 undetected,output,,N112399,N112399,1,undetected,N112399,N112399,N112399,sa1,1
874,N40188 /1 undetected,output,,N40188,N40188,1,undetected,N40188,N40188,N40188,sa1,1
875,N116259 /1 undetected,output,,N116259,N116259,1,undetected,N116259,N116259,N116259,sa1,1
876,N112430 /1 undetected,output,,N112430,N112430,1,undetected,N112430,N112430,N112430,sa1,1
877,N40176 /1 undetected,output,,N40176,N40176,1,undetected,N40176,N40176,N40176,sa1,1
878,N40174 /1 undetected,output,,N40174,N40174,1,undetected,N40174,N40174,N40174,sa1,1
879,N40173 /1 undetected,output,,N40173,N40173,1,undetected,N40173,N40173,N40173,sa1,1
880,N116192 /1 undetected,output,,N116192,N116192,1,undetected,N116192,N116192,N116192,sa1,1
881,N109221 /1 undetected,output,,N109221,N109221,1,undetected,N109221,N109221,N109221,sa1,1
882,N40171 /1 undetected,output,,N40171,N40171,1,undetected,N40171,N40171,N40171,sa1,1
883,N74850 /1 undetected,output,,N74850,N74850,1,undetected,N74850,N74850,N74850,sa1,1
884,N40170 /1 undetected,output,,N40170,N40170,1,undetected,N40170,N40170,N40170,sa1,1
885,N116258 /1 undetected,output,,N116258,N116258,1,undetected,N116258,N116258,N116258,sa1,1
886,N109211 /1 undetected,output,,N109211,N109211,1,undetected,N109211,N109211,N109211,sa1,1
887,N40167 /1 undetected,output,,N40167,N40167,1,undetected,N40167,N40167,N40167,sa1,1
888,N40165 /1 undetected,output,,N40165,N40165,1,undetected,N40165,N40165,N40165,sa1,1
889,N90162 /1 undetected,output,,N90162,N90162,1,undetected,N90162,N90162,N90162,sa1,1
890,N40164 /1 undetected,output,,N40164,N40164,1,undetected,N40164,N40164,N40164,sa1,1
891,N109101 /1 undetected,output,,N109101,N109101,1,undetected,N109101,N109101,N109101,sa1,1
892,N86135 /1 undetected,output,,N86135,N86135,1,undetected,N86135,N86135,N86135,sa1,1
893,N40162 /1 undetected,output,,N40162,N40162,1,undetected,N40162,N40162,N40162,sa1,1
894,N109053 /1 undetected,output,,N109053,N109053,1,undetected,N109053,N109053,N109053,sa1,1
895,N76357 /1 undetected,output,,N76357,N76357,1,undetected,N76357,N76357,N76357,sa1,1
896,N40182 /1 undetected,output,,N40182,N40182,1,undetected,N40182,N40182,N40182,sa1,1
897,N40181 /1 undetected,output,,N40181,N40181,1,undetected,N40181,N40181,N40181,sa1,1
898,N90163 /1 undetected,output,,N90163,N90163,1,undetected,N90163,N90163,N90163,sa1,1
899,N84775 /1 undetected,output,,N84775,N84775,1,undetected,N84775,N84775,N84775,sa1,1
900,N40180 /1 undetected,output,,N40180,N40180,1,undetected,N40180,N40180,N40180,sa1,1
901,N109271 /1 undetected,output,,N109271,N109271,1,undetected,N109271,N109271,N109271,sa1,1
902,N40178 /1 undetected,output,,N40178,N40178,1,undetected,N40178,N40178,N40178,sa1,1
903,N86136 /1 undetected,output,,N86136,N86136,1,undetected,N86136,N86136,N86136,sa1,1
904,N116229 /1 undetected,output,,N116229,N116229,1,undetected,N116229,N116229,N116229,sa1,1
905,N80265 /1 undetected,output,,N80265,N80265,1,undetected,N80265,N80265,N80265,sa1,1
906,N107516 /1 undetected,output,,N107516,N107516,1,undetected,N107516,N107516,N107516,sa1,1
907,N88992 /1 undetected,output,,N88992,N88992,1,undetected,N88992,N88992,N88992,sa1,1
908,N80566 /1 undetected,output,,N80566,N80566,1,undetected,N80566,N80566,N80566,sa1,1
909,N80125 /1 undetected,output,,N80125,N80125,1,undetected,N80125,N80125,N80125,sa1,1
910,N80761 /1 undetected,output,,N80761,N80761,1,undetected,N80761,N80761,N80761,sa1,1
911,N89183 /1 undetected,output,,N89183,N89183,1,undetected,N89183,N89183,N89183,sa1,1
912,N112705 /1 undetected,output,,N112705,N112705,1,undetected,N112705,N112705,N112705,sa1,1
913,N79753 /1 undetected,output,,N79753,N79753,1,undetected,N79753,N79753,N79753,sa1,1
914,N111395 /1 undetected,output,,N111395,N111395,1,undetected,N111395,N111395,N111395,sa1,1
915,N107042 /1 undetected,output,,N107042,N107042,1,undetected,N107042,N107042,N107042,sa1,1
916,N107069 /1 undetected,output,,N107069,N107069,1,undetected,N107069,N107069,N107069,sa1,1
917,N106404 /1 undetected,output,,N106404,N106404,1,undetected,N106404,N106404,N106404,sa1,1
918,N89520 /1 undetected,output,,N89520,N89520,1,undetected,N89520,N89520,N89520,sa1,1
919,N81140 /1 undetected,output,,N81140,N81140,1,undetected,N81140,N81140,N81140,sa1,1
920,N106366 /1 undetected,output,,N106366,N106366,1,undetected,N106366,N106366,N106366,sa1,1
921,N81139 /1 undetected,output,,N81139,N81139,1,undetected,N81139,N81139,N81139,sa1,1
922,N89519 /1 undetected,output,,N89519,N89519,1,undetected,N89519,N89519,N89519,sa1,1
923,N40097 /1 undetected,output,,N40097,N40097,1,undetected,N40097,N40097,N40097,sa1,1
924,N116227 /1 undetected,output,,N116227,N116227,1,undetected,N116227,N116227,N116227,sa1,1
925,N112755 /1 undetected,output,,N112755,N112755,1,undetected,N112755,N112755,N112755,sa1,1
926,N116257 /1 undetected,output,,N116257,N116257,1,undetected,N116257,N116257,N116257,sa1,1
927,N112768 /1 undetected,output,,N112768,N112768,1,undetected,N112768,N112768,N112768,sa1,1
928,N81636 /1 undetected,output,,N81636,N81636,1,undetected,N81636,N81636,N81636,sa1,1
929,N110789 /1 undetected,output,,N110789,N110789,1,undetected,N110789,N110789,N110789,sa1,1
930,N81513 /1 undetected,output,,N81513,N81513,1,undetected,N81513,N81513,N81513,sa1,1
931,N110672 /1 undetected,output,,N110672,N110672,1,undetected,N110672,N110672,N110672,sa1,1
932,N81558 /1 undetected,output,,N81558,N81558,1,undetected,N81558,N81558,N81558,sa1,1
933,N110711 /1 undetected,output,,N110711,N110711,1,undetected,N110711,N110711,N110711,sa1,1
934,N110748 /1 undetected,output,,N110748,N110748,1,undetected,N110748,N110748,N110748,sa1,1
935,N89886 /1 undetected,output,,N89886,N89886,1,undetected,N89886,N89886,N89886,sa1,1
936,N89842 /1 undetected,output,,N89842,N89842,1,undetected,N89842,N89842,N89842,sa1,1
937,N116097 /1 undetected,output,,N116097,N116097,1,undetected,N116097,N116097,N116097,sa1,1
938,N89236 /1 undetected,output,,N89236,N89236,1,undetected,N89236,N89236,N89236,sa1,1
939,N81138 /1 undetected,output,,N81138,N81138,1,undetected,N81138,N81138,N81138,sa1,1
940,N89517 /1 undetected,output,,N89517,N89517,1,undetected,N89517,N89517,N89517,sa1,1
941,N110212 /1 undetected,output,,N110212,N110212,1,undetected,N110212,N110212,N110212,sa1,1
942,N95050 /1 undetected,output,,N95050,N95050,1,undetected,N95050,N95050,N95050,sa1,1
943,N94867 /1 undetected,output,,N94867,N94867,1,undetected,N94867,N94867,N94867,sa1,1
944,N109950 /1 undetected,output,,N109950,N109950,1,undetected,N109950,N109950,N109950,sa1,1
945,N113245 /1 undetected,output,,N113245,N113245,1,undetected,N113245,N113245,N113245,sa1,1
946,N79692 /1 undetected,output,,N79692,N79692,1,undetected,N79692,N79692,N79692,sa1,1
947,N109784 /1 undetected,output,,N109784,N109784,1,undetected,N109784,N109784,N109784,sa1,1
948,N111371 /1 undetected,output,,N111371,N111371,1,undetected,N111371,N111371,N111371,sa1,1
949,N108836 /1 undetected,output,,N108836,N108836,1,undetected,N108836,N108836,N108836,sa1,1
950,N112651 /1 undetected,output,,N112651,N112651,1,undetected,N112651,N112651,N112651,sa1,1
951,N80890 /1 undetected,output,,N80890,N80890,1,undetected,N80890,N80890,N80890,sa1,1
952,N114424 /1 undetected,output,,N114424,N114424,1,undetected,N114424,N114424,N114424,sa1,1
953,N89307 /1 undetected,output,,N89307,N89307,1,undetected,N89307,N89307,N89307,sa1,1
954,N80169 /1 undetected,output,,N80169,N80169,1,undetected,N80169,N80169,N80169,sa1,1
955,N80783 /1 undetected,output,,N80783,N80783,1,undetected,N80783,N80783,N80783,sa1,1
956,N89205 /1 undetected,output,,N89205,N89205,1,undetected,N89205,N89205,N89205,sa1,1
957,N112708 /1 undetected,output,,N112708,N112708,1,undetected,N112708,N112708,N112708,sa1,1
958,N109437 /1 undetected,output,,N109437,N109437,1,undetected,N109437,N109437,N109437,sa1,1
959,N80316 /1 undetected,output,,N80316,N80316,1,undetected,N80316,N80316,N80316,sa1,1
960,N80588 /1 undetected,output,,N80588,N80588,1,undetected,N80588,N80588,N80588,sa1,1
961,N106956 /1 undetected,output,,N106956,N106956,1,undetected,N106956,N106956,N106956,sa1,1
962,N107003 /1 undetected,output,,N107003,N107003,1,undetected,N107003,N107003,N107003,sa1,1
963,N89014 /1 undetected,output,,N89014,N89014,1,undetected,N89014,N89014,N89014,sa1,1
964,N106911 /1 undetected,output,,N106911,N106911,1,undetected,N106911,N106911,N106911,sa1,1
965,N118540 /1 undetected,output,,N118540,N118540,1,undetected,N118540,N118540,N118540,sa1,1
966,N106868 /1 undetected,output,,N106868,N106868,1,undetected,N106868,N106868,N106868,sa1,1
967,N88820 /1 undetected,output,,N88820,N88820,1,undetected,N88820,N88820,N88820,sa1,1
968,N47978 /1 undetected,output,,N47978,N47978,1,undetected,N47978,N47978,N47978,sa1,1
969,N47975 /1 undetected,output,,N47975,N47975,1,undetected,N47975,N47975,N47975,sa1,1
970,N118445 /1 undetected,output,,N118445,N118445,1,undetected,N118445,N118445,N118445,sa1,1
971,N47973 /1 undetected,output,,N47973,N47973,1,undetected,N47973,N47973,N47973,sa1,1
972,N109553 /1 undetected,output,,N109553,N109553,1,undetected,N109553,N109553,N109553,sa1,1
973,N89247 /1 undetected,output,,N89247,N89247,1,undetected,N89247,N89247,N89247,sa1,1
974,N118535 /1 undetected,output,,N118535,N118535,1,undetected,N118535,N118535,N118535,sa1,1
975,N80828 /1 undetected,output,,N80828,N80828,1,undetected,N80828,N80828,N80828,sa1,1
976,N79900 /1 undetected,output,,N79900,N79900,1,undetected,N79900,N79900,N79900,sa1,1
977,N108665 /1 undetected,output,,N108665,N108665,1,undetected,N108665,N108665,N108665,sa1,1
978,N108505 /1 undetected,output,,N108505,N108505,1,undetected,N108505,N108505,N108505,sa1,1
979,N79775 /1 undetected,output,,N79775,N79775,1,undetected,N79775,N79775,N79775,sa1,1
980,N111412 /1 undetected,output,,N111412,N111412,1,undetected,N111412,N111412,N111412,sa1,1
981,N106421 /1 undetected,output,,N106421,N106421,1,undetected,N106421,N106421,N106421,sa1,1
982,N89554 /1 undetected,output,,N89554,N89554,1,undetected,N89554,N89554,N89554,sa1,1
983,N81174 /1 undetected,output,,N81174,N81174,1,undetected,N81174,N81174,N81174,sa1,1
984,N106383 /1 undetected,output,,N106383,N106383,1,undetected,N106383,N106383,N106383,sa1,1
985,N81173 /1 undetected,output,,N81173,N81173,1,undetected,N81173,N81173,N81173,sa1,1
986,N89553 /1 undetected,output,,N89553,N89553,1,undetected,N89553,N89553,N89553,sa1,1
987,N79578 /1 undetected,output,,N79578,N79578,1,undetected,N79578,N79578,N79578,sa1,1
988,N110163 /1 undetected,output,,N110163,N110163,1,undetected,N110163,N110163,N110163,sa1,1
989,N81391 /1 undetected,output,,N81391,N81391,1,undetected,N81391,N81391,N81391,sa1,1
990,N89763 /1 undetected,output,,N89763,N89763,1,undetected,N89763,N89763,N89763,sa1,1
991,N110197 /1 undetected,output,,N110197,N110197,1,undetected,N110197,N110197,N110197,sa1,1
992,N89762 /1 undetected,output,,N89762,N89762,1,undetected,N89762,N89762,N89762,sa1,1
993,N81390 /1 undetected,output,,N81390,N81390,1,undetected,N81390,N81390,N81390,sa1,1
994,N110825 /1 undetected,output,,N110825,N110825,1,undetected,N110825,N110825,N110825,sa1,1
995,N110134 /1 undetected,output,,N110134,N110134,1,undetected,N110134,N110134,N110134,sa1,1
996,N110059 /1 undetected,output,,N110059,N110059,1,undetected,N110059,N110059,N110059,sa1,1
997,N47914 /1 undetected,output,,N47914,N47914,1,undetected,N47914,N47914,N47914,sa1,1
998,N118502 /1 undetected,output,,N118502,N118502,1,undetected,N118502,N118502,N118502,sa1,1
999,N112772 /1 undetected,output,,N112772,N112772,1,undetected,N112772,N112772,N112772,sa1,1
1000,N118534 /1 undetected,output,,N118534,N118534,1,undetected,N118534,N118534,N118534,sa1,1
1001,N112759 /1 undetected,output,,N112759,N112759,1,undetected,N112759,N112759,N112759,sa1,1
1002,N81662 /1 undetected,output,,N81662,N81662,1,undetected,N81662,N81662,N81662,sa1,1
1003,N110713 /1 undetected,output,,N110713,N110713,1,undetected,N110713,N110713,N110713,sa1,1
1004,N89847 /1 undetected,output,,N89847,N89847,1,undetected,N89847,N89847,N89847,sa1,1
1005,N110768 /1 undetected,output,,N110768,N110768,1,undetected,N110768,N110768,N110768,sa1,1
1006,N89906 /1 undetected,output,,N89906,N89906,1,undetected,N89906,N89906,N89906,sa1,1
1007,N81518 /1 undetected,output,,N81518,N81518,1,undetected,N81518,N81518,N81518,sa1,1
1008,N88416 /1 undetected,output,,N88416,N88416,1,undetected,N88416,N88416,N88416,sa1,1
1009,N110692 /1 undetected,output,,N110692,N110692,1,undetected,N110692,N110692,N110692,sa1,1
1010,N81578 /1 undetected,output,,N81578,N81578,1,undetected,N81578,N81578,N81578,sa1,1
1011,N118371 /1 undetected,output,,N118371,N118371,1,undetected,N118371,N118371,N118371,sa1,1
1012,N81172 /1 undetected,output,,N81172,N81172,1,undetected,N81172,N81172,N81172,sa1,1
1013,N89551 /1 undetected,output,,N89551,N89551,1,undetected,N89551,N89551,N89551,sa1,1
1014,N110057 /1 undetected,output,,N110057,N110057,1,undetected,N110057,N110057,N110057,sa1,1
1015,N95049 /1 undetected,output,,N95049,N95049,1,undetected,N95049,N95049,N95049,sa1,1
1016,N94866 /1 undetected,output,,N94866,N94866,1,undetected,N94866,N94866,N94866,sa1,1
1017,N111525 /1 undetected,output,,N111525,N111525,1,undetected,N111525,N111525,N111525,sa1,1
1018,N110227 /1 undetected,output,,N110227,N110227,1,undetected,N110227,N110227,N110227,sa1,1
1019,N114786 /1 undetected,output,,N114786,N114786,1,undetected,N114786,N114786,N114786,sa1,1
1020,N110131 /1 undetected,output,,N110131,N110131,1,undetected,N110131,N110131,N110131,sa1,1
1021,N110056 /1 undetected,output,,N110056,N110056,1,undetected,N110056,N110056,N110056,sa1,1
1022,N109948 /1 undetected,output,,N109948,N109948,1,undetected,N109948,N109948,N109948,sa1,1
1023,N109782 /1 undetected,output,,N109782,N109782,1,undetected,N109782,N109782,N109782,sa1,1
1024,N111369 /1 undetected,output,,N111369,N111369,1,undetected,N111369,N111369,N111369,sa1,1
1025,N79896 /1 undetected,output,,N79896,N79896,1,undetected,N79896,N79896,N79896,sa1,1
1026,N108502 /1 undetected,output,,N108502,N108502,1,undetected,N108502,N108502,N108502,sa1,1
1027,N108662 /1 undetected,output,,N108662,N108662,1,undetected,N108662,N108662,N108662,sa1,1
1028,N108834 /1 undetected,output,,N108834,N108834,1,undetected,N108834,N108834,N108834,sa1,1
1029,N109393 /1 undetected,output,,N109393,N109393,1,undetected,N109393,N109393,N109393,sa1,1
1030,N80683 /1 undetected,output,,N80683,N80683,1,undetected,N80683,N80683,N80683,sa1,1
1031,N47357 /1 undetected,output,,N47357,N47357,1,undetected,N47357,N47357,N47357,sa1,1
1032,N118332 /1 undetected,output,,N118332,N118332,1,undetected,N118332,N118332,N118332,sa1,1
1033,N80615 /1 undetected,output,,N80615,N80615,1,undetected,N80615,N80615,N80615,sa1,1
1034,N118329 /1 undetected,output,,N118329,N118329,1,undetected,N118329,N118329,N118329,sa1,1
1035,N89038 /1 undetected,output,,N89038,N89038,1,undetected,N89038,N89038,N89038,sa1,1
1036,N107496 /1 undetected,output,,N107496,N107496,1,undetected,N107496,N107496,N107496,sa1,1
1037,N91849 /1 undetected,output,,N91849,N91849,1,undetected,N91849,N91849,N91849,sa1,1
1038,N118268 /1 undetected,output,,N118268,N118268,1,undetected,N118268,N118268,N118268,sa1,1
1039,N90264 /1 undetected,output,,N90264,N90264,1,undetected,N90264,N90264,N90264,sa1,1
1040,N47340 /1 undetected,output,,N47340,N47340,1,undetected,N47340,N47340,N47340,sa1,1
1041,N82055 /1 undetected,output,,N82055,N82055,1,undetected,N82055,N82055,N82055,sa1,1
1042,N47334 /1 undetected,output,,N47334,N47334,1,undetected,N47334,N47334,N47334,sa1,1
1043,N74705 /1 undetected,output,,N74705,N74705,1,undetected,N74705,N74705,N74705,sa1,1
1044,N47328 /1 undetected,output,,N47328,N47328,1,undetected,N47328,N47328,N47328,sa1,1
1045,N47326 /1 undetected,output,,N47326,N47326,1,undetected,N47326,N47326,N47326,sa1,1
1046,N106150 /1 undetected,output,,N106150,N106150,1,undetected,N106150,N106150,N106150,sa1,1
1047,N47324 /1 undetected,output,,N47324,N47324,1,undetected,N47324,N47324,N47324,sa1,1
1048,N108851 /1 undetected,output,,N108851,N108851,1,undetected,N108851,N108851,N108851,sa1,1
1049,N90260 /1 undetected,output,,N90260,N90260,1,undetected,N90260,N90260,N90260,sa1,1
1050,N109352 /1 undetected,output,,N109352,N109352,1,undetected,N109352,N109352,N109352,sa1,1
1051,N47333 /1 undetected,output,,N47333,N47333,1,undetected,N47333,N47333,N47333,sa1,1
1052,N47331 /1 undetected,output,,N47331,N47331,1,undetected,N47331,N47331,N47331,sa1,1
1053,N79443 /1 undetected,output,,N79443,N79443,1,undetected,N79443,N79443,N79443,sa1,1
1054,N47330 /1 undetected,output,,N47330,N47330,1,undetected,N47330,N47330,N47330,sa1,1
1055,N118153 /1 undetected,output,,N118153,N118153,1,undetected,N118153,N118153,N118153,sa1,1
1056,N109191 /1 undetected,output,,N109191,N109191,1,undetected,N109191,N109191,N109191,sa1,1
1057,N47322 /1 undetected,output,,N47322,N47322,1,undetected,N47322,N47322,N47322,sa1,1
1058,N92398 /1 undetected,output,,N92398,N92398,1,undetected,N92398,N92398,N92398,sa1,1
1059,N47320 /1 undetected,output,,N47320,N47320,1,undetected,N47320,N47320,N47320,sa1,1
1060,N47318 /1 undetected,output,,N47318,N47318,1,undetected,N47318,N47318,N47318,sa1,1
1061,N47317 /1 undetected,output,,N47317,N47317,1,undetected,N47317,N47317,N47317,sa1,1
1062,N118264 /1 undetected,output,,N118264,N118264,1,undetected,N118264,N118264,N118264,sa1,1
1063,N109325 /1 undetected,output,,N109325,N109325,1,undetected,N109325,N109325,N109325,sa1,1
1064,N47313 /1 undetected,output,,N47313,N47313,1,undetected,N47313,N47313,N47313,sa1,1
1065,N47311 /1 undetected,output,,N47311,N47311,1,undetected,N47311,N47311,N47311,sa1,1
1066,N90259 /1 undetected,output,,N90259,N90259,1,undetected,N90259,N90259,N90259,sa1,1
1067,N47310 /1 undetected,output,,N47310,N47310,1,undetected,N47310,N47310,N47310,sa1,1
1068,N109308 /1 undetected,output,,N109308,N109308,1,undetected,N109308,N109308,N109308,sa1,1
1069,N79442 /1 undetected,output,,N79442,N79442,1,undetected,N79442,N79442,N79442,sa1,1
1070,N47308 /1 undetected,output,,N47308,N47308,1,undetected,N47308,N47308,N47308,sa1,1
1071,N109248 /1 undetected,output,,N109248,N109248,1,undetected,N109248,N109248,N109248,sa1,1
1072,N88386 /1 undetected,output,,N88386,N88386,1,undetected,N88386,N88386,N88386,sa1,1
1073,N47315 /1 undetected,output,,N47315,N47315,1,undetected,N47315,N47315,N47315,sa1,1
1074,N118331 /1 undetected,output,,N118331,N118331,1,undetected,N118331,N118331,N118331,sa1,1
1075,N109275 /1 undetected,output,,N109275,N109275,1,undetected,N109275,N109275,N109275,sa1,1
1076,N47306 /1 undetected,output,,N47306,N47306,1,undetected,N47306,N47306,N47306,sa1,1
1077,N97776 /1 undetected,output,,N97776,N97776,1,undetected,N97776,N97776,N97776,sa1,1
1078,N47304 /1 undetected,output,,N47304,N47304,1,undetected,N47304,N47304,N47304,sa1,1
1079,N47302 /1 undetected,output,,N47302,N47302,1,undetected,N47302,N47302,N47302,sa1,1
1080,N47301 /1 undetected,output,,N47301,N47301,1,undetected,N47301,N47301,N47301,sa1,1
1081,N118263 /1 undetected,output,,N118263,N118263,1,undetected,N118263,N118263,N118263,sa1,1
1082,N109117 /1 undetected,output,,N109117,N109117,1,undetected,N109117,N109117,N109117,sa1,1
1083,N47299 /1 undetected,output,,N47299,N47299,1,undetected,N47299,N47299,N47299,sa1,1
1084,N118330 /1 undetected,output,,N118330,N118330,1,undetected,N118330,N118330,N118330,sa1,1
1085,N109050 /1 undetected,output,,N109050,N109050,1,undetected,N109050,N109050,N109050,sa1,1
1086,N47296 /1 undetected,output,,N47296,N47296,1,undetected,N47296,N47296,N47296,sa1,1
1087,N47294 /1 undetected,output,,N47294,N47294,1,undetected,N47294,N47294,N47294,sa1,1
1088,N90258 /1 undetected,output,,N90258,N90258,1,undetected,N90258,N90258,N90258,sa1,1
1089,N47291 /1 undetected,output,,N47291,N47291,1,undetected,N47291,N47291,N47291,sa1,1
1090,N109207 /1 undetected,output,,N109207,N109207,1,undetected,N109207,N109207,N109207,sa1,1
1091,N79440 /1 undetected,output,,N79440,N79440,1,undetected,N79440,N79440,N79440,sa1,1
1092,N47293 /1 undetected,output,,N47293,N47293,1,undetected,N47293,N47293,N47293,sa1,1
1093,N109236 /1 undetected,output,,N109236,N109236,1,undetected,N109236,N109236,N109236,sa1,1
1094,N88385 /1 undetected,output,,N88385,N88385,1,undetected,N88385,N88385,N88385,sa1,1
1095,N80312 /1 undetected,output,,N80312,N80312,1,undetected,N80312,N80312,N80312,sa1,1
1096,N107525 /1 undetected,output,,N107525,N107525,1,undetected,N107525,N107525,N107525,sa1,1
1097,N80586 /1 undetected,output,,N80586,N80586,1,undetected,N80586,N80586,N80586,sa1,1
1098,N89012 /1 undetected,output,,N89012,N89012,1,undetected,N89012,N89012,N89012,sa1,1
1099,N109607 /1 undetected,output,,N109607,N109607,1,undetected,N109607,N109607,N109607,sa1,1
1100,N109383 /1 undetected,output,,N109383,N109383,1,undetected,N109383,N109383,N109383,sa1,1
1101,N89107 /1 undetected,output,,N89107,N89107,1,undetected,N89107,N89107,N89107,sa1,1
1102,N80030 /1 undetected,output,,N80030,N80030,1,undetected,N80030,N80030,N80030,sa1,1
1103,N80995 /1 undetected,output,,N80995,N80995,1,undetected,N80995,N80995,N80995,sa1,1
1104,N89383 /1 undetected,output,,N89383,N89383,1,undetected,N89383,N89383,N89383,sa1,1
1105,N111744 /1 undetected,output,,N111744,N111744,1,undetected,N111744,N111744,N111744,sa1,1
1106,N107125 /1 undetected,output,,N107125,N107125,1,undetected,N107125,N107125,N107125,sa1,1
1107,N107165 /1 undetected,output,,N107165,N107165,1,undetected,N107165,N107165,N107165,sa1,1
1108,N79773 /1 undetected,output,,N79773,N79773,1,undetected,N79773,N79773,N79773,sa1,1
1109,N111410 /1 undetected,output,,N111410,N111410,1,undetected,N111410,N111410,N111410,sa1,1
1110,N106381 /1 undetected,output,,N106381,N106381,1,undetected,N106381,N106381,N106381,sa1,1
1111,N81170 /1 undetected,output,,N81170,N81170,1,undetected,N81170,N81170,N81170,sa1,1
1112,N89550 /1 undetected,output,,N89550,N89550,1,undetected,N89550,N89550,N89550,sa1,1
1113,N106419 /1 undetected,output,,N106419,N106419,1,undetected,N106419,N106419,N106419,sa1,1
1114,N89549 /1 undetected,output,,N89549,N89549,1,undetected,N89549,N89549,N89549,sa1,1
1115,N81169 /1 undetected,output,,N81169,N81169,1,undetected,N81169,N81169,N81169,sa1,1
1116,N79689 /1 undetected,output,,N79689,N79689,1,undetected,N79689,N79689,N79689,sa1,1
1117,N109970 /1 undetected,output,,N109970,N109970,1,undetected,N109970,N109970,N109970,sa1,1
1118,N81239 /1 undetected,output,,N81239,N81239,1,undetected,N81239,N81239,N81239,sa1,1
1119,N89616 /1 undetected,output,,N89616,N89616,1,undetected,N89616,N89616,N89616,sa1,1
1120,N109986 /1 undetected,output,,N109986,N109986,1,undetected,N109986,N109986,N109986,sa1,1
1121,N89615 /1 undetected,output,,N89615,N89615,1,undetected,N89615,N89615,N89615,sa1,1
1122,N81238 /1 undetected,output,,N81238,N81238,1,undetected,N81238,N81238,N81238,sa1,1
1123,N111159 /1 undetected,output,,N111159,N111159,1,undetected,N111159,N111159,N111159,sa1,1
1124,N81660 /1 undetected,output,,N81660,N81660,1,undetected,N81660,N81660,N81660,sa1,1
1125,N110690 /1 undetected,output,,N110690,N110690,1,undetected,N110690,N110690,N110690,sa1,1
1126,N110504 /1 undetected,output,,N110504,N110504,1,undetected,N110504,N110504,N110504,sa1,1
1127,N110400 /1 undetected,output,,N110400,N110400,1,undetected,N110400,N110400,N110400,sa1,1
1128,N110766 /1 undetected,output,,N110766,N110766,1,undetected,N110766,N110766,N110766,sa1,1
1129,N110399 /1 undetected,output,,N110399,N110399,1,undetected,N110399,N110399,N110399,sa1,1
1130,N110503 /1 undetected,output,,N110503,N110503,1,undetected,N110503,N110503,N110503,sa1,1
1131,N88814 /1 undetected,output,,N88814,N88814,1,undetected,N88814,N88814,N88814,sa1,1
1132,N118169 /1 undetected,output,,N118169,N118169,1,undetected,N118169,N118169,N118169,sa1,1
1133,N81168 /1 undetected,output,,N81168,N81168,1,undetected,N81168,N81168,N81168,sa1,1
1134,N89547 /1 undetected,output,,N89547,N89547,1,undetected,N89547,N89547,N89547,sa1,1
1135,N110054 /1 undetected,output,,N110054,N110054,1,undetected,N110054,N110054,N110054,sa1,1
1136,N94860 /1 undetected,output,,N94860,N94860,1,undetected,N94860,N94860,N94860,sa1,1
1137,N114783 /1 undetected,output,,N114783,N114783,1,undetected,N114783,N114783,N114783,sa1,1
1138,N110115 /1 undetected,output,,N110115,N110115,1,undetected,N110115,N110115,N110115,sa1,1
1139,N110041 /1 undetected,output,,N110041,N110041,1,undetected,N110041,N110041,N110041,sa1,1
1140,N79547 /1 undetected,output,,N79547,N79547,1,undetected,N79547,N79547,N79547,sa1,1
1141,N110162 /1 undetected,output,,N110162,N110162,1,undetected,N110162,N110162,N110162,sa1,1
1142,N81382 /1 undetected,output,,N81382,N81382,1,undetected,N81382,N81382,N81382,sa1,1
1143,N89754 /1 undetected,output,,N89754,N89754,1,undetected,N89754,N89754,N89754,sa1,1
1144,N110189 /1 undetected,output,,N110189,N110189,1,undetected,N110189,N110189,N110189,sa1,1
1145,N89753 /1 undetected,output,,N89753,N89753,1,undetected,N89753,N89753,N89753,sa1,1
1146,N81381 /1 undetected,output,,N81381,N81381,1,undetected,N81381,N81381,N81381,sa1,1
1147,N109938 /1 undetected,output,,N109938,N109938,1,undetected,N109938,N109938,N109938,sa1,1
1148,N113244 /1 undetected,output,,N113244,N113244,1,undetected,N113244,N113244,N113244,sa1,1
1149,N79667 /1 undetected,output,,N79667,N79667,1,undetected,N79667,N79667,N79667,sa1,1
1150,N109772 /1 undetected,output,,N109772,N109772,1,undetected,N109772,N109772,N109772,sa1,1
1151,N111359 /1 undetected,output,,N111359,N111359,1,undetected,N111359,N111359,N111359,sa1,1
1152,N108820 /1 undetected,output,,N108820,N108820,1,undetected,N108820,N108820,N108820,sa1,1
1153,N109600 /1 undetected,output,,N109600,N109600,1,undetected,N109600,N109600,N109600,sa1,1
1154,N42388 /1 undetected,output,,N42388,N42388,1,undetected,N42388,N42388,N42388,sa1,1
1155,N116866 /1 undetected,output,,N116866,N116866,1,undetected,N116866,N116866,N116866,sa1,1
1156,N80612 /1 undetected,output,,N80612,N80612,1,undetected,N80612,N80612,N80612,sa1,1
1157,N116868 /1 undetected,output,,N116868,N116868,1,undetected,N116868,N116868,N116868,sa1,1
1158,N89035 /1 undetected,output,,N89035,N89035,1,undetected,N89035,N89035,N89035,sa1,1
1159,N107490 /1 undetected,output,,N107490,N107490,1,undetected,N107490,N107490,N107490,sa1,1
1160,N116831 /1 undetected,output,,N116831,N116831,1,undetected,N116831,N116831,N116831,sa1,1
1161,N90036 /1 undetected,output,,N90036,N90036,1,undetected,N90036,N90036,N90036,sa1,1
1162,N42370 /1 undetected,output,,N42370,N42370,1,undetected,N42370,N42370,N42370,sa1,1
1163,N42369 /1 undetected,output,,N42369,N42369,1,undetected,N42369,N42369,N42369,sa1,1
1164,N74699 /1 undetected,output,,N74699,N74699,1,undetected,N74699,N74699,N74699,sa1,1
1165,N42368 /1 undetected,output,,N42368,N42368,1,undetected,N42368,N42368,N42368,sa1,1
1166,N109069 /1 undetected,output,,N109069,N109069,1,undetected,N109069,N109069,N109069,sa1,1
1167,N42366 /1 undetected,output,,N42366,N42366,1,undetected,N42366,N42366,N42366,sa1,1
1168,N42364 /1 undetected,output,,N42364,N42364,1,undetected,N42364,N42364,N42364,sa1,1
1169,N79364 /1 undetected,output,,N79364,N79364,1,undetected,N79364,N79364,N79364,sa1,1
1170,N42363 /1 undetected,output,,N42363,N42363,1,undetected,N42363,N42363,N42363,sa1,1
1171,N116682 /1 undetected,output,,N116682,N116682,1,undetected,N116682,N116682,N116682,sa1,1
1172,N109188 /1 undetected,output,,N109188,N109188,1,undetected,N109188,N109188,N109188,sa1,1
1173,N42361 /1 undetected,output,,N42361,N42361,1,undetected,N42361,N42361,N42361,sa1,1
1174,N112413 /1 undetected,output,,N112413,N112413,1,undetected,N112413,N112413,N112413,sa1,1
1175,N42359 /1 undetected,output,,N42359,N42359,1,undetected,N42359,N42359,N42359,sa1,1
1176,N97797 /1 undetected,output,,N97797,N97797,1,undetected,N97797,N97797,N97797,sa1,1
1177,N42355 /1 undetected,output,,N42355,N42355,1,undetected,N42355,N42355,N42355,sa1,1
1178,N84611 /1 undetected,output,,N84611,N84611,1,undetected,N84611,N84611,N84611,sa1,1
1179,N116790 /1 undetected,output,,N116790,N116790,1,undetected,N116790,N116790,N116790,sa1,1
1180,N109335 /1 undetected,output,,N109335,N109335,1,undetected,N109335,N109335,N109335,sa1,1
1181,N42331 /1 undetected,output,,N42331,N42331,1,undetected,N42331,N42331,N42331,sa1,1
1182,N42329 /1 undetected,output,,N42329,N42329,1,undetected,N42329,N42329,N42329,sa1,1
1183,N81803 /1 undetected,output,,N81803,N81803,1,undetected,N81803,N81803,N81803,sa1,1
1184,N42326 /1 undetected,output,,N42326,N42326,1,undetected,N42326,N42326,N42326,sa1,1
1185,N109256 /1 undetected,output,,N109256,N109256,1,undetected,N109256,N109256,N109256,sa1,1
1186,N88296 /1 undetected,output,,N88296,N88296,1,undetected,N88296,N88296,N88296,sa1,1
1187,N42328 /1 undetected,output,,N42328,N42328,1,undetected,N42328,N42328,N42328,sa1,1
1188,N109297 /1 undetected,output,,N109297,N109297,1,undetected,N109297,N109297,N109297,sa1,1
1189,N79361 /1 undetected,output,,N79361,N79361,1,undetected,N79361,N79361,N79361,sa1,1
1190,N42351 /1 undetected,output,,N42351,N42351,1,undetected,N42351,N42351,N42351,sa1,1
1191,N116870 /1 undetected,output,,N116870,N116870,1,undetected,N116870,N116870,N116870,sa1,1
1192,N109316 /1 undetected,output,,N109316,N109316,1,undetected,N109316,N109316,N109316,sa1,1
1193,N42349 /1 undetected,output,,N42349,N42349,1,undetected,N42349,N42349,N42349,sa1,1
1194,N42347 /1 undetected,output,,N42347,N42347,1,undetected,N42347,N42347,N42347,sa1,1
1195,N42346 /1 undetected,output,,N42346,N42346,1,undetected,N42346,N42346,N42346,sa1,1
1196,N74853 /1 undetected,output,,N74853,N74853,1,undetected,N74853,N74853,N74853,sa1,1
1197,N42345 /1 undetected,output,,N42345,N42345,1,undetected,N42345,N42345,N42345,sa1,1
1198,N116791 /1 undetected,output,,N116791,N116791,1,undetected,N116791,N116791,N116791,sa1,1
1199,N109113 /1 undetected,output,,N109113,N109113,1,undetected,N109113,N109113,N109113,sa1,1
1200,N42343 /1 undetected,output,,N42343,N42343,1,undetected,N42343,N42343,N42343,sa1,1
1201,N116869 /1 undetected,output,,N116869,N116869,1,undetected,N116869,N116869,N116869,sa1,1
1202,N109047 /1 undetected,output,,N109047,N109047,1,undetected,N109047,N109047,N109047,sa1,1
1203,N42341 /1 undetected,output,,N42341,N42341,1,undetected,N42341,N42341,N42341,sa1,1
1204,N42339 /1 undetected,output,,N42339,N42339,1,undetected,N42339,N42339,N42339,sa1,1
1205,N81804 /1 undetected,output,,N81804,N81804,1,undetected,N81804,N81804,N81804,sa1,1
1206,N42338 /1 undetected,output,,N42338,N42338,1,undetected,N42338,N42338,N42338,sa1,1
1207,N109203 /1 undetected,output,,N109203,N109203,1,undetected,N109203,N109203,N109203,sa1,1
1208,N79363 /1 undetected,output,,N79363,N79363,1,undetected,N79363,N79363,N79363,sa1,1
1209,N42336 /1 undetected,output,,N42336,N42336,1,undetected,N42336,N42336,N42336,sa1,1
1210,N109232 /1 undetected,output,,N109232,N109232,1,undetected,N109232,N109232,N109232,sa1,1
1211,N88297 /1 undetected,output,,N88297,N88297,1,undetected,N88297,N88297,N88297,sa1,1
1212,N80278 /1 undetected,output,,N80278,N80278,1,undetected,N80278,N80278,N80278,sa1,1
1213,N107519 /1 undetected,output,,N107519,N107519,1,undetected,N107519,N107519,N107519,sa1,1
1214,N109381 /1 undetected,output,,N109381,N109381,1,undetected,N109381,N109381,N109381,sa1,1
1215,N89090 /1 undetected,output,,N89090,N89090,1,undetected,N89090,N89090,N89090,sa1,1
1216,N109391 /1 undetected,output,,N109391,N109391,1,undetected,N109391,N109391,N109391,sa1,1
1217,N80666 /1 undetected,output,,N80666,N80666,1,undetected,N80666,N80666,N80666,sa1,1
1218,N80003 /1 undetected,output,,N80003,N80003,1,undetected,N80003,N80003,N80003,sa1,1
1219,N89376 /1 undetected,output,,N89376,N89376,1,undetected,N89376,N89376,N89376,sa1,1
1220,N80981 /1 undetected,output,,N80981,N80981,1,undetected,N80981,N80981,N80981,sa1,1
1221,N111742 /1 undetected,output,,N111742,N111742,1,undetected,N111742,N111742,N111742,sa1,1
1222,N107157 /1 undetected,output,,N107157,N107157,1,undetected,N107157,N107157,N107157,sa1,1
1223,N107118 /1 undetected,output,,N107118,N107118,1,undetected,N107118,N107118,N107118,sa1,1
1224,N79869 /1 undetected,output,,N79869,N79869,1,undetected,N79869,N79869,N79869,sa1,1
1225,N108639 /1 undetected,output,,N108639,N108639,1,undetected,N108639,N108639,N108639,sa1,1
1226,N108479 /1 undetected,output,,N108479,N108479,1,undetected,N108479,N108479,N108479,sa1,1
1227,N79759 /1 undetected,output,,N79759,N79759,1,undetected,N79759,N79759,N79759,sa1,1
1228,N111401 /1 undetected,output,,N111401,N111401,1,undetected,N111401,N111401,N111401,sa1,1
1229,N106410 /1 undetected,output,,N106410,N106410,1,undetected,N106410,N106410,N106410,sa1,1
1230,N89532 /1 undetected,output,,N89532,N89532,1,undetected,N89532,N89532,N89532,sa1,1
1231,N81152 /1 undetected,output,,N81152,N81152,1,undetected,N81152,N81152,N81152,sa1,1
1232,N106372 /1 undetected,output,,N106372,N106372,1,undetected,N106372,N106372,N106372,sa1,1
1233,N81151 /1 undetected,output,,N81151,N81151,1,undetected,N81151,N81151,N81151,sa1,1
1234,N89531 /1 undetected,output,,N89531,N89531,1,undetected,N89531,N89531,N89531,sa1,1
1235,N42249 /1 undetected,output,,N42249,N42249,1,undetected,N42249,N42249,N42249,sa1,1
1236,N116864 /1 undetected,output,,N116864,N116864,1,undetected,N116864,N116864,N116864,sa1,1
1237,N112757 /1 undetected,output,,N112757,N112757,1,undetected,N112757,N112757,N112757,sa1,1
1238,N116829 /1 undetected,output,,N116829,N116829,1,undetected,N116829,N116829,N116829,sa1,1
1239,N112770 /1 undetected,output,,N112770,N112770,1,undetected,N112770,N112770,N112770,sa1,1
1240,N81644 /1 undetected,output,,N81644,N81644,1,undetected,N81644,N81644,N81644,sa1,1
1241,N110712 /1 undetected,output,,N110712,N110712,1,undetected,N110712,N110712,N110712,sa1,1
1242,N89845 /1 undetected,output,,N89845,N89845,1,undetected,N89845,N89845,N89845,sa1,1
1243,N110754 /1 undetected,output,,N110754,N110754,1,undetected,N110754,N110754,N110754,sa1,1
1244,N89891 /1 undetected,output,,N89891,N89891,1,undetected,N89891,N89891,N89891,sa1,1
1245,N110790 /1 undetected,output,,N110790,N110790,1,undetected,N110790,N110790,N110790,sa1,1
1246,N81516 /1 undetected,output,,N81516,N81516,1,undetected,N81516,N81516,N81516,sa1,1
1247,N110678 /1 undetected,output,,N110678,N110678,1,undetected,N110678,N110678,N110678,sa1,1
1248,N81563 /1 undetected,output,,N81563,N81563,1,undetected,N81563,N81563,N81563,sa1,1
1249,N95042 /1 undetected,output,,N95042,N95042,1,undetected,N95042,N95042,N95042,sa1,1
1250,N116698 /1 undetected,output,,N116698,N116698,1,undetected,N116698,N116698,N116698,sa1,1
1251,N81150 /1 undetected,output,,N81150,N81150,1,undetected,N81150,N81150,N81150,sa1,1
1252,N89529 /1 undetected,output,,N89529,N89529,1,undetected,N89529,N89529,N89529,sa1,1
1253,N110039 /1 undetected,output,,N110039,N110039,1,undetected,N110039,N110039,N110039,sa1,1
1254,N95040 /1 undetected,output,,N95040,N95040,1,undetected,N95040,N95040,N95040,sa1,1
1255,N110857 /1 undetected,output,,N110857,N110857,1,undetected,N110857,N110857,N110857,sa1,1
1256,N89843 /1 undetected,output,,N89843,N89843,1,undetected,N89843,N89843,N89843,sa1,1
1257,N110750 /1 undetected,output,,N110750,N110750,1,undetected,N110750,N110750,N110750,sa1,1
1258,N110840 /1 undetected,output,,N110840,N110840,1,undetected,N110840,N110840,N110840,sa1,1
1259,N110674 /1 undetected,output,,N110674,N110674,1,undetected,N110674,N110674,N110674,sa1,1
1260,N81514 /1 undetected,output,,N81514,N81514,1,undetected,N81514,N81514,N81514,sa1,1
1261,N109934 /1 undetected,output,,N109934,N109934,1,undetected,N109934,N109934,N109934,sa1,1
1262,N79661 /1 undetected,output,,N79661,N79661,1,undetected,N79661,N79661,N79661,sa1,1
1263,N113242 /1 undetected,output,,N113242,N113242,1,undetected,N113242,N113242,N113242,sa1,1
1264,N109768 /1 undetected,output,,N109768,N109768,1,undetected,N109768,N109768,N109768,sa1,1
1265,N79755 /1 undetected,output,,N79755,N79755,1,undetected,N79755,N79755,N79755,sa1,1
1266,N111397 /1 undetected,output,,N111397,N111397,1,undetected,N111397,N111397,N111397,sa1,1
1267,N106406 /1 undetected,output,,N106406,N106406,1,undetected,N106406,N106406,N106406,sa1,1
1268,N89524 /1 undetected,output,,N89524,N89524,1,undetected,N89524,N89524,N89524,sa1,1
1269,N81144 /1 undetected,output,,N81144,N81144,1,undetected,N81144,N81144,N81144,sa1,1
1270,N106368 /1 undetected,output,,N106368,N106368,1,undetected,N106368,N106368,N106368,sa1,1
1271,N81143 /1 undetected,output,,N81143,N81143,1,undetected,N81143,N81143,N81143,sa1,1
1272,N89523 /1 undetected,output,,N89523,N89523,1,undetected,N89523,N89523,N89523,sa1,1
1273,N111355 /1 undetected,output,,N111355,N111355,1,undetected,N111355,N111355,N111355,sa1,1
1274,N108816 /1 undetected,output,,N108816,N108816,1,undetected,N108816,N108816,N108816,sa1,1
1275,N79995 /1 undetected,output,,N79995,N79995,1,undetected,N79995,N79995,N79995,sa1,1
1276,N89374 /1 undetected,output,,N89374,N89374,1,undetected,N89374,N89374,N89374,sa1,1
1277,N108226 /1 undetected,output,,N108226,N108226,1,undetected,N108226,N108226,N108226,sa1,1
1278,N80977 /1 undetected,output,,N80977,N80977,1,undetected,N80977,N80977,N80977,sa1,1
1279,N108330 /1 undetected,output,,N108330,N108330,1,undetected,N108330,N108330,N108330,sa1,1
1280,N109598 /1 undetected,output,,N109598,N109598,1,undetected,N109598,N109598,N109598,sa1,1
1281,N109421 /1 undetected,output,,N109421,N109421,1,undetected,N109421,N109421,N109421,sa1,1
1282,N80269 /1 undetected,output,,N80269,N80269,1,undetected,N80269,N80269,N80269,sa1,1
1283,N107517 /1 undetected,output,,N107517,N107517,1,undetected,N107517,N107517,N107517,sa1,1
1284,N107488 /1 undetected,output,,N107488,N107488,1,undetected,N107488,N107488,N107488,sa1,1
1285,N40920 /1 undetected,output,,N40920,N40920,1,undetected,N40920,N40920,N40920,sa1,1
1286,N40916 /1 undetected,output,,N40916,N40916,1,undetected,N40916,N40916,N40916,sa1,1
1287,N90023 /1 undetected,output,,N90023,N90023,1,undetected,N90023,N90023,N90023,sa1,1
1288,N40915 /1 undetected,output,,N40915,N40915,1,undetected,N40915,N40915,N40915,sa1,1
1289,N40913 /1 undetected,output,,N40913,N40913,1,undetected,N40913,N40913,N40913,sa1,1
1290,N94762 /1 undetected,output,,N94762,N94762,1,undetected,N94762,N94762,N94762,sa1,1
1291,N40911 /1 undetected,output,,N40911,N40911,1,undetected,N40911,N40911,N40911,sa1,1
1292,N74697 /1 undetected,output,,N74697,N74697,1,undetected,N74697,N74697,N74697,sa1,1
1293,N40909 /1 undetected,output,,N40909,N40909,1,undetected,N40909,N40909,N40909,sa1,1
1294,N78695 /1 undetected,output,,N78695,N78695,1,undetected,N78695,N78695,N78695,sa1,1
1295,N40907 /1 undetected,output,,N40907,N40907,1,undetected,N40907,N40907,N40907,sa1,1
1296,N116281 /1 undetected,output,,N116281,N116281,1,undetected,N116281,N116281,N116281,sa1,1
1297,N109186 /1 undetected,output,,N109186,N109186,1,undetected,N109186,N109186,N109186,sa1,1
1298,N87564 /1 undetected,output,,N87564,N87564,1,undetected,N87564,N87564,N87564,sa1,1
1299,N40903 /1 undetected,output,,N40903,N40903,1,undetected,N40903,N40903,N40903,sa1,1
1300,N112417 /1 undetected,output,,N112417,N112417,1,undetected,N112417,N112417,N112417,sa1,1
1301,N40901 /1 undetected,output,,N40901,N40901,1,undetected,N40901,N40901,N40901,sa1,1
1302,N109067 /1 undetected,output,,N109067,N109067,1,undetected,N109067,N109067,N109067,sa1,1
1303,N90017 /1 undetected,output,,N90017,N90017,1,undetected,N90017,N90017,N90017,sa1,1
1304,N40899 /1 undetected,output,,N40899,N40899,1,undetected,N40899,N40899,N40899,sa1,1
1305,N84607 /1 undetected,output,,N84607,N84607,1,undetected,N84607,N84607,N84607,sa1,1
1306,N84776 /1 undetected,output,,N84776,N84776,1,undetected,N84776,N84776,N84776,sa1,1
1307,N40894 /1 undetected,output,,N40894,N40894,1,undetected,N40894,N40894,N40894,sa1,1
1308,N40892 /1 undetected,output,,N40892,N40892,1,undetected,N40892,N40892,N40892,sa1,1
1309,N40891 /1 undetected,output,,N40891,N40891,1,undetected,N40891,N40891,N40891,sa1,1
1310,N116459 /1 undetected,output,,N116459,N116459,1,undetected,N116459,N116459,N116459,sa1,1
1311,N109305 /1 undetected,output,,N109305,N109305,1,undetected,N109305,N109305,N109305,sa1,1
1312,N40883 /1 undetected,output,,N40883,N40883,1,undetected,N40883,N40883,N40883,sa1,1
1313,N116392 /1 undetected,output,,N116392,N116392,1,undetected,N116392,N116392,N116392,sa1,1
1314,N109245 /1 undetected,output,,N109245,N109245,1,undetected,N109245,N109245,N109245,sa1,1
1315,N40879 /1 undetected,output,,N40879,N40879,1,undetected,N40879,N40879,N40879,sa1,1
1316,N87563 /1 undetected,output,,N87563,N87563,1,undetected,N87563,N87563,N87563,sa1,1
1317,N40877 /1 undetected,output,,N40877,N40877,1,undetected,N40877,N40877,N40877,sa1,1
1318,N90016 /1 undetected,output,,N90016,N90016,1,undetected,N90016,N90016,N90016,sa1,1
1319,N40876 /1 undetected,output,,N40876,N40876,1,undetected,N40876,N40876,N40876,sa1,1
1320,N109272 /1 undetected,output,,N109272,N109272,1,undetected,N109272,N109272,N109272,sa1,1
1321,N40889 /1 undetected,output,,N40889,N40889,1,undetected,N40889,N40889,N40889,sa1,1
1322,N40887 /1 undetected,output,,N40887,N40887,1,undetected,N40887,N40887,N40887,sa1,1
1323,N40886 /1 undetected,output,,N40886,N40886,1,undetected,N40886,N40886,N40886,sa1,1
1324,N74851 /1 undetected,output,,N74851,N74851,1,undetected,N74851,N74851,N74851,sa1,1
1325,N40874 /1 undetected,output,,N40874,N40874,1,undetected,N40874,N40874,N40874,sa1,1
1326,N116458 /1 undetected,output,,N116458,N116458,1,undetected,N116458,N116458,N116458,sa1,1
1327,N109212 /1 undetected,output,,N109212,N109212,1,undetected,N109212,N109212,N109212,sa1,1
1328,N40885 /1 undetected,output,,N40885,N40885,1,undetected,N40885,N40885,N40885,sa1,1
1329,N116393 /1 undetected,output,,N116393,N116393,1,undetected,N116393,N116393,N116393,sa1,1
1330,N109222 /1 undetected,output,,N109222,N109222,1,undetected,N109222,N109222,N109222,sa1,1
1331,N40871 /1 undetected,output,,N40871,N40871,1,undetected,N40871,N40871,N40871,sa1,1
1332,N40869 /1 undetected,output,,N40869,N40869,1,undetected,N40869,N40869,N40869,sa1,1
1333,N90015 /1 undetected,output,,N90015,N90015,1,undetected,N90015,N90015,N90015,sa1,1
1334,N40868 /1 undetected,output,,N40868,N40868,1,undetected,N40868,N40868,N40868,sa1,1
1335,N109054 /1 undetected,output,,N109054,N109054,1,undetected,N109054,N109054,N109054,sa1,1
1336,N78692 /1 undetected,output,,N78692,N78692,1,undetected,N78692,N78692,N78692,sa1,1
1337,N40866 /1 undetected,output,,N40866,N40866,1,undetected,N40866,N40866,N40866,sa1,1
1338,N109102 /1 undetected,output,,N109102,N109102,1,undetected,N109102,N109102,N109102,sa1,1
1339,N87562 /1 undetected,output,,N87562,N87562,1,undetected,N87562,N87562,N87562,sa1,1
1340,N116431 /1 undetected,output,,N116431,N116431,1,undetected,N116431,N116431,N116431,sa1,1
1341,N116395 /1 undetected,output,,N116395,N116395,1,undetected,N116395,N116395,N116395,sa1,1
1342,N80129 /1 undetected,output,,N80129,N80129,1,undetected,N80129,N80129,N80129,sa1,1
1343,N80763 /1 undetected,output,,N80763,N80763,1,undetected,N80763,N80763,N80763,sa1,1
1344,N89185 /1 undetected,output,,N89185,N89185,1,undetected,N89185,N89185,N89185,sa1,1
1345,N112706 /1 undetected,output,,N112706,N112706,1,undetected,N112706,N112706,N112706,sa1,1
1346,N79861 /1 undetected,output,,N79861,N79861,1,undetected,N79861,N79861,N79861,sa1,1
1347,N108633 /1 undetected,output,,N108633,N108633,1,undetected,N108633,N108633,N108633,sa1,1
1348,N108473 /1 undetected,output,,N108473,N108473,1,undetected,N108473,N108473,N108473,sa1,1
1349,N79541 /1 undetected,output,,N79541,N79541,1,undetected,N79541,N79541,N79541,sa1,1
1350,N110185 /1 undetected,output,,N110185,N110185,1,undetected,N110185,N110185,N110185,sa1,1
1351,N89748 /1 undetected,output,,N89748,N89748,1,undetected,N89748,N89748,N89748,sa1,1
1352,N81376 /1 undetected,output,,N81376,N81376,1,undetected,N81376,N81376,N81376,sa1,1
1353,N110160 /1 undetected,output,,N110160,N110160,1,undetected,N110160,N110160,N110160,sa1,1
1354,N81375 /1 undetected,output,,N81375,N81375,1,undetected,N81375,N81375,N81375,sa1,1
1355,N89747 /1 undetected,output,,N89747,N89747,1,undetected,N89747,N89747,N89747,sa1,1
1356,N110814 /1 undetected,output,,N110814,N110814,1,undetected,N110814,N110814,N110814,sa1,1
1357,N110110 /1 undetected,output,,N110110,N110110,1,undetected,N110110,N110110,N110110,sa1,1
1358,N110036 /1 undetected,output,,N110036,N110036,1,undetected,N110036,N110036,N110036,sa1,1
1359,N40728 /1 undetected,output,,N40728,N40728,1,undetected,N40728,N40728,N40728,sa1,1
1360,N116426 /1 undetected,output,,N116426,N116426,1,undetected,N116426,N116426,N116426,sa1,1
1361,N79468 /1 undetected,output,,N79468,N79468,1,undetected,N79468,N79468,N79468,sa1,1
1362,N116429 /1 undetected,output,,N116429,N116429,1,undetected,N116429,N116429,N116429,sa1,1
1363,N88414 /1 undetected,output,,N88414,N88414,1,undetected,N88414,N88414,N88414,sa1,1
1364,N116299 /1 undetected,output,,N116299,N116299,1,undetected,N116299,N116299,N116299,sa1,1
1365,N81142 /1 undetected,output,,N81142,N81142,1,undetected,N81142,N81142,N81142,sa1,1
1366,N89521 /1 undetected,output,,N89521,N89521,1,undetected,N89521,N89521,N89521,sa1,1
1367,N110214 /1 undetected,output,,N110214,N110214,1,undetected,N110214,N110214,N110214,sa1,1
1368,N95037 /1 undetected,output,,N95037,N95037,1,undetected,N95037,N95037,N95037,sa1,1
1369,N94855 /1 undetected,output,,N94855,N94855,1,undetected,N94855,N94855,N94855,sa1,1
1370,N109928 /1 undetected,output,,N109928,N109928,1,undetected,N109928,N109928,N109928,sa1,1
1371,N113239 /1 undetected,output,,N113239,N113239,1,undetected,N113239,N113239,N113239,sa1,1
1372,N79652 /1 undetected,output,,N79652,N79652,1,undetected,N79652,N79652,N79652,sa1,1
1373,N109762 /1 undetected,output,,N109762,N109762,1,undetected,N109762,N109762,N109762,sa1,1
1374,N111349 /1 undetected,output,,N111349,N111349,1,undetected,N111349,N111349,N111349,sa1,1
1375,N79849 /1 undetected,output,,N79849,N79849,1,undetected,N79849,N79849,N79849,sa1,1
1376,N108624 /1 undetected,output,,N108624,N108624,1,undetected,N108624,N108624,N108624,sa1,1
1377,N108464 /1 undetected,output,,N108464,N108464,1,undetected,N108464,N108464,N108464,sa1,1
1378,N108810 /1 undetected,output,,N108810,N108810,1,undetected,N108810,N108810,N108810,sa1,1
1379,N79983 /1 undetected,output,,N79983,N79983,1,undetected,N79983,N79983,N79983,sa1,1
1380,N80971 /1 undetected,output,,N80971,N80971,1,undetected,N80971,N80971,N80971,sa1,1
1381,N89371 /1 undetected,output,,N89371,N89371,1,undetected,N89371,N89371,N89371,sa1,1
1382,N111740 /1 undetected,output,,N111740,N111740,1,undetected,N111740,N111740,N111740,sa1,1
1383,N107152 /1 undetected,output,,N107152,N107152,1,undetected,N107152,N107152,N107152,sa1,1
1384,N107113 /1 undetected,output,,N107113,N107113,1,undetected,N107113,N107113,N107113,sa1,1
1385,N109379 /1 undetected,output,,N109379,N109379,1,undetected,N109379,N109379,N109379,sa1,1
1386,N89078 /1 undetected,output,,N89078,N89078,1,undetected,N89078,N89078,N89078,sa1,1
1387,N107485 /1 undetected,output,,N107485,N107485,1,undetected,N107485,N107485,N107485,sa1,1
1388,N115808 /1 undetected,output,,N115808,N115808,1,undetected,N115808,N115808,N115808,sa1,1
1389,N115773 /1 undetected,output,,N115773,N115773,1,undetected,N115773,N115773,N115773,sa1,1
1390,N90143 /1 undetected,output,,N90143,N90143,1,undetected,N90143,N90143,N90143,sa1,1
1391,N38793 /1 undetected,output,,N38793,N38793,1,undetected,N38793,N38793,N38793,sa1,1
1392,N38791 /1 undetected,output,,N38791,N38791,1,undetected,N38791,N38791,N38791,sa1,1
1393,N38790 /1 undetected,output,,N38790,N38790,1,undetected,N38790,N38790,N38790,sa1,1
1394,N74694 /1 undetected,output,,N74694,N74694,1,undetected,N74694,N74694,N74694,sa1,1
1395,N38789 /1 undetected,output,,N38789,N38789,1,undetected,N38789,N38789,N38789,sa1,1
1396,N115766 /1 undetected,output,,N115766,N115766,1,undetected,N115766,N115766,N115766,sa1,1
1397,N109064 /1 undetected,output,,N109064,N109064,1,undetected,N109064,N109064,N109064,sa1,1
1398,N38787 /1 undetected,output,,N38787,N38787,1,undetected,N38787,N38787,N38787,sa1,1
1399,N92319 /1 undetected,output,,N92319,N92319,1,undetected,N92319,N92319,N92319,sa1,1
1400,N38785 /1 undetected,output,,N38785,N38785,1,undetected,N38785,N38785,N38785,sa1,1
1401,N76339 /1 undetected,output,,N76339,N76339,1,undetected,N76339,N76339,N76339,sa1,1
1402,N38784 /1 undetected,output,,N38784,N38784,1,undetected,N38784,N38784,N38784,sa1,1
1403,N115657 /1 undetected,output,,N115657,N115657,1,undetected,N115657,N115657,N115657,sa1,1
1404,N109183 /1 undetected,output,,N109183,N109183,1,undetected,N109183,N109183,N109183,sa1,1
1405,N38782 /1 undetected,output,,N38782,N38782,1,undetected,N38782,N38782,N38782,sa1,1
1406,N112411 /1 undetected,output,,N112411,N112411,1,undetected,N112411,N112411,N112411,sa1,1
1407,N86114 /1 undetected,output,,N86114,N86114,1,undetected,N86114,N86114,N86114,sa1,1
1408,N38780 /1 undetected,output,,N38780,N38780,1,undetected,N38780,N38780,N38780,sa1,1
1409,N97795 /1 undetected,output,,N97795,N97795,1,undetected,N97795,N97795,N97795,sa1,1
1410,N38776 /1 undetected,output,,N38776,N38776,1,undetected,N38776,N38776,N38776,sa1,1
1411,N38773 /1 undetected,output,,N38773,N38773,1,undetected,N38773,N38773,N38773,sa1,1
1412,N84601 /1 undetected,output,,N84601,N84601,1,undetected,N84601,N84601,N84601,sa1,1
1413,N38772 /1 undetected,output,,N38772,N38772,1,undetected,N38772,N38772,N38772,sa1,1
1414,N115846 /1 undetected,output,,N115846,N115846,1,undetected,N115846,N115846,N115846,sa1,1
1415,N109281 /1 undetected,output,,N109281,N109281,1,undetected,N109281,N109281,N109281,sa1,1
1416,N38754 /1 undetected,output,,N38754,N38754,1,undetected,N38754,N38754,N38754,sa1,1
1417,N115847 /1 undetected,output,,N115847,N115847,1,undetected,N115847,N115847,N115847,sa1,1
1418,N109243 /1 undetected,output,,N109243,N109243,1,undetected,N109243,N109243,N109243,sa1,1
1419,N115764 /1 undetected,output,,N115764,N115764,1,undetected,N115764,N115764,N115764,sa1,1
1420,N109333 /1 undetected,output,,N109333,N109333,1,undetected,N109333,N109333,N109333,sa1,1
1421,N38769 /1 undetected,output,,N38769,N38769,1,undetected,N38769,N38769,N38769,sa1,1
1422,N115769 /1 undetected,output,,N115769,N115769,1,undetected,N115769,N115769,N115769,sa1,1
1423,N109303 /1 undetected,output,,N109303,N109303,1,undetected,N109303,N109303,N109303,sa1,1
1424,N38767 /1 undetected,output,,N38767,N38767,1,undetected,N38767,N38767,N38767,sa1,1
1425,N38765 /1 undetected,output,,N38765,N38765,1,undetected,N38765,N38765,N38765,sa1,1
1426,N115848 /1 undetected,output,,N115848,N115848,1,undetected,N115848,N115848,N115848,sa1,1
1427,N109219 /1 undetected,output,,N109219,N109219,1,undetected,N109219,N109219,N109219,sa1,1
1428,N38763 /1 undetected,output,,N38763,N38763,1,undetected,N38763,N38763,N38763,sa1,1
1429,N74848 /1 undetected,output,,N74848,N74848,1,undetected,N74848,N74848,N74848,sa1,1
1430,N38762 /1 undetected,output,,N38762,N38762,1,undetected,N38762,N38762,N38762,sa1,1
1431,N38761 /1 undetected,output,,N38761,N38761,1,undetected,N38761,N38761,N38761,sa1,1
1432,N38760 /1 undetected,output,,N38760,N38760,1,undetected,N38760,N38760,N38760,sa1,1
1433,N115765 /1 undetected,output,,N115765,N115765,1,undetected,N115765,N115765,N115765,sa1,1
1434,N109111 /1 undetected,output,,N109111,N109111,1,undetected,N109111,N109111,N109111,sa1,1
1435,N38758 /1 undetected,output,,N38758,N38758,1,undetected,N38758,N38758,N38758,sa1,1
1436,N115768 /1 undetected,output,,N115768,N115768,1,undetected,N115768,N115768,N115768,sa1,1
1437,N109209 /1 undetected,output,,N109209,N109209,1,undetected,N109209,N109209,N109209,sa1,1
1438,N38756 /1 undetected,output,,N38756,N38756,1,undetected,N38756,N38756,N38756,sa1,1
1439,N115845 /1 undetected,output,,N115845,N115845,1,undetected,N115845,N115845,N115845,sa1,1
1440,N109045 /1 undetected,output,,N109045,N109045,1,undetected,N109045,N109045,N109045,sa1,1
1441,N38746 /1 undetected,output,,N38746,N38746,1,undetected,N38746,N38746,N38746,sa1,1
1442,N115842 /1 undetected,output,,N115842,N115842,1,undetected,N115842,N115842,N115842,sa1,1
1443,N80610 /1 undetected,output,,N80610,N80610,1,undetected,N80610,N80610,N80610,sa1,1
1444,N115843 /1 undetected,output,,N115843,N115843,1,undetected,N115843,N115843,N115843,sa1,1
1445,N89033 /1 undetected,output,,N89033,N89033,1,undetected,N89033,N89033,N89033,sa1,1
1446,N80256 /1 undetected,output,,N80256,N80256,1,undetected,N80256,N80256,N80256,sa1,1
1447,N107514 /1 undetected,output,,N107514,N107514,1,undetected,N107514,N107514,N107514,sa1,1
1448,N80562 /1 undetected,output,,N80562,N80562,1,undetected,N80562,N80562,N80562,sa1,1
1449,N88988 /1 undetected,output,,N88988,N88988,1,undetected,N88988,N88988,N88988,sa1,1
1450,N109595 /1 undetected,output,,N109595,N109595,1,undetected,N109595,N109595,N109595,sa1,1
1451,N109389 /1 undetected,output,,N109389,N109389,1,undetected,N109389,N109389,N109389,sa1,1
1452,N80654 /1 undetected,output,,N80654,N80654,1,undetected,N80654,N80654,N80654,sa1,1
1453,N79749 /1 undetected,output,,N79749,N79749,1,undetected,N79749,N79749,N79749,sa1,1
1454,N111391 /1 undetected,output,,N111391,N111391,1,undetected,N111391,N111391,N111391,sa1,1
1455,N107041 /1 undetected,output,,N107041,N107041,1,undetected,N107041,N107041,N107041,sa1,1
1456,N107068 /1 undetected,output,,N107068,N107068,1,undetected,N107068,N107068,N107068,sa1,1
1457,N106362 /1 undetected,output,,N106362,N106362,1,undetected,N106362,N106362,N106362,sa1,1
1458,N81132 /1 undetected,output,,N81132,N81132,1,undetected,N81132,N81132,N81132,sa1,1
1459,N89512 /1 undetected,output,,N89512,N89512,1,undetected,N89512,N89512,N89512,sa1,1
1460,N106400 /1 undetected,output,,N106400,N106400,1,undetected,N106400,N106400,N106400,sa1,1
1461,N89511 /1 undetected,output,,N89511,N89511,1,undetected,N89511,N89511,N89511,sa1,1
1462,N81131 /1 undetected,output,,N81131,N81131,1,undetected,N81131,N81131,N81131,sa1,1
1463,N114780 /1 undetected,output,,N114780,N114780,1,undetected,N114780,N114780,N114780,sa1,1
1464,N110101 /1 undetected,output,,N110101,N110101,1,undetected,N110101,N110101,N110101,sa1,1
1465,N110027 /1 undetected,output,,N110027,N110027,1,undetected,N110027,N110027,N110027,sa1,1
1466,N79532 /1 undetected,output,,N79532,N79532,1,undetected,N79532,N79532,N79532,sa1,1
1467,N110157 /1 undetected,output,,N110157,N110157,1,undetected,N110157,N110157,N110157,sa1,1
1468,N81367 /1 undetected,output,,N81367,N81367,1,undetected,N81367,N81367,N81367,sa1,1
1469,N89739 /1 undetected,output,,N89739,N89739,1,undetected,N89739,N89739,N89739,sa1,1
1470,N110179 /1 undetected,output,,N110179,N110179,1,undetected,N110179,N110179,N110179,sa1,1
1471,N89738 /1 undetected,output,,N89738,N89738,1,undetected,N89738,N89738,N89738,sa1,1
1472,N81366 /1 undetected,output,,N81366,N81366,1,undetected,N81366,N81366,N81366,sa1,1
1473,N38660 /1 undetected,output,,N38660,N38660,1,undetected,N38660,N38660,N38660,sa1,1
1474,N115806 /1 undetected,output,,N115806,N115806,1,undetected,N115806,N115806,N115806,sa1,1
1475,N88412 /1 undetected,output,,N88412,N88412,1,undetected,N88412,N88412,N88412,sa1,1
1476,N115840 /1 undetected,output,,N115840,N115840,1,undetected,N115840,N115840,N115840,sa1,1
1477,N79467 /1 undetected,output,,N79467,N79467,1,undetected,N79467,N79467,N79467,sa1,1
1478,N81630 /1 undetected,output,,N81630,N81630,1,undetected,N81630,N81630,N81630,sa1,1
1479,N110668 /1 undetected,output,,N110668,N110668,1,undetected,N110668,N110668,N110668,sa1,1
1480,N110787 /1 undetected,output,,N110787,N110787,1,undetected,N110787,N110787,N110787,sa1,1
1481,N81511 /1 undetected,output,,N81511,N81511,1,undetected,N81511,N81511,N81511,sa1,1
1482,N110710 /1 undetected,output,,N110710,N110710,1,undetected,N110710,N110710,N110710,sa1,1
1483,N110744 /1 undetected,output,,N110744,N110744,1,undetected,N110744,N110744,N110744,sa1,1
1484,N89840 /1 undetected,output,,N89840,N89840,1,undetected,N89840,N89840,N89840,sa1,1
1485,N115675 /1 undetected,output,,N115675,N115675,1,undetected,N115675,N115675,N115675,sa1,1
1486,N81130 /1 undetected,output,,N81130,N81130,1,undetected,N81130,N81130,N81130,sa1,1
1487,N89509 /1 undetected,output,,N89509,N89509,1,undetected,N89509,N89509,N89509,sa1,1
1488,N110209 /1 undetected,output,,N110209,N110209,1,undetected,N110209,N110209,N110209,sa1,1
1489,N95035 /1 undetected,output,,N95035,N95035,1,undetected,N95035,N95035,N95035,sa1,1
1490,N94853 /1 undetected,output,,N94853,N94853,1,undetected,N94853,N94853,N94853,sa1,1
1491,N114779 /1 undetected,output,,N114779,N114779,1,undetected,N114779,N114779,N114779,sa1,1
1492,N110096 /1 undetected,output,,N110096,N110096,1,undetected,N110096,N110096,N110096,sa1,1
1493,N110022 /1 undetected,output,,N110022,N110022,1,undetected,N110022,N110022,N110022,sa1,1
1494,N79524 /1 undetected,output,,N79524,N79524,1,undetected,N79524,N79524,N79524,sa1,1
1495,N110176 /1 undetected,output,,N110176,N110176,1,undetected,N110176,N110176,N110176,sa1,1
1496,N89735 /1 undetected,output,,N89735,N89735,1,undetected,N89735,N89735,N89735,sa1,1
1497,N81363 /1 undetected,output,,N81363,N81363,1,undetected,N81363,N81363,N81363,sa1,1
1498,N110156 /1 undetected,output,,N110156,N110156,1,undetected,N110156,N110156,N110156,sa1,1
1499,N81362 /1 undetected,output,,N81362,N81362,1,undetected,N81362,N81362,N81362,sa1,1
1500,N89734 /1 undetected,output,,N89734,N89734,1,undetected,N89734,N89734,N89734,sa1,1
1501,N109925 /1 undetected,output,,N109925,N109925,1,undetected,N109925,N109925,N109925,sa1,1
1502,N79645 /1 undetected,output,,N79645,N79645,1,undetected,N79645,N79645,N79645,sa1,1
1503,N113238 /1 undetected,output,,N113238,N113238,1,undetected,N113238,N113238,N113238,sa1,1
1504,N109759 /1 undetected,output,,N109759,N109759,1,undetected,N109759,N109759,N109759,sa1,1
1505,N111346 /1 undetected,output,,N111346,N111346,1,undetected,N111346,N111346,N111346,sa1,1
1506,N79841 /1 undetected,output,,N79841,N79841,1,undetected,N79841,N79841,N79841,sa1,1
1507,N108617 /1 undetected,output,,N108617,N108617,1,undetected,N108617,N108617,N108617,sa1,1
1508,N108457 /1 undetected,output,,N108457,N108457,1,undetected,N108457,N108457,N108457,sa1,1
1509,N108806 /1 undetected,output,,N108806,N108806,1,undetected,N108806,N108806,N108806,sa1,1
1510,N79975 /1 undetected,output,,N79975,N79975,1,undetected,N79975,N79975,N79975,sa1,1
1511,N89369 /1 undetected,output,,N89369,N89369,1,undetected,N89369,N89369,N89369,sa1,1
1512,N108218 /1 undetected,output,,N108218,N108218,1,undetected,N108218,N108218,N108218,sa1,1
1513,N80967 /1 undetected,output,,N80967,N80967,1,undetected,N80967,N80967,N80967,sa1,1
1514,N108322 /1 undetected,output,,N108322,N108322,1,undetected,N108322,N108322,N108322,sa1,1
1515,N109593 /1 undetected,output,,N109593,N109593,1,undetected,N109593,N109593,N109593,sa1,1
1516,N109413 /1 undetected,output,,N109413,N109413,1,undetected,N109413,N109413,N109413,sa1,1
1517,N80247 /1 undetected,output,,N80247,N80247,1,undetected,N80247,N80247,N80247,sa1,1
1518,N107513 /1 undetected,output,,N107513,N107513,1,undetected,N107513,N107513,N107513,sa1,1
1519,N107484 /1 undetected,output,,N107484,N107484,1,undetected,N107484,N107484,N107484,sa1,1
1520,N90130 /1 undetected,output,,N90130,N90130,1,undetected,N90130,N90130,N90130,sa1,1
1521,N37316 /1 undetected,output,,N37316,N37316,1,undetected,N37316,N37316,N37316,sa1,1
1522,N37314 /1 undetected,output,,N37314,N37314,1,undetected,N37314,N37314,N37314,sa1,1
1523,N74693 /1 undetected,output,,N74693,N74693,1,undetected,N74693,N74693,N74693,sa1,1
1524,N37312 /1 undetected,output,,N37312,N37312,1,undetected,N37312,N37312,N37312,sa1,1
1525,N78712 /1 undetected,output,,N78712,N78712,1,undetected,N78712,N78712,N78712,sa1,1
1526,N37310 /1 undetected,output,,N37310,N37310,1,undetected,N37310,N37310,N37310,sa1,1
1527,N115238 /1 undetected,output,,N115238,N115238,1,undetected,N115238,N115238,N115238,sa1,1
1528,N109182 /1 undetected,output,,N109182,N109182,1,undetected,N109182,N109182,N109182,sa1,1
1529,N37308 /1 undetected,output,,N37308,N37308,1,undetected,N37308,N37308,N37308,sa1,1
1530,N37306 /1 undetected,output,,N37306,N37306,1,undetected,N37306,N37306,N37306,sa1,1
1531,N112415 /1 undetected,output,,N112415,N112415,1,undetected,N112415,N112415,N112415,sa1,1
1532,N37304 /1 undetected,output,,N37304,N37304,1,undetected,N37304,N37304,N37304,sa1,1
1533,N109063 /1 undetected,output,,N109063,N109063,1,undetected,N109063,N109063,N109063,sa1,1
1534,N90123 /1 undetected,output,,N90123,N90123,1,undetected,N90123,N90123,N90123,sa1,1
1535,N37302 /1 undetected,output,,N37302,N37302,1,undetected,N37302,N37302,N37302,sa1,1
1536,N84599 /1 undetected,output,,N84599,N84599,1,undetected,N84599,N84599,N84599,sa1,1
1537,N84774 /1 undetected,output,,N84774,N84774,1,undetected,N84774,N84774,N84774,sa1,1
1538,N37297 /1 undetected,output,,N37297,N37297,1,undetected,N37297,N37297,N37297,sa1,1
1539,N37295 /1 undetected,output,,N37295,N37295,1,undetected,N37295,N37295,N37295,sa1,1
1540,N37294 /1 undetected,output,,N37294,N37294,1,undetected,N37294,N37294,N37294,sa1,1
1541,N115417 /1 undetected,output,,N115417,N115417,1,undetected,N115417,N115417,N115417,sa1,1
1542,N109301 /1 undetected,output,,N109301,N109301,1,undetected,N109301,N109301,N109301,sa1,1
1543,N37286 /1 undetected,output,,N37286,N37286,1,undetected,N37286,N37286,N37286,sa1,1
1544,N115350 /1 undetected,output,,N115350,N115350,1,undetected,N115350,N115350,N115350,sa1,1
1545,N109241 /1 undetected,output,,N109241,N109241,1,undetected,N109241,N109241,N109241,sa1,1
1546,N37282 /1 undetected,output,,N37282,N37282,1,undetected,N37282,N37282,N37282,sa1,1
1547,N87585 /1 undetected,output,,N87585,N87585,1,undetected,N87585,N87585,N87585,sa1,1
1548,N37280 /1 undetected,output,,N37280,N37280,1,undetected,N37280,N37280,N37280,sa1,1
1549,N90122 /1 undetected,output,,N90122,N90122,1,undetected,N90122,N90122,N90122,sa1,1
1550,N37279 /1 undetected,output,,N37279,N37279,1,undetected,N37279,N37279,N37279,sa1,1
1551,N109270 /1 undetected,output,,N109270,N109270,1,undetected,N109270,N109270,N109270,sa1,1
1552,N37292 /1 undetected,output,,N37292,N37292,1,undetected,N37292,N37292,N37292,sa1,1
1553,N37290 /1 undetected,output,,N37290,N37290,1,undetected,N37290,N37290,N37290,sa1,1
1554,N37289 /1 undetected,output,,N37289,N37289,1,undetected,N37289,N37289,N37289,sa1,1
1555,N74847 /1 undetected,output,,N74847,N74847,1,undetected,N74847,N74847,N74847,sa1,1
1556,N37277 /1 undetected,output,,N37277,N37277,1,undetected,N37277,N37277,N37277,sa1,1
1557,N115416 /1 undetected,output,,N115416,N115416,1,undetected,N115416,N115416,N115416,sa1,1
1558,N109208 /1 undetected,output,,N109208,N109208,1,undetected,N109208,N109208,N109208,sa1,1
1559,N37288 /1 undetected,output,,N37288,N37288,1,undetected,N37288,N37288,N37288,sa1,1
1560,N115351 /1 undetected,output,,N115351,N115351,1,undetected,N115351,N115351,N115351,sa1,1
1561,N109218 /1 undetected,output,,N109218,N109218,1,undetected,N109218,N109218,N109218,sa1,1
1562,N37274 /1 undetected,output,,N37274,N37274,1,undetected,N37274,N37274,N37274,sa1,1
1563,N37272 /1 undetected,output,,N37272,N37272,1,undetected,N37272,N37272,N37272,sa1,1
1564,N90121 /1 undetected,output,,N90121,N90121,1,undetected,N90121,N90121,N90121,sa1,1
1565,N37271 /1 undetected,output,,N37271,N37271,1,undetected,N37271,N37271,N37271,sa1,1
1566,N109052 /1 undetected,output,,N109052,N109052,1,undetected,N109052,N109052,N109052,sa1,1
1567,N78709 /1 undetected,output,,N78709,N78709,1,undetected,N78709,N78709,N78709,sa1,1
1568,N37269 /1 undetected,output,,N37269,N37269,1,undetected,N37269,N37269,N37269,sa1,1
1569,N109100 /1 undetected,output,,N109100,N109100,1,undetected,N109100,N109100,N109100,sa1,1
1570,N87584 /1 undetected,output,,N87584,N87584,1,undetected,N87584,N87584,N87584,sa1,1
1571,N115387 /1 undetected,output,,N115387,N115387,1,undetected,N115387,N115387,N115387,sa1,1
1572,N115353 /1 undetected,output,,N115353,N115353,1,undetected,N115353,N115353,N115353,sa1,1
1573,N80109 /1 undetected,output,,N80109,N80109,1,undetected,N80109,N80109,N80109,sa1,1
1574,N80753 /1 undetected,output,,N80753,N80753,1,undetected,N80753,N80753,N80753,sa1,1
1575,N89175 /1 undetected,output,,N89175,N89175,1,undetected,N89175,N89175,N89175,sa1,1
1576,N112704 /1 undetected,output,,N112704,N112704,1,undetected,N112704,N112704,N112704,sa1,1
1577,N79745 /1 undetected,output,,N79745,N79745,1,undetected,N79745,N79745,N79745,sa1,1
1578,N111388 /1 undetected,output,,N111388,N111388,1,undetected,N111388,N111388,N111388,sa1,1
1579,N107040 /1 undetected,output,,N107040,N107040,1,undetected,N107040,N107040,N107040,sa1,1
1580,N107067 /1 undetected,output,,N107067,N107067,1,undetected,N107067,N107067,N107067,sa1,1
1581,N106397 /1 undetected,output,,N106397,N106397,1,undetected,N106397,N106397,N106397,sa1,1
1582,N89506 /1 undetected,output,,N89506,N89506,1,undetected,N89506,N89506,N89506,sa1,1
1583,N81126 /1 undetected,output,,N81126,N81126,1,undetected,N81126,N81126,N81126,sa1,1
1584,N106359 /1 undetected,output,,N106359,N106359,1,undetected,N106359,N106359,N106359,sa1,1
1585,N81125 /1 undetected,output,,N81125,N81125,1,undetected,N81125,N81125,N81125,sa1,1
1586,N89505 /1 undetected,output,,N89505,N89505,1,undetected,N89505,N89505,N89505,sa1,1
1587,N37215 /1 undetected,output,,N37215,N37215,1,undetected,N37215,N37215,N37215,sa1,1
1588,N115385 /1 undetected,output,,N115385,N115385,1,undetected,N115385,N115385,N115385,sa1,1
1589,N112754 /1 undetected,output,,N112754,N112754,1,undetected,N112754,N112754,N112754,sa1,1
1590,N115415 /1 undetected,output,,N115415,N115415,1,undetected,N115415,N115415,N115415,sa1,1
1591,N112766 /1 undetected,output,,N112766,N112766,1,undetected,N112766,N112766,N112766,sa1,1
1592,N81625 /1 undetected,output,,N81625,N81625,1,undetected,N81625,N81625,N81625,sa1,1
1593,N110786 /1 undetected,output,,N110786,N110786,1,undetected,N110786,N110786,N110786,sa1,1
1594,N81510 /1 undetected,output,,N81510,N81510,1,undetected,N81510,N81510,N81510,sa1,1
1595,N110664 /1 undetected,output,,N110664,N110664,1,undetected,N110664,N110664,N110664,sa1,1
1596,N81550 /1 undetected,output,,N81550,N81550,1,undetected,N81550,N81550,N81550,sa1,1
1597,N89839 /1 undetected,output,,N89839,N89839,1,undetected,N89839,N89839,N89839,sa1,1
1598,N79466 /1 undetected,output,,N79466,N79466,1,undetected,N79466,N79466,N79466,sa1,1
1599,N110740 /1 undetected,output,,N110740,N110740,1,undetected,N110740,N110740,N110740,sa1,1
1600,N89878 /1 undetected,output,,N89878,N89878,1,undetected,N89878,N89878,N89878,sa1,1
1601,N115256 /1 undetected,output,,N115256,N115256,1,undetected,N115256,N115256,N115256,sa1,1
1602,N81124 /1 undetected,output,,N81124,N81124,1,undetected,N81124,N81124,N81124,sa1,1
1603,N89503 /1 undetected,output,,N89503,N89503,1,undetected,N89503,N89503,N89503,sa1,1
1604,N110020 /1 undetected,output,,N110020,N110020,1,undetected,N110020,N110020,N110020,sa1,1
1605,N95032 /1 undetected,output,,N95032,N95032,1,undetected,N95032,N95032,N95032,sa1,1
1606,N94850 /1 undetected,output,,N94850,N94850,1,undetected,N94850,N94850,N94850,sa1,1
1607,N109920 /1 undetected,output,,N109920,N109920,1,undetected,N109920,N109920,N109920,sa1,1
1608,N109754 /1 undetected,output,,N109754,N109754,1,undetected,N109754,N109754,N109754,sa1,1
1609,N111341 /1 undetected,output,,N111341,N111341,1,undetected,N111341,N111341,N111341,sa1,1
1610,N79829 /1 undetected,output,,N79829,N79829,1,undetected,N79829,N79829,N79829,sa1,1
1611,N108606 /1 undetected,output,,N108606,N108606,1,undetected,N108606,N108606,N108606,sa1,1
1612,N108446 /1 undetected,output,,N108446,N108446,1,undetected,N108446,N108446,N108446,sa1,1
1613,N108800 /1 undetected,output,,N108800,N108800,1,undetected,N108800,N108800,N108800,sa1,1
1614,N79963 /1 undetected,output,,N79963,N79963,1,undetected,N79963,N79963,N79963,sa1,1
1615,N89366 /1 undetected,output,,N89366,N89366,1,undetected,N89366,N89366,N89366,sa1,1
1616,N108213 /1 undetected,output,,N108213,N108213,1,undetected,N108213,N108213,N108213,sa1,1
1617,N80961 /1 undetected,output,,N80961,N80961,1,undetected,N80961,N80961,N80961,sa1,1
1618,N108317 /1 undetected,output,,N108317,N108317,1,undetected,N108317,N108317,N108317,sa1,1
1619,N109590 /1 undetected,output,,N109590,N109590,1,undetected,N109590,N109590,N109590,sa1,1
1620,N35263 /1 undetected,output,,N35263,N35263,1,undetected,N35263,N35263,N35263,sa1,1
1621,N114795 /1 undetected,output,,N114795,N114795,1,undetected,N114795,N114795,N114795,sa1,1
1622,N89031 /1 undetected,output,,N89031,N89031,1,undetected,N89031,N89031,N89031,sa1,1
1623,N114793 /1 undetected,output,,N114793,N114793,1,undetected,N114793,N114793,N114793,sa1,1
1624,N80608 /1 undetected,output,,N80608,N80608,1,undetected,N80608,N80608,N80608,sa1,1
1625,N107481 /1 undetected,output,,N107481,N107481,1,undetected,N107481,N107481,N107481,sa1,1
1626,N35252 /1 undetected,output,,N35252,N35252,1,undetected,N35252,N35252,N35252,sa1,1
1627,N91814 /1 undetected,output,,N91814,N91814,1,undetected,N91814,N91814,N91814,sa1,1
1628,N35247 /1 undetected,output,,N35247,N35247,1,undetected,N35247,N35247,N35247,sa1,1
1629,N35245 /1 undetected,output,,N35245,N35245,1,undetected,N35245,N35245,N35245,sa1,1
1630,N35244 /1 undetected,output,,N35244,N35244,1,undetected,N35244,N35244,N35244,sa1,1
1631,N35243 /1 undetected,output,,N35243,N35243,1,undetected,N35243,N35243,N35243,sa1,1
1632,N81852 /1 undetected,output,,N81852,N81852,1,undetected,N81852,N81852,N81852,sa1,1
1633,N35221 /1 undetected,output,,N35221,N35221,1,undetected,N35221,N35221,N35221,sa1,1
1634,N92395 /1 undetected,output,,N92395,N92395,1,undetected,N92395,N92395,N92395,sa1,1
1635,N35219 /1 undetected,output,,N35219,N35219,1,undetected,N35219,N35219,N35219,sa1,1
1636,N35217 /1 undetected,output,,N35217,N35217,1,undetected,N35217,N35217,N35217,sa1,1
1637,N114714 /1 undetected,output,,N114714,N114714,1,undetected,N114714,N114714,N114714,sa1,1
1638,N109318 /1 undetected,output,,N109318,N109318,1,undetected,N109318,N109318,N109318,sa1,1
1639,N35215 /1 undetected,output,,N35215,N35215,1,undetected,N35215,N35215,N35215,sa1,1
1640,N114797 /1 undetected,output,,N114797,N114797,1,undetected,N114797,N114797,N114797,sa1,1
1641,N109269 /1 undetected,output,,N109269,N109269,1,undetected,N109269,N109269,N109269,sa1,1
1642,N35242 /1 undetected,output,,N35242,N35242,1,undetected,N35242,N35242,N35242,sa1,1
1643,N35240 /1 undetected,output,,N35240,N35240,1,undetected,N35240,N35240,N35240,sa1,1
1644,N74691 /1 undetected,output,,N74691,N74691,1,undetected,N74691,N74691,N74691,sa1,1
1645,N35239 /1 undetected,output,,N35239,N35239,1,undetected,N35239,N35239,N35239,sa1,1
1646,N92316 /1 undetected,output,,N92316,N92316,1,undetected,N92316,N92316,N92316,sa1,1
1647,N35237 /1 undetected,output,,N35237,N35237,1,undetected,N35237,N35237,N35237,sa1,1
1648,N79318 /1 undetected,output,,N79318,N79318,1,undetected,N79318,N79318,N79318,sa1,1
1649,N35236 /1 undetected,output,,N35236,N35236,1,undetected,N35236,N35236,N35236,sa1,1
1650,N114602 /1 undetected,output,,N114602,N114602,1,undetected,N114602,N114602,N114602,sa1,1
1651,N109181 /1 undetected,output,,N109181,N109181,1,undetected,N109181,N109181,N109181,sa1,1
1652,N35234 /1 undetected,output,,N35234,N35234,1,undetected,N35234,N35234,N35234,sa1,1
1653,N35232 /1 undetected,output,,N35232,N35232,1,undetected,N35232,N35232,N35232,sa1,1
1654,N109348 /1 undetected,output,,N109348,N109348,1,undetected,N109348,N109348,N109348,sa1,1
1655,N88243 /1 undetected,output,,N88243,N88243,1,undetected,N88243,N88243,N88243,sa1,1
1656,N35231 /1 undetected,output,,N35231,N35231,1,undetected,N35231,N35231,N35231,sa1,1
1657,N113853 /1 undetected,output,,N113853,N113853,1,undetected,N113853,N113853,N113853,sa1,1
1658,N108856 /1 undetected,output,,N108856,N108856,1,undetected,N108856,N108856,N108856,sa1,1
1659,N35229 /1 undetected,output,,N35229,N35229,1,undetected,N35229,N35229,N35229,sa1,1
1660,N84594 /1 undetected,output,,N84594,N84594,1,undetected,N84594,N84594,N84594,sa1,1
1661,N35227 /1 undetected,output,,N35227,N35227,1,undetected,N35227,N35227,N35227,sa1,1
1662,N35226 /1 undetected,output,,N35226,N35226,1,undetected,N35226,N35226,N35226,sa1,1
1663,N113852 /1 undetected,output,,N113852,N113852,1,undetected,N113852,N113852,N113852,sa1,1
1664,N35225 /1 undetected,output,,N35225,N35225,1,undetected,N35225,N35225,N35225,sa1,1
1665,N109300 /1 undetected,output,,N109300,N109300,1,undetected,N109300,N109300,N109300,sa1,1
1666,N79317 /1 undetected,output,,N79317,N79317,1,undetected,N79317,N79317,N79317,sa1,1
1667,N35223 /1 undetected,output,,N35223,N35223,1,undetected,N35223,N35223,N35223,sa1,1
1668,N109240 /1 undetected,output,,N109240,N109240,1,undetected,N109240,N109240,N109240,sa1,1
1669,N88242 /1 undetected,output,,N88242,N88242,1,undetected,N88242,N88242,N88242,sa1,1
1670,N35213 /1 undetected,output,,N35213,N35213,1,undetected,N35213,N35213,N35213,sa1,1
1671,N97772 /1 undetected,output,,N97772,N97772,1,undetected,N97772,N97772,N97772,sa1,1
1672,N35211 /1 undetected,output,,N35211,N35211,1,undetected,N35211,N35211,N35211,sa1,1
1673,N35209 /1 undetected,output,,N35209,N35209,1,undetected,N35209,N35209,N35209,sa1,1
1674,N35208 /1 undetected,output,,N35208,N35208,1,undetected,N35208,N35208,N35208,sa1,1
1675,N114713 /1 undetected,output,,N114713,N114713,1,undetected,N114713,N114713,N114713,sa1,1
1676,N109110 /1 undetected,output,,N109110,N109110,1,undetected,N109110,N109110,N109110,sa1,1
1677,N35206 /1 undetected,output,,N35206,N35206,1,undetected,N35206,N35206,N35206,sa1,1
1678,N114796 /1 undetected,output,,N114796,N114796,1,undetected,N114796,N114796,N114796,sa1,1
1679,N109044 /1 undetected,output,,N109044,N109044,1,undetected,N109044,N109044,N109044,sa1,1
1680,N35203 /1 undetected,output,,N35203,N35203,1,undetected,N35203,N35203,N35203,sa1,1
1681,N35201 /1 undetected,output,,N35201,N35201,1,undetected,N35201,N35201,N35201,sa1,1
1682,N90066 /1 undetected,output,,N90066,N90066,1,undetected,N90066,N90066,N90066,sa1,1
1683,N35200 /1 undetected,output,,N35200,N35200,1,undetected,N35200,N35200,N35200,sa1,1
1684,N109201 /1 undetected,output,,N109201,N109201,1,undetected,N109201,N109201,N109201,sa1,1
1685,N79315 /1 undetected,output,,N79315,N79315,1,undetected,N79315,N79315,N79315,sa1,1
1686,N35198 /1 undetected,output,,N35198,N35198,1,undetected,N35198,N35198,N35198,sa1,1
1687,N109230 /1 undetected,output,,N109230,N109230,1,undetected,N109230,N109230,N109230,sa1,1
1688,N88241 /1 undetected,output,,N88241,N88241,1,undetected,N88241,N88241,N88241,sa1,1
1689,N114718 /1 undetected,output,,N114718,N114718,1,undetected,N114718,N114718,N114718,sa1,1
1690,N90070 /1 undetected,output,,N90070,N90070,1,undetected,N90070,N90070,N90070,sa1,1
1691,N80234 /1 undetected,output,,N80234,N80234,1,undetected,N80234,N80234,N80234,sa1,1
1692,N107510 /1 undetected,output,,N107510,N107510,1,undetected,N107510,N107510,N107510,sa1,1
1693,N80095 /1 undetected,output,,N80095,N80095,1,undetected,N80095,N80095,N80095,sa1,1
1694,N109361 /1 undetected,output,,N109361,N109361,1,undetected,N109361,N109361,N109361,sa1,1
1695,N89066 /1 undetected,output,,N89066,N89066,1,undetected,N89066,N89066,N89066,sa1,1
1696,N109372 /1 undetected,output,,N109372,N109372,1,undetected,N109372,N109372,N109372,sa1,1
1697,N80642 /1 undetected,output,,N80642,N80642,1,undetected,N80642,N80642,N80642,sa1,1
1698,N79739 /1 undetected,output,,N79739,N79739,1,undetected,N79739,N79739,N79739,sa1,1
1699,N111383 /1 undetected,output,,N111383,N111383,1,undetected,N111383,N111383,N111383,sa1,1
1700,N107038 /1 undetected,output,,N107038,N107038,1,undetected,N107038,N107038,N107038,sa1,1
1701,N107065 /1 undetected,output,,N107065,N107065,1,undetected,N107065,N107065,N107065,sa1,1
1702,N106354 /1 undetected,output,,N106354,N106354,1,undetected,N106354,N106354,N106354,sa1,1
1703,N81116 /1 undetected,output,,N81116,N81116,1,undetected,N81116,N81116,N81116,sa1,1
1704,N89496 /1 undetected,output,,N89496,N89496,1,undetected,N89496,N89496,N89496,sa1,1
1705,N106392 /1 undetected,output,,N106392,N106392,1,undetected,N106392,N106392,N106392,sa1,1
1706,N89495 /1 undetected,output,,N89495,N89495,1,undetected,N89495,N89495,N89495,sa1,1
1707,N81115 /1 undetected,output,,N81115,N81115,1,undetected,N81115,N81115,N81115,sa1,1
1708,N79636 /1 undetected,output,,N79636,N79636,1,undetected,N79636,N79636,N79636,sa1,1
1709,N109967 /1 undetected,output,,N109967,N109967,1,undetected,N109967,N109967,N109967,sa1,1
1710,N81232 /1 undetected,output,,N81232,N81232,1,undetected,N81232,N81232,N81232,sa1,1
1711,N89609 /1 undetected,output,,N89609,N89609,1,undetected,N89609,N89609,N89609,sa1,1
1712,N109983 /1 undetected,output,,N109983,N109983,1,undetected,N109983,N109983,N109983,sa1,1
1713,N89608 /1 undetected,output,,N89608,N89608,1,undetected,N89608,N89608,N89608,sa1,1
1714,N81231 /1 undetected,output,,N81231,N81231,1,undetected,N81231,N81231,N81231,sa1,1
1715,N111156 /1 undetected,output,,N111156,N111156,1,undetected,N111156,N111156,N111156,sa1,1
1716,N114778 /1 undetected,output,,N114778,N114778,1,undetected,N114778,N114778,N114778,sa1,1
1717,N110089 /1 undetected,output,,N110089,N110089,1,undetected,N110089,N110089,N110089,sa1,1
1718,N110014 /1 undetected,output,,N110014,N110014,1,undetected,N110014,N110014,N110014,sa1,1
1719,N79512 /1 undetected,output,,N79512,N79512,1,undetected,N79512,N79512,N79512,sa1,1
1720,N110171 /1 undetected,output,,N110171,N110171,1,undetected,N110171,N110171,N110171,sa1,1
1721,N89728 /1 undetected,output,,N89728,N89728,1,undetected,N89728,N89728,N89728,sa1,1
1722,N81356 /1 undetected,output,,N81356,N81356,1,undetected,N81356,N81356,N81356,sa1,1
1723,N110154 /1 undetected,output,,N110154,N110154,1,undetected,N110154,N110154,N110154,sa1,1
1724,N81355 /1 undetected,output,,N81355,N81355,1,undetected,N81355,N81355,N81355,sa1,1
1725,N89727 /1 undetected,output,,N89727,N89727,1,undetected,N89727,N89727,N89727,sa1,1
1726,N35086 /1 undetected,output,,N35086,N35086,1,undetected,N35086,N35086,N35086,sa1,1
1727,N114777 /1 undetected,output,,N114777,N114777,1,undetected,N114777,N114777,N114777,sa1,1
1728,N112765 /1 undetected,output,,N112765,N112765,1,undetected,N112765,N112765,N112765,sa1,1
1729,N114750 /1 undetected,output,,N114750,N114750,1,undetected,N114750,N114750,N114750,sa1,1
1730,N112753 /1 undetected,output,,N112753,N112753,1,undetected,N112753,N112753,N112753,sa1,1
1731,N81618 /1 undetected,output,,N81618,N81618,1,undetected,N81618,N81618,N81618,sa1,1
1732,N81509 /1 undetected,output,,N81509,N81509,1,undetected,N81509,N81509,N81509,sa1,1
1733,N88409 /1 undetected,output,,N88409,N88409,1,undetected,N88409,N88409,N88409,sa1,1
1734,N110658 /1 undetected,output,,N110658,N110658,1,undetected,N110658,N110658,N110658,sa1,1
1735,N81545 /1 undetected,output,,N81545,N81545,1,undetected,N81545,N81545,N81545,sa1,1
1736,N89838 /1 undetected,output,,N89838,N89838,1,undetected,N89838,N89838,N89838,sa1,1
1737,N79463 /1 undetected,output,,N79463,N79463,1,undetected,N79463,N79463,N79463,sa1,1
1738,N110734 /1 undetected,output,,N110734,N110734,1,undetected,N110734,N110734,N110734,sa1,1
1739,N89873 /1 undetected,output,,N89873,N89873,1,undetected,N89873,N89873,N89873,sa1,1
1740,N114618 /1 undetected,output,,N114618,N114618,1,undetected,N114618,N114618,N114618,sa1,1
1741,N89229 /1 undetected,output,,N89229,N89229,1,undetected,N89229,N89229,N89229,sa1,1
1742,N81114 /1 undetected,output,,N81114,N81114,1,undetected,N81114,N81114,N81114,sa1,1
1743,N89493 /1 undetected,output,,N89493,N89493,1,undetected,N89493,N89493,N89493,sa1,1
1744,N110205 /1 undetected,output,,N110205,N110205,1,undetected,N110205,N110205,N110205,sa1,1
1745,N95029 /1 undetected,output,,N95029,N95029,1,undetected,N95029,N95029,N95029,sa1,1
1746,N94848 /1 undetected,output,,N94848,N94848,1,undetected,N94848,N94848,N94848,sa1,1
1747,N111504 /1 undetected,output,,N111504,N111504,1,undetected,N111504,N111504,N111504,sa1,1
1748,N109915 /1 undetected,output,,N109915,N109915,1,undetected,N109915,N109915,N109915,sa1,1
1749,N79627 /1 undetected,output,,N79627,N79627,1,undetected,N79627,N79627,N79627,sa1,1
1750,N89672 /1 undetected,output,,N89672,N89672,1,undetected,N89672,N89672,N89672,sa1,1
1751,N81299 /1 undetected,output,,N81299,N81299,1,undetected,N81299,N81299,N81299,sa1,1
1752,N109749 /1 undetected,output,,N109749,N109749,1,undetected,N109749,N109749,N109749,sa1,1
1753,N111424 /1 undetected,output,,N111424,N111424,1,undetected,N111424,N111424,N111424,sa1,1
1754,N111336 /1 undetected,output,,N111336,N111336,1,undetected,N111336,N111336,N111336,sa1,1
1755,N79818 /1 undetected,output,,N79818,N79818,1,undetected,N79818,N79818,N79818,sa1,1
1756,N108598 /1 undetected,output,,N108598,N108598,1,undetected,N108598,N108598,N108598,sa1,1
1757,N108438 /1 undetected,output,,N108438,N108438,1,undetected,N108438,N108438,N108438,sa1,1
1758,N108794 /1 undetected,output,,N108794,N108794,1,undetected,N108794,N108794,N108794,sa1,1
1759,N79951 /1 undetected,output,,N79951,N79951,1,undetected,N79951,N79951,N79951,sa1,1
1760,N108207 /1 undetected,output,,N108207,N108207,1,undetected,N108207,N108207,N108207,sa1,1
1761,N108311 /1 undetected,output,,N108311,N108311,1,undetected,N108311,N108311,N108311,sa1,1
1762,N109587 /1 undetected,output,,N109587,N109587,1,undetected,N109587,N109587,N109587,sa1,1
1763,N80084 /1 undetected,output,,N80084,N80084,1,undetected,N80084,N80084,N80084,sa1,1
1764,N89164 /1 undetected,output,,N89164,N89164,1,undetected,N89164,N89164,N89164,sa1,1
1765,N109494 /1 undetected,output,,N109494,N109494,1,undetected,N109494,N109494,N109494,sa1,1
1766,N80742 /1 undetected,output,,N80742,N80742,1,undetected,N80742,N80742,N80742,sa1,1
1767,N109455 /1 undetected,output,,N109455,N109455,1,undetected,N109455,N109455,N109455,sa1,1
1768,N109403 /1 undetected,output,,N109403,N109403,1,undetected,N109403,N109403,N109403,sa1,1
1769,N107479 /1 undetected,output,,N107479,N107479,1,undetected,N107479,N107479,N107479,sa1,1
1770,N89984 /1 undetected,output,,N89984,N89984,1,undetected,N89984,N89984,N89984,sa1,1
1771,N30117 /1 undetected,output,,N30117,N30117,1,undetected,N30117,N30117,N30117,sa1,1
1772,N30115 /1 undetected,output,,N30115,N30115,1,undetected,N30115,N30115,N30115,sa1,1
1773,N30114 /1 undetected,output,,N30114,N30114,1,undetected,N30114,N30114,N30114,sa1,1
1774,N74674 /1 undetected,output,,N74674,N74674,1,undetected,N74674,N74674,N74674,sa1,1
1775,N30113 /1 undetected,output,,N30113,N30113,1,undetected,N30113,N30113,N30113,sa1,1
1776,N113137 /1 undetected,output,,N113137,N113137,1,undetected,N113137,N113137,N113137,sa1,1
1777,N109061 /1 undetected,output,,N109061,N109061,1,undetected,N109061,N109061,N109061,sa1,1
1778,N30111 /1 undetected,output,,N30111,N30111,1,undetected,N30111,N30111,N30111,sa1,1
1779,N92311 /1 undetected,output,,N92311,N92311,1,undetected,N92311,N92311,N92311,sa1,1
1780,N30109 /1 undetected,output,,N30109,N30109,1,undetected,N30109,N30109,N30109,sa1,1
1781,N76320 /1 undetected,output,,N76320,N76320,1,undetected,N76320,N76320,N76320,sa1,1
1782,N30108 /1 undetected,output,,N30108,N30108,1,undetected,N30108,N30108,N30108,sa1,1
1783,N112980 /1 undetected,output,,N112980,N112980,1,undetected,N112980,N112980,N112980,sa1,1
1784,N109179 /1 undetected,output,,N109179,N109179,1,undetected,N109179,N109179,N109179,sa1,1
1785,N30106 /1 undetected,output,,N30106,N30106,1,undetected,N30106,N30106,N30106,sa1,1
1786,N112409 /1 undetected,output,,N112409,N112409,1,undetected,N112409,N112409,N112409,sa1,1
1787,N86092 /1 undetected,output,,N86092,N86092,1,undetected,N86092,N86092,N86092,sa1,1
1788,N30104 /1 undetected,output,,N30104,N30104,1,undetected,N30104,N30104,N30104,sa1,1
1789,N84546 /1 undetected,output,,N84546,N84546,1,undetected,N84546,N84546,N84546,sa1,1
1790,N84762 /1 undetected,output,,N84762,N84762,1,undetected,N84762,N84762,N84762,sa1,1
1791,N30099 /1 undetected,output,,N30099,N30099,1,undetected,N30099,N30099,N30099,sa1,1
1792,N30096 /1 undetected,output,,N30096,N30096,1,undetected,N30096,N30096,N30096,sa1,1
1793,N113139 /1 undetected,output,,N113139,N113139,1,undetected,N113139,N113139,N113139,sa1,1
1794,N109279 /1 undetected,output,,N109279,N109279,1,undetected,N109279,N109279,N109279,sa1,1
1795,N113136 /1 undetected,output,,N113136,N113136,1,undetected,N113136,N113136,N113136,sa1,1
1796,N109330 /1 undetected,output,,N109330,N109330,1,undetected,N109330,N109330,N109330,sa1,1
1797,N30089 /1 undetected,output,,N30089,N30089,1,undetected,N30089,N30089,N30089,sa1,1
1798,N30087 /1 undetected,output,,N30087,N30087,1,undetected,N30087,N30087,N30087,sa1,1
1799,N81771 /1 undetected,output,,N81771,N81771,1,undetected,N81771,N81771,N81771,sa1,1
1800,N30086 /1 undetected,output,,N30086,N30086,1,undetected,N30086,N30086,N30086,sa1,1
1801,N109294 /1 undetected,output,,N109294,N109294,1,undetected,N109294,N109294,N109294,sa1,1
1802,N76319 /1 undetected,output,,N76319,N76319,1,undetected,N76319,N76319,N76319,sa1,1
1803,N30084 /1 undetected,output,,N30084,N30084,1,undetected,N30084,N30084,N30084,sa1,1
1804,N109253 /1 undetected,output,,N109253,N109253,1,undetected,N109253,N109253,N109253,sa1,1
1805,N86091 /1 undetected,output,,N86091,N86091,1,undetected,N86091,N86091,N86091,sa1,1
1806,N30094 /1 undetected,output,,N30094,N30094,1,undetected,N30094,N30094,N30094,sa1,1
1807,N30092 /1 undetected,output,,N30092,N30092,1,undetected,N30092,N30092,N30092,sa1,1
1808,N74814 /1 undetected,output,,N74814,N74814,1,undetected,N74814,N74814,N74814,sa1,1
1809,N30082 /1 undetected,output,,N30082,N30082,1,undetected,N30082,N30082,N30082,sa1,1
1810,N30081 /1 undetected,output,,N30081,N30081,1,undetected,N30081,N30081,N30081,sa1,1
1811,N113135 /1 undetected,output,,N113135,N113135,1,undetected,N113135,N113135,N113135,sa1,1
1812,N109107 /1 undetected,output,,N109107,N109107,1,undetected,N109107,N109107,N109107,sa1,1
1813,N30079 /1 undetected,output,,N30079,N30079,1,undetected,N30079,N30079,N30079,sa1,1
1814,N113138 /1 undetected,output,,N113138,N113138,1,undetected,N113138,N113138,N113138,sa1,1
1815,N109041 /1 undetected,output,,N109041,N109041,1,undetected,N109041,N109041,N109041,sa1,1
1816,N30077 /1 undetected,output,,N30077,N30077,1,undetected,N30077,N30077,N30077,sa1,1
1817,N30075 /1 undetected,output,,N30075,N30075,1,undetected,N30075,N30075,N30075,sa1,1
1818,N81770 /1 undetected,output,,N81770,N81770,1,undetected,N81770,N81770,N81770,sa1,1
1819,N30074 /1 undetected,output,,N30074,N30074,1,undetected,N30074,N30074,N30074,sa1,1
1820,N109198 /1 undetected,output,,N109198,N109198,1,undetected,N109198,N109198,N109198,sa1,1
1821,N76318 /1 undetected,output,,N76318,N76318,1,undetected,N76318,N76318,N76318,sa1,1
1822,N30072 /1 undetected,output,,N30072,N30072,1,undetected,N30072,N30072,N30072,sa1,1
1823,N109227 /1 undetected,output,,N109227,N109227,1,undetected,N109227,N109227,N109227,sa1,1
1824,N86090 /1 undetected,output,,N86090,N86090,1,undetected,N86090,N86090,N86090,sa1,1
1825,N113191 /1 undetected,output,,N113191,N113191,1,undetected,N113191,N113191,N113191,sa1,1
1826,N80221 /1 undetected,output,,N80221,N80221,1,undetected,N80221,N80221,N80221,sa1,1
1827,N107508 /1 undetected,output,,N107508,N107508,1,undetected,N107508,N107508,N107508,sa1,1
1828,N80546 /1 undetected,output,,N80546,N80546,1,undetected,N80546,N80546,N80546,sa1,1
1829,N88972 /1 undetected,output,,N88972,N88972,1,undetected,N88972,N88972,N88972,sa1,1
1830,N106440 /1 undetected,output,,N106440,N106440,1,undetected,N106440,N106440,N106440,sa1,1
1831,N113235 /1 undetected,output,,N113235,N113235,1,undetected,N113235,N113235,N113235,sa1,1
1832,N79502 /1 undetected,output,,N79502,N79502,1,undetected,N79502,N79502,N79502,sa1,1
1833,N110152 /1 undetected,output,,N110152,N110152,1,undetected,N110152,N110152,N110152,sa1,1
1834,N81350 /1 undetected,output,,N81350,N81350,1,undetected,N81350,N81350,N81350,sa1,1
1835,N89722 /1 undetected,output,,N89722,N89722,1,undetected,N89722,N89722,N89722,sa1,1
1836,N110167 /1 undetected,output,,N110167,N110167,1,undetected,N110167,N110167,N110167,sa1,1
1837,N89721 /1 undetected,output,,N89721,N89721,1,undetected,N89721,N89721,N89721,sa1,1
1838,N81349 /1 undetected,output,,N81349,N81349,1,undetected,N81349,N81349,N81349,sa1,1
1839,N110800 /1 undetected,output,,N110800,N110800,1,undetected,N110800,N110800,N110800,sa1,1
1840,N110008 /1 undetected,output,,N110008,N110008,1,undetected,N110008,N110008,N110008,sa1,1
1841,N110082 /1 undetected,output,,N110082,N110082,1,undetected,N110082,N110082,N110082,sa1,1
1842,N81611 /1 undetected,output,,N81611,N81611,1,undetected,N81611,N81611,N81611,sa1,1
1843,N110729 /1 undetected,output,,N110729,N110729,1,undetected,N110729,N110729,N110729,sa1,1
1844,N110342 /1 undetected,output,,N110342,N110342,1,undetected,N110342,N110342,N110342,sa1,1
1845,N110447 /1 undetected,output,,N110447,N110447,1,undetected,N110447,N110447,N110447,sa1,1
1846,N88407 /1 undetected,output,,N88407,N88407,1,undetected,N88407,N88407,N88407,sa1,1
1847,N89836 /1 undetected,output,,N89836,N89836,1,undetected,N89836,N89836,N89836,sa1,1
1848,N81506 /1 undetected,output,,N81506,N81506,1,undetected,N81506,N81506,N81506,sa1,1
1849,N110341 /1 undetected,output,,N110341,N110341,1,undetected,N110341,N110341,N110341,sa1,1
1850,N89227 /1 undetected,output,,N89227,N89227,1,undetected,N89227,N89227,N89227,sa1,1
1851,N112996 /1 undetected,output,,N112996,N112996,1,undetected,N112996,N112996,N112996,sa1,1
1852,N106438 /1 undetected,output,,N106438,N106438,1,undetected,N106438,N106438,N106438,sa1,1
1853,N110869 /1 undetected,output,,N110869,N110869,1,undetected,N110869,N110869,N110869,sa1,1
1854,N110007 /1 undetected,output,,N110007,N110007,1,undetected,N110007,N110007,N110007,sa1,1
1855,N110301 /1 undetected,output,,N110301,N110301,1,undetected,N110301,N110301,N110301,sa1,1
1856,N94893 /1 undetected,output,,N94893,N94893,1,undetected,N94893,N94893,N94893,sa1,1
1857,N89928 /1 undetected,output,,N89928,N89928,1,undetected,N89928,N89928,N89928,sa1,1
1858,N81682 /1 undetected,output,,N81682,N81682,1,undetected,N81682,N81682,N81682,sa1,1
1859,N89919 /1 undetected,output,,N89919,N89919,1,undetected,N89919,N89919,N89919,sa1,1
1860,N110780 /1 undetected,output,,N110780,N110780,1,undetected,N110780,N110780,N110780,sa1,1
1861,N110423 /1 undetected,output,,N110423,N110423,1,undetected,N110423,N110423,N110423,sa1,1
1862,N110527 /1 undetected,output,,N110527,N110527,1,undetected,N110527,N110527,N110527,sa1,1
1863,N110704 /1 undetected,output,,N110704,N110704,1,undetected,N110704,N110704,N110704,sa1,1
1864,N81593 /1 undetected,output,,N81593,N81593,1,undetected,N81593,N81593,N81593,sa1,1
1865,N110705 /1 undetected,output,,N110705,N110705,1,undetected,N110705,N110705,N110705,sa1,1
1866,N110528 /1 undetected,output,,N110528,N110528,1,undetected,N110528,N110528,N110528,sa1,1
1867,N110424 /1 undetected,output,,N110424,N110424,1,undetected,N110424,N110424,N110424,sa1,1
1868,N110781 /1 undetected,output,,N110781,N110781,1,undetected,N110781,N110781,N110781,sa1,1
1869,N95059 /1 undetected,output,,N95059,N95059,1,undetected,N95059,N95059,N95059,sa1,1
1870,N95038 /1 undetected,output,,N95038,N95038,1,undetected,N95038,N95038,N95038,sa1,1
1871,N110856 /1 undetected,output,,N110856,N110856,1,undetected,N110856,N110856,N110856,sa1,1
1872,N110746 /1 undetected,output,,N110746,N110746,1,undetected,N110746,N110746,N110746,sa1,1
1873,N89841 /1 undetected,output,,N89841,N89841,1,undetected,N89841,N89841,N89841,sa1,1
1874,N81634 /1 undetected,output,,N81634,N81634,1,undetected,N81634,N81634,N81634,sa1,1
1875,N110788 /1 undetected,output,,N110788,N110788,1,undetected,N110788,N110788,N110788,sa1,1
1876,N81512 /1 undetected,output,,N81512,N81512,1,undetected,N81512,N81512,N81512,sa1,1
1877,N110670 /1 undetected,output,,N110670,N110670,1,undetected,N110670,N110670,N110670,sa1,1
1878,N81556 /1 undetected,output,,N81556,N81556,1,undetected,N81556,N81556,N81556,sa1,1
1879,N109930 /1 undetected,output,,N109930,N109930,1,undetected,N109930,N109930,N109930,sa1,1
1880,N113240 /1 undetected,output,,N113240,N113240,1,undetected,N113240,N113240,N113240,sa1,1
1881,N79655 /1 undetected,output,,N79655,N79655,1,undetected,N79655,N79655,N79655,sa1,1
1882,N109764 /1 undetected,output,,N109764,N109764,1,undetected,N109764,N109764,N109764,sa1,1
1883,N111351 /1 undetected,output,,N111351,N111351,1,undetected,N111351,N111351,N111351,sa1,1
1884,N79853 /1 undetected,output,,N79853,N79853,1,undetected,N79853,N79853,N79853,sa1,1
1885,N108627 /1 undetected,output,,N108627,N108627,1,undetected,N108627,N108627,N108627,sa1,1
1886,N108467 /1 undetected,output,,N108467,N108467,1,undetected,N108467,N108467,N108467,sa1,1
1887,N108812 /1 undetected,output,,N108812,N108812,1,undetected,N108812,N108812,N108812,sa1,1
1888,N109390 /1 undetected,output,,N109390,N109390,1,undetected,N109390,N109390,N109390,sa1,1
1889,N80657 /1 undetected,output,,N80657,N80657,1,undetected,N80657,N80657,N80657,sa1,1
1890,N39518 /1 undetected,output,,N39518,N39518,1,undetected,N39518,N39518,N39518,sa1,1
1891,N116058 /1 undetected,output,,N116058,N116058,1,undetected,N116058,N116058,N116058,sa1,1
1892,N80611 /1 undetected,output,,N80611,N80611,1,undetected,N80611,N80611,N80611,sa1,1
1893,N116053 /1 undetected,output,,N116053,N116053,1,undetected,N116053,N116053,N116053,sa1,1
1894,N89034 /1 undetected,output,,N89034,N89034,1,undetected,N89034,N89034,N89034,sa1,1
1895,N107486 /1 undetected,output,,N107486,N107486,1,undetected,N107486,N107486,N107486,sa1,1
1896,N116022 /1 undetected,output,,N116022,N116022,1,undetected,N116022,N116022,N116022,sa1,1
1897,N90156 /1 undetected,output,,N90156,N90156,1,undetected,N90156,N90156,N90156,sa1,1
1898,N39503 /1 undetected,output,,N39503,N39503,1,undetected,N39503,N39503,N39503,sa1,1
1899,N39501 /1 undetected,output,,N39501,N39501,1,undetected,N39501,N39501,N39501,sa1,1
1900,N39500 /1 undetected,output,,N39500,N39500,1,undetected,N39500,N39500,N39500,sa1,1
1901,N74695 /1 undetected,output,,N74695,N74695,1,undetected,N74695,N74695,N74695,sa1,1
1902,N39499 /1 undetected,output,,N39499,N39499,1,undetected,N39499,N39499,N39499,sa1,1
1903,N92321 /1 undetected,output,,N92321,N92321,1,undetected,N92321,N92321,N92321,sa1,1
1904,N39497 /1 undetected,output,,N39497,N39497,1,undetected,N39497,N39497,N39497,sa1,1
1905,N76378 /1 undetected,output,,N76378,N76378,1,undetected,N76378,N76378,N76378,sa1,1
1906,N39496 /1 undetected,output,,N39496,N39496,1,undetected,N39496,N39496,N39496,sa1,1
1907,N115868 /1 undetected,output,,N115868,N115868,1,undetected,N115868,N115868,N115868,sa1,1
1908,N109184 /1 undetected,output,,N109184,N109184,1,undetected,N109184,N109184,N109184,sa1,1
1909,N39494 /1 undetected,output,,N39494,N39494,1,undetected,N39494,N39494,N39494,sa1,1
1910,N115978 /1 undetected,output,,N115978,N115978,1,undetected,N115978,N115978,N115978,sa1,1
1911,N109065 /1 undetected,output,,N109065,N109065,1,undetected,N109065,N109065,N109065,sa1,1
1912,N39492 /1 undetected,output,,N39492,N39492,1,undetected,N39492,N39492,N39492,sa1,1
1913,N112412 /1 undetected,output,,N112412,N112412,1,undetected,N112412,N112412,N112412,sa1,1
1914,N86155 /1 undetected,output,,N86155,N86155,1,undetected,N86155,N86155,N86155,sa1,1
1915,N39490 /1 undetected,output,,N39490,N39490,1,undetected,N39490,N39490,N39490,sa1,1
1916,N39488 /1 undetected,output,,N39488,N39488,1,undetected,N39488,N39488,N39488,sa1,1
1917,N74849 /1 undetected,output,,N74849,N74849,1,undetected,N74849,N74849,N74849,sa1,1
1918,N39471 /1 undetected,output,,N39471,N39471,1,undetected,N39471,N39471,N39471,sa1,1
1919,N39470 /1 undetected,output,,N39470,N39470,1,undetected,N39470,N39470,N39470,sa1,1
1920,N39469 /1 undetected,output,,N39469,N39469,1,undetected,N39469,N39469,N39469,sa1,1
1921,N39468 /1 undetected,output,,N39468,N39468,1,undetected,N39468,N39468,N39468,sa1,1
1922,N115980 /1 undetected,output,,N115980,N115980,1,undetected,N115980,N115980,N115980,sa1,1
1923,N109210 /1 undetected,output,,N109210,N109210,1,undetected,N109210,N109210,N109210,sa1,1
1924,N39466 /1 undetected,output,,N39466,N39466,1,undetected,N39466,N39466,N39466,sa1,1
1925,N115976 /1 undetected,output,,N115976,N115976,1,undetected,N115976,N115976,N115976,sa1,1
1926,N109112 /1 undetected,output,,N109112,N109112,1,undetected,N109112,N109112,N109112,sa1,1
1927,N39464 /1 undetected,output,,N39464,N39464,1,undetected,N39464,N39464,N39464,sa1,1
1928,N116056 /1 undetected,output,,N116056,N116056,1,undetected,N116056,N116056,N116056,sa1,1
1929,N109046 /1 undetected,output,,N109046,N109046,1,undetected,N109046,N109046,N109046,sa1,1
1930,N39461 /1 undetected,output,,N39461,N39461,1,undetected,N39461,N39461,N39461,sa1,1
1931,N116054 /1 undetected,output,,N116054,N116054,1,undetected,N116054,N116054,N116054,sa1,1
1932,N109220 /1 undetected,output,,N109220,N109220,1,undetected,N109220,N109220,N109220,sa1,1
1933,N97796 /1 undetected,output,,N97796,N97796,1,undetected,N97796,N97796,N97796,sa1,1
1934,N39484 /1 undetected,output,,N39484,N39484,1,undetected,N39484,N39484,N39484,sa1,1
1935,N39481 /1 undetected,output,,N39481,N39481,1,undetected,N39481,N39481,N39481,sa1,1
1936,N84603 /1 undetected,output,,N84603,N84603,1,undetected,N84603,N84603,N84603,sa1,1
1937,N39480 /1 undetected,output,,N39480,N39480,1,undetected,N39480,N39480,N39480,sa1,1
1938,N116057 /1 undetected,output,,N116057,N116057,1,undetected,N116057,N116057,N116057,sa1,1
1939,N109282 /1 undetected,output,,N109282,N109282,1,undetected,N109282,N109282,N109282,sa1,1
1940,N115977 /1 undetected,output,,N115977,N115977,1,undetected,N115977,N115977,N115977,sa1,1
1941,N109334 /1 undetected,output,,N109334,N109334,1,undetected,N109334,N109334,N109334,sa1,1
1942,N39473 /1 undetected,output,,N39473,N39473,1,undetected,N39473,N39473,N39473,sa1,1
1943,N116055 /1 undetected,output,,N116055,N116055,1,undetected,N116055,N116055,N116055,sa1,1
1944,N109244 /1 undetected,output,,N109244,N109244,1,undetected,N109244,N109244,N109244,sa1,1
1945,N39477 /1 undetected,output,,N39477,N39477,1,undetected,N39477,N39477,N39477,sa1,1
1946,N115981 /1 undetected,output,,N115981,N115981,1,undetected,N115981,N115981,N115981,sa1,1
1947,N109304 /1 undetected,output,,N109304,N109304,1,undetected,N109304,N109304,N109304,sa1,1
1948,N80261 /1 undetected,output,,N80261,N80261,1,undetected,N80261,N80261,N80261,sa1,1
1949,N107515 /1 undetected,output,,N107515,N107515,1,undetected,N107515,N107515,N107515,sa1,1
1950,N80564 /1 undetected,output,,N80564,N80564,1,undetected,N80564,N80564,N80564,sa1,1
1951,N88990 /1 undetected,output,,N88990,N88990,1,undetected,N88990,N88990,N88990,sa1,1
1952,N109596 /1 undetected,output,,N109596,N109596,1,undetected,N109596,N109596,N109596,sa1,1
1953,N109380 /1 undetected,output,,N109380,N109380,1,undetected,N109380,N109380,N109380,sa1,1
1954,N89081 /1 undetected,output,,N89081,N89081,1,undetected,N89081,N89081,N89081,sa1,1
1955,N79987 /1 undetected,output,,N79987,N79987,1,undetected,N79987,N79987,N79987,sa1,1
1956,N89372 /1 undetected,output,,N89372,N89372,1,undetected,N89372,N89372,N89372,sa1,1
1957,N80973 /1 undetected,output,,N80973,N80973,1,undetected,N80973,N80973,N80973,sa1,1
1958,N111741 /1 undetected,output,,N111741,N111741,1,undetected,N111741,N111741,N111741,sa1,1
1959,N107153 /1 undetected,output,,N107153,N107153,1,undetected,N107153,N107153,N107153,sa1,1
1960,N107114 /1 undetected,output,,N107114,N107114,1,undetected,N107114,N107114,N107114,sa1,1
1961,N79751 /1 undetected,output,,N79751,N79751,1,undetected,N79751,N79751,N79751,sa1,1
1962,N111393 /1 undetected,output,,N111393,N111393,1,undetected,N111393,N111393,N111393,sa1,1
1963,N106402 /1 undetected,output,,N106402,N106402,1,undetected,N106402,N106402,N106402,sa1,1
1964,N89516 /1 undetected,output,,N89516,N89516,1,undetected,N89516,N89516,N89516,sa1,1
1965,N81136 /1 undetected,output,,N81136,N81136,1,undetected,N81136,N81136,N81136,sa1,1
1966,N106364 /1 undetected,output,,N106364,N106364,1,undetected,N106364,N106364,N106364,sa1,1
1967,N81135 /1 undetected,output,,N81135,N81135,1,undetected,N81135,N81135,N81135,sa1,1
1968,N89515 /1 undetected,output,,N89515,N89515,1,undetected,N89515,N89515,N89515,sa1,1
1969,N79535 /1 undetected,output,,N79535,N79535,1,undetected,N79535,N79535,N79535,sa1,1
1970,N110158 /1 undetected,output,,N110158,N110158,1,undetected,N110158,N110158,N110158,sa1,1
1971,N81370 /1 undetected,output,,N81370,N81370,1,undetected,N81370,N81370,N81370,sa1,1
1972,N89742 /1 undetected,output,,N89742,N89742,1,undetected,N89742,N89742,N89742,sa1,1
1973,N110181 /1 undetected,output,,N110181,N110181,1,undetected,N110181,N110181,N110181,sa1,1
1974,N89741 /1 undetected,output,,N89741,N89741,1,undetected,N89741,N89741,N89741,sa1,1
1975,N81369 /1 undetected,output,,N81369,N81369,1,undetected,N81369,N81369,N81369,sa1,1
1976,N114781 /1 undetected,output,,N114781,N114781,1,undetected,N114781,N114781,N114781,sa1,1
1977,N110104 /1 undetected,output,,N110104,N110104,1,undetected,N110104,N110104,N110104,sa1,1
1978,N110030 /1 undetected,output,,N110030,N110030,1,undetected,N110030,N110030,N110030,sa1,1
1979,N39292 /1 undetected,output,,N39292,N39292,1,undetected,N39292,N39292,N39292,sa1,1
1980,N116020 /1 undetected,output,,N116020,N116020,1,undetected,N116020,N116020,N116020,sa1,1
1981,N112767 /1 undetected,output,,N112767,N112767,1,undetected,N112767,N112767,N112767,sa1,1
1982,N116017 /1 undetected,output,,N116017,N116017,1,undetected,N116017,N116017,N116017,sa1,1
1983,N88413 /1 undetected,output,,N88413,N88413,1,undetected,N88413,N88413,N88413,sa1,1
1984,N115884 /1 undetected,output,,N115884,N115884,1,undetected,N115884,N115884,N115884,sa1,1
1985,N89235 /1 undetected,output,,N89235,N89235,1,undetected,N89235,N89235,N89235,sa1,1
1986,N81134 /1 undetected,output,,N81134,N81134,1,undetected,N81134,N81134,N81134,sa1,1
1987,N89513 /1 undetected,output,,N89513,N89513,1,undetected,N89513,N89513,N89513,sa1,1
1988,N110028 /1 undetected,output,,N110028,N110028,1,undetected,N110028,N110028,N110028,sa1,1
1989,N116599 /1 undetected,output,,N116599,N116599,1,undetected,N116599,N116599,N116599,sa1,1
1990,N81148 /1 undetected,output,,N81148,N81148,1,undetected,N81148,N81148,N81148,sa1,1
1991,N89527 /1 undetected,output,,N89527,N89527,1,undetected,N89527,N89527,N89527,sa1,1
1992,N110038 /1 undetected,output,,N110038,N110038,1,undetected,N110038,N110038,N110038,sa1,1
1993,N94859 /1 undetected,output,,N94859,N94859,1,undetected,N94859,N94859,N94859,sa1,1
1994,N79542 /1 undetected,output,,N79542,N79542,1,undetected,N79542,N79542,N79542,sa1,1
1995,N110186 /1 undetected,output,,N110186,N110186,1,undetected,N110186,N110186,N110186,sa1,1
1996,N89750 /1 undetected,output,,N89750,N89750,1,undetected,N89750,N89750,N89750,sa1,1
1997,N81378 /1 undetected,output,,N81378,N81378,1,undetected,N81378,N81378,N81378,sa1,1
1998,N110161 /1 undetected,output,,N110161,N110161,1,undetected,N110161,N110161,N110161,sa1,1
1999,N81377 /1 undetected,output,,N81377,N81377,1,undetected,N81377,N81377,N81377,sa1,1
2000,N89749 /1 undetected,output,,N89749,N89749,1,undetected,N89749,N89749,N89749,sa1,1
2001,N110815 /1 undetected,output,,N110815,N110815,1,undetected,N110815,N110815,N110815,sa1,1
2002,N110037 /1 undetected,output,,N110037,N110037,1,undetected,N110037,N110037,N110037,sa1,1
2003,N110111 /1 undetected,output,,N110111,N110111,1,undetected,N110111,N110111,N110111,sa1,1
2004,N109935 /1 undetected,output,,N109935,N109935,1,undetected,N109935,N109935,N109935,sa1,1
2005,N79663 /1 undetected,output,,N79663,N79663,1,undetected,N79663,N79663,N79663,sa1,1
2006,N89692 /1 undetected,output,,N89692,N89692,1,undetected,N89692,N89692,N89692,sa1,1
2007,N81319 /1 undetected,output,,N81319,N81319,1,undetected,N81319,N81319,N81319,sa1,1
2008,N113243 /1 undetected,output,,N113243,N113243,1,undetected,N113243,N113243,N113243,sa1,1
2009,N109769 /1 undetected,output,,N109769,N109769,1,undetected,N109769,N109769,N109769,sa1,1
2010,N111356 /1 undetected,output,,N111356,N111356,1,undetected,N111356,N111356,N111356,sa1,1
2011,N79863 /1 undetected,output,,N79863,N79863,1,undetected,N79863,N79863,N79863,sa1,1
2012,N108635 /1 undetected,output,,N108635,N108635,1,undetected,N108635,N108635,N108635,sa1,1
2013,N108475 /1 undetected,output,,N108475,N108475,1,undetected,N108475,N108475,N108475,sa1,1
2014,N108817 /1 undetected,output,,N108817,N108817,1,undetected,N108817,N108817,N108817,sa1,1
2015,N79997 /1 undetected,output,,N79997,N79997,1,undetected,N79997,N79997,N79997,sa1,1
2016,N89375 /1 undetected,output,,N89375,N89375,1,undetected,N89375,N89375,N89375,sa1,1
2017,N108228 /1 undetected,output,,N108228,N108228,1,undetected,N108228,N108228,N108228,sa1,1
2018,N80978 /1 undetected,output,,N80978,N80978,1,undetected,N80978,N80978,N80978,sa1,1
2019,N108332 /1 undetected,output,,N108332,N108332,1,undetected,N108332,N108332,N108332,sa1,1
2020,N109599 /1 undetected,output,,N109599,N109599,1,undetected,N109599,N109599,N109599,sa1,1
2021,N109422 /1 undetected,output,,N109422,N109422,1,undetected,N109422,N109422,N109422,sa1,1
2022,N80271 /1 undetected,output,,N80271,N80271,1,undetected,N80271,N80271,N80271,sa1,1
2023,N107518 /1 undetected,output,,N107518,N107518,1,undetected,N107518,N107518,N107518,sa1,1
2024,N80569 /1 undetected,output,,N80569,N80569,1,undetected,N80569,N80569,N80569,sa1,1
2025,N88995 /1 undetected,output,,N88995,N88995,1,undetected,N88995,N88995,N88995,sa1,1
2026,N107489 /1 undetected,output,,N107489,N107489,1,undetected,N107489,N107489,N107489,sa1,1
2027,N90189 /1 undetected,output,,N90189,N90189,1,undetected,N90189,N90189,N90189,sa1,1
2028,N41326 /1 undetected,output,,N41326,N41326,1,undetected,N41326,N41326,N41326,sa1,1
2029,N41324 /1 undetected,output,,N41324,N41324,1,undetected,N41324,N41324,N41324,sa1,1
2030,N94763 /1 undetected,output,,N94763,N94763,1,undetected,N94763,N94763,N94763,sa1,1
2031,N41322 /1 undetected,output,,N41322,N41322,1,undetected,N41322,N41322,N41322,sa1,1
2032,N74698 /1 undetected,output,,N74698,N74698,1,undetected,N74698,N74698,N74698,sa1,1
2033,N41320 /1 undetected,output,,N41320,N41320,1,undetected,N41320,N41320,N41320,sa1,1
2034,N79301 /1 undetected,output,,N79301,N79301,1,undetected,N79301,N79301,N79301,sa1,1
2035,N41318 /1 undetected,output,,N41318,N41318,1,undetected,N41318,N41318,N41318,sa1,1
2036,N116500 /1 undetected,output,,N116500,N116500,1,undetected,N116500,N116500,N116500,sa1,1
2037,N109187 /1 undetected,output,,N109187,N109187,1,undetected,N109187,N109187,N109187,sa1,1
2038,N41316 /1 undetected,output,,N41316,N41316,1,undetected,N41316,N41316,N41316,sa1,1
2039,N88220 /1 undetected,output,,N88220,N88220,1,undetected,N88220,N88220,N88220,sa1,1
2040,N41314 /1 undetected,output,,N41314,N41314,1,undetected,N41314,N41314,N41314,sa1,1
2041,N112418 /1 undetected,output,,N112418,N112418,1,undetected,N112418,N112418,N112418,sa1,1
2042,N41312 /1 undetected,output,,N41312,N41312,1,undetected,N41312,N41312,N41312,sa1,1
2043,N109068 /1 undetected,output,,N109068,N109068,1,undetected,N109068,N109068,N109068,sa1,1
2044,N90181 /1 undetected,output,,N90181,N90181,1,undetected,N90181,N90181,N90181,sa1,1
2045,N41310 /1 undetected,output,,N41310,N41310,1,undetected,N41310,N41310,N41310,sa1,1
2046,N84777 /1 undetected,output,,N84777,N84777,1,undetected,N84777,N84777,N84777,sa1,1
2047,N41304 /1 undetected,output,,N41304,N41304,1,undetected,N41304,N41304,N41304,sa1,1
2048,N41302 /1 undetected,output,,N41302,N41302,1,undetected,N41302,N41302,N41302,sa1,1
2049,N79300 /1 undetected,output,,N79300,N79300,1,undetected,N79300,N79300,N79300,sa1,1
2050,N41300 /1 undetected,output,,N41300,N41300,1,undetected,N41300,N41300,N41300,sa1,1
2051,N109313 /1 undetected,output,,N109313,N109313,1,undetected,N109313,N109313,N109313,sa1,1
2052,N81940 /1 undetected,output,,N81940,N81940,1,undetected,N81940,N81940,N81940,sa1,1
2053,N41297 /1 undetected,output,,N41297,N41297,1,undetected,N41297,N41297,N41297,sa1,1
2054,N90180 /1 undetected,output,,N90180,N90180,1,undetected,N90180,N90180,N90180,sa1,1
2055,N41296 /1 undetected,output,,N41296,N41296,1,undetected,N41296,N41296,N41296,sa1,1
2056,N88219 /1 undetected,output,,N88219,N88219,1,undetected,N88219,N88219,N88219,sa1,1
2057,N41294 /1 undetected,output,,N41294,N41294,1,undetected,N41294,N41294,N41294,sa1,1
2058,N109273 /1 undetected,output,,N109273,N109273,1,undetected,N109273,N109273,N109273,sa1,1
2059,N41292 /1 undetected,output,,N41292,N41292,1,undetected,N41292,N41292,N41292,sa1,1
2060,N116492 /1 undetected,output,,N116492,N116492,1,undetected,N116492,N116492,N116492,sa1,1
2061,N112400 /1 undetected,output,,N112400,N112400,1,undetected,N112400,N112400,N112400,sa1,1
2062,N41307 /1 undetected,output,,N41307,N41307,1,undetected,N41307,N41307,N41307,sa1,1
2063,N84609 /1 undetected,output,,N84609,N84609,1,undetected,N84609,N84609,N84609,sa1,1
2064,N41290 /1 undetected,output,,N41290,N41290,1,undetected,N41290,N41290,N41290,sa1,1
2065,N41288 /1 undetected,output,,N41288,N41288,1,undetected,N41288,N41288,N41288,sa1,1
2066,N41287 /1 undetected,output,,N41287,N41287,1,undetected,N41287,N41287,N41287,sa1,1
2067,N74852 /1 undetected,output,,N74852,N74852,1,undetected,N74852,N74852,N74852,sa1,1
2068,N41286 /1 undetected,output,,N41286,N41286,1,undetected,N41286,N41286,N41286,sa1,1
2069,N109213 /1 undetected,output,,N109213,N109213,1,undetected,N109213,N109213,N109213,sa1,1
2070,N41284 /1 undetected,output,,N41284,N41284,1,undetected,N41284,N41284,N41284,sa1,1
2071,N81939 /1 undetected,output,,N81939,N81939,1,undetected,N81939,N81939,N81939,sa1,1
2072,N79298 /1 undetected,output,,N79298,N79298,1,undetected,N79298,N79298,N79298,sa1,1
2073,N41283 /1 undetected,output,,N41283,N41283,1,undetected,N41283,N41283,N41283,sa1,1
2074,N41281 /1 undetected,output,,N41281,N41281,1,undetected,N41281,N41281,N41281,sa1,1
2075,N90179 /1 undetected,output,,N90179,N90179,1,undetected,N90179,N90179,N90179,sa1,1
2076,N41280 /1 undetected,output,,N41280,N41280,1,undetected,N41280,N41280,N41280,sa1,1
2077,N109103 /1 undetected,output,,N109103,N109103,1,undetected,N109103,N109103,N109103,sa1,1
2078,N88218 /1 undetected,output,,N88218,N88218,1,undetected,N88218,N88218,N88218,sa1,1
2079,N41278 /1 undetected,output,,N41278,N41278,1,undetected,N41278,N41278,N41278,sa1,1
2080,N109055 /1 undetected,output,,N109055,N109055,1,undetected,N109055,N109055,N109055,sa1,1
2081,N79297 /1 undetected,output,,N79297,N79297,1,undetected,N79297,N79297,N79297,sa1,1
2082,N41276 /1 undetected,output,,N41276,N41276,1,undetected,N41276,N41276,N41276,sa1,1
2083,N116491 /1 undetected,output,,N116491,N116491,1,undetected,N116491,N116491,N116491,sa1,1
2084,N24987 /1 undetected,output,,N24987,N24987,1,undetected,N24987,N24987,N24987,sa1,1
2085,N116536 /1 undetected,output,,N116536,N116536,1,undetected,N116536,N116536,N116536,sa1,1
2086,N80131 /1 undetected,output,,N80131,N80131,1,undetected,N80131,N80131,N80131,sa1,1
2087,N80764 /1 undetected,output,,N80764,N80764,1,undetected,N80764,N80764,N80764,sa1,1
2088,N89186 /1 undetected,output,,N89186,N89186,1,undetected,N89186,N89186,N89186,sa1,1
2089,N112707 /1 undetected,output,,N112707,N112707,1,undetected,N112707,N112707,N112707,sa1,1
2090,N79756 /1 undetected,output,,N79756,N79756,1,undetected,N79756,N79756,N79756,sa1,1
2091,N111398 /1 undetected,output,,N111398,N111398,1,undetected,N111398,N111398,N111398,sa1,1
2092,N106407 /1 undetected,output,,N106407,N106407,1,undetected,N106407,N106407,N106407,sa1,1
2093,N89526 /1 undetected,output,,N89526,N89526,1,undetected,N89526,N89526,N89526,sa1,1
2094,N81146 /1 undetected,output,,N81146,N81146,1,undetected,N81146,N81146,N81146,sa1,1
2095,N106369 /1 undetected,output,,N106369,N106369,1,undetected,N106369,N106369,N106369,sa1,1
2096,N81145 /1 undetected,output,,N81145,N81145,1,undetected,N81145,N81145,N81145,sa1,1
2097,N89525 /1 undetected,output,,N89525,N89525,1,undetected,N89525,N89525,N89525,sa1,1
2098,N41227 /1 undetected,output,,N41227,N41227,1,undetected,N41227,N41227,N41227,sa1,1
2099,N116534 /1 undetected,output,,N116534,N116534,1,undetected,N116534,N116534,N116534,sa1,1
2100,N112769 /1 undetected,output,,N112769,N112769,1,undetected,N112769,N112769,N112769,sa1,1
2101,N116566 /1 undetected,output,,N116566,N116566,1,undetected,N116566,N116566,N116566,sa1,1
2102,N112756 /1 undetected,output,,N112756,N112756,1,undetected,N112756,N112756,N112756,sa1,1
2103,N81640 /1 undetected,output,,N81640,N81640,1,undetected,N81640,N81640,N81640,sa1,1
2104,N112794 /1 undetected,output,,N112794,N112794,1,undetected,N112794,N112794,N112794,sa1,1
2105,N110751 /1 undetected,output,,N110751,N110751,1,undetected,N110751,N110751,N110751,sa1,1
2106,N89844 /1 undetected,output,,N89844,N89844,1,undetected,N89844,N89844,N89844,sa1,1
2107,N112790 /1 undetected,output,,N112790,N112790,1,undetected,N112790,N112790,N112790,sa1,1
2108,N110675 /1 undetected,output,,N110675,N110675,1,undetected,N110675,N110675,N110675,sa1,1
2109,N81515 /1 undetected,output,,N81515,N81515,1,undetected,N81515,N81515,N81515,sa1,1
2110,N95041 /1 undetected,output,,N95041,N95041,1,undetected,N95041,N95041,N95041,sa1,1
2111,N95047 /1 undetected,output,,N95047,N95047,1,undetected,N95047,N95047,N95047,sa1,1
2112,N94864 /1 undetected,output,,N94864,N94864,1,undetected,N94864,N94864,N94864,sa1,1
2113,N81656 /1 undetected,output,,N81656,N81656,1,undetected,N81656,N81656,N81656,sa1,1
2114,N110762 /1 undetected,output,,N110762,N110762,1,undetected,N110762,N110762,N110762,sa1,1
2115,N110392 /1 undetected,output,,N110392,N110392,1,undetected,N110392,N110392,N110392,sa1,1
2116,N110496 /1 undetected,output,,N110496,N110496,1,undetected,N110496,N110496,N110496,sa1,1
2117,N110686 /1 undetected,output,,N110686,N110686,1,undetected,N110686,N110686,N110686,sa1,1
2118,N110495 /1 undetected,output,,N110495,N110495,1,undetected,N110495,N110495,N110495,sa1,1
2119,N110391 /1 undetected,output,,N110391,N110391,1,undetected,N110391,N110391,N110391,sa1,1
2120,N111521 /1 undetected,output,,N111521,N111521,1,undetected,N111521,N111521,N111521,sa1,1
2121,N114784 /1 undetected,output,,N114784,N114784,1,undetected,N114784,N114784,N114784,sa1,1
2122,N110050 /1 undetected,output,,N110050,N110050,1,undetected,N110050,N110050,N110050,sa1,1
2123,N110125 /1 undetected,output,,N110125,N110125,1,undetected,N110125,N110125,N110125,sa1,1
2124,N110223 /1 undetected,output,,N110223,N110223,1,undetected,N110223,N110223,N110223,sa1,1
2125,N109944 /1 undetected,output,,N109944,N109944,1,undetected,N109944,N109944,N109944,sa1,1
2126,N109778 /1 undetected,output,,N109778,N109778,1,undetected,N109778,N109778,N109778,sa1,1
2127,N111365 /1 undetected,output,,N111365,N111365,1,undetected,N111365,N111365,N111365,sa1,1
2128,N79888 /1 undetected,output,,N79888,N79888,1,undetected,N79888,N79888,N79888,sa1,1
2129,N108656 /1 undetected,output,,N108656,N108656,1,undetected,N108656,N108656,N108656,sa1,1
2130,N108496 /1 undetected,output,,N108496,N108496,1,undetected,N108496,N108496,N108496,sa1,1
2131,N108830 /1 undetected,output,,N108830,N108830,1,undetected,N108830,N108830,N108830,sa1,1
2132,N109382 /1 undetected,output,,N109382,N109382,1,undetected,N109382,N109382,N109382,sa1,1
2133,N89101 /1 undetected,output,,N89101,N89101,1,undetected,N89101,N89101,N89101,sa1,1
2134,N45881 /1 undetected,output,,N45881,N45881,1,undetected,N45881,N45881,N45881,sa1,1
2135,N117923 /1 undetected,output,,N117923,N117923,1,undetected,N117923,N117923,N117923,sa1,1
2136,N89036 /1 undetected,output,,N89036,N89036,1,undetected,N89036,N89036,N89036,sa1,1
2137,N117922 /1 undetected,output,,N117922,N117922,1,undetected,N117922,N117922,N117922,sa1,1
2138,N80613 /1 undetected,output,,N80613,N80613,1,undetected,N80613,N80613,N80613,sa1,1
2139,N107494 /1 undetected,output,,N107494,N107494,1,undetected,N107494,N107494,N107494,sa1,1
2140,N45869 /1 undetected,output,,N45869,N45869,1,undetected,N45869,N45869,N45869,sa1,1
2141,N91843 /1 undetected,output,,N91843,N91843,1,undetected,N91843,N91843,N91843,sa1,1
2142,N117870 /1 undetected,output,,N117870,N117870,1,undetected,N117870,N117870,N117870,sa1,1
2143,N90232 /1 undetected,output,,N90232,N90232,1,undetected,N90232,N90232,N90232,sa1,1
2144,N45864 /1 undetected,output,,N45864,N45864,1,undetected,N45864,N45864,N45864,sa1,1
2145,N45862 /1 undetected,output,,N45862,N45862,1,undetected,N45862,N45862,N45862,sa1,1
2146,N45861 /1 undetected,output,,N45861,N45861,1,undetected,N45861,N45861,N45861,sa1,1
2147,N84618 /1 undetected,output,,N84618,N84618,1,undetected,N84618,N84618,N84618,sa1,1
2148,N45846 /1 undetected,output,,N45846,N45846,1,undetected,N45846,N45846,N45846,sa1,1
2149,N45844 /1 undetected,output,,N45844,N45844,1,undetected,N45844,N45844,N45844,sa1,1
2150,N45843 /1 undetected,output,,N45843,N45843,1,undetected,N45843,N45843,N45843,sa1,1
2151,N84778 /1 undetected,output,,N84778,N84778,1,undetected,N84778,N84778,N84778,sa1,1
2152,N45841 /1 undetected,output,,N45841,N45841,1,undetected,N45841,N45841,N45841,sa1,1
2153,N117865 /1 undetected,output,,N117865,N117865,1,undetected,N117865,N117865,N117865,sa1,1
2154,N109323 /1 undetected,output,,N109323,N109323,1,undetected,N109323,N109323,N109323,sa1,1
2155,N45840 /1 undetected,output,,N45840,N45840,1,undetected,N45840,N45840,N45840,sa1,1
2156,N112470 /1 undetected,output,,N112470,N112470,1,undetected,N112470,N112470,N112470,sa1,1
2157,N45838 /1 undetected,output,,N45838,N45838,1,undetected,N45838,N45838,N45838,sa1,1
2158,N81994 /1 undetected,output,,N81994,N81994,1,undetected,N81994,N81994,N81994,sa1,1
2159,N79401 /1 undetected,output,,N79401,N79401,1,undetected,N79401,N79401,N79401,sa1,1
2160,N45837 /1 undetected,output,,N45837,N45837,1,undetected,N45837,N45837,N45837,sa1,1
2161,N45835 /1 undetected,output,,N45835,N45835,1,undetected,N45835,N45835,N45835,sa1,1
2162,N114042 /1 undetected,output,,N114042,N114042,1,undetected,N114042,N114042,N114042,sa1,1
2163,N45834 /1 undetected,output,,N45834,N45834,1,undetected,N45834,N45834,N45834,sa1,1
2164,N109306 /1 undetected,output,,N109306,N109306,1,undetected,N109306,N109306,N109306,sa1,1
2165,N79400 /1 undetected,output,,N79400,N79400,1,undetected,N79400,N79400,N79400,sa1,1
2166,N45832 /1 undetected,output,,N45832,N45832,1,undetected,N45832,N45832,N45832,sa1,1
2167,N109246 /1 undetected,output,,N109246,N109246,1,undetected,N109246,N109246,N109246,sa1,1
2168,N88344 /1 undetected,output,,N88344,N88344,1,undetected,N88344,N88344,N88344,sa1,1
2169,N45830 /1 undetected,output,,N45830,N45830,1,undetected,N45830,N45830,N45830,sa1,1
2170,N82004 /1 undetected,output,,N82004,N82004,1,undetected,N82004,N82004,N82004,sa1,1
2171,N45829 /1 undetected,output,,N45829,N45829,1,undetected,N45829,N45829,N45829,sa1,1
2172,N45827 /1 undetected,output,,N45827,N45827,1,undetected,N45827,N45827,N45827,sa1,1
2173,N74701 /1 undetected,output,,N74701,N74701,1,undetected,N74701,N74701,N74701,sa1,1
2174,N45826 /1 undetected,output,,N45826,N45826,1,undetected,N45826,N45826,N45826,sa1,1
2175,N92328 /1 undetected,output,,N92328,N92328,1,undetected,N92328,N92328,N92328,sa1,1
2176,N45824 /1 undetected,output,,N45824,N45824,1,undetected,N45824,N45824,N45824,sa1,1
2177,N79399 /1 undetected,output,,N79399,N79399,1,undetected,N79399,N79399,N79399,sa1,1
2178,N45823 /1 undetected,output,,N45823,N45823,1,undetected,N45823,N45823,N45823,sa1,1
2179,N117756 /1 undetected,output,,N117756,N117756,1,undetected,N117756,N117756,N117756,sa1,1
2180,N109189 /1 undetected,output,,N109189,N109189,1,undetected,N109189,N109189,N109189,sa1,1
2181,N45821 /1 undetected,output,,N45821,N45821,1,undetected,N45821,N45821,N45821,sa1,1
2182,N45819 /1 undetected,output,,N45819,N45819,1,undetected,N45819,N45819,N45819,sa1,1
2183,N109350 /1 undetected,output,,N109350,N109350,1,undetected,N109350,N109350,N109350,sa1,1
2184,N88343 /1 undetected,output,,N88343,N88343,1,undetected,N88343,N88343,N88343,sa1,1
2185,N45818 /1 undetected,output,,N45818,N45818,1,undetected,N45818,N45818,N45818,sa1,1
2186,N114041 /1 undetected,output,,N114041,N114041,1,undetected,N114041,N114041,N114041,sa1,1
2187,N108857 /1 undetected,output,,N108857,N108857,1,undetected,N108857,N108857,N108857,sa1,1
2188,N45859 /1 undetected,output,,N45859,N45859,1,undetected,N45859,N45859,N45859,sa1,1
2189,N97775 /1 undetected,output,,N97775,N97775,1,undetected,N97775,N97775,N97775,sa1,1
2190,N45857 /1 undetected,output,,N45857,N45857,1,undetected,N45857,N45857,N45857,sa1,1
2191,N45855 /1 undetected,output,,N45855,N45855,1,undetected,N45855,N45855,N45855,sa1,1
2192,N117866 /1 undetected,output,,N117866,N117866,1,undetected,N117866,N117866,N117866,sa1,1
2193,N109115 /1 undetected,output,,N109115,N109115,1,undetected,N109115,N109115,N109115,sa1,1
2194,N45853 /1 undetected,output,,N45853,N45853,1,undetected,N45853,N45853,N45853,sa1,1
2195,N45851 /1 undetected,output,,N45851,N45851,1,undetected,N45851,N45851,N45851,sa1,1
2196,N90229 /1 undetected,output,,N90229,N90229,1,undetected,N90229,N90229,N90229,sa1,1
2197,N45850 /1 undetected,output,,N45850,N45850,1,undetected,N45850,N45850,N45850,sa1,1
2198,N109205 /1 undetected,output,,N109205,N109205,1,undetected,N109205,N109205,N109205,sa1,1
2199,N79402 /1 undetected,output,,N79402,N79402,1,undetected,N79402,N79402,N79402,sa1,1
2200,N45848 /1 undetected,output,,N45848,N45848,1,undetected,N45848,N45848,N45848,sa1,1
2201,N109234 /1 undetected,output,,N109234,N109234,1,undetected,N109234,N109234,N109234,sa1,1
2202,N88345 /1 undetected,output,,N88345,N88345,1,undetected,N88345,N88345,N88345,sa1,1
2203,N80302 /1 undetected,output,,N80302,N80302,1,undetected,N80302,N80302,N80302,sa1,1
2204,N107523 /1 undetected,output,,N107523,N107523,1,undetected,N107523,N107523,N107523,sa1,1
2205,N89008 /1 undetected,output,,N89008,N89008,1,undetected,N89008,N89008,N89008,sa1,1
2206,N80582 /1 undetected,output,,N80582,N80582,1,undetected,N80582,N80582,N80582,sa1,1
2207,N109605 /1 undetected,output,,N109605,N109605,1,undetected,N109605,N109605,N109605,sa1,1
2208,N109392 /1 undetected,output,,N109392,N109392,1,undetected,N109392,N109392,N109392,sa1,1
2209,N80677 /1 undetected,output,,N80677,N80677,1,undetected,N80677,N80677,N80677,sa1,1
2210,N80022 /1 undetected,output,,N80022,N80022,1,undetected,N80022,N80022,N80022,sa1,1
2211,N89381 /1 undetected,output,,N89381,N89381,1,undetected,N89381,N89381,N89381,sa1,1
2212,N80991 /1 undetected,output,,N80991,N80991,1,undetected,N80991,N80991,N80991,sa1,1
2213,N111743 /1 undetected,output,,N111743,N111743,1,undetected,N111743,N111743,N111743,sa1,1
2214,N107123 /1 undetected,output,,N107123,N107123,1,undetected,N107123,N107123,N107123,sa1,1
2215,N107163 /1 undetected,output,,N107163,N107163,1,undetected,N107163,N107163,N107163,sa1,1
2216,N79769 /1 undetected,output,,N79769,N79769,1,undetected,N79769,N79769,N79769,sa1,1
2217,N111406 /1 undetected,output,,N111406,N111406,1,undetected,N111406,N111406,N111406,sa1,1
2218,N107047 /1 undetected,output,,N107047,N107047,1,undetected,N107047,N107047,N107047,sa1,1
2219,N107074 /1 undetected,output,,N107074,N107074,1,undetected,N107074,N107074,N107074,sa1,1
2220,N106377 /1 undetected,output,,N106377,N106377,1,undetected,N106377,N106377,N106377,sa1,1
2221,N81162 /1 undetected,output,,N81162,N81162,1,undetected,N81162,N81162,N81162,sa1,1
2222,N89542 /1 undetected,output,,N89542,N89542,1,undetected,N89542,N89542,N89542,sa1,1
2223,N106415 /1 undetected,output,,N106415,N106415,1,undetected,N106415,N106415,N106415,sa1,1
2224,N89541 /1 undetected,output,,N89541,N89541,1,undetected,N89541,N89541,N89541,sa1,1
2225,N81161 /1 undetected,output,,N81161,N81161,1,undetected,N81161,N81161,N81161,sa1,1
2226,N79685 /1 undetected,output,,N79685,N79685,1,undetected,N79685,N79685,N79685,sa1,1
2227,N109968 /1 undetected,output,,N109968,N109968,1,undetected,N109968,N109968,N109968,sa1,1
2228,N81235 /1 undetected,output,,N81235,N81235,1,undetected,N81235,N81235,N81235,sa1,1
2229,N89612 /1 undetected,output,,N89612,N89612,1,undetected,N89612,N89612,N89612,sa1,1
2230,N109984 /1 undetected,output,,N109984,N109984,1,undetected,N109984,N109984,N109984,sa1,1
2231,N89611 /1 undetected,output,,N89611,N89611,1,undetected,N89611,N89611,N89611,sa1,1
2232,N81234 /1 undetected,output,,N81234,N81234,1,undetected,N81234,N81234,N81234,sa1,1
2233,N111157 /1 undetected,output,,N111157,N111157,1,undetected,N111157,N111157,N111157,sa1,1
2234,N117772 /1 undetected,output,,N117772,N117772,1,undetected,N117772,N117772,N117772,sa1,1
2235,N81160 /1 undetected,output,,N81160,N81160,1,undetected,N81160,N81160,N81160,sa1,1
2236,N89539 /1 undetected,output,,N89539,N89539,1,undetected,N89539,N89539,N89539,sa1,1
2237,N110049 /1 undetected,output,,N110049,N110049,1,undetected,N110049,N110049,N110049,sa1,1
2238,N94892 /1 undetected,output,,N94892,N94892,1,undetected,N94892,N94892,N94892,sa1,1
2239,N89927 /1 undetected,output,,N89927,N89927,1,undetected,N89927,N89927,N89927,sa1,1
2240,N81681 /1 undetected,output,,N81681,N81681,1,undetected,N81681,N81681,N81681,sa1,1
2241,N81592 /1 undetected,output,,N81592,N81592,1,undetected,N81592,N81592,N81592,sa1,1
2242,N110703 /1 undetected,output,,N110703,N110703,1,undetected,N110703,N110703,N110703,sa1,1
2243,N110526 /1 undetected,output,,N110526,N110526,1,undetected,N110526,N110526,N110526,sa1,1
2244,N110422 /1 undetected,output,,N110422,N110422,1,undetected,N110422,N110422,N110422,sa1,1
2245,N110779 /1 undetected,output,,N110779,N110779,1,undetected,N110779,N110779,N110779,sa1,1
2246,N89918 /1 undetected,output,,N89918,N89918,1,undetected,N89918,N89918,N89918,sa1,1
2247,N110778 /1 undetected,output,,N110778,N110778,1,undetected,N110778,N110778,N110778,sa1,1
2248,N110421 /1 undetected,output,,N110421,N110421,1,undetected,N110421,N110421,N110421,sa1,1
2249,N110525 /1 undetected,output,,N110525,N110525,1,undetected,N110525,N110525,N110525,sa1,1
2250,N110702 /1 undetected,output,,N110702,N110702,1,undetected,N110702,N110702,N110702,sa1,1
2251,N95058 /1 undetected,output,,N95058,N95058,1,undetected,N95058,N95058,N95058,sa1,1
2252,N95057 /1 undetected,output,,N95057,N95057,1,undetected,N95057,N95057,N95057,sa1,1
2253,N94891 /1 undetected,output,,N94891,N94891,1,undetected,N94891,N94891,N94891,sa1,1
2254,N81680 /1 undetected,output,,N81680,N81680,1,undetected,N81680,N81680,N81680,sa1,1
2255,N89917 /1 undetected,output,,N89917,N89917,1,undetected,N89917,N89917,N89917,sa1,1
2256,N110420 /1 undetected,output,,N110420,N110420,1,undetected,N110420,N110420,N110420,sa1,1
2257,N110777 /1 undetected,output,,N110777,N110777,1,undetected,N110777,N110777,N110777,sa1,1
2258,N110524 /1 undetected,output,,N110524,N110524,1,undetected,N110524,N110524,N110524,sa1,1
2259,N81591 /1 undetected,output,,N81591,N81591,1,undetected,N81591,N81591,N81591,sa1,1
2260,N110523 /1 undetected,output,,N110523,N110523,1,undetected,N110523,N110523,N110523,sa1,1
2261,N110701 /1 undetected,output,,N110701,N110701,1,undetected,N110701,N110701,N110701,sa1,1
2262,N110419 /1 undetected,output,,N110419,N110419,1,undetected,N110419,N110419,N110419,sa1,1
2263,N111531 /1 undetected,output,,N111531,N111531,1,undetected,N111531,N111531,N111531,sa1,1
2264,N109959 /1 undetected,output,,N109959,N109959,1,undetected,N109959,N109959,N109959,sa1,1
2265,N109792 /1 undetected,output,,N109792,N109792,1,undetected,N109792,N109792,N109792,sa1,1
2266,N106425 /1 undetected,output,,N106425,N106425,1,undetected,N106425,N106425,N106425,sa1,1
2267,N89563 /1 undetected,output,,N89563,N89563,1,undetected,N89563,N89563,N89563,sa1,1
2268,N81182 /1 undetected,output,,N81182,N81182,1,undetected,N81182,N81182,N81182,sa1,1
2269,N111376 /1 undetected,output,,N111376,N111376,1,undetected,N111376,N111376,N111376,sa1,1
2270,N111416 /1 undetected,output,,N111416,N111416,1,undetected,N111416,N111416,N111416,sa1,1
2271,N107054 /1 undetected,output,,N107054,N107054,1,undetected,N107054,N107054,N107054,sa1,1
2272,N107081 /1 undetected,output,,N107081,N107081,1,undetected,N107081,N107081,N107081,sa1,1
2273,N106387 /1 undetected,output,,N106387,N106387,1,undetected,N106387,N106387,N106387,sa1,1
2274,N81183 /1 undetected,output,,N81183,N81183,1,undetected,N81183,N81183,N81183,sa1,1
2275,N89564 /1 undetected,output,,N89564,N89564,1,undetected,N89564,N89564,N89564,sa1,1
2276,N54428 /1 undetected,output,,N54428,N54428,1,undetected,N54428,N54428,N54428,sa1,1
2277,N88536 /1 undetected,output,,N88536,N88536,1,undetected,N88536,N88536,N88536,sa1,1
2278,N79706 /1 undetected,output,,N79706,N79706,1,undetected,N79706,N79706,N79706,sa1,1
2279,N109972 /1 undetected,output,,N109972,N109972,1,undetected,N109972,N109972,N109972,sa1,1
2280,N89620 /1 undetected,output,,N89620,N89620,1,undetected,N89620,N89620,N89620,sa1,1
2281,N81243 /1 undetected,output,,N81243,N81243,1,undetected,N81243,N81243,N81243,sa1,1
2282,N109988 /1 undetected,output,,N109988,N109988,1,undetected,N109988,N109988,N109988,sa1,1
2283,N81242 /1 undetected,output,,N81242,N81242,1,undetected,N81242,N81242,N81242,sa1,1
2284,N89619 /1 undetected,output,,N89619,N89619,1,undetected,N89619,N89619,N89619,sa1,1
2285,N111161 /1 undetected,output,,N111161,N111161,1,undetected,N111161,N111161,N111161,sa1,1
2286,N110940 /1 undetected,output,,N110940,N110940,1,undetected,N110940,N110940,N110940,sa1,1
2287,N111003 /1 undetected,output,,N111003,N111003,1,undetected,N111003,N111003,N111003,sa1,1
2288,N79597 /1 undetected,output,,N79597,N79597,1,undetected,N79597,N79597,N79597,sa1,1
2289,N110829 /1 undetected,output,,N110829,N110829,1,undetected,N110829,N110829,N110829,sa1,1
2290,N110067 /1 undetected,output,,N110067,N110067,1,undetected,N110067,N110067,N110067,sa1,1
2291,N110142 /1 undetected,output,,N110142,N110142,1,undetected,N110142,N110142,N110142,sa1,1
2292,N111002 /1 undetected,output,,N111002,N111002,1,undetected,N111002,N111002,N111002,sa1,1
2293,N110939 /1 undetected,output,,N110939,N110939,1,undetected,N110939,N110939,N110939,sa1,1
2294,N4071 /1 undetected,output,,N4071,N4071,1,undetected,N4071,N4071,N4071,sa1,1
2295,N83852 /1 undetected,output,,N83852,N83852,1,undetected,N83852,N83852,N83852,sa1,1
2296,N4062 /1 undetected,output,,N4062,N4062,1,undetected,N4062,N4062,N4062,sa1,1
2297,N74525 /1 undetected,output,,N74525,N74525,1,undetected,N74525,N74525,N74525,sa1,1
2298,N84376 /1 undetected,output,,N84376,N84376,1,undetected,N84376,N84376,N84376,sa1,1
2299,N84339 /1 undetected,output,,N84339,N84339,1,undetected,N84339,N84339,N84339,sa1,1
2300,N4017 /1 undetected,output,,N4017,N4017,1,undetected,N4017,N4017,N4017,sa1,1
2301,N85344 /1 undetected,output,,N85344,N85344,1,undetected,N85344,N85344,N85344,sa1,1
2302,N4016 /1 undetected,output,,N4016,N4016,1,undetected,N4016,N4016,N4016,sa1,1
2303,N96628 /1 undetected,output,,N96628,N96628,1,undetected,N96628,N96628,N96628,sa1,1
2304,N74901 /1 undetected,output,,N74901,N74901,1,undetected,N74901,N74901,N74901,sa1,1
2305,N74921 /1 undetected,output,,N74921,N74921,1,undetected,N74921,N74921,N74921,sa1,1
2306,N84877 /1 undetected,output,,N84877,N84877,1,undetected,N84877,N84877,N84877,sa1,1
2307,N84849 /1 undetected,output,,N84849,N84849,1,undetected,N84849,N84849,N84849,sa1,1
2308,N74920 /1 undetected,output,,N74920,N74920,1,undetected,N74920,N74920,N74920,sa1,1
2309,N84876 /1 undetected,output,,N84876,N84876,1,undetected,N84876,N84876,N84876,sa1,1
2310,N74945 /1 undetected,output,,N74945,N74945,1,undetected,N74945,N74945,N74945,sa1,1
2311,N91739 /1 undetected,output,,N91739,N91739,1,undetected,N91739,N91739,N91739,sa1,1
2312,N91687 /1 undetected,output,,N91687,N91687,1,undetected,N91687,N91687,N91687,sa1,1
2313,N84902 /1 undetected,output,,N84902,N84902,1,undetected,N84902,N84902,N84902,sa1,1
2314,N84957 /1 undetected,output,,N84957,N84957,1,undetected,N84957,N84957,N84957,sa1,1
2315,N75065 /1 undetected,output,,N75065,N75065,1,undetected,N75065,N75065,N75065,sa1,1
2316,N85044 /1 undetected,output,,N85044,N85044,1,undetected,N85044,N85044,N85044,sa1,1
2317,N92415 /1 undetected,output,,N92415,N92415,1,undetected,N92415,N92415,N92415,sa1,1
2318,N92344 /1 undetected,output,,N92344,N92344,1,undetected,N92344,N92344,N92344,sa1,1
2319,N85122 /1 undetected,output,,N85122,N85122,1,undetected,N85122,N85122,N85122,sa1,1
2320,N3946 /1 undetected,output,,N3946,N3946,1,undetected,N3946,N3946,N3946,sa1,1
2321,N95861 /1 undetected,output,,N95861,N95861,1,undetected,N95861,N95861,N95861,sa1,1
2322,N3944 /1 undetected,output,,N3944,N3944,1,undetected,N3944,N3944,N3944,sa1,1
2323,N3942 /1 undetected,output,,N3942,N3942,1,undetected,N3942,N3942,N3942,sa1,1
2324,N95922 /1 undetected,output,,N95922,N95922,1,undetected,N95922,N95922,N95922,sa1,1
2325,N85343 /1 undetected,output,,N85343,N85343,1,undetected,N85343,N85343,N85343,sa1,1
2326,N3941 /1 undetected,output,,N3941,N3941,1,undetected,N3941,N3941,N3941,sa1,1
2327,N86580 /1 undetected,output,,N86580,N86580,1,undetected,N86580,N86580,N86580,sa1,1
2328,N3939 /1 undetected,output,,N3939,N3939,1,undetected,N3939,N3939,N3939,sa1,1
2329,N3937 /1 undetected,output,,N3937,N3937,1,undetected,N3937,N3937,N3937,sa1,1
2330,N3935 /1 undetected,output,,N3935,N3935,1,undetected,N3935,N3935,N3935,sa1,1
2331,N95893 /1 undetected,output,,N95893,N95893,1,undetected,N95893,N95893,N95893,sa1,1
2332,N3934 /1 undetected,output,,N3934,N3934,1,undetected,N3934,N3934,N3934,sa1,1
2333,N92243 /1 undetected,output,,N92243,N92243,1,undetected,N92243,N92243,N92243,sa1,1
2334,N3932 /1 undetected,output,,N3932,N3932,1,undetected,N3932,N3932,N3932,sa1,1
2335,N94662 /1 undetected,output,,N94662,N94662,1,undetected,N94662,N94662,N94662,sa1,1
2336,N3931 /1 undetected,output,,N3931,N3931,1,undetected,N3931,N3931,N3931,sa1,1
2337,N3930 /1 undetected,output,,N3930,N3930,1,undetected,N3930,N3930,N3930,sa1,1
2338,N85786 /1 undetected,output,,N85786,N85786,1,undetected,N85786,N85786,N85786,sa1,1
2339,N85266 /1 undetected,output,,N85266,N85266,1,undetected,N85266,N85266,N85266,sa1,1
2340,N3929 /1 undetected,output,,N3929,N3929,1,undetected,N3929,N3929,N3929,sa1,1
2341,N86702 /1 undetected,output,,N86702,N86702,1,undetected,N86702,N86702,N86702,sa1,1
2342,N76237 /1 undetected,output,,N76237,N76237,1,undetected,N76237,N76237,N76237,sa1,1
2343,N3927 /1 undetected,output,,N3927,N3927,1,undetected,N3927,N3927,N3927,sa1,1
2344,N96552 /1 undetected,output,,N96552,N96552,1,undetected,N96552,N96552,N96552,sa1,1
2345,N94653 /1 undetected,output,,N94653,N94653,1,undetected,N94653,N94653,N94653,sa1,1
2346,N3925 /1 undetected,output,,N3925,N3925,1,undetected,N3925,N3925,N3925,sa1,1
2347,N96567 /1 undetected,output,,N96567,N96567,1,undetected,N96567,N96567,N96567,sa1,1
2348,N3923 /1 undetected,output,,N3923,N3923,1,undetected,N3923,N3923,N3923,sa1,1
2349,N95916 /1 undetected,output,,N95916,N95916,1,undetected,N95916,N95916,N95916,sa1,1
2350,N3922 /1 undetected,output,,N3922,N3922,1,undetected,N3922,N3922,N3922,sa1,1
2351,N94661 /1 undetected,output,,N94661,N94661,1,undetected,N94661,N94661,N94661,sa1,1
2352,N75273 /1 undetected,output,,N75273,N75273,1,undetected,N75273,N75273,N75273,sa1,1
2353,N84414 /1 undetected,output,,N84414,N84414,1,undetected,N84414,N84414,N84414,sa1,1
2354,N74597 /1 undetected,output,,N74597,N74597,1,undetected,N74597,N74597,N74597,sa1,1
2355,N74716 /1 undetected,output,,N74716,N74716,1,undetected,N74716,N74716,N74716,sa1,1
2356,N92414 /1 undetected,output,,N92414,N92414,1,undetected,N92414,N92414,N92414,sa1,1
2357,N84459 /1 undetected,output,,N84459,N84459,1,undetected,N84459,N84459,N84459,sa1,1
2358,N84647 /1 undetected,output,,N84647,N84647,1,undetected,N84647,N84647,N84647,sa1,1
2359,N96458 /1 undetected,output,,N96458,N96458,1,undetected,N96458,N96458,N96458,sa1,1
2360,N3853 /1 undetected,output,,N3853,N3853,1,undetected,N3853,N3853,N3853,sa1,1
2361,N96022 /1 undetected,output,,N96022,N96022,1,undetected,N96022,N96022,N96022,sa1,1
2362,N76381 /1 undetected,output,,N76381,N76381,1,undetected,N76381,N76381,N76381,sa1,1
2363,N3852 /1 undetected,output,,N3852,N3852,1,undetected,N3852,N3852,N3852,sa1,1
2364,N3848 /1 undetected,output,,N3848,N3848,1,undetected,N3848,N3848,N3848,sa1,1
2365,N96428 /1 undetected,output,,N96428,N96428,1,undetected,N96428,N96428,N96428,sa1,1
2366,N3846 /1 undetected,output,,N3846,N3846,1,undetected,N3846,N3846,N3846,sa1,1
2367,N96080 /1 undetected,output,,N96080,N96080,1,undetected,N96080,N96080,N96080,sa1,1
2368,N86284 /1 undetected,output,,N86284,N86284,1,undetected,N86284,N86284,N86284,sa1,1
2369,N3845 /1 undetected,output,,N3845,N3845,1,undetected,N3845,N3845,N3845,sa1,1
2370,N3843 /1 undetected,output,,N3843,N3843,1,undetected,N3843,N3843,N3843,sa1,1
2371,N96036 /1 undetected,output,,N96036,N96036,1,undetected,N96036,N96036,N96036,sa1,1
2372,N3841 /1 undetected,output,,N3841,N3841,1,undetected,N3841,N3841,N3841,sa1,1
2373,N96079 /1 undetected,output,,N96079,N96079,1,undetected,N96079,N96079,N96079,sa1,1
2374,N76580 /1 undetected,output,,N76580,N76580,1,undetected,N76580,N76580,N76580,sa1,1
2375,N3839 /1 undetected,output,,N3839,N3839,1,undetected,N3839,N3839,N3839,sa1,1
2376,N95925 /1 undetected,output,,N95925,N95925,1,undetected,N95925,N95925,N95925,sa1,1
2377,N86159 /1 undetected,output,,N86159,N86159,1,undetected,N86159,N86159,N86159,sa1,1
2378,N3834 /1 undetected,output,,N3834,N3834,1,undetected,N3834,N3834,N3834,sa1,1
2379,N3831 /1 undetected,output,,N3831,N3831,1,undetected,N3831,N3831,N3831,sa1,1
2380,N96533 /1 undetected,output,,N96533,N96533,1,undetected,N96533,N96533,N96533,sa1,1
2381,N3829 /1 undetected,output,,N3829,N3829,1,undetected,N3829,N3829,N3829,sa1,1
2382,N3828 /1 undetected,output,,N3828,N3828,1,undetected,N3828,N3828,N3828,sa1,1
2383,N3826 /1 undetected,output,,N3826,N3826,1,undetected,N3826,N3826,N3826,sa1,1
2384,N86663 /1 undetected,output,,N86663,N86663,1,undetected,N86663,N86663,N86663,sa1,1
2385,N3825 /1 undetected,output,,N3825,N3825,1,undetected,N3825,N3825,N3825,sa1,1
2386,N3823 /1 undetected,output,,N3823,N3823,1,undetected,N3823,N3823,N3823,sa1,1
2387,N94642 /1 undetected,output,,N94642,N94642,1,undetected,N94642,N94642,N94642,sa1,1
2388,N3820 /1 undetected,output,,N3820,N3820,1,undetected,N3820,N3820,N3820,sa1,1
2389,N96528 /1 undetected,output,,N96528,N96528,1,undetected,N96528,N96528,N96528,sa1,1
2390,N3712 /1 undetected,output,,N3712,N3712,1,undetected,N3712,N3712,N3712,sa1,1
2391,N96531 /1 undetected,output,,N96531,N96531,1,undetected,N96531,N96531,N96531,sa1,1
2392,N96529 /1 undetected,output,,N96529,N96529,1,undetected,N96529,N96529,N96529,sa1,1
2393,N3822 /1 undetected,output,,N3822,N3822,1,undetected,N3822,N3822,N3822,sa1,1
2394,N96519 /1 undetected,output,,N96519,N96519,1,undetected,N96519,N96519,N96519,sa1,1
2395,N3808 /1 undetected,output,,N3808,N3808,1,undetected,N3808,N3808,N3808,sa1,1
2396,N3818 /1 undetected,output,,N3818,N3818,1,undetected,N3818,N3818,N3818,sa1,1
2397,N3816 /1 undetected,output,,N3816,N3816,1,undetected,N3816,N3816,N3816,sa1,1
2398,N3814 /1 undetected,output,,N3814,N3814,1,undetected,N3814,N3814,N3814,sa1,1
2399,N94649 /1 undetected,output,,N94649,N94649,1,undetected,N94649,N94649,N94649,sa1,1
2400,N3812 /1 undetected,output,,N3812,N3812,1,undetected,N3812,N3812,N3812,sa1,1
2401,N96518 /1 undetected,output,,N96518,N96518,1,undetected,N96518,N96518,N96518,sa1,1
2402,N3810 /1 undetected,output,,N3810,N3810,1,undetected,N3810,N3810,N3810,sa1,1
2403,N96550 /1 undetected,output,,N96550,N96550,1,undetected,N96550,N96550,N96550,sa1,1
2404,N76630 /1 undetected,output,,N76630,N76630,1,undetected,N76630,N76630,N76630,sa1,1
2405,N3672 /1 undetected,output,,N3672,N3672,1,undetected,N3672,N3672,N3672,sa1,1
2406,N96416 /1 undetected,output,,N96416,N96416,1,undetected,N96416,N96416,N96416,sa1,1
2407,N3670 /1 undetected,output,,N3670,N3670,1,undetected,N3670,N3670,N3670,sa1,1
2408,N96482 /1 undetected,output,,N96482,N96482,1,undetected,N96482,N96482,N96482,sa1,1
2409,N3668 /1 undetected,output,,N3668,N3668,1,undetected,N3668,N3668,N3668,sa1,1
2410,N96484 /1 undetected,output,,N96484,N96484,1,undetected,N96484,N96484,N96484,sa1,1
2411,N3666 /1 undetected,output,,N3666,N3666,1,undetected,N3666,N3666,N3666,sa1,1
2412,N96507 /1 undetected,output,,N96507,N96507,1,undetected,N96507,N96507,N96507,sa1,1
2413,N96471 /1 undetected,output,,N96471,N96471,1,undetected,N96471,N96471,N96471,sa1,1
2414,N3806 /1 undetected,output,,N3806,N3806,1,undetected,N3806,N3806,N3806,sa1,1
2415,N96527 /1 undetected,output,,N96527,N96527,1,undetected,N96527,N96527,N96527,sa1,1
2416,N3804 /1 undetected,output,,N3804,N3804,1,undetected,N3804,N3804,N3804,sa1,1
2417,N96532 /1 undetected,output,,N96532,N96532,1,undetected,N96532,N96532,N96532,sa1,1
2418,N3802 /1 undetected,output,,N3802,N3802,1,undetected,N3802,N3802,N3802,sa1,1
2419,N3800 /1 undetected,output,,N3800,N3800,1,undetected,N3800,N3800,N3800,sa1,1
2420,N96530 /1 undetected,output,,N96530,N96530,1,undetected,N96530,N96530,N96530,sa1,1
2421,N76629 /1 undetected,output,,N76629,N76629,1,undetected,N76629,N76629,N76629,sa1,1
2422,N3720 /1 undetected,output,,N3720,N3720,1,undetected,N3720,N3720,N3720,sa1,1
2423,N96414 /1 undetected,output,,N96414,N96414,1,undetected,N96414,N96414,N96414,sa1,1
2424,N3718 /1 undetected,output,,N3718,N3718,1,undetected,N3718,N3718,N3718,sa1,1
2425,N96522 /1 undetected,output,,N96522,N96522,1,undetected,N96522,N96522,N96522,sa1,1
2426,N3716 /1 undetected,output,,N3716,N3716,1,undetected,N3716,N3716,N3716,sa1,1
2427,N84290 /1 undetected,output,,N84290,N84290,1,undetected,N84290,N84290,N84290,sa1,1
2428,N3714 /1 undetected,output,,N3714,N3714,1,undetected,N3714,N3714,N3714,sa1,1
2429,N96526 /1 undetected,output,,N96526,N96526,1,undetected,N96526,N96526,N96526,sa1,1
2430,N96468 /1 undetected,output,,N96468,N96468,1,undetected,N96468,N96468,N96468,sa1,1
2431,N3798 /1 undetected,output,,N3798,N3798,1,undetected,N3798,N3798,N3798,sa1,1
2432,N3796 /1 undetected,output,,N3796,N3796,1,undetected,N3796,N3796,N3796,sa1,1
2433,N95891 /1 undetected,output,,N95891,N95891,1,undetected,N95891,N95891,N95891,sa1,1
2434,N3795 /1 undetected,output,,N3795,N3795,1,undetected,N3795,N3795,N3795,sa1,1
2435,N76236 /1 undetected,output,,N76236,N76236,1,undetected,N76236,N76236,N76236,sa1,1
2436,N3793 /1 undetected,output,,N3793,N3793,1,undetected,N3793,N3793,N3793,sa1,1
2437,N3791 /1 undetected,output,,N3791,N3791,1,undetected,N3791,N3791,N3791,sa1,1
2438,N96400 /1 undetected,output,,N96400,N96400,1,undetected,N96400,N96400,N96400,sa1,1
2439,N3789 /1 undetected,output,,N3789,N3789,1,undetected,N3789,N3789,N3789,sa1,1
2440,N77143 /1 undetected,output,,N77143,N77143,1,undetected,N77143,N77143,N77143,sa1,1
2441,N3755 /1 undetected,output,,N3755,N3755,1,undetected,N3755,N3755,N3755,sa1,1
2442,N96456 /1 undetected,output,,N96456,N96456,1,undetected,N96456,N96456,N96456,sa1,1
2443,N3753 /1 undetected,output,,N3753,N3753,1,undetected,N3753,N3753,N3753,sa1,1
2444,N77164 /1 undetected,output,,N77164,N77164,1,undetected,N77164,N77164,N77164,sa1,1
2445,N3751 /1 undetected,output,,N3751,N3751,1,undetected,N3751,N3751,N3751,sa1,1
2446,N84291 /1 undetected,output,,N84291,N84291,1,undetected,N84291,N84291,N84291,sa1,1
2447,N3749 /1 undetected,output,,N3749,N3749,1,undetected,N3749,N3749,N3749,sa1,1
2448,N96546 /1 undetected,output,,N96546,N96546,1,undetected,N96546,N96546,N96546,sa1,1
2449,N96444 /1 undetected,output,,N96444,N96444,1,undetected,N96444,N96444,N96444,sa1,1
2450,N3788 /1 undetected,output,,N3788,N3788,1,undetected,N3788,N3788,N3788,sa1,1
2451,N86686 /1 undetected,output,,N86686,N86686,1,undetected,N86686,N86686,N86686,sa1,1
2452,N3786 /1 undetected,output,,N3786,N3786,1,undetected,N3786,N3786,N3786,sa1,1
2453,N96451 /1 undetected,output,,N96451,N96451,1,undetected,N96451,N96451,N96451,sa1,1
2454,N3769 /1 undetected,output,,N3769,N3769,1,undetected,N3769,N3769,N3769,sa1,1
2455,N96432 /1 undetected,output,,N96432,N96432,1,undetected,N96432,N96432,N96432,sa1,1
2456,N3767 /1 undetected,output,,N3767,N3767,1,undetected,N3767,N3767,N3767,sa1,1
2457,N84293 /1 undetected,output,,N84293,N84293,1,undetected,N84293,N84293,N84293,sa1,1
2458,N3765 /1 undetected,output,,N3765,N3765,1,undetected,N3765,N3765,N3765,sa1,1
2459,N96544 /1 undetected,output,,N96544,N96544,1,undetected,N96544,N96544,N96544,sa1,1
2460,N96445 /1 undetected,output,,N96445,N96445,1,undetected,N96445,N96445,N96445,sa1,1
2461,N3784 /1 undetected,output,,N3784,N3784,1,undetected,N3784,N3784,N3784,sa1,1
2462,N86020 /1 undetected,output,,N86020,N86020,1,undetected,N86020,N86020,N86020,sa1,1
2463,N3782 /1 undetected,output,,N3782,N3782,1,undetected,N3782,N3782,N3782,sa1,1
2464,N3780 /1 undetected,output,,N3780,N3780,1,undetected,N3780,N3780,N3780,sa1,1
2465,N3778 /1 undetected,output,,N3778,N3778,1,undetected,N3778,N3778,N3778,sa1,1
2466,N77142 /1 undetected,output,,N77142,N77142,1,undetected,N77142,N77142,N77142,sa1,1
2467,N3747 /1 undetected,output,,N3747,N3747,1,undetected,N3747,N3747,N3747,sa1,1
2468,N86701 /1 undetected,output,,N86701,N86701,1,undetected,N86701,N86701,N86701,sa1,1
2469,N3745 /1 undetected,output,,N3745,N3745,1,undetected,N3745,N3745,N3745,sa1,1
2470,N3743 /1 undetected,output,,N3743,N3743,1,undetected,N3743,N3743,N3743,sa1,1
2471,N96399 /1 undetected,output,,N96399,N96399,1,undetected,N96399,N96399,N96399,sa1,1
2472,N3742 /1 undetected,output,,N3742,N3742,1,undetected,N3742,N3742,N3742,sa1,1
2473,N96368 /1 undetected,output,,N96368,N96368,1,undetected,N96368,N96368,N96368,sa1,1
2474,N3738 /1 undetected,output,,N3738,N3738,1,undetected,N3738,N3738,N3738,sa1,1
2475,N3740 /1 undetected,output,,N3740,N3740,1,undetected,N3740,N3740,N3740,sa1,1
2476,N96548 /1 undetected,output,,N96548,N96548,1,undetected,N96548,N96548,N96548,sa1,1
2477,N96383 /1 undetected,output,,N96383,N96383,1,undetected,N96383,N96383,N96383,sa1,1
2478,N3736 /1 undetected,output,,N3736,N3736,1,undetected,N3736,N3736,N3736,sa1,1
2479,N96122 /1 undetected,output,,N96122,N96122,1,undetected,N96122,N96122,N96122,sa1,1
2480,N3734 /1 undetected,output,,N3734,N3734,1,undetected,N3734,N3734,N3734,sa1,1
2481,N96545 /1 undetected,output,,N96545,N96545,1,undetected,N96545,N96545,N96545,sa1,1
2482,N96137 /1 undetected,output,,N96137,N96137,1,undetected,N96137,N96137,N96137,sa1,1
2483,N3777 /1 undetected,output,,N3777,N3777,1,undetected,N3777,N3777,N3777,sa1,1
2484,N3775 /1 undetected,output,,N3775,N3775,1,undetected,N3775,N3775,N3775,sa1,1
2485,N3774 /1 undetected,output,,N3774,N3774,1,undetected,N3774,N3774,N3774,sa1,1
2486,N86685 /1 undetected,output,,N86685,N86685,1,undetected,N86685,N86685,N86685,sa1,1
2487,N3773 /1 undetected,output,,N3773,N3773,1,undetected,N3773,N3773,N3773,sa1,1
2488,N96393 /1 undetected,output,,N96393,N96393,1,undetected,N96393,N96393,N96393,sa1,1
2489,N94660 /1 undetected,output,,N94660,N94660,1,undetected,N94660,N94660,N94660,sa1,1
2490,N3763 /1 undetected,output,,N3763,N3763,1,undetected,N3763,N3763,N3763,sa1,1
2491,N77165 /1 undetected,output,,N77165,N77165,1,undetected,N77165,N77165,N77165,sa1,1
2492,N3761 /1 undetected,output,,N3761,N3761,1,undetected,N3761,N3761,N3761,sa1,1
2493,N96406 /1 undetected,output,,N96406,N96406,1,undetected,N96406,N96406,N96406,sa1,1
2494,N3759 /1 undetected,output,,N3759,N3759,1,undetected,N3759,N3759,N3759,sa1,1
2495,N84292 /1 undetected,output,,N84292,N84292,1,undetected,N84292,N84292,N84292,sa1,1
2496,N3757 /1 undetected,output,,N3757,N3757,1,undetected,N3757,N3757,N3757,sa1,1
2497,N96543 /1 undetected,output,,N96543,N96543,1,undetected,N96543,N96543,N96543,sa1,1
2498,N96131 /1 undetected,output,,N96131,N96131,1,undetected,N96131,N96131,N96131,sa1,1
2499,N3771 /1 undetected,output,,N3771,N3771,1,undetected,N3771,N3771,N3771,sa1,1
2500,N96423 /1 undetected,output,,N96423,N96423,1,undetected,N96423,N96423,N96423,sa1,1
2501,N94652 /1 undetected,output,,N94652,N94652,1,undetected,N94652,N94652,N94652,sa1,1
2502,N3565 /1 undetected,output,,N3565,N3565,1,undetected,N3565,N3565,N3565,sa1,1
2503,N3563 /1 undetected,output,,N3563,N3563,1,undetected,N3563,N3563,N3563,sa1,1
2504,N96459 /1 undetected,output,,N96459,N96459,1,undetected,N96459,N96459,N96459,sa1,1
2505,N85341 /1 undetected,output,,N85341,N85341,1,undetected,N85341,N85341,N85341,sa1,1
2506,N3561 /1 undetected,output,,N3561,N3561,1,undetected,N3561,N3561,N3561,sa1,1
2507,N77107 /1 undetected,output,,N77107,N77107,1,undetected,N77107,N77107,N77107,sa1,1
2508,N3559 /1 undetected,output,,N3559,N3559,1,undetected,N3559,N3559,N3559,sa1,1
2509,N3557 /1 undetected,output,,N3557,N3557,1,undetected,N3557,N3557,N3557,sa1,1
2510,N3556 /1 undetected,output,,N3556,N3556,1,undetected,N3556,N3556,N3556,sa1,1
2511,N76233 /1 undetected,output,,N76233,N76233,1,undetected,N76233,N76233,N76233,sa1,1
2512,N3554 /1 undetected,output,,N3554,N3554,1,undetected,N3554,N3554,N3554,sa1,1
2513,N3512 /1 undetected,output,,N3512,N3512,1,undetected,N3512,N3512,N3512,sa1,1
2514,N96415 /1 undetected,output,,N96415,N96415,1,undetected,N96415,N96415,N96415,sa1,1
2515,N3510 /1 undetected,output,,N3510,N3510,1,undetected,N3510,N3510,N3510,sa1,1
2516,N3494 /1 undetected,output,,N3494,N3494,1,undetected,N3494,N3494,N3494,sa1,1
2517,N95913 /1 undetected,output,,N95913,N95913,1,undetected,N95913,N95913,N95913,sa1,1
2518,N3492 /1 undetected,output,,N3492,N3492,1,undetected,N3492,N3492,N3492,sa1,1
2519,N92536 /1 undetected,output,,N92536,N92536,1,undetected,N92536,N92536,N92536,sa1,1
2520,N92522 /1 undetected,output,,N92522,N92522,1,undetected,N92522,N92522,N92522,sa1,1
2521,N95757 /1 undetected,output,,N95757,N95757,1,undetected,N95757,N95757,N95757,sa1,1
2522,N3084 /1 undetected,output,,N3084,N3084,1,undetected,N3084,N3084,N3084,sa1,1
2523,N95785 /1 undetected,output,,N95785,N95785,1,undetected,N95785,N95785,N95785,sa1,1
2524,N3080 /1 undetected,output,,N3080,N3080,1,undetected,N3080,N3080,N3080,sa1,1
2525,N3078 /1 undetected,output,,N3078,N3078,1,undetected,N3078,N3078,N3078,sa1,1
2526,N95921 /1 undetected,output,,N95921,N95921,1,undetected,N95921,N95921,N95921,sa1,1
2527,N95898 /1 undetected,output,,N95898,N95898,1,undetected,N95898,N95898,N95898,sa1,1
2528,N94869 /1 undetected,output,,N94869,N94869,1,undetected,N94869,N94869,N94869,sa1,1
2529,N89924 /1 undetected,output,,N89924,N89924,1,undetected,N89924,N89924,N89924,sa1,1
2530,N81666 /1 undetected,output,,N81666,N81666,1,undetected,N81666,N81666,N81666,sa1,1
2531,N81581 /1 undetected,output,,N81581,N81581,1,undetected,N81581,N81581,N81581,sa1,1
2532,N110696 /1 undetected,output,,N110696,N110696,1,undetected,N110696,N110696,N110696,sa1,1
2533,N110512 /1 undetected,output,,N110512,N110512,1,undetected,N110512,N110512,N110512,sa1,1
2534,N110408 /1 undetected,output,,N110408,N110408,1,undetected,N110408,N110408,N110408,sa1,1
2535,N110772 /1 undetected,output,,N110772,N110772,1,undetected,N110772,N110772,N110772,sa1,1
2536,N89909 /1 undetected,output,,N89909,N89909,1,undetected,N89909,N89909,N89909,sa1,1
2537,N110773 /1 undetected,output,,N110773,N110773,1,undetected,N110773,N110773,N110773,sa1,1
2538,N110409 /1 undetected,output,,N110409,N110409,1,undetected,N110409,N110409,N110409,sa1,1
2539,N110513 /1 undetected,output,,N110513,N110513,1,undetected,N110513,N110513,N110513,sa1,1
2540,N110697 /1 undetected,output,,N110697,N110697,1,undetected,N110697,N110697,N110697,sa1,1
2541,N95052 /1 undetected,output,,N95052,N95052,1,undetected,N95052,N95052,N95052,sa1,1
2542,N77809 /1 undetected,output,,N77809,N77809,1,undetected,N77809,N77809,N77809,sa1,1
2543,N87129 /1 undetected,output,,N87129,N87129,1,undetected,N87129,N87129,N87129,sa1,1
2544,N95269 /1 undetected,output,,N95269,N95269,1,undetected,N95269,N95269,N95269,sa1,1
2545,N96699 /1 undetected,output,,N96699,N96699,1,undetected,N96699,N96699,N96699,sa1,1
2546,N98391 /1 undetected,output,,N98391,N98391,1,undetected,N98391,N98391,N98391,sa1,1
2547,N96673 /1 undetected,output,,N96673,N96673,1,undetected,N96673,N96673,N96673,sa1,1
2548,N8370 /1 undetected,output,,N8370,N8370,1,undetected,N8370,N8370,N8370,sa1,1
2549,N92739 /1 undetected,output,,N92739,N92739,1,undetected,N92739,N92739,N92739,sa1,1
2550,N91551 /1 undetected,output,,N91551,N91551,1,undetected,N91551,N91551,N91551,sa1,1
2551,N91516 /1 undetected,output,,N91516,N91516,1,undetected,N91516,N91516,N91516,sa1,1
2552,N74971 /1 undetected,output,,N74971,N74971,1,undetected,N74971,N74971,N74971,sa1,1
2553,N91768 /1 undetected,output,,N91768,N91768,1,undetected,N91768,N91768,N91768,sa1,1
2554,N91725 /1 undetected,output,,N91725,N91725,1,undetected,N91725,N91725,N91725,sa1,1
2555,N84928 /1 undetected,output,,N84928,N84928,1,undetected,N84928,N84928,N84928,sa1,1
2556,N75012 /1 undetected,output,,N75012,N75012,1,undetected,N75012,N75012,N75012,sa1,1
2557,N91674 /1 undetected,output,,N91674,N91674,1,undetected,N91674,N91674,N91674,sa1,1
2558,N74621 /1 undetected,output,,N74621,N74621,1,undetected,N74621,N74621,N74621,sa1,1
2559,N84484 /1 undetected,output,,N84484,N84484,1,undetected,N84484,N84484,N84484,sa1,1
2560,N98443 /1 undetected,output,,N98443,N98443,1,undetected,N98443,N98443,N98443,sa1,1
2561,N74739 /1 undetected,output,,N74739,N74739,1,undetected,N74739,N74739,N74739,sa1,1
2562,N98428 /1 undetected,output,,N98428,N98428,1,undetected,N98428,N98428,N98428,sa1,1
2563,N8442 /1 undetected,output,,N8442,N8442,1,undetected,N8442,N8442,N8442,sa1,1
2564,N97175 /1 undetected,output,,N97175,N97175,1,undetected,N97175,N97175,N97175,sa1,1
2565,N98340 /1 undetected,output,,N98340,N98340,1,undetected,N98340,N98340,N98340,sa1,1
2566,N98293 /1 undetected,output,,N98293,N98293,1,undetected,N98293,N98293,N98293,sa1,1
2567,N8440 /1 undetected,output,,N8440,N8440,1,undetected,N8440,N8440,N8440,sa1,1
2568,N8064 /1 undetected,output,,N8064,N8064,1,undetected,N8064,N8064,N8064,sa1,1
2569,N96993 /1 undetected,output,,N96993,N96993,1,undetected,N96993,N96993,N96993,sa1,1
2570,N8421 /1 undetected,output,,N8421,N8421,1,undetected,N8421,N8421,N8421,sa1,1
2571,N92364 /1 undetected,output,,N92364,N92364,1,undetected,N92364,N92364,N92364,sa1,1
2572,N74567 /1 undetected,output,,N74567,N74567,1,undetected,N74567,N74567,N74567,sa1,1
2573,N92439 /1 undetected,output,,N92439,N92439,1,undetected,N92439,N92439,N92439,sa1,1
2574,N8397 /1 undetected,output,,N8397,N8397,1,undetected,N8397,N8397,N8397,sa1,1
2575,N95270 /1 undetected,output,,N95270,N95270,1,undetected,N95270,N95270,N95270,sa1,1
2576,N96698 /1 undetected,output,,N96698,N96698,1,undetected,N96698,N96698,N96698,sa1,1
2577,N96672 /1 undetected,output,,N96672,N96672,1,undetected,N96672,N96672,N96672,sa1,1
2578,N92740 /1 undetected,output,,N92740,N92740,1,undetected,N92740,N92740,N92740,sa1,1
2579,N91550 /1 undetected,output,,N91550,N91550,1,undetected,N91550,N91550,N91550,sa1,1
2580,N91515 /1 undetected,output,,N91515,N91515,1,undetected,N91515,N91515,N91515,sa1,1
2581,N74970 /1 undetected,output,,N74970,N74970,1,undetected,N74970,N74970,N74970,sa1,1
2582,N91767 /1 undetected,output,,N91767,N91767,1,undetected,N91767,N91767,N91767,sa1,1
2583,N91723 /1 undetected,output,,N91723,N91723,1,undetected,N91723,N91723,N91723,sa1,1
2584,N84927 /1 undetected,output,,N84927,N84927,1,undetected,N84927,N84927,N84927,sa1,1
2585,N75011 /1 undetected,output,,N75011,N75011,1,undetected,N75011,N75011,N75011,sa1,1
2586,N91673 /1 undetected,output,,N91673,N91673,1,undetected,N91673,N91673,N91673,sa1,1
2587,N74620 /1 undetected,output,,N74620,N74620,1,undetected,N74620,N74620,N74620,sa1,1
2588,N8335 /1 undetected,output,,N8335,N8335,1,undetected,N8335,N8335,N8335,sa1,1
2589,N84483 /1 undetected,output,,N84483,N84483,1,undetected,N84483,N84483,N84483,sa1,1
2590,N98396 /1 undetected,output,,N98396,N98396,1,undetected,N98396,N98396,N98396,sa1,1
2591,N74738 /1 undetected,output,,N74738,N74738,1,undetected,N74738,N74738,N74738,sa1,1
2592,N98427 /1 undetected,output,,N98427,N98427,1,undetected,N98427,N98427,N98427,sa1,1
2593,N8328 /1 undetected,output,,N8328,N8328,1,undetected,N8328,N8328,N8328,sa1,1
2594,N8173 /1 undetected,output,,N8173,N8173,1,undetected,N8173,N8173,N8173,sa1,1
2595,N8317 /1 undetected,output,,N8317,N8317,1,undetected,N8317,N8317,N8317,sa1,1
2596,N74566 /1 undetected,output,,N74566,N74566,1,undetected,N74566,N74566,N74566,sa1,1
2597,N8314 /1 undetected,output,,N8314,N8314,1,undetected,N8314,N8314,N8314,sa1,1
2598,N8311 /1 undetected,output,,N8311,N8311,1,undetected,N8311,N8311,N8311,sa1,1
2599,N92363 /1 undetected,output,,N92363,N92363,1,undetected,N92363,N92363,N92363,sa1,1
2600,N8310 /1 undetected,output,,N8310,N8310,1,undetected,N8310,N8310,N8310,sa1,1
2601,N98346 /1 undetected,output,,N98346,N98346,1,undetected,N98346,N98346,N98346,sa1,1
2602,N75483 /1 undetected,output,,N75483,N75483,1,undetected,N75483,N75483,N75483,sa1,1
2603,N92438 /1 undetected,output,,N92438,N92438,1,undetected,N92438,N92438,N92438,sa1,1
2604,N96992 /1 undetected,output,,N96992,N96992,1,undetected,N96992,N96992,N96992,sa1,1
2605,N77785 /1 undetected,output,,N77785,N77785,1,undetected,N77785,N77785,N77785,sa1,1
2606,N95288 /1 undetected,output,,N95288,N95288,1,undetected,N95288,N95288,N95288,sa1,1
2607,N8259 /1 undetected,output,,N8259,N8259,1,undetected,N8259,N8259,N8259,sa1,1
2608,N95268 /1 undetected,output,,N95268,N95268,1,undetected,N95268,N95268,N95268,sa1,1
2609,N96671 /1 undetected,output,,N96671,N96671,1,undetected,N96671,N96671,N96671,sa1,1
2610,N98353 /1 undetected,output,,N98353,N98353,1,undetected,N98353,N98353,N98353,sa1,1
2611,N91549 /1 undetected,output,,N91549,N91549,1,undetected,N91549,N91549,N91549,sa1,1
2612,N91514 /1 undetected,output,,N91514,N91514,1,undetected,N91514,N91514,N91514,sa1,1
2613,N74969 /1 undetected,output,,N74969,N74969,1,undetected,N74969,N74969,N74969,sa1,1
2614,N91766 /1 undetected,output,,N91766,N91766,1,undetected,N91766,N91766,N91766,sa1,1
2615,N91721 /1 undetected,output,,N91721,N91721,1,undetected,N91721,N91721,N91721,sa1,1
2616,N84926 /1 undetected,output,,N84926,N84926,1,undetected,N84926,N84926,N84926,sa1,1
2617,N75010 /1 undetected,output,,N75010,N75010,1,undetected,N75010,N75010,N75010,sa1,1
2618,N84973 /1 undetected,output,,N84973,N84973,1,undetected,N84973,N84973,N84973,sa1,1
2619,N75074 /1 undetected,output,,N75074,N75074,1,undetected,N75074,N75074,N75074,sa1,1
2620,N97091 /1 undetected,output,,N97091,N97091,1,undetected,N97091,N97091,N97091,sa1,1
2621,N92437 /1 undetected,output,,N92437,N92437,1,undetected,N92437,N92437,N92437,sa1,1
2622,N8211 /1 undetected,output,,N8211,N8211,1,undetected,N8211,N8211,N8211,sa1,1
2623,N98359 /1 undetected,output,,N98359,N98359,1,undetected,N98359,N98359,N98359,sa1,1
2624,N92362 /1 undetected,output,,N92362,N92362,1,undetected,N92362,N92362,N92362,sa1,1
2625,N98350 /1 undetected,output,,N98350,N98350,1,undetected,N98350,N98350,N98350,sa1,1
2626,N98333 /1 undetected,output,,N98333,N98333,1,undetected,N98333,N98333,N98333,sa1,1
2627,N91672 /1 undetected,output,,N91672,N91672,1,undetected,N91672,N91672,N91672,sa1,1
2628,N74619 /1 undetected,output,,N74619,N74619,1,undetected,N74619,N74619,N74619,sa1,1
2629,N84663 /1 undetected,output,,N84663,N84663,1,undetected,N84663,N84663,N84663,sa1,1
2630,N98365 /1 undetected,output,,N98365,N98365,1,undetected,N98365,N98365,N98365,sa1,1
2631,N8175 /1 undetected,output,,N8175,N8175,1,undetected,N8175,N8175,N8175,sa1,1
2632,N98363 /1 undetected,output,,N98363,N98363,1,undetected,N98363,N98363,N98363,sa1,1
2633,N84482 /1 undetected,output,,N84482,N84482,1,undetected,N84482,N84482,N84482,sa1,1
2634,N74737 /1 undetected,output,,N74737,N74737,1,undetected,N74737,N74737,N74737,sa1,1
2635,N8151 /1 undetected,output,,N8151,N8151,1,undetected,N8151,N8151,N8151,sa1,1
2636,N95287 /1 undetected,output,,N95287,N95287,1,undetected,N95287,N95287,N95287,sa1,1
2637,N95267 /1 undetected,output,,N95267,N95267,1,undetected,N95267,N95267,N95267,sa1,1
2638,N98283 /1 undetected,output,,N98283,N98283,1,undetected,N98283,N98283,N98283,sa1,1
2639,N96670 /1 undetected,output,,N96670,N96670,1,undetected,N96670,N96670,N96670,sa1,1
2640,N91548 /1 undetected,output,,N91548,N91548,1,undetected,N91548,N91548,N91548,sa1,1
2641,N91513 /1 undetected,output,,N91513,N91513,1,undetected,N91513,N91513,N91513,sa1,1
2642,N74968 /1 undetected,output,,N74968,N74968,1,undetected,N74968,N74968,N74968,sa1,1
2643,N91765 /1 undetected,output,,N91765,N91765,1,undetected,N91765,N91765,N91765,sa1,1
2644,N91720 /1 undetected,output,,N91720,N91720,1,undetected,N91720,N91720,N91720,sa1,1
2645,N84925 /1 undetected,output,,N84925,N84925,1,undetected,N84925,N84925,N84925,sa1,1
2646,N75009 /1 undetected,output,,N75009,N75009,1,undetected,N75009,N75009,N75009,sa1,1
2647,N91671 /1 undetected,output,,N91671,N91671,1,undetected,N91671,N91671,N91671,sa1,1
2648,N8079 /1 undetected,output,,N8079,N8079,1,undetected,N8079,N8079,N8079,sa1,1
2649,N74618 /1 undetected,output,,N74618,N74618,1,undetected,N74618,N74618,N74618,sa1,1
2650,N8077 /1 undetected,output,,N8077,N8077,1,undetected,N8077,N8077,N8077,sa1,1
2651,N8073 /1 undetected,output,,N8073,N8073,1,undetected,N8073,N8073,N8073,sa1,1
2652,N84662 /1 undetected,output,,N84662,N84662,1,undetected,N84662,N84662,N84662,sa1,1
2653,N8072 /1 undetected,output,,N8072,N8072,1,undetected,N8072,N8072,N8072,sa1,1
2654,N98341 /1 undetected,output,,N98341,N98341,1,undetected,N98341,N98341,N98341,sa1,1
2655,N8066 /1 undetected,output,,N8066,N8066,1,undetected,N8066,N8066,N8066,sa1,1
2656,N98339 /1 undetected,output,,N98339,N98339,1,undetected,N98339,N98339,N98339,sa1,1
2657,N98307 /1 undetected,output,,N98307,N98307,1,undetected,N98307,N98307,N98307,sa1,1
2658,N84481 /1 undetected,output,,N84481,N84481,1,undetected,N84481,N84481,N84481,sa1,1
2659,N98310 /1 undetected,output,,N98310,N98310,1,undetected,N98310,N98310,N98310,sa1,1
2660,N74736 /1 undetected,output,,N74736,N74736,1,undetected,N74736,N74736,N74736,sa1,1
2661,N8025 /1 undetected,output,,N8025,N8025,1,undetected,N8025,N8025,N8025,sa1,1
2662,N74565 /1 undetected,output,,N74565,N74565,1,undetected,N74565,N74565,N74565,sa1,1
2663,N8022 /1 undetected,output,,N8022,N8022,1,undetected,N8022,N8022,N8022,sa1,1
2664,N92361 /1 undetected,output,,N92361,N92361,1,undetected,N92361,N92361,N92361,sa1,1
2665,N92436 /1 undetected,output,,N92436,N92436,1,undetected,N92436,N92436,N92436,sa1,1
2666,N96991 /1 undetected,output,,N96991,N96991,1,undetected,N96991,N96991,N96991,sa1,1
2667,N87112 /1 undetected,output,,N87112,N87112,1,undetected,N87112,N87112,N87112,sa1,1
2668,N95266 /1 undetected,output,,N95266,N95266,1,undetected,N95266,N95266,N95266,sa1,1
2669,N96696 /1 undetected,output,,N96696,N96696,1,undetected,N96696,N96696,N96696,sa1,1
2670,N96669 /1 undetected,output,,N96669,N96669,1,undetected,N96669,N96669,N96669,sa1,1
2671,N92738 /1 undetected,output,,N92738,N92738,1,undetected,N92738,N92738,N92738,sa1,1
2672,N91547 /1 undetected,output,,N91547,N91547,1,undetected,N91547,N91547,N91547,sa1,1
2673,N91512 /1 undetected,output,,N91512,N91512,1,undetected,N91512,N91512,N91512,sa1,1
2674,N74967 /1 undetected,output,,N74967,N74967,1,undetected,N74967,N74967,N74967,sa1,1
2675,N91764 /1 undetected,output,,N91764,N91764,1,undetected,N91764,N91764,N91764,sa1,1
2676,N91718 /1 undetected,output,,N91718,N91718,1,undetected,N91718,N91718,N91718,sa1,1
2677,N84924 /1 undetected,output,,N84924,N84924,1,undetected,N84924,N84924,N84924,sa1,1
2678,N75008 /1 undetected,output,,N75008,N75008,1,undetected,N75008,N75008,N75008,sa1,1
2679,N84972 /1 undetected,output,,N84972,N84972,1,undetected,N84972,N84972,N84972,sa1,1
2680,N75073 /1 undetected,output,,N75073,N75073,1,undetected,N75073,N75073,N75073,sa1,1
2681,N97090 /1 undetected,output,,N97090,N97090,1,undetected,N97090,N97090,N97090,sa1,1
2682,N92435 /1 undetected,output,,N92435,N92435,1,undetected,N92435,N92435,N92435,sa1,1
2683,N92360 /1 undetected,output,,N92360,N92360,1,undetected,N92360,N92360,N92360,sa1,1
2684,N91670 /1 undetected,output,,N91670,N91670,1,undetected,N91670,N91670,N91670,sa1,1
2685,N74617 /1 undetected,output,,N74617,N74617,1,undetected,N74617,N74617,N74617,sa1,1
2686,N84480 /1 undetected,output,,N84480,N84480,1,undetected,N84480,N84480,N84480,sa1,1
2687,N74735 /1 undetected,output,,N74735,N74735,1,undetected,N74735,N74735,N74735,sa1,1
2688,N7833 /1 undetected,output,,N7833,N7833,1,undetected,N7833,N7833,N7833,sa1,1
2689,N7831 /1 undetected,output,,N7831,N7831,1,undetected,N7831,N7831,N7831,sa1,1
2690,N98140 /1 undetected,output,,N98140,N98140,1,undetected,N98140,N98140,N98140,sa1,1
2691,N85406 /1 undetected,output,,N85406,N85406,1,undetected,N85406,N85406,N85406,sa1,1
2692,N7828 /1 undetected,output,,N7828,N7828,1,undetected,N7828,N7828,N7828,sa1,1
2693,N7826 /1 undetected,output,,N7826,N7826,1,undetected,N7826,N7826,N7826,sa1,1
2694,N98214 /1 undetected,output,,N98214,N98214,1,undetected,N98214,N98214,N98214,sa1,1
2695,N7824 /1 undetected,output,,N7824,N7824,1,undetected,N7824,N7824,N7824,sa1,1
2696,N7822 /1 undetected,output,,N7822,N7822,1,undetected,N7822,N7822,N7822,sa1,1
2697,N98216 /1 undetected,output,,N98216,N98216,1,undetected,N98216,N98216,N98216,sa1,1
2698,N96858 /1 undetected,output,,N96858,N96858,1,undetected,N96858,N96858,N96858,sa1,1
2699,N7821 /1 undetected,output,,N7821,N7821,1,undetected,N7821,N7821,N7821,sa1,1
2700,N7819 /1 undetected,output,,N7819,N7819,1,undetected,N7819,N7819,N7819,sa1,1
2701,N97701 /1 undetected,output,,N97701,N97701,1,undetected,N97701,N97701,N97701,sa1,1
2702,N7713 /1 undetected,output,,N7713,N7713,1,undetected,N7713,N7713,N7713,sa1,1
2703,N7817 /1 undetected,output,,N7817,N7817,1,undetected,N7817,N7817,N7817,sa1,1
2704,N7815 /1 undetected,output,,N7815,N7815,1,undetected,N7815,N7815,N7815,sa1,1
2705,N77752 /1 undetected,output,,N77752,N77752,1,undetected,N77752,N77752,N77752,sa1,1
2706,N7814 /1 undetected,output,,N7814,N7814,1,undetected,N7814,N7814,N7814,sa1,1
2707,N96871 /1 undetected,output,,N96871,N96871,1,undetected,N96871,N96871,N96871,sa1,1
2708,N76652 /1 undetected,output,,N76652,N76652,1,undetected,N76652,N76652,N76652,sa1,1
2709,N7812 /1 undetected,output,,N7812,N7812,1,undetected,N7812,N7812,N7812,sa1,1
2710,N96839 /1 undetected,output,,N96839,N96839,1,undetected,N96839,N96839,N96839,sa1,1
2711,N86341 /1 undetected,output,,N86341,N86341,1,undetected,N86341,N86341,N86341,sa1,1
2712,N95265 /1 undetected,output,,N95265,N95265,1,undetected,N95265,N95265,N95265,sa1,1
2713,N96695 /1 undetected,output,,N96695,N96695,1,undetected,N96695,N96695,N96695,sa1,1
2714,N96668 /1 undetected,output,,N96668,N96668,1,undetected,N96668,N96668,N96668,sa1,1
2715,N98186 /1 undetected,output,,N98186,N98186,1,undetected,N98186,N98186,N98186,sa1,1
2716,N92737 /1 undetected,output,,N92737,N92737,1,undetected,N92737,N92737,N92737,sa1,1
2717,N91546 /1 undetected,output,,N91546,N91546,1,undetected,N91546,N91546,N91546,sa1,1
2718,N91511 /1 undetected,output,,N91511,N91511,1,undetected,N91511,N91511,N91511,sa1,1
2719,N74966 /1 undetected,output,,N74966,N74966,1,undetected,N74966,N74966,N74966,sa1,1
2720,N91763 /1 undetected,output,,N91763,N91763,1,undetected,N91763,N91763,N91763,sa1,1
2721,N91717 /1 undetected,output,,N91717,N91717,1,undetected,N91717,N91717,N91717,sa1,1
2722,N84923 /1 undetected,output,,N84923,N84923,1,undetected,N84923,N84923,N84923,sa1,1
2723,N75007 /1 undetected,output,,N75007,N75007,1,undetected,N75007,N75007,N75007,sa1,1
2724,N91669 /1 undetected,output,,N91669,N91669,1,undetected,N91669,N91669,N91669,sa1,1
2725,N74616 /1 undetected,output,,N74616,N74616,1,undetected,N74616,N74616,N74616,sa1,1
2726,N84479 /1 undetected,output,,N84479,N84479,1,undetected,N84479,N84479,N84479,sa1,1
2727,N74734 /1 undetected,output,,N74734,N74734,1,undetected,N74734,N74734,N74734,sa1,1
2728,N4460 /1 undetected,output,,N4460,N4460,1,undetected,N4460,N4460,N4460,sa1,1
2729,N84651 /1 undetected,output,,N84651,N84651,1,undetected,N84651,N84651,N84651,sa1,1
2730,N7729 /1 undetected,output,,N7729,N7729,1,undetected,N7729,N7729,N7729,sa1,1
2731,N7727 /1 undetected,output,,N7727,N7727,1,undetected,N7727,N7727,N7727,sa1,1
2732,N98213 /1 undetected,output,,N98213,N98213,1,undetected,N98213,N98213,N98213,sa1,1
2733,N7725 /1 undetected,output,,N7725,N7725,1,undetected,N7725,N7725,N7725,sa1,1
2734,N98215 /1 undetected,output,,N98215,N98215,1,undetected,N98215,N98215,N98215,sa1,1
2735,N7723 /1 undetected,output,,N7723,N7723,1,undetected,N7723,N7723,N7723,sa1,1
2736,N7721 /1 undetected,output,,N7721,N7721,1,undetected,N7721,N7721,N7721,sa1,1
2737,N7719 /1 undetected,output,,N7719,N7719,1,undetected,N7719,N7719,N7719,sa1,1
2738,N98176 /1 undetected,output,,N98176,N98176,1,undetected,N98176,N98176,N98176,sa1,1
2739,N96835 /1 undetected,output,,N96835,N96835,1,undetected,N96835,N96835,N96835,sa1,1
2740,N7717 /1 undetected,output,,N7717,N7717,1,undetected,N7717,N7717,N7717,sa1,1
2741,N98218 /1 undetected,output,,N98218,N98218,1,undetected,N98218,N98218,N98218,sa1,1
2742,N7715 /1 undetected,output,,N7715,N7715,1,undetected,N7715,N7715,N7715,sa1,1
2743,N96870 /1 undetected,output,,N96870,N96870,1,undetected,N96870,N96870,N96870,sa1,1
2744,N87110 /1 undetected,output,,N87110,N87110,1,undetected,N87110,N87110,N87110,sa1,1
2745,N7709 /1 undetected,output,,N7709,N7709,1,undetected,N7709,N7709,N7709,sa1,1
2746,N77751 /1 undetected,output,,N77751,N77751,1,undetected,N77751,N77751,N77751,sa1,1
2747,N7707 /1 undetected,output,,N7707,N7707,1,undetected,N7707,N7707,N7707,sa1,1
2748,N96962 /1 undetected,output,,N96962,N96962,1,undetected,N96962,N96962,N96962,sa1,1
2749,N86340 /1 undetected,output,,N86340,N86340,1,undetected,N86340,N86340,N86340,sa1,1
2750,N74564 /1 undetected,output,,N74564,N74564,1,undetected,N74564,N74564,N74564,sa1,1
2751,N92359 /1 undetected,output,,N92359,N92359,1,undetected,N92359,N92359,N92359,sa1,1
2752,N92434 /1 undetected,output,,N92434,N92434,1,undetected,N92434,N92434,N92434,sa1,1
2753,N96990 /1 undetected,output,,N96990,N96990,1,undetected,N96990,N96990,N96990,sa1,1
2754,N95264 /1 undetected,output,,N95264,N95264,1,undetected,N95264,N95264,N95264,sa1,1
2755,N96694 /1 undetected,output,,N96694,N96694,1,undetected,N96694,N96694,N96694,sa1,1
2756,N96667 /1 undetected,output,,N96667,N96667,1,undetected,N96667,N96667,N96667,sa1,1
2757,N92736 /1 undetected,output,,N92736,N92736,1,undetected,N92736,N92736,N92736,sa1,1
2758,N91545 /1 undetected,output,,N91545,N91545,1,undetected,N91545,N91545,N91545,sa1,1
2759,N91510 /1 undetected,output,,N91510,N91510,1,undetected,N91510,N91510,N91510,sa1,1
2760,N74965 /1 undetected,output,,N74965,N74965,1,undetected,N74965,N74965,N74965,sa1,1
2761,N91762 /1 undetected,output,,N91762,N91762,1,undetected,N91762,N91762,N91762,sa1,1
2762,N91715 /1 undetected,output,,N91715,N91715,1,undetected,N91715,N91715,N91715,sa1,1
2763,N84922 /1 undetected,output,,N84922,N84922,1,undetected,N84922,N84922,N84922,sa1,1
2764,N75006 /1 undetected,output,,N75006,N75006,1,undetected,N75006,N75006,N75006,sa1,1
2765,N91668 /1 undetected,output,,N91668,N91668,1,undetected,N91668,N91668,N91668,sa1,1
2766,N74615 /1 undetected,output,,N74615,N74615,1,undetected,N74615,N74615,N74615,sa1,1
2767,N84478 /1 undetected,output,,N84478,N84478,1,undetected,N84478,N84478,N84478,sa1,1
2768,N74733 /1 undetected,output,,N74733,N74733,1,undetected,N74733,N74733,N74733,sa1,1
2769,N7499 /1 undetected,output,,N7499,N7499,1,undetected,N7499,N7499,N7499,sa1,1
2770,N98040 /1 undetected,output,,N98040,N98040,1,undetected,N98040,N98040,N98040,sa1,1
2771,N7495 /1 undetected,output,,N7495,N7495,1,undetected,N7495,N7495,N7495,sa1,1
2772,N7493 /1 undetected,output,,N7493,N7493,1,undetected,N7493,N7493,N7493,sa1,1
2773,N98042 /1 undetected,output,,N98042,N98042,1,undetected,N98042,N98042,N98042,sa1,1
2774,N7491 /1 undetected,output,,N7491,N7491,1,undetected,N7491,N7491,N7491,sa1,1
2775,N98050 /1 undetected,output,,N98050,N98050,1,undetected,N98050,N98050,N98050,sa1,1
2776,N7489 /1 undetected,output,,N7489,N7489,1,undetected,N7489,N7489,N7489,sa1,1
2777,N7487 /1 undetected,output,,N7487,N7487,1,undetected,N7487,N7487,N7487,sa1,1
2778,N7485 /1 undetected,output,,N7485,N7485,1,undetected,N7485,N7485,N7485,sa1,1
2779,N98078 /1 undetected,output,,N98078,N98078,1,undetected,N98078,N98078,N98078,sa1,1
2780,N96834 /1 undetected,output,,N96834,N96834,1,undetected,N96834,N96834,N96834,sa1,1
2781,N7483 /1 undetected,output,,N7483,N7483,1,undetected,N7483,N7483,N7483,sa1,1
2782,N98044 /1 undetected,output,,N98044,N98044,1,undetected,N98044,N98044,N98044,sa1,1
2783,N7481 /1 undetected,output,,N7481,N7481,1,undetected,N7481,N7481,N7481,sa1,1
2784,N96869 /1 undetected,output,,N96869,N96869,1,undetected,N96869,N96869,N96869,sa1,1
2785,N87065 /1 undetected,output,,N87065,N87065,1,undetected,N87065,N87065,N87065,sa1,1
2786,N7479 /1 undetected,output,,N7479,N7479,1,undetected,N7479,N7479,N7479,sa1,1
2787,N77670 /1 undetected,output,,N77670,N77670,1,undetected,N77670,N77670,N77670,sa1,1
2788,N7477 /1 undetected,output,,N7477,N7477,1,undetected,N7477,N7477,N7477,sa1,1
2789,N96961 /1 undetected,output,,N96961,N96961,1,undetected,N96961,N96961,N96961,sa1,1
2790,N86385 /1 undetected,output,,N86385,N86385,1,undetected,N86385,N86385,N86385,sa1,1
2791,N96989 /1 undetected,output,,N96989,N96989,1,undetected,N96989,N96989,N96989,sa1,1
2792,N7454 /1 undetected,output,,N7454,N7454,1,undetected,N7454,N7454,N7454,sa1,1
2793,N92358 /1 undetected,output,,N92358,N92358,1,undetected,N92358,N92358,N92358,sa1,1
2794,N7453 /1 undetected,output,,N7453,N7453,1,undetected,N7453,N7453,N7453,sa1,1
2795,N75469 /1 undetected,output,,N75469,N75469,1,undetected,N75469,N75469,N75469,sa1,1
2796,N74563 /1 undetected,output,,N74563,N74563,1,undetected,N74563,N74563,N74563,sa1,1
2797,N92433 /1 undetected,output,,N92433,N92433,1,undetected,N92433,N92433,N92433,sa1,1
2798,N87067 /1 undetected,output,,N87067,N87067,1,undetected,N87067,N87067,N87067,sa1,1
2799,N95263 /1 undetected,output,,N95263,N95263,1,undetected,N95263,N95263,N95263,sa1,1
2800,N96693 /1 undetected,output,,N96693,N96693,1,undetected,N96693,N96693,N96693,sa1,1
2801,N96666 /1 undetected,output,,N96666,N96666,1,undetected,N96666,N96666,N96666,sa1,1
2802,N92735 /1 undetected,output,,N92735,N92735,1,undetected,N92735,N92735,N92735,sa1,1
2803,N91544 /1 undetected,output,,N91544,N91544,1,undetected,N91544,N91544,N91544,sa1,1
2804,N91509 /1 undetected,output,,N91509,N91509,1,undetected,N91509,N91509,N91509,sa1,1
2805,N74964 /1 undetected,output,,N74964,N74964,1,undetected,N74964,N74964,N74964,sa1,1
2806,N91761 /1 undetected,output,,N91761,N91761,1,undetected,N91761,N91761,N91761,sa1,1
2807,N91713 /1 undetected,output,,N91713,N91713,1,undetected,N91713,N91713,N91713,sa1,1
2808,N84921 /1 undetected,output,,N84921,N84921,1,undetected,N84921,N84921,N84921,sa1,1
2809,N75005 /1 undetected,output,,N75005,N75005,1,undetected,N75005,N75005,N75005,sa1,1
2810,N84971 /1 undetected,output,,N84971,N84971,1,undetected,N84971,N84971,N84971,sa1,1
2811,N97089 /1 undetected,output,,N97089,N97089,1,undetected,N97089,N97089,N97089,sa1,1
2812,N92432 /1 undetected,output,,N92432,N92432,1,undetected,N92432,N92432,N92432,sa1,1
2813,N98107 /1 undetected,output,,N98107,N98107,1,undetected,N98107,N98107,N98107,sa1,1
2814,N92357 /1 undetected,output,,N92357,N92357,1,undetected,N92357,N92357,N92357,sa1,1
2815,N75072 /1 undetected,output,,N75072,N75072,1,undetected,N75072,N75072,N75072,sa1,1
2816,N91667 /1 undetected,output,,N91667,N91667,1,undetected,N91667,N91667,N91667,sa1,1
2817,N74614 /1 undetected,output,,N74614,N74614,1,undetected,N74614,N74614,N74614,sa1,1
2818,N84477 /1 undetected,output,,N84477,N84477,1,undetected,N84477,N84477,N84477,sa1,1
2819,N74732 /1 undetected,output,,N74732,N74732,1,undetected,N74732,N74732,N74732,sa1,1
2820,N7278 /1 undetected,output,,N7278,N7278,1,undetected,N7278,N7278,N7278,sa1,1
2821,N98053 /1 undetected,output,,N98053,N98053,1,undetected,N98053,N98053,N98053,sa1,1
2822,N85401 /1 undetected,output,,N85401,N85401,1,undetected,N85401,N85401,N85401,sa1,1
2823,N98052 /1 undetected,output,,N98052,N98052,1,undetected,N98052,N98052,N98052,sa1,1
2824,N96806 /1 undetected,output,,N96806,N96806,1,undetected,N96806,N96806,N96806,sa1,1
2825,N7255 /1 undetected,output,,N7255,N7255,1,undetected,N7255,N7255,N7255,sa1,1
2826,N7253 /1 undetected,output,,N7253,N7253,1,undetected,N7253,N7253,N7253,sa1,1
2827,N96579 /1 undetected,output,,N96579,N96579,1,undetected,N96579,N96579,N96579,sa1,1
2828,N7251 /1 undetected,output,,N7251,N7251,1,undetected,N7251,N7251,N7251,sa1,1
2829,N98041 /1 undetected,output,,N98041,N98041,1,undetected,N98041,N98041,N98041,sa1,1
2830,N7249 /1 undetected,output,,N7249,N7249,1,undetected,N7249,N7249,N7249,sa1,1
2831,N7247 /1 undetected,output,,N7247,N7247,1,undetected,N7247,N7247,N7247,sa1,1
2832,N98049 /1 undetected,output,,N98049,N98049,1,undetected,N98049,N98049,N98049,sa1,1
2833,N96857 /1 undetected,output,,N96857,N96857,1,undetected,N96857,N96857,N96857,sa1,1
2834,N7235 /1 undetected,output,,N7235,N7235,1,undetected,N7235,N7235,N7235,sa1,1
2835,N7233 /1 undetected,output,,N7233,N7233,1,undetected,N7233,N7233,N7233,sa1,1
2836,N97700 /1 undetected,output,,N97700,N97700,1,undetected,N97700,N97700,N97700,sa1,1
2837,N7231 /1 undetected,output,,N7231,N7231,1,undetected,N7231,N7231,N7231,sa1,1
2838,N7227 /1 undetected,output,,N7227,N7227,1,undetected,N7227,N7227,N7227,sa1,1
2839,N7225 /1 undetected,output,,N7225,N7225,1,undetected,N7225,N7225,N7225,sa1,1
2840,N77667 /1 undetected,output,,N77667,N77667,1,undetected,N77667,N77667,N77667,sa1,1
2841,N7224 /1 undetected,output,,N7224,N7224,1,undetected,N7224,N7224,N7224,sa1,1
2842,N96868 /1 undetected,output,,N96868,N96868,1,undetected,N96868,N96868,N96868,sa1,1
2843,N76690 /1 undetected,output,,N76690,N76690,1,undetected,N76690,N76690,N76690,sa1,1
2844,N7222 /1 undetected,output,,N7222,N7222,1,undetected,N7222,N7222,N7222,sa1,1
2845,N96838 /1 undetected,output,,N96838,N96838,1,undetected,N96838,N96838,N96838,sa1,1
2846,N86384 /1 undetected,output,,N86384,N86384,1,undetected,N86384,N86384,N86384,sa1,1
2847,N95281 /1 undetected,output,,N95281,N95281,1,undetected,N95281,N95281,N95281,sa1,1
2848,N95259 /1 undetected,output,,N95259,N95259,1,undetected,N95259,N95259,N95259,sa1,1
2849,N96661 /1 undetected,output,,N96661,N96661,1,undetected,N96661,N96661,N96661,sa1,1
2850,N91539 /1 undetected,output,,N91539,N91539,1,undetected,N91539,N91539,N91539,sa1,1
2851,N91504 /1 undetected,output,,N91504,N91504,1,undetected,N91504,N91504,N91504,sa1,1
2852,N74959 /1 undetected,output,,N74959,N74959,1,undetected,N74959,N74959,N74959,sa1,1
2853,N91706 /1 undetected,output,,N91706,N91706,1,undetected,N91706,N91706,N91706,sa1,1
2854,N91754 /1 undetected,output,,N91754,N91754,1,undetected,N91754,N91754,N91754,sa1,1
2855,N84916 /1 undetected,output,,N84916,N84916,1,undetected,N84916,N84916,N84916,sa1,1
2856,N75000 /1 undetected,output,,N75000,N75000,1,undetected,N75000,N75000,N75000,sa1,1
2857,N96986 /1 undetected,output,,N96986,N96986,1,undetected,N96986,N96986,N96986,sa1,1
2858,N91705 /1 undetected,output,,N91705,N91705,1,undetected,N91705,N91705,N91705,sa1,1
2859,N75453 /1 undetected,output,,N75453,N75453,1,undetected,N75453,N75453,N75453,sa1,1
2860,N6434 /1 undetected,output,,N6434,N6434,1,undetected,N6434,N6434,N6434,sa1,1
2861,N97651 /1 undetected,output,,N97651,N97651,1,undetected,N97651,N97651,N97651,sa1,1
2862,N6432 /1 undetected,output,,N6432,N6432,1,undetected,N6432,N6432,N6432,sa1,1
2863,N97729 /1 undetected,output,,N97729,N97729,1,undetected,N97729,N97729,N97729,sa1,1
2864,N97621 /1 undetected,output,,N97621,N97621,1,undetected,N97621,N97621,N97621,sa1,1
2865,N6430 /1 undetected,output,,N6430,N6430,1,undetected,N6430,N6430,N6430,sa1,1
2866,N97727 /1 undetected,output,,N97727,N97727,1,undetected,N97727,N97727,N97727,sa1,1
2867,N97662 /1 undetected,output,,N97662,N97662,1,undetected,N97662,N97662,N97662,sa1,1
2868,N74560 /1 undetected,output,,N74560,N74560,1,undetected,N74560,N74560,N74560,sa1,1
2869,N92427 /1 undetected,output,,N92427,N92427,1,undetected,N92427,N92427,N92427,sa1,1
2870,N84417 /1 undetected,output,,N84417,N84417,1,undetected,N84417,N84417,N84417,sa1,1
2871,N74609 /1 undetected,output,,N74609,N74609,1,undetected,N74609,N74609,N74609,sa1,1
2872,N97746 /1 undetected,output,,N97746,N97746,1,undetected,N97746,N97746,N97746,sa1,1
2873,N6397 /1 undetected,output,,N6397,N6397,1,undetected,N6397,N6397,N6397,sa1,1
2874,N97682 /1 undetected,output,,N97682,N97682,1,undetected,N97682,N97682,N97682,sa1,1
2875,N75450 /1 undetected,output,,N75450,N75450,1,undetected,N75450,N75450,N75450,sa1,1
2876,N6390 /1 undetected,output,,N6390,N6390,1,undetected,N6390,N6390,N6390,sa1,1
2877,N97661 /1 undetected,output,,N97661,N97661,1,undetected,N97661,N97661,N97661,sa1,1
2878,N6388 /1 undetected,output,,N6388,N6388,1,undetected,N6388,N6388,N6388,sa1,1
2879,N97649 /1 undetected,output,,N97649,N97649,1,undetected,N97649,N97649,N97649,sa1,1
2880,N6386 /1 undetected,output,,N6386,N6386,1,undetected,N6386,N6386,N6386,sa1,1
2881,N97627 /1 undetected,output,,N97627,N97627,1,undetected,N97627,N97627,N97627,sa1,1
2882,N6384 /1 undetected,output,,N6384,N6384,1,undetected,N6384,N6384,N6384,sa1,1
2883,N6382 /1 undetected,output,,N6382,N6382,1,undetected,N6382,N6382,N6382,sa1,1
2884,N97633 /1 undetected,output,,N97633,N97633,1,undetected,N97633,N97633,N97633,sa1,1
2885,N6381 /1 undetected,output,,N6381,N6381,1,undetected,N6381,N6381,N6381,sa1,1
2886,N97639 /1 undetected,output,,N97639,N97639,1,undetected,N97639,N97639,N97639,sa1,1
2887,N96884 /1 undetected,output,,N96884,N96884,1,undetected,N96884,N96884,N96884,sa1,1
2888,N6379 /1 undetected,output,,N6379,N6379,1,undetected,N6379,N6379,N6379,sa1,1
2889,N97705 /1 undetected,output,,N97705,N97705,1,undetected,N97705,N97705,N97705,sa1,1
2890,N97703 /1 undetected,output,,N97703,N97703,1,undetected,N97703,N97703,N97703,sa1,1
2891,N86949 /1 undetected,output,,N86949,N86949,1,undetected,N86949,N86949,N86949,sa1,1
2892,N95280 /1 undetected,output,,N95280,N95280,1,undetected,N95280,N95280,N95280,sa1,1
2893,N95258 /1 undetected,output,,N95258,N95258,1,undetected,N95258,N95258,N95258,sa1,1
2894,N96660 /1 undetected,output,,N96660,N96660,1,undetected,N96660,N96660,N96660,sa1,1
2895,N91538 /1 undetected,output,,N91538,N91538,1,undetected,N91538,N91538,N91538,sa1,1
2896,N91503 /1 undetected,output,,N91503,N91503,1,undetected,N91503,N91503,N91503,sa1,1
2897,N74958 /1 undetected,output,,N74958,N74958,1,undetected,N74958,N74958,N74958,sa1,1
2898,N91704 /1 undetected,output,,N91704,N91704,1,undetected,N91704,N91704,N91704,sa1,1
2899,N91753 /1 undetected,output,,N91753,N91753,1,undetected,N91753,N91753,N91753,sa1,1
2900,N84915 /1 undetected,output,,N84915,N84915,1,undetected,N84915,N84915,N84915,sa1,1
2901,N74999 /1 undetected,output,,N74999,N74999,1,undetected,N74999,N74999,N74999,sa1,1
2902,N84968 /1 undetected,output,,N84968,N84968,1,undetected,N84968,N84968,N84968,sa1,1
2903,N97086 /1 undetected,output,,N97086,N97086,1,undetected,N97086,N97086,N97086,sa1,1
2904,N92426 /1 undetected,output,,N92426,N92426,1,undetected,N92426,N92426,N92426,sa1,1
2905,N92353 /1 undetected,output,,N92353,N92353,1,undetected,N92353,N92353,N92353,sa1,1
2906,N75449 /1 undetected,output,,N75449,N75449,1,undetected,N75449,N75449,N75449,sa1,1
2907,N6293 /1 undetected,output,,N6293,N6293,1,undetected,N6293,N6293,N6293,sa1,1
2908,N97728 /1 undetected,output,,N97728,N97728,1,undetected,N97728,N97728,N97728,sa1,1
2909,N97667 /1 undetected,output,,N97667,N97667,1,undetected,N97667,N97667,N97667,sa1,1
2910,N6290 /1 undetected,output,,N6290,N6290,1,undetected,N6290,N6290,N6290,sa1,1
2911,N97726 /1 undetected,output,,N97726,N97726,1,undetected,N97726,N97726,N97726,sa1,1
2912,N6287 /1 undetected,output,,N6287,N6287,1,undetected,N6287,N6287,N6287,sa1,1
2913,N97620 /1 undetected,output,,N97620,N97620,1,undetected,N97620,N97620,N97620,sa1,1
2914,N97077 /1 undetected,output,,N97077,N97077,1,undetected,N97077,N97077,N97077,sa1,1
2915,N75071 /1 undetected,output,,N75071,N75071,1,undetected,N75071,N75071,N75071,sa1,1
2916,N91662 /1 undetected,output,,N91662,N91662,1,undetected,N91662,N91662,N91662,sa1,1
2917,N74608 /1 undetected,output,,N74608,N74608,1,undetected,N74608,N74608,N74608,sa1,1
2918,N84657 /1 undetected,output,,N84657,N84657,1,undetected,N84657,N84657,N84657,sa1,1
2919,N85396 /1 undetected,output,,N85396,N85396,1,undetected,N85396,N85396,N85396,sa1,1
2920,N6248 /1 undetected,output,,N6248,N6248,1,undetected,N6248,N6248,N6248,sa1,1
2921,N96798 /1 undetected,output,,N96798,N96798,1,undetected,N96798,N96798,N96798,sa1,1
2922,N6246 /1 undetected,output,,N6246,N6246,1,undetected,N6246,N6246,N6246,sa1,1
2923,N75447 /1 undetected,output,,N75447,N75447,1,undetected,N75447,N75447,N75447,sa1,1
2924,N6230 /1 undetected,output,,N6230,N6230,1,undetected,N6230,N6230,N6230,sa1,1
2925,N97695 /1 undetected,output,,N97695,N97695,1,undetected,N97695,N97695,N97695,sa1,1
2926,N6228 /1 undetected,output,,N6228,N6228,1,undetected,N6228,N6228,N6228,sa1,1
2927,N97647 /1 undetected,output,,N97647,N97647,1,undetected,N97647,N97647,N97647,sa1,1
2928,N6227 /1 undetected,output,,N6227,N6227,1,undetected,N6227,N6227,N6227,sa1,1
2929,N97618 /1 undetected,output,,N97618,N97618,1,undetected,N97618,N97618,N97618,sa1,1
2930,N96844 /1 undetected,output,,N96844,N96844,1,undetected,N96844,N96844,N96844,sa1,1
2931,N6242 /1 undetected,output,,N6242,N6242,1,undetected,N6242,N6242,N6242,sa1,1
2932,N6240 /1 undetected,output,,N6240,N6240,1,undetected,N6240,N6240,N6240,sa1,1
2933,N97666 /1 undetected,output,,N97666,N97666,1,undetected,N97666,N97666,N97666,sa1,1
2934,N6239 /1 undetected,output,,N6239,N6239,1,undetected,N6239,N6239,N6239,sa1,1
2935,N97704 /1 undetected,output,,N97704,N97704,1,undetected,N97704,N97704,N97704,sa1,1
2936,N96886 /1 undetected,output,,N96886,N96886,1,undetected,N96886,N96886,N96886,sa1,1
2937,N6236 /1 undetected,output,,N6236,N6236,1,undetected,N6236,N6236,N6236,sa1,1
2938,N97637 /1 undetected,output,,N97637,N97637,1,undetected,N97637,N97637,N97637,sa1,1
2939,N6234 /1 undetected,output,,N6234,N6234,1,undetected,N6234,N6234,N6234,sa1,1
2940,N92425 /1 undetected,output,,N92425,N92425,1,undetected,N92425,N92425,N92425,sa1,1
2941,N77459 /1 undetected,output,,N77459,N77459,1,undetected,N77459,N77459,N77459,sa1,1
2942,N95279 /1 undetected,output,,N95279,N95279,1,undetected,N95279,N95279,N95279,sa1,1
2943,N95257 /1 undetected,output,,N95257,N95257,1,undetected,N95257,N95257,N95257,sa1,1
2944,N96687 /1 undetected,output,,N96687,N96687,1,undetected,N96687,N96687,N96687,sa1,1
2945,N96659 /1 undetected,output,,N96659,N96659,1,undetected,N96659,N96659,N96659,sa1,1
2946,N91537 /1 undetected,output,,N91537,N91537,1,undetected,N91537,N91537,N91537,sa1,1
2947,N91502 /1 undetected,output,,N91502,N91502,1,undetected,N91502,N91502,N91502,sa1,1
2948,N74957 /1 undetected,output,,N74957,N74957,1,undetected,N74957,N74957,N74957,sa1,1
2949,N91752 /1 undetected,output,,N91752,N91752,1,undetected,N91752,N91752,N91752,sa1,1
2950,N91703 /1 undetected,output,,N91703,N91703,1,undetected,N91703,N91703,N91703,sa1,1
2951,N84914 /1 undetected,output,,N84914,N84914,1,undetected,N84914,N84914,N84914,sa1,1
2952,N74998 /1 undetected,output,,N74998,N74998,1,undetected,N74998,N74998,N74998,sa1,1
2953,N91661 /1 undetected,output,,N91661,N91661,1,undetected,N91661,N91661,N91661,sa1,1
2954,N74607 /1 undetected,output,,N74607,N74607,1,undetected,N74607,N74607,N74607,sa1,1
2955,N84470 /1 undetected,output,,N84470,N84470,1,undetected,N84470,N84470,N84470,sa1,1
2956,N74726 /1 undetected,output,,N74726,N74726,1,undetected,N74726,N74726,N74726,sa1,1
2957,N6056 /1 undetected,output,,N6056,N6056,1,undetected,N6056,N6056,N6056,sa1,1
2958,N85140 /1 undetected,output,,N85140,N85140,1,undetected,N85140,N85140,N85140,sa1,1
2959,N97529 /1 undetected,output,,N97529,N97529,1,undetected,N97529,N97529,N97529,sa1,1
2960,N6052 /1 undetected,output,,N6052,N6052,1,undetected,N6052,N6052,N6052,sa1,1
2961,N6050 /1 undetected,output,,N6050,N6050,1,undetected,N6050,N6050,N6050,sa1,1
2962,N6048 /1 undetected,output,,N6048,N6048,1,undetected,N6048,N6048,N6048,sa1,1
2963,N6047 /1 undetected,output,,N6047,N6047,1,undetected,N6047,N6047,N6047,sa1,1
2964,N97541 /1 undetected,output,,N97541,N97541,1,undetected,N97541,N97541,N97541,sa1,1
2965,N96854 /1 undetected,output,,N96854,N96854,1,undetected,N96854,N96854,N96854,sa1,1
2966,N6046 /1 undetected,output,,N6046,N6046,1,undetected,N6046,N6046,N6046,sa1,1
2967,N97568 /1 undetected,output,,N97568,N97568,1,undetected,N97568,N97568,N97568,sa1,1
2968,N6044 /1 undetected,output,,N6044,N6044,1,undetected,N6044,N6044,N6044,sa1,1
2969,N96829 /1 undetected,output,,N96829,N96829,1,undetected,N96829,N96829,N96829,sa1,1
2970,N86906 /1 undetected,output,,N86906,N86906,1,undetected,N86906,N86906,N86906,sa1,1
2971,N6042 /1 undetected,output,,N6042,N6042,1,undetected,N6042,N6042,N6042,sa1,1
2972,N6040 /1 undetected,output,,N6040,N6040,1,undetected,N6040,N6040,N6040,sa1,1
2973,N6039 /1 undetected,output,,N6039,N6039,1,undetected,N6039,N6039,N6039,sa1,1
2974,N86597 /1 undetected,output,,N86597,N86597,1,undetected,N86597,N86597,N86597,sa1,1
2975,N77446 /1 undetected,output,,N77446,N77446,1,undetected,N77446,N77446,N77446,sa1,1
2976,N6038 /1 undetected,output,,N6038,N6038,1,undetected,N6038,N6038,N6038,sa1,1
2977,N96877 /1 undetected,output,,N96877,N96877,1,undetected,N96877,N96877,N96877,sa1,1
2978,N86905 /1 undetected,output,,N86905,N86905,1,undetected,N86905,N86905,N86905,sa1,1
2979,N6036 /1 undetected,output,,N6036,N6036,1,undetected,N6036,N6036,N6036,sa1,1
2980,N96958 /1 undetected,output,,N96958,N96958,1,undetected,N96958,N96958,N96958,sa1,1
2981,N77442 /1 undetected,output,,N77442,N77442,1,undetected,N77442,N77442,N77442,sa1,1
2982,N6032 /1 undetected,output,,N6032,N6032,1,undetected,N6032,N6032,N6032,sa1,1
2983,N96797 /1 undetected,output,,N96797,N96797,1,undetected,N96797,N96797,N96797,sa1,1
2984,N6030 /1 undetected,output,,N6030,N6030,1,undetected,N6030,N6030,N6030,sa1,1
2985,N97514 /1 undetected,output,,N97514,N97514,1,undetected,N97514,N97514,N97514,sa1,1
2986,N97510 /1 undetected,output,,N97510,N97510,1,undetected,N97510,N97510,N97510,sa1,1
2987,N96985 /1 undetected,output,,N96985,N96985,1,undetected,N96985,N96985,N96985,sa1,1
2988,N74559 /1 undetected,output,,N74559,N74559,1,undetected,N74559,N74559,N74559,sa1,1
2989,N92424 /1 undetected,output,,N92424,N92424,1,undetected,N92424,N92424,N92424,sa1,1
2990,N95278 /1 undetected,output,,N95278,N95278,1,undetected,N95278,N95278,N95278,sa1,1
2991,N95256 /1 undetected,output,,N95256,N95256,1,undetected,N95256,N95256,N95256,sa1,1
2992,N96686 /1 undetected,output,,N96686,N96686,1,undetected,N96686,N96686,N96686,sa1,1
2993,N96658 /1 undetected,output,,N96658,N96658,1,undetected,N96658,N96658,N96658,sa1,1
2994,N91536 /1 undetected,output,,N91536,N91536,1,undetected,N91536,N91536,N91536,sa1,1
2995,N91501 /1 undetected,output,,N91501,N91501,1,undetected,N91501,N91501,N91501,sa1,1
2996,N74956 /1 undetected,output,,N74956,N74956,1,undetected,N74956,N74956,N74956,sa1,1
2997,N91751 /1 undetected,output,,N91751,N91751,1,undetected,N91751,N91751,N91751,sa1,1
2998,N91701 /1 undetected,output,,N91701,N91701,1,undetected,N91701,N91701,N91701,sa1,1
2999,N84913 /1 undetected,output,,N84913,N84913,1,undetected,N84913,N84913,N84913,sa1,1
3000,N74997 /1 undetected,output,,N74997,N74997,1,undetected,N74997,N74997,N74997,sa1,1
3001,N91750 /1 undetected,output,,N91750,N91750,1,undetected,N91750,N91750,N91750,sa1,1
3002,N84967 /1 undetected,output,,N84967,N84967,1,undetected,N84967,N84967,N84967,sa1,1
3003,N97085 /1 undetected,output,,N97085,N97085,1,undetected,N97085,N97085,N97085,sa1,1
3004,N92423 /1 undetected,output,,N92423,N92423,1,undetected,N92423,N92423,N92423,sa1,1
3005,N91660 /1 undetected,output,,N91660,N91660,1,undetected,N91660,N91660,N91660,sa1,1
3006,N74606 /1 undetected,output,,N74606,N74606,1,undetected,N74606,N74606,N74606,sa1,1
3007,N84469 /1 undetected,output,,N84469,N84469,1,undetected,N84469,N84469,N84469,sa1,1
3008,N74725 /1 undetected,output,,N74725,N74725,1,undetected,N74725,N74725,N74725,sa1,1
3009,N5861 /1 undetected,output,,N5861,N5861,1,undetected,N5861,N5861,N5861,sa1,1
3010,N5859 /1 undetected,output,,N5859,N5859,1,undetected,N5859,N5859,N5859,sa1,1
3011,N97527 /1 undetected,output,,N97527,N97527,1,undetected,N97527,N97527,N97527,sa1,1
3012,N5857 /1 undetected,output,,N5857,N5857,1,undetected,N5857,N5857,N5857,sa1,1
3013,N97530 /1 undetected,output,,N97530,N97530,1,undetected,N97530,N97530,N97530,sa1,1
3014,N5855 /1 undetected,output,,N5855,N5855,1,undetected,N5855,N5855,N5855,sa1,1
3015,N5853 /1 undetected,output,,N5853,N5853,1,undetected,N5853,N5853,N5853,sa1,1
3016,N97324 /1 undetected,output,,N97324,N97324,1,undetected,N97324,N97324,N97324,sa1,1
3017,N5851 /1 undetected,output,,N5851,N5851,1,undetected,N5851,N5851,N5851,sa1,1
3018,N5844 /1 undetected,output,,N5844,N5844,1,undetected,N5844,N5844,N5844,sa1,1
3019,N86595 /1 undetected,output,,N86595,N86595,1,undetected,N86595,N86595,N86595,sa1,1
3020,N5842 /1 undetected,output,,N5842,N5842,1,undetected,N5842,N5842,N5842,sa1,1
3021,N5840 /1 undetected,output,,N5840,N5840,1,undetected,N5840,N5840,N5840,sa1,1
3022,N77440 /1 undetected,output,,N77440,N77440,1,undetected,N77440,N77440,N77440,sa1,1
3023,N5838 /1 undetected,output,,N5838,N5838,1,undetected,N5838,N5838,N5838,sa1,1
3024,N96828 /1 undetected,output,,N96828,N96828,1,undetected,N96828,N96828,N96828,sa1,1
3025,N77445 /1 undetected,output,,N77445,N77445,1,undetected,N77445,N77445,N77445,sa1,1
3026,N5837 /1 undetected,output,,N5837,N5837,1,undetected,N5837,N5837,N5837,sa1,1
3027,N5835 /1 undetected,output,,N5835,N5835,1,undetected,N5835,N5835,N5835,sa1,1
3028,N86908 /1 undetected,output,,N86908,N86908,1,undetected,N86908,N86908,N86908,sa1,1
3029,N5834 /1 undetected,output,,N5834,N5834,1,undetected,N5834,N5834,N5834,sa1,1
3030,N96968 /1 undetected,output,,N96968,N96968,1,undetected,N96968,N96968,N96968,sa1,1
3031,N86903 /1 undetected,output,,N86903,N86903,1,undetected,N86903,N86903,N86903,sa1,1
3032,N5832 /1 undetected,output,,N5832,N5832,1,undetected,N5832,N5832,N5832,sa1,1
3033,N96865 /1 undetected,output,,N96865,N96865,1,undetected,N96865,N96865,N96865,sa1,1
3034,N77439 /1 undetected,output,,N77439,N77439,1,undetected,N77439,N77439,N77439,sa1,1
3035,N95275 /1 undetected,output,,N95275,N95275,1,undetected,N95275,N95275,N95275,sa1,1
3036,N95253 /1 undetected,output,,N95253,N95253,1,undetected,N95253,N95253,N95253,sa1,1
3037,N96655 /1 undetected,output,,N96655,N96655,1,undetected,N96655,N96655,N96655,sa1,1
3038,N91533 /1 undetected,output,,N91533,N91533,1,undetected,N91533,N91533,N91533,sa1,1
3039,N91498 /1 undetected,output,,N91498,N91498,1,undetected,N91498,N91498,N91498,sa1,1
3040,N74953 /1 undetected,output,,N74953,N74953,1,undetected,N74953,N74953,N74953,sa1,1
3041,N91746 /1 undetected,output,,N91746,N91746,1,undetected,N91746,N91746,N91746,sa1,1
3042,N91697 /1 undetected,output,,N91697,N91697,1,undetected,N91697,N91697,N91697,sa1,1
3043,N84910 /1 undetected,output,,N84910,N84910,1,undetected,N84910,N84910,N84910,sa1,1
3044,N74994 /1 undetected,output,,N74994,N74994,1,undetected,N74994,N74994,N74994,sa1,1
3045,N91745 /1 undetected,output,,N91745,N91745,1,undetected,N91745,N91745,N91745,sa1,1
3046,N84965 /1 undetected,output,,N84965,N84965,1,undetected,N84965,N84965,N84965,sa1,1
3047,N97083 /1 undetected,output,,N97083,N97083,1,undetected,N97083,N97083,N97083,sa1,1
3048,N92420 /1 undetected,output,,N92420,N92420,1,undetected,N92420,N92420,N92420,sa1,1
3049,N92350 /1 undetected,output,,N92350,N92350,1,undetected,N92350,N92350,N92350,sa1,1
3050,N91657 /1 undetected,output,,N91657,N91657,1,undetected,N91657,N91657,N91657,sa1,1
3051,N74603 /1 undetected,output,,N74603,N74603,1,undetected,N74603,N74603,N74603,sa1,1
3052,N84466 /1 undetected,output,,N84466,N84466,1,undetected,N84466,N84466,N84466,sa1,1
3053,N74722 /1 undetected,output,,N74722,N74722,1,undetected,N74722,N74722,N74722,sa1,1
3054,N5344 /1 undetected,output,,N5344,N5344,1,undetected,N5344,N5344,N5344,sa1,1
3055,N96795 /1 undetected,output,,N96795,N96795,1,undetected,N96795,N96795,N96795,sa1,1
3056,N97295 /1 undetected,output,,N97295,N97295,1,undetected,N97295,N97295,N97295,sa1,1
3057,N97289 /1 undetected,output,,N97289,N97289,1,undetected,N97289,N97289,N97289,sa1,1
3058,N5340 /1 undetected,output,,N5340,N5340,1,undetected,N5340,N5340,N5340,sa1,1
3059,N97308 /1 undetected,output,,N97308,N97308,1,undetected,N97308,N97308,N97308,sa1,1
3060,N5336 /1 undetected,output,,N5336,N5336,1,undetected,N5336,N5336,N5336,sa1,1
3061,N5334 /1 undetected,output,,N5334,N5334,1,undetected,N5334,N5334,N5334,sa1,1
3062,N97321 /1 undetected,output,,N97321,N97321,1,undetected,N97321,N97321,N97321,sa1,1
3063,N5332 /1 undetected,output,,N5332,N5332,1,undetected,N5332,N5332,N5332,sa1,1
3064,N86591 /1 undetected,output,,N86591,N86591,1,undetected,N86591,N86591,N86591,sa1,1
3065,N5330 /1 undetected,output,,N5330,N5330,1,undetected,N5330,N5330,N5330,sa1,1
3066,N5328 /1 undetected,output,,N5328,N5328,1,undetected,N5328,N5328,N5328,sa1,1
3067,N5326 /1 undetected,output,,N5326,N5326,1,undetected,N5326,N5326,N5326,sa1,1
3068,N77334 /1 undetected,output,,N77334,N77334,1,undetected,N77334,N77334,N77334,sa1,1
3069,N5325 /1 undetected,output,,N5325,N5325,1,undetected,N5325,N5325,N5325,sa1,1
3070,N96876 /1 undetected,output,,N96876,N96876,1,undetected,N96876,N96876,N96876,sa1,1
3071,N77328 /1 undetected,output,,N77328,N77328,1,undetected,N77328,N77328,N77328,sa1,1
3072,N5323 /1 undetected,output,,N5323,N5323,1,undetected,N5323,N5323,N5323,sa1,1
3073,N96957 /1 undetected,output,,N96957,N96957,1,undetected,N96957,N96957,N96957,sa1,1
3074,N86837 /1 undetected,output,,N86837,N86837,1,undetected,N86837,N86837,N86837,sa1,1
3075,N5321 /1 undetected,output,,N5321,N5321,1,undetected,N5321,N5321,N5321,sa1,1
3076,N86841 /1 undetected,output,,N86841,N86841,1,undetected,N86841,N86841,N86841,sa1,1
3077,N5319 /1 undetected,output,,N5319,N5319,1,undetected,N5319,N5319,N5319,sa1,1
3078,N96825 /1 undetected,output,,N96825,N96825,1,undetected,N96825,N96825,N96825,sa1,1
3079,N77327 /1 undetected,output,,N77327,N77327,1,undetected,N77327,N77327,N77327,sa1,1
3080,N86852 /1 undetected,output,,N86852,N86852,1,undetected,N86852,N86852,N86852,sa1,1
3081,N95274 /1 undetected,output,,N95274,N95274,1,undetected,N95274,N95274,N95274,sa1,1
3082,N95252 /1 undetected,output,,N95252,N95252,1,undetected,N95252,N95252,N95252,sa1,1
3083,N96654 /1 undetected,output,,N96654,N96654,1,undetected,N96654,N96654,N96654,sa1,1
3084,N91532 /1 undetected,output,,N91532,N91532,1,undetected,N91532,N91532,N91532,sa1,1
3085,N91497 /1 undetected,output,,N91497,N91497,1,undetected,N91497,N91497,N91497,sa1,1
3086,N74952 /1 undetected,output,,N74952,N74952,1,undetected,N74952,N74952,N74952,sa1,1
3087,N91744 /1 undetected,output,,N91744,N91744,1,undetected,N91744,N91744,N91744,sa1,1
3088,N91696 /1 undetected,output,,N91696,N91696,1,undetected,N91696,N91696,N91696,sa1,1
3089,N84909 /1 undetected,output,,N84909,N84909,1,undetected,N84909,N84909,N84909,sa1,1
3090,N74993 /1 undetected,output,,N74993,N74993,1,undetected,N74993,N74993,N74993,sa1,1
3091,N91743 /1 undetected,output,,N91743,N91743,1,undetected,N91743,N91743,N91743,sa1,1
3092,N84964 /1 undetected,output,,N84964,N84964,1,undetected,N84964,N84964,N84964,sa1,1
3093,N97082 /1 undetected,output,,N97082,N97082,1,undetected,N97082,N97082,N97082,sa1,1
3094,N92419 /1 undetected,output,,N92419,N92419,1,undetected,N92419,N92419,N92419,sa1,1
3095,N92349 /1 undetected,output,,N92349,N92349,1,undetected,N92349,N92349,N92349,sa1,1
3096,N97339 /1 undetected,output,,N97339,N97339,1,undetected,N97339,N97339,N97339,sa1,1
3097,N91656 /1 undetected,output,,N91656,N91656,1,undetected,N91656,N91656,N91656,sa1,1
3098,N74602 /1 undetected,output,,N74602,N74602,1,undetected,N74602,N74602,N74602,sa1,1
3099,N84465 /1 undetected,output,,N84465,N84465,1,undetected,N84465,N84465,N84465,sa1,1
3100,N74721 /1 undetected,output,,N74721,N74721,1,undetected,N74721,N74721,N74721,sa1,1
3101,N5142 /1 undetected,output,,N5142,N5142,1,undetected,N5142,N5142,N5142,sa1,1
3102,N5140 /1 undetected,output,,N5140,N5140,1,undetected,N5140,N5140,N5140,sa1,1
3103,N85130 /1 undetected,output,,N85130,N85130,1,undetected,N85130,N85130,N85130,sa1,1
3104,N5138 /1 undetected,output,,N5138,N5138,1,undetected,N5138,N5138,N5138,sa1,1
3105,N97306 /1 undetected,output,,N97306,N97306,1,undetected,N97306,N97306,N97306,sa1,1
3106,N5136 /1 undetected,output,,N5136,N5136,1,undetected,N5136,N5136,N5136,sa1,1
3107,N97309 /1 undetected,output,,N97309,N97309,1,undetected,N97309,N97309,N97309,sa1,1
3108,N5134 /1 undetected,output,,N5134,N5134,1,undetected,N5134,N5134,N5134,sa1,1
3109,N5132 /1 undetected,output,,N5132,N5132,1,undetected,N5132,N5132,N5132,sa1,1
3110,N86589 /1 undetected,output,,N86589,N86589,1,undetected,N86589,N86589,N86589,sa1,1
3111,N5130 /1 undetected,output,,N5130,N5130,1,undetected,N5130,N5130,N5130,sa1,1
3112,N5129 /1 undetected,output,,N5129,N5129,1,undetected,N5129,N5129,N5129,sa1,1
3113,N96965 /1 undetected,output,,N96965,N96965,1,undetected,N96965,N96965,N96965,sa1,1
3114,N77325 /1 undetected,output,,N77325,N77325,1,undetected,N77325,N77325,N77325,sa1,1
3115,N5127 /1 undetected,output,,N5127,N5127,1,undetected,N5127,N5127,N5127,sa1,1
3116,N5125 /1 undetected,output,,N5125,N5125,1,undetected,N5125,N5125,N5125,sa1,1
3117,N96824 /1 undetected,output,,N96824,N96824,1,undetected,N96824,N96824,N96824,sa1,1
3118,N5123 /1 undetected,output,,N5123,N5123,1,undetected,N5123,N5123,N5123,sa1,1
3119,N86835 /1 undetected,output,,N86835,N86835,1,undetected,N86835,N86835,N86835,sa1,1
3120,N77332 /1 undetected,output,,N77332,N77332,1,undetected,N77332,N77332,N77332,sa1,1
3121,N5122 /1 undetected,output,,N5122,N5122,1,undetected,N5122,N5122,N5122,sa1,1
3122,N86840 /1 undetected,output,,N86840,N86840,1,undetected,N86840,N86840,N86840,sa1,1
3123,N5120 /1 undetected,output,,N5120,N5120,1,undetected,N5120,N5120,N5120,sa1,1
3124,N96862 /1 undetected,output,,N96862,N96862,1,undetected,N96862,N96862,N96862,sa1,1
3125,N86834 /1 undetected,output,,N86834,N86834,1,undetected,N86834,N86834,N86834,sa1,1
3126,N5118 /1 undetected,output,,N5118,N5118,1,undetected,N5118,N5118,N5118,sa1,1
3127,N97322 /1 undetected,output,,N97322,N97322,1,undetected,N97322,N97322,N97322,sa1,1
3128,N5114 /1 undetected,output,,N5114,N5114,1,undetected,N5114,N5114,N5114,sa1,1
3129,N56505 /0 undetected,output,,N56505,N56505,0,undetected,N56505,N56505,N56505,sa0,1
3130,N56503 /1 undetected,output,,N56503,N56503,1,undetected,N56503,N56503,N56503,sa1,1
3131,N91485 /1 undetected,output,,N91485,N91485,1,undetected,N91485,N91485,N91485,sa1,1
3132,N94786 /1 undetected,output,,N94786,N94786,1,undetected,N94786,N94786,N94786,sa1,1
3133,N56500 /1 undetected,output,,N56500,N56500,1,undetected,N56500,N56500,N56500,sa1,1
3134,N91453 /1 undetected,output,,N91453,N91453,1,undetected,N91453,N91453,N91453,sa1,1
3135,N56496 /1 undetected,output,,N56496,N56496,1,undetected,N56496,N56496,N56496,sa1,1
3136,N56495 /1 undetected,output,,N56495,N56495,1,undetected,N56495,N56495,N56495,sa1,1
3137,N56490 /1 undetected,output,,N56490,N56490,1,undetected,N56490,N56490,N56490,sa1,1
3138,N102830 /1 undetected,output,,N102830,N102830,1,undetected,N102830,N102830,N102830,sa1,1
3139,N96678 /1 undetected,output,,N96678,N96678,1,undetected,N96678,N96678,N96678,sa1,1
3140,N56493 /1 undetected,output,,N56493,N56493,1,undetected,N56493,N56493,N56493,sa1,1
3141,N74522 /1 undetected,output,,N74522,N74522,1,undetected,N74522,N74522,N74522,sa1,1
3142,N56489 /1 undetected,output,,N56489,N56489,1,undetected,N56489,N56489,N56489,sa1,1
3143,N56485 /1 undetected,output,,N56485,N56485,1,undetected,N56485,N56485,N56485,sa1,1
3144,N84840 /1 undetected,output,,N84840,N84840,1,undetected,N84840,N84840,N84840,sa1,1
3145,N56484 /1 undetected,output,,N56484,N56484,1,undetected,N56484,N56484,N56484,sa1,1
3146,N56482 /1 undetected,output,,N56482,N56482,1,undetected,N56482,N56482,N56482,sa1,1
3147,N102712 /1 undetected,output,,N102712,N102712,1,undetected,N102712,N102712,N102712,sa1,1
3148,N74916 /1 undetected,output,,N74916,N74916,1,undetected,N74916,N74916,N74916,sa1,1
3149,N56481 /1 undetected,output,,N56481,N56481,1,undetected,N56481,N56481,N56481,sa1,1
3150,N56477 /1 undetected,output,,N56477,N56477,1,undetected,N56477,N56477,N56477,sa1,1
3151,N84894 /1 undetected,output,,N84894,N84894,1,undetected,N84894,N84894,N84894,sa1,1
3152,N56476 /1 undetected,output,,N56476,N56476,1,undetected,N56476,N56476,N56476,sa1,1
3153,N3981 /1 undetected,output,,N3981,N3981,1,undetected,N3981,N3981,N3981,sa1,1
3154,N91688 /1 undetected,output,,N91688,N91688,1,undetected,N91688,N91688,N91688,sa1,1
3155,N74944 /1 undetected,output,,N74944,N74944,1,undetected,N74944,N74944,N74944,sa1,1
3156,N56474 /1 undetected,output,,N56474,N56474,1,undetected,N56474,N56474,N56474,sa1,1
3157,N97001 /1 undetected,output,,N97001,N97001,1,undetected,N97001,N97001,N97001,sa1,1
3158,N56469 /1 undetected,output,,N56469,N56469,1,undetected,N56469,N56469,N56469,sa1,1
3159,N91586 /1 undetected,output,,N91586,N91586,1,undetected,N91586,N91586,N91586,sa1,1
3160,N56465 /1 undetected,output,,N56465,N56465,1,undetected,N56465,N56465,N56465,sa1,1
3161,N56463 /1 undetected,output,,N56463,N56463,1,undetected,N56463,N56463,N56463,sa1,1
3162,N121178 /1 undetected,output,,N121178,N121178,1,undetected,N121178,N121178,N121178,sa1,1
3163,N84951 /1 undetected,output,,N84951,N84951,1,undetected,N84951,N84951,N84951,sa1,1
3164,N56460 /1 undetected,output,,N56460,N56460,1,undetected,N56460,N56460,N56460,sa1,1
3165,N91738 /1 undetected,output,,N91738,N91738,1,undetected,N91738,N91738,N91738,sa1,1
3166,N56459 /1 undetected,output,,N56459,N56459,1,undetected,N56459,N56459,N56459,sa1,1
3167,N121177 /1 undetected,output,,N121177,N121177,1,undetected,N121177,N121177,N121177,sa1,1
3168,N56453 /1 undetected,output,,N56453,N56453,1,undetected,N56453,N56453,N56453,sa1,1
3169,N96559 /1 undetected,output,,N96559,N96559,1,undetected,N96559,N96559,N96559,sa1,1
3170,N56448 /1 undetected,output,,N56448,N56448,1,undetected,N56448,N56448,N56448,sa1,1
3171,N56446 /1 undetected,output,,N56446,N56446,1,undetected,N56446,N56446,N56446,sa1,1
3172,N86712 /1 undetected,output,,N86712,N86712,1,undetected,N86712,N86712,N86712,sa1,1
3173,N74713 /1 undetected,output,,N74713,N74713,1,undetected,N74713,N74713,N74713,sa1,1
3174,N56442 /1 undetected,output,,N56442,N56442,1,undetected,N56442,N56442,N56442,sa1,1
3175,N92411 /1 undetected,output,,N92411,N92411,1,undetected,N92411,N92411,N92411,sa1,1
3176,N56441 /1 undetected,output,,N56441,N56441,1,undetected,N56441,N56441,N56441,sa1,1
3177,N75649 /1 undetected,output,,N75649,N75649,1,undetected,N75649,N75649,N75649,sa1,1
3178,N121176 /1 undetected,output,,N121176,N121176,1,undetected,N121176,N121176,N121176,sa1,1
3179,N96417 /1 undetected,output,,N96417,N96417,1,undetected,N96417,N96417,N96417,sa1,1
3180,N121172 /1 undetected,output,,N121172,N121172,1,undetected,N121172,N121172,N121172,sa1,1
3181,N95914 /1 undetected,output,,N95914,N95914,1,undetected,N95914,N95914,N95914,sa1,1
3182,N121174 /1 undetected,output,,N121174,N121174,1,undetected,N121174,N121174,N121174,sa1,1
3183,N76265 /1 undetected,output,,N76265,N76265,1,undetected,N76265,N76265,N76265,sa1,1
3184,N56431 /1 undetected,output,,N56431,N56431,1,undetected,N56431,N56431,N56431,sa1,1
3185,N86187 /1 undetected,output,,N86187,N86187,1,undetected,N86187,N86187,N86187,sa1,1
3186,N56427 /1 undetected,output,,N56427,N56427,1,undetected,N56427,N56427,N56427,sa1,1
3187,N121171 /1 undetected,output,,N121171,N121171,1,undetected,N121171,N121171,N121171,sa1,1
3188,N94636 /1 undetected,output,,N94636,N94636,1,undetected,N94636,N94636,N94636,sa1,1
3189,N121175 /1 undetected,output,,N121175,N121175,1,undetected,N121175,N121175,N121175,sa1,1
3190,N94631 /1 undetected,output,,N94631,N94631,1,undetected,N94631,N94631,N94631,sa1,1
3191,N85582 /1 undetected,output,,N85582,N85582,1,undetected,N85582,N85582,N85582,sa1,1
3192,N121173 /1 undetected,output,,N121173,N121173,1,undetected,N121173,N121173,N121173,sa1,1
3193,N76417 /1 undetected,output,,N76417,N76417,1,undetected,N76417,N76417,N76417,sa1,1
3194,N91553 /1 undetected,output,,N91553,N91553,1,undetected,N91553,N91553,N91553,sa1,1
3195,N56333 /1 undetected,output,,N56333,N56333,1,undetected,N56333,N56333,N56333,sa1,1
3196,N119565 /1 undetected,output,,N119565,N119565,1,undetected,N119565,N119565,N119565,sa1,1
3197,N77572 /1 undetected,output,,N77572,N77572,1,undetected,N77572,N77572,N77572,sa1,1
3198,N95283 /1 undetected,output,,N95283,N95283,1,undetected,N95283,N95283,N95283,sa1,1
3199,N95261 /1 undetected,output,,N95261,N95261,1,undetected,N95261,N95261,N95261,sa1,1
3200,N96690 /1 undetected,output,,N96690,N96690,1,undetected,N96690,N96690,N96690,sa1,1
3201,N96663 /1 undetected,output,,N96663,N96663,1,undetected,N96663,N96663,N96663,sa1,1
3202,N91541 /1 undetected,output,,N91541,N91541,1,undetected,N91541,N91541,N91541,sa1,1
3203,N91506 /1 undetected,output,,N91506,N91506,1,undetected,N91506,N91506,N91506,sa1,1
3204,N74961 /1 undetected,output,,N74961,N74961,1,undetected,N74961,N74961,N74961,sa1,1
3205,N91757 /1 undetected,output,,N91757,N91757,1,undetected,N91757,N91757,N91757,sa1,1
3206,N91709 /1 undetected,output,,N91709,N91709,1,undetected,N91709,N91709,N91709,sa1,1
3207,N84918 /1 undetected,output,,N84918,N84918,1,undetected,N84918,N84918,N84918,sa1,1
3208,N75002 /1 undetected,output,,N75002,N75002,1,undetected,N75002,N75002,N75002,sa1,1
3209,N91664 /1 undetected,output,,N91664,N91664,1,undetected,N91664,N91664,N91664,sa1,1
3210,N74611 /1 undetected,output,,N74611,N74611,1,undetected,N74611,N74611,N74611,sa1,1
3211,N84474 /1 undetected,output,,N84474,N84474,1,undetected,N84474,N84474,N84474,sa1,1
3212,N74729 /1 undetected,output,,N74729,N74729,1,undetected,N74729,N74729,N74729,sa1,1
3213,N6782 /1 undetected,output,,N6782,N6782,1,undetected,N6782,N6782,N6782,sa1,1
3214,N85147 /1 undetected,output,,N85147,N85147,1,undetected,N85147,N85147,N85147,sa1,1
3215,N6780 /1 undetected,output,,N6780,N6780,1,undetected,N6780,N6780,N6780,sa1,1
3216,N97830 /1 undetected,output,,N97830,N97830,1,undetected,N97830,N97830,N97830,sa1,1
3217,N6778 /1 undetected,output,,N6778,N6778,1,undetected,N6778,N6778,N6778,sa1,1
3218,N97836 /1 undetected,output,,N97836,N97836,1,undetected,N97836,N97836,N97836,sa1,1
3219,N6776 /1 undetected,output,,N6776,N6776,1,undetected,N6776,N6776,N6776,sa1,1
3220,N6774 /1 undetected,output,,N6774,N6774,1,undetected,N6774,N6774,N6774,sa1,1
3221,N6772 /1 undetected,output,,N6772,N6772,1,undetected,N6772,N6772,N6772,sa1,1
3222,N6771 /1 undetected,output,,N6771,N6771,1,undetected,N6771,N6771,N6771,sa1,1
3223,N86601 /1 undetected,output,,N86601,N86601,1,undetected,N86601,N86601,N86601,sa1,1
3224,N77557 /1 undetected,output,,N77557,N77557,1,undetected,N77557,N77557,N77557,sa1,1
3225,N6770 /1 undetected,output,,N6770,N6770,1,undetected,N6770,N6770,N6770,sa1,1
3226,N96878 /1 undetected,output,,N96878,N96878,1,undetected,N96878,N96878,N96878,sa1,1
3227,N86972 /1 undetected,output,,N86972,N86972,1,undetected,N86972,N86972,N86972,sa1,1
3228,N6768 /1 undetected,output,,N6768,N6768,1,undetected,N6768,N6768,N6768,sa1,1
3229,N96959 /1 undetected,output,,N96959,N96959,1,undetected,N96959,N96959,N96959,sa1,1
3230,N77553 /1 undetected,output,,N77553,N77553,1,undetected,N77553,N77553,N77553,sa1,1
3231,N6766 /1 undetected,output,,N6766,N6766,1,undetected,N6766,N6766,N6766,sa1,1
3232,N6765 /1 undetected,output,,N6765,N6765,1,undetected,N6765,N6765,N6765,sa1,1
3233,N97842 /1 undetected,output,,N97842,N97842,1,undetected,N97842,N97842,N97842,sa1,1
3234,N96855 /1 undetected,output,,N96855,N96855,1,undetected,N96855,N96855,N96855,sa1,1
3235,N6764 /1 undetected,output,,N6764,N6764,1,undetected,N6764,N6764,N6764,sa1,1
3236,N97856 /1 undetected,output,,N97856,N97856,1,undetected,N97856,N97856,N97856,sa1,1
3237,N6762 /1 undetected,output,,N6762,N6762,1,undetected,N6762,N6762,N6762,sa1,1
3238,N96831 /1 undetected,output,,N96831,N96831,1,undetected,N96831,N96831,N96831,sa1,1
3239,N86971 /1 undetected,output,,N86971,N86971,1,undetected,N86971,N86971,N86971,sa1,1
3240,N6758 /1 undetected,output,,N6758,N6758,1,undetected,N6758,N6758,N6758,sa1,1
3241,N97815 /1 undetected,output,,N97815,N97815,1,undetected,N97815,N97815,N97815,sa1,1
3242,N97811 /1 undetected,output,,N97811,N97811,1,undetected,N97811,N97811,N97811,sa1,1
3243,N96987 /1 undetected,output,,N96987,N96987,1,undetected,N96987,N96987,N96987,sa1,1
3244,N74561 /1 undetected,output,,N74561,N74561,1,undetected,N74561,N74561,N74561,sa1,1
3245,N6720 /1 undetected,output,,N6720,N6720,1,undetected,N6720,N6720,N6720,sa1,1
3246,N97881 /1 undetected,output,,N97881,N97881,1,undetected,N97881,N97881,N97881,sa1,1
3247,N92429 /1 undetected,output,,N92429,N92429,1,undetected,N92429,N92429,N92429,sa1,1
3248,N95282 /1 undetected,output,,N95282,N95282,1,undetected,N95282,N95282,N95282,sa1,1
3249,N95260 /1 undetected,output,,N95260,N95260,1,undetected,N95260,N95260,N95260,sa1,1
3250,N96689 /1 undetected,output,,N96689,N96689,1,undetected,N96689,N96689,N96689,sa1,1
3251,N96662 /1 undetected,output,,N96662,N96662,1,undetected,N96662,N96662,N96662,sa1,1
3252,N91540 /1 undetected,output,,N91540,N91540,1,undetected,N91540,N91540,N91540,sa1,1
3253,N91505 /1 undetected,output,,N91505,N91505,1,undetected,N91505,N91505,N91505,sa1,1
3254,N74960 /1 undetected,output,,N74960,N74960,1,undetected,N74960,N74960,N74960,sa1,1
3255,N91756 /1 undetected,output,,N91756,N91756,1,undetected,N91756,N91756,N91756,sa1,1
3256,N91707 /1 undetected,output,,N91707,N91707,1,undetected,N91707,N91707,N91707,sa1,1
3257,N84917 /1 undetected,output,,N84917,N84917,1,undetected,N84917,N84917,N84917,sa1,1
3258,N75001 /1 undetected,output,,N75001,N75001,1,undetected,N75001,N75001,N75001,sa1,1
3259,N91755 /1 undetected,output,,N91755,N91755,1,undetected,N91755,N91755,N91755,sa1,1
3260,N84969 /1 undetected,output,,N84969,N84969,1,undetected,N84969,N84969,N84969,sa1,1
3261,N97087 /1 undetected,output,,N97087,N97087,1,undetected,N97087,N97087,N97087,sa1,1
3262,N92428 /1 undetected,output,,N92428,N92428,1,undetected,N92428,N92428,N92428,sa1,1
3263,N91663 /1 undetected,output,,N91663,N91663,1,undetected,N91663,N91663,N91663,sa1,1
3264,N74610 /1 undetected,output,,N74610,N74610,1,undetected,N74610,N74610,N74610,sa1,1
3265,N84473 /1 undetected,output,,N84473,N84473,1,undetected,N84473,N84473,N84473,sa1,1
3266,N74728 /1 undetected,output,,N74728,N74728,1,undetected,N74728,N74728,N74728,sa1,1
3267,N6585 /1 undetected,output,,N6585,N6585,1,undetected,N6585,N6585,N6585,sa1,1
3268,N97826 /1 undetected,output,,N97826,N97826,1,undetected,N97826,N97826,N97826,sa1,1
3269,N6581 /1 undetected,output,,N6581,N6581,1,undetected,N6581,N6581,N6581,sa1,1
3270,N85144 /1 undetected,output,,N85144,N85144,1,undetected,N85144,N85144,N85144,sa1,1
3271,N97828 /1 undetected,output,,N97828,N97828,1,undetected,N97828,N97828,N97828,sa1,1
3272,N6577 /1 undetected,output,,N6577,N6577,1,undetected,N6577,N6577,N6577,sa1,1
3273,N6575 /1 undetected,output,,N6575,N6575,1,undetected,N6575,N6575,N6575,sa1,1
3274,N6573 /1 undetected,output,,N6573,N6573,1,undetected,N6573,N6573,N6573,sa1,1
3275,N97325 /1 undetected,output,,N97325,N97325,1,undetected,N97325,N97325,N97325,sa1,1
3276,N6571 /1 undetected,output,,N6571,N6571,1,undetected,N6571,N6571,N6571,sa1,1
3277,N6564 /1 undetected,output,,N6564,N6564,1,undetected,N6564,N6564,N6564,sa1,1
3278,N86599 /1 undetected,output,,N86599,N86599,1,undetected,N86599,N86599,N86599,sa1,1
3279,N6562 /1 undetected,output,,N6562,N6562,1,undetected,N6562,N6562,N6562,sa1,1
3280,N6560 /1 undetected,output,,N6560,N6560,1,undetected,N6560,N6560,N6560,sa1,1
3281,N77551 /1 undetected,output,,N77551,N77551,1,undetected,N77551,N77551,N77551,sa1,1
3282,N6558 /1 undetected,output,,N6558,N6558,1,undetected,N6558,N6558,N6558,sa1,1
3283,N96830 /1 undetected,output,,N96830,N96830,1,undetected,N96830,N96830,N96830,sa1,1
3284,N77556 /1 undetected,output,,N77556,N77556,1,undetected,N77556,N77556,N77556,sa1,1
3285,N6557 /1 undetected,output,,N6557,N6557,1,undetected,N6557,N6557,N6557,sa1,1
3286,N6555 /1 undetected,output,,N6555,N6555,1,undetected,N6555,N6555,N6555,sa1,1
3287,N96970 /1 undetected,output,,N96970,N96970,1,undetected,N96970,N96970,N96970,sa1,1
3288,N86969 /1 undetected,output,,N86969,N86969,1,undetected,N86969,N86969,N86969,sa1,1
3289,N6553 /1 undetected,output,,N6553,N6553,1,undetected,N6553,N6553,N6553,sa1,1
3290,N86974 /1 undetected,output,,N86974,N86974,1,undetected,N86974,N86974,N86974,sa1,1
3291,N6552 /1 undetected,output,,N6552,N6552,1,undetected,N6552,N6552,N6552,sa1,1
3292,N96866 /1 undetected,output,,N96866,N96866,1,undetected,N96866,N96866,N96866,sa1,1
3293,N77550 /1 undetected,output,,N77550,N77550,1,undetected,N77550,N77550,N77550,sa1,1
3294,N77403 /1 undetected,output,,N77403,N77403,1,undetected,N77403,N77403,N77403,sa1,1
3295,N95277 /1 undetected,output,,N95277,N95277,1,undetected,N95277,N95277,N95277,sa1,1
3296,N95255 /1 undetected,output,,N95255,N95255,1,undetected,N95255,N95255,N95255,sa1,1
3297,N96685 /1 undetected,output,,N96685,N96685,1,undetected,N96685,N96685,N96685,sa1,1
3298,N96657 /1 undetected,output,,N96657,N96657,1,undetected,N96657,N96657,N96657,sa1,1
3299,N91535 /1 undetected,output,,N91535,N91535,1,undetected,N91535,N91535,N91535,sa1,1
3300,N91500 /1 undetected,output,,N91500,N91500,1,undetected,N91500,N91500,N91500,sa1,1
3301,N74955 /1 undetected,output,,N74955,N74955,1,undetected,N74955,N74955,N74955,sa1,1
3302,N91749 /1 undetected,output,,N91749,N91749,1,undetected,N91749,N91749,N91749,sa1,1
3303,N91700 /1 undetected,output,,N91700,N91700,1,undetected,N91700,N91700,N91700,sa1,1
3304,N84912 /1 undetected,output,,N84912,N84912,1,undetected,N84912,N84912,N84912,sa1,1
3305,N74996 /1 undetected,output,,N74996,N74996,1,undetected,N74996,N74996,N74996,sa1,1
3306,N91659 /1 undetected,output,,N91659,N91659,1,undetected,N91659,N91659,N91659,sa1,1
3307,N74605 /1 undetected,output,,N74605,N74605,1,undetected,N74605,N74605,N74605,sa1,1
3308,N84468 /1 undetected,output,,N84468,N84468,1,undetected,N84468,N84468,N84468,sa1,1
3309,N74724 /1 undetected,output,,N74724,N74724,1,undetected,N74724,N74724,N74724,sa1,1
3310,N5712 /1 undetected,output,,N5712,N5712,1,undetected,N5712,N5712,N5712,sa1,1
3311,N5710 /1 undetected,output,,N5710,N5710,1,undetected,N5710,N5710,N5710,sa1,1
3312,N97427 /1 undetected,output,,N97427,N97427,1,undetected,N97427,N97427,N97427,sa1,1
3313,N5708 /1 undetected,output,,N5708,N5708,1,undetected,N5708,N5708,N5708,sa1,1
3314,N97433 /1 undetected,output,,N97433,N97433,1,undetected,N97433,N97433,N97433,sa1,1
3315,N5706 /1 undetected,output,,N5706,N5706,1,undetected,N5706,N5706,N5706,sa1,1
3316,N5704 /1 undetected,output,,N5704,N5704,1,undetected,N5704,N5704,N5704,sa1,1
3317,N97439 /1 undetected,output,,N97439,N97439,1,undetected,N97439,N97439,N97439,sa1,1
3318,N96853 /1 undetected,output,,N96853,N96853,1,undetected,N96853,N96853,N96853,sa1,1
3319,N5703 /1 undetected,output,,N5703,N5703,1,undetected,N5703,N5703,N5703,sa1,1
3320,N5701 /1 undetected,output,,N5701,N5701,1,undetected,N5701,N5701,N5701,sa1,1
3321,N86594 /1 undetected,output,,N86594,N86594,1,undetected,N86594,N86594,N86594,sa1,1
3322,N5700 /1 undetected,output,,N5700,N5700,1,undetected,N5700,N5700,N5700,sa1,1
3323,N96827 /1 undetected,output,,N96827,N96827,1,undetected,N96827,N96827,N96827,sa1,1
3324,N5698 /1 undetected,output,,N5698,N5698,1,undetected,N5698,N5698,N5698,sa1,1
3325,N86876 /1 undetected,output,,N86876,N86876,1,undetected,N86876,N86876,N86876,sa1,1
3326,N86871 /1 undetected,output,,N86871,N86871,1,undetected,N86871,N86871,N86871,sa1,1
3327,N5697 /1 undetected,output,,N5697,N5697,1,undetected,N5697,N5697,N5697,sa1,1
3328,N5695 /1 undetected,output,,N5695,N5695,1,undetected,N5695,N5695,N5695,sa1,1
3329,N96967 /1 undetected,output,,N96967,N96967,1,undetected,N96967,N96967,N96967,sa1,1
3330,N77386 /1 undetected,output,,N77386,N77386,1,undetected,N77386,N77386,N77386,sa1,1
3331,N5693 /1 undetected,output,,N5693,N5693,1,undetected,N5693,N5693,N5693,sa1,1
3332,N77390 /1 undetected,output,,N77390,N77390,1,undetected,N77390,N77390,N77390,sa1,1
3333,N5692 /1 undetected,output,,N5692,N5692,1,undetected,N5692,N5692,N5692,sa1,1
3334,N96864 /1 undetected,output,,N96864,N96864,1,undetected,N96864,N96864,N96864,sa1,1
3335,N86870 /1 undetected,output,,N86870,N86870,1,undetected,N86870,N86870,N86870,sa1,1
3336,N5688 /1 undetected,output,,N5688,N5688,1,undetected,N5688,N5688,N5688,sa1,1
3337,N96796 /1 undetected,output,,N96796,N96796,1,undetected,N96796,N96796,N96796,sa1,1
3338,N97412 /1 undetected,output,,N97412,N97412,1,undetected,N97412,N97412,N97412,sa1,1
3339,N97408 /1 undetected,output,,N97408,N97408,1,undetected,N97408,N97408,N97408,sa1,1
3340,N96984 /1 undetected,output,,N96984,N96984,1,undetected,N96984,N96984,N96984,sa1,1
3341,N74558 /1 undetected,output,,N74558,N74558,1,undetected,N74558,N74558,N74558,sa1,1
3342,N5650 /1 undetected,output,,N5650,N5650,1,undetected,N5650,N5650,N5650,sa1,1
3343,N97486 /1 undetected,output,,N97486,N97486,1,undetected,N97486,N97486,N97486,sa1,1
3344,N97477 /1 undetected,output,,N97477,N97477,1,undetected,N97477,N97477,N97477,sa1,1
3345,N92422 /1 undetected,output,,N92422,N92422,1,undetected,N92422,N92422,N92422,sa1,1
3346,N95254 /1 undetected,output,,N95254,N95254,1,undetected,N95254,N95254,N95254,sa1,1
3347,N95276 /1 undetected,output,,N95276,N95276,1,undetected,N95276,N95276,N95276,sa1,1
3348,N96684 /1 undetected,output,,N96684,N96684,1,undetected,N96684,N96684,N96684,sa1,1
3349,N96656 /1 undetected,output,,N96656,N96656,1,undetected,N96656,N96656,N96656,sa1,1
3350,N91534 /1 undetected,output,,N91534,N91534,1,undetected,N91534,N91534,N91534,sa1,1
3351,N91499 /1 undetected,output,,N91499,N91499,1,undetected,N91499,N91499,N91499,sa1,1
3352,N74954 /1 undetected,output,,N74954,N74954,1,undetected,N74954,N74954,N74954,sa1,1
3353,N91748 /1 undetected,output,,N91748,N91748,1,undetected,N91748,N91748,N91748,sa1,1
3354,N91698 /1 undetected,output,,N91698,N91698,1,undetected,N91698,N91698,N91698,sa1,1
3355,N84911 /1 undetected,output,,N84911,N84911,1,undetected,N84911,N84911,N84911,sa1,1
3356,N74995 /1 undetected,output,,N74995,N74995,1,undetected,N74995,N74995,N74995,sa1,1
3357,N91747 /1 undetected,output,,N91747,N91747,1,undetected,N91747,N91747,N91747,sa1,1
3358,N84966 /1 undetected,output,,N84966,N84966,1,undetected,N84966,N84966,N84966,sa1,1
3359,N97084 /1 undetected,output,,N97084,N97084,1,undetected,N97084,N97084,N97084,sa1,1
3360,N92421 /1 undetected,output,,N92421,N92421,1,undetected,N92421,N92421,N92421,sa1,1
3361,N91658 /1 undetected,output,,N91658,N91658,1,undetected,N91658,N91658,N91658,sa1,1
3362,N74604 /1 undetected,output,,N74604,N74604,1,undetected,N74604,N74604,N74604,sa1,1
3363,N84467 /1 undetected,output,,N84467,N84467,1,undetected,N84467,N84467,N84467,sa1,1
3364,N74723 /1 undetected,output,,N74723,N74723,1,undetected,N74723,N74723,N74723,sa1,1
3365,N5508 /1 undetected,output,,N5508,N5508,1,undetected,N5508,N5508,N5508,sa1,1
3366,N5506 /1 undetected,output,,N5506,N5506,1,undetected,N5506,N5506,N5506,sa1,1
3367,N97428 /1 undetected,output,,N97428,N97428,1,undetected,N97428,N97428,N97428,sa1,1
3368,N5504 /1 undetected,output,,N5504,N5504,1,undetected,N5504,N5504,N5504,sa1,1
3369,N5502 /1 undetected,output,,N5502,N5502,1,undetected,N5502,N5502,N5502,sa1,1
3370,N97323 /1 undetected,output,,N97323,N97323,1,undetected,N97323,N97323,N97323,sa1,1
3371,N5500 /1 undetected,output,,N5500,N5500,1,undetected,N5500,N5500,N5500,sa1,1
3372,N5493 /1 undetected,output,,N5493,N5493,1,undetected,N5493,N5493,N5493,sa1,1
3373,N86592 /1 undetected,output,,N86592,N86592,1,undetected,N86592,N86592,N86592,sa1,1
3374,N5491 /1 undetected,output,,N5491,N5491,1,undetected,N5491,N5491,N5491,sa1,1
3375,N5489 /1 undetected,output,,N5489,N5489,1,undetected,N5489,N5489,N5489,sa1,1
3376,N77389 /1 undetected,output,,N77389,N77389,1,undetected,N77389,N77389,N77389,sa1,1
3377,N5487 /1 undetected,output,,N5487,N5487,1,undetected,N5487,N5487,N5487,sa1,1
3378,N96826 /1 undetected,output,,N96826,N96826,1,undetected,N96826,N96826,N96826,sa1,1
3379,N77384 /1 undetected,output,,N77384,N77384,1,undetected,N77384,N77384,N77384,sa1,1
3380,N5486 /1 undetected,output,,N5486,N5486,1,undetected,N5486,N5486,N5486,sa1,1
3381,N5484 /1 undetected,output,,N5484,N5484,1,undetected,N5484,N5484,N5484,sa1,1
3382,N96966 /1 undetected,output,,N96966,N96966,1,undetected,N96966,N96966,N96966,sa1,1
3383,N86868 /1 undetected,output,,N86868,N86868,1,undetected,N86868,N86868,N86868,sa1,1
3384,N5482 /1 undetected,output,,N5482,N5482,1,undetected,N5482,N5482,N5482,sa1,1
3385,N86873 /1 undetected,output,,N86873,N86873,1,undetected,N86873,N86873,N86873,sa1,1
3386,N5481 /1 undetected,output,,N5481,N5481,1,undetected,N5481,N5481,N5481,sa1,1
3387,N96863 /1 undetected,output,,N96863,N96863,1,undetected,N96863,N96863,N96863,sa1,1
3388,N77383 /1 undetected,output,,N77383,N77383,1,undetected,N77383,N77383,N77383,sa1,1
3389,N53365 /1 undetected,output,,N53365,N53365,1,undetected,N53365,N53365,N53365,sa1,1
3390,N120335 /1 undetected,output,,N120335,N120335,1,undetected,N120335,N120335,N120335,sa1,1
3391,N53361 /1 undetected,output,,N53361,N53361,1,undetected,N53361,N53361,N53361,sa1,1
3392,N82099 /1 undetected,output,,N82099,N82099,1,undetected,N82099,N82099,N82099,sa1,1
3393,N53357 /1 undetected,output,,N53357,N53357,1,undetected,N53357,N53357,N53357,sa1,1
3394,N90293 /1 undetected,output,,N90293,N90293,1,undetected,N90293,N90293,N90293,sa1,1
3395,N53355 /1 undetected,output,,N53355,N53355,1,undetected,N53355,N53355,N53355,sa1,1
3396,N82106 /1 undetected,output,,N82106,N82106,1,undetected,N82106,N82106,N82106,sa1,1
3397,N53353 /1 undetected,output,,N53353,N53353,1,undetected,N53353,N53353,N53353,sa1,1
3398,N53336 /1 undetected,output,,N53336,N53336,1,undetected,N53336,N53336,N53336,sa1,1
3399,N90285 /1 undetected,output,,N90285,N90285,1,undetected,N90285,N90285,N90285,sa1,1
3400,N82104 /1 undetected,output,,N82104,N82104,1,undetected,N82104,N82104,N82104,sa1,1
3401,N53347 /1 undetected,output,,N53347,N53347,1,undetected,N53347,N53347,N53347,sa1,1
3402,N94889 /1 undetected,output,,N94889,N94889,1,undetected,N94889,N94889,N94889,sa1,1
3403,N90286 /1 undetected,output,,N90286,N90286,1,undetected,N90286,N90286,N90286,sa1,1
3404,N53342 /1 undetected,output,,N53342,N53342,1,undetected,N53342,N53342,N53342,sa1,1
3405,N106265 /1 undetected,output,,N106265,N106265,1,undetected,N106265,N106265,N106265,sa1,1
3406,N90292 /1 undetected,output,,N90292,N90292,1,undetected,N90292,N90292,N90292,sa1,1
3407,N120199 /1 undetected,output,,N120199,N120199,1,undetected,N120199,N120199,N120199,sa1,1
3408,N82105 /1 undetected,output,,N82105,N82105,1,undetected,N82105,N82105,N82105,sa1,1
3409,N53333 /1 undetected,output,,N53333,N53333,1,undetected,N53333,N53333,N53333,sa1,1
3410,N90291 /1 undetected,output,,N90291,N90291,1,undetected,N90291,N90291,N90291,sa1,1
3411,N53331 /1 undetected,output,,N53331,N53331,1,undetected,N53331,N53331,N53331,sa1,1
3412,N82098 /1 undetected,output,,N82098,N82098,1,undetected,N82098,N82098,N82098,sa1,1
3413,N53330 /1 undetected,output,,N53330,N53330,1,undetected,N53330,N53330,N53330,sa1,1
3414,N82103 /1 undetected,output,,N82103,N82103,1,undetected,N82103,N82103,N82103,sa1,1
3415,N52931 /1 undetected,output,,N52931,N52931,1,undetected,N52931,N52931,N52931,sa1,1
3416,N94888 /1 undetected,output,,N94888,N94888,1,undetected,N94888,N94888,N94888,sa1,1
3417,N90322 /1 undetected,output,,N90322,N90322,1,undetected,N90322,N90322,N90322,sa1,1
3418,N52926 /1 undetected,output,,N52926,N52926,1,undetected,N52926,N52926,N52926,sa1,1
3419,N120198 /1 undetected,output,,N120198,N120198,1,undetected,N120198,N120198,N120198,sa1,1
3420,N82154 /1 undetected,output,,N82154,N82154,1,undetected,N82154,N82154,N82154,sa1,1
3421,N106319 /1 undetected,output,,N106319,N106319,1,undetected,N106319,N106319,N106319,sa1,1
3422,N90324 /1 undetected,output,,N90324,N90324,1,undetected,N90324,N90324,N90324,sa1,1
3423,N52920 /1 undetected,output,,N52920,N52920,1,undetected,N52920,N52920,N52920,sa1,1
3424,N82146 /1 undetected,output,,N82146,N82146,1,undetected,N82146,N82146,N82146,sa1,1
3425,N52917 /1 undetected,output,,N52917,N52917,1,undetected,N52917,N52917,N52917,sa1,1
3426,N82153 /1 undetected,output,,N82153,N82153,1,undetected,N82153,N82153,N82153,sa1,1
3427,N52919 /1 undetected,output,,N52919,N52919,1,undetected,N52919,N52919,N52919,sa1,1
3428,N90328 /1 undetected,output,,N90328,N90328,1,undetected,N90328,N90328,N90328,sa1,1
3429,N52915 /1 undetected,output,,N52915,N52915,1,undetected,N52915,N52915,N52915,sa1,1
3430,N52911 /1 undetected,output,,N52911,N52911,1,undetected,N52911,N52911,N52911,sa1,1
3431,N82152 /1 undetected,output,,N82152,N82152,1,undetected,N82152,N82152,N82152,sa1,1
3432,N90321 /1 undetected,output,,N90321,N90321,1,undetected,N90321,N90321,N90321,sa1,1
3433,N52908 /1 undetected,output,,N52908,N52908,1,undetected,N52908,N52908,N52908,sa1,1
3434,N82145 /1 undetected,output,,N82145,N82145,1,undetected,N82145,N82145,N82145,sa1,1
3435,N52904 /1 undetected,output,,N52904,N52904,1,undetected,N52904,N52904,N52904,sa1,1
3436,N82151 /1 undetected,output,,N82151,N82151,1,undetected,N82151,N82151,N82151,sa1,1
3437,N52902 /1 undetected,output,,N52902,N52902,1,undetected,N52902,N52902,N52902,sa1,1
3438,N90327 /1 undetected,output,,N90327,N90327,1,undetected,N90327,N90327,N90327,sa1,1
3439,N52900 /1 undetected,output,,N52900,N52900,1,undetected,N52900,N52900,N52900,sa1,1
3440,N94887 /1 undetected,output,,N94887,N94887,1,undetected,N94887,N94887,N94887,sa1,1
3441,N78961 /1 undetected,output,,N78961,N78961,1,undetected,N78961,N78961,N78961,sa1,1
3442,N52897 /1 undetected,output,,N52897,N52897,1,undetected,N52897,N52897,N52897,sa1,1
3443,N120208 /1 undetected,output,,N120208,N120208,1,undetected,N120208,N120208,N120208,sa1,1
3444,N52893 /1 undetected,output,,N52893,N52893,1,undetected,N52893,N52893,N52893,sa1,1
3445,N52892 /1 undetected,output,,N52892,N52892,1,undetected,N52892,N52892,N52892,sa1,1
3446,N120090 /1 undetected,output,,N120090,N120090,1,undetected,N120090,N120090,N120090,sa1,1
3447,N52890 /1 undetected,output,,N52890,N52890,1,undetected,N52890,N52890,N52890,sa1,1
3448,N120060 /1 undetected,output,,N120060,N120060,1,undetected,N120060,N120060,N120060,sa1,1
3449,N52888 /1 undetected,output,,N52888,N52888,1,undetected,N52888,N52888,N52888,sa1,1
3450,N52445 /1 undetected,output,,N52445,N52445,1,undetected,N52445,N52445,N52445,sa1,1
3451,N90368 /1 undetected,output,,N90368,N90368,1,undetected,N90368,N90368,N90368,sa1,1
3452,N82193 /1 undetected,output,,N82193,N82193,1,undetected,N82193,N82193,N82193,sa1,1
3453,N52883 /1 undetected,output,,N52883,N52883,1,undetected,N52883,N52883,N52883,sa1,1
3454,N94885 /1 undetected,output,,N94885,N94885,1,undetected,N94885,N94885,N94885,sa1,1
3455,N120059 /1 undetected,output,,N120059,N120059,1,undetected,N120059,N120059,N120059,sa1,1
3456,N52829 /1 undetected,output,,N52829,N52829,1,undetected,N52829,N52829,N52829,sa1,1
3457,N120197 /1 undetected,output,,N120197,N120197,1,undetected,N120197,N120197,N120197,sa1,1
3458,N120089 /1 undetected,output,,N120089,N120089,1,undetected,N120089,N120089,N120089,sa1,1
3459,N52873 /1 undetected,output,,N52873,N52873,1,undetected,N52873,N52873,N52873,sa1,1
3460,N82194 /1 undetected,output,,N82194,N82194,1,undetected,N82194,N82194,N82194,sa1,1
3461,N52446 /1 undetected,output,,N52446,N52446,1,undetected,N52446,N52446,N52446,sa1,1
3462,N90369 /1 undetected,output,,N90369,N90369,1,undetected,N90369,N90369,N90369,sa1,1
3463,N52444 /1 undetected,output,,N52444,N52444,1,undetected,N52444,N52444,N52444,sa1,1
3464,N90362 /1 undetected,output,,N90362,N90362,1,undetected,N90362,N90362,N90362,sa1,1
3465,N52869 /1 undetected,output,,N52869,N52869,1,undetected,N52869,N52869,N52869,sa1,1
3466,N52865 /1 undetected,output,,N52865,N52865,1,undetected,N52865,N52865,N52865,sa1,1
3467,N82159 /1 undetected,output,,N82159,N82159,1,undetected,N82159,N82159,N82159,sa1,1
3468,N52861 /1 undetected,output,,N52861,N52861,1,undetected,N52861,N52861,N52861,sa1,1
3469,N82167 /1 undetected,output,,N82167,N82167,1,undetected,N82167,N82167,N82167,sa1,1
3470,N52859 /1 undetected,output,,N52859,N52859,1,undetected,N52859,N52859,N52859,sa1,1
3471,N90340 /1 undetected,output,,N90340,N90340,1,undetected,N90340,N90340,N90340,sa1,1
3472,N52856 /1 undetected,output,,N52856,N52856,1,undetected,N52856,N52856,N52856,sa1,1
3473,N52854 /1 undetected,output,,N52854,N52854,1,undetected,N52854,N52854,N52854,sa1,1
3474,N90334 /1 undetected,output,,N90334,N90334,1,undetected,N90334,N90334,N90334,sa1,1
3475,N82166 /1 undetected,output,,N82166,N82166,1,undetected,N82166,N82166,N82166,sa1,1
3476,N52852 /1 undetected,output,,N52852,N52852,1,undetected,N52852,N52852,N52852,sa1,1
3477,N94884 /1 undetected,output,,N94884,N94884,1,undetected,N94884,N94884,N94884,sa1,1
3478,N78906 /1 undetected,output,,N78906,N78906,1,undetected,N78906,N78906,N78906,sa1,1
3479,N52849 /1 undetected,output,,N52849,N52849,1,undetected,N52849,N52849,N52849,sa1,1
3480,N94883 /1 undetected,output,,N94883,N94883,1,undetected,N94883,N94883,N94883,sa1,1
3481,N52844 /1 undetected,output,,N52844,N52844,1,undetected,N52844,N52844,N52844,sa1,1
3482,N90333 /1 undetected,output,,N90333,N90333,1,undetected,N90333,N90333,N90333,sa1,1
3483,N52843 /1 undetected,output,,N52843,N52843,1,undetected,N52843,N52843,N52843,sa1,1
3484,N90339 /1 undetected,output,,N90339,N90339,1,undetected,N90339,N90339,N90339,sa1,1
3485,N52841 /1 undetected,output,,N52841,N52841,1,undetected,N52841,N52841,N52841,sa1,1
3486,N82165 /1 undetected,output,,N82165,N82165,1,undetected,N82165,N82165,N82165,sa1,1
3487,N52835 /1 undetected,output,,N52835,N52835,1,undetected,N52835,N52835,N52835,sa1,1
3488,N82158 /1 undetected,output,,N82158,N82158,1,undetected,N82158,N82158,N82158,sa1,1
3489,N52831 /1 undetected,output,,N52831,N52831,1,undetected,N52831,N52831,N52831,sa1,1
3490,N82164 /1 undetected,output,,N82164,N82164,1,undetected,N82164,N82164,N82164,sa1,1
3491,N52834 /1 undetected,output,,N52834,N52834,1,undetected,N52834,N52834,N52834,sa1,1
3492,N90338 /1 undetected,output,,N90338,N90338,1,undetected,N90338,N90338,N90338,sa1,1
3493,N31432 /1 undetected,output,,N31432,N31432,1,undetected,N31432,N31432,N31432,sa1,1
3494,N101621 /1 undetected,output,,N101621,N101621,1,undetected,N101621,N101621,N101621,sa1,1
3495,N113888 /1 undetected,output,,N113888,N113888,1,undetected,N113888,N113888,N113888,sa1,1
3496,N81869 /1 undetected,output,,N81869,N81869,1,undetected,N81869,N81869,N81869,sa1,1
3497,N81873 /1 undetected,output,,N81873,N81873,1,undetected,N81873,N81873,N81873,sa1,1
3498,N31413 /1 undetected,output,,N31413,N31413,1,undetected,N31413,N31413,N31413,sa1,1
3499,N90088 /1 undetected,output,,N90088,N90088,1,undetected,N90088,N90088,N90088,sa1,1
3500,N78817 /1 undetected,output,,N78817,N78817,1,undetected,N78817,N78817,N78817,sa1,1
3501,N113883 /1 undetected,output,,N113883,N113883,1,undetected,N113883,N113883,N113883,sa1,1
3502,N113879 /1 undetected,output,,N113879,N113879,1,undetected,N113879,N113879,N113879,sa1,1
3503,N31409 /1 undetected,output,,N31409,N31409,1,undetected,N31409,N31409,N31409,sa1,1
3504,N101620 /1 undetected,output,,N101620,N101620,1,undetected,N101620,N101620,N101620,sa1,1
3505,N31394 /1 undetected,output,,N31394,N31394,1,undetected,N31394,N31394,N31394,sa1,1
3506,N113871 /1 undetected,output,,N113871,N113871,1,undetected,N113871,N113871,N113871,sa1,1
3507,N81872 /1 undetected,output,,N81872,N81872,1,undetected,N81872,N81872,N81872,sa1,1
3508,N31391 /1 undetected,output,,N31391,N31391,1,undetected,N31391,N31391,N31391,sa1,1
3509,N90086 /1 undetected,output,,N90086,N90086,1,undetected,N90086,N90086,N90086,sa1,1
3510,N113878 /1 undetected,output,,N113878,N113878,1,undetected,N113878,N113878,N113878,sa1,1
3511,N113874 /1 undetected,output,,N113874,N113874,1,undetected,N113874,N113874,N113874,sa1,1
3512,N113867 /1 undetected,output,,N113867,N113867,1,undetected,N113867,N113867,N113867,sa1,1
3513,N113863 /1 undetected,output,,N113863,N113863,1,undetected,N113863,N113863,N113863,sa1,1
3514,N74256 /1 undetected,output,,N74256,N74256,1,undetected,N74256,N74256,N74256,sa1,1
3515,N101646 /1 undetected,output,,N101646,N101646,1,undetected,N101646,N101646,N101646,sa1,1
3516,N83835 /1 undetected,output,,N83835,N83835,1,undetected,N83835,N83835,N83835,sa1,1
3517,N101601 /1 undetected,output,,N101601,N101601,1,undetected,N101601,N101601,N101601,sa1,1
3518,N89939 /1 undetected,output,,N89939,N89939,1,undetected,N89939,N89939,N89939,sa1,1
3519,N30668 /1 undetected,output,,N30668,N30668,1,undetected,N30668,N30668,N30668,sa1,1
3520,N113712 /1 undetected,output,,N113712,N113712,1,undetected,N113712,N113712,N113712,sa1,1
3521,N84553 /1 undetected,output,,N84553,N84553,1,undetected,N84553,N84553,N84553,sa1,1
3522,N30660 /1 undetected,output,,N30660,N30660,1,undetected,N30660,N30660,N30660,sa1,1
3523,N113711 /1 undetected,output,,N113711,N113711,1,undetected,N113711,N113711,N113711,sa1,1
3524,N74821 /1 undetected,output,,N74821,N74821,1,undetected,N74821,N74821,N74821,sa1,1
3525,N112830 /1 undetected,output,,N112830,N112830,1,undetected,N112830,N112830,N112830,sa1,1
3526,N89935 /1 undetected,output,,N89935,N89935,1,undetected,N89935,N89935,N89935,sa1,1
3527,N86948 /1 undetected,output,,N86948,N86948,1,undetected,N86948,N86948,N86948,sa1,1
3528,N30652 /1 undetected,output,,N30652,N30652,1,undetected,N30652,N30652,N30652,sa1,1
3529,N81693 /1 undetected,output,,N81693,N81693,1,undetected,N81693,N81693,N81693,sa1,1
3530,N113398 /1 undetected,output,,N113398,N113398,1,undetected,N113398,N113398,N113398,sa1,1
3531,N30647 /1 undetected,output,,N30647,N30647,1,undetected,N30647,N30647,N30647,sa1,1
3532,N106094 /1 undetected,output,,N106094,N106094,1,undetected,N106094,N106094,N106094,sa1,1
3533,N30645 /1 undetected,output,,N30645,N30645,1,undetected,N30645,N30645,N30645,sa1,1
3534,N30643 /1 undetected,output,,N30643,N30643,1,undetected,N30643,N30643,N30643,sa1,1
3535,N75593 /1 undetected,output,,N75593,N75593,1,undetected,N75593,N75593,N75593,sa1,1
3536,N30642 /1 undetected,output,,N30642,N30642,1,undetected,N30642,N30642,N30642,sa1,1
3537,N113389 /1 undetected,output,,N113389,N113389,1,undetected,N113389,N113389,N113389,sa1,1
3538,N77509 /1 undetected,output,,N77509,N77509,1,undetected,N77509,N77509,N77509,sa1,1
3539,N30640 /1 undetected,output,,N30640,N30640,1,undetected,N30640,N30640,N30640,sa1,1
3540,N113465 /1 undetected,output,,N113465,N113465,1,undetected,N113465,N113465,N113465,sa1,1
3541,N86946 /1 undetected,output,,N86946,N86946,1,undetected,N86946,N86946,N86946,sa1,1
3542,N81700 /1 undetected,output,,N81700,N81700,1,undetected,N81700,N81700,N81700,sa1,1
3543,N30630 /1 undetected,output,,N30630,N30630,1,undetected,N30630,N30630,N30630,sa1,1
3544,N113716 /1 undetected,output,,N113716,N113716,1,undetected,N113716,N113716,N113716,sa1,1
3545,N84552 /1 undetected,output,,N84552,N84552,1,undetected,N84552,N84552,N84552,sa1,1
3546,N30622 /1 undetected,output,,N30622,N30622,1,undetected,N30622,N30622,N30622,sa1,1
3547,N74820 /1 undetected,output,,N74820,N74820,1,undetected,N74820,N74820,N74820,sa1,1
3548,N30614 /1 undetected,output,,N30614,N30614,1,undetected,N30614,N30614,N30614,sa1,1
3549,N89934 /1 undetected,output,,N89934,N89934,1,undetected,N89934,N89934,N89934,sa1,1
3550,N30611 /1 undetected,output,,N30611,N30611,1,undetected,N30611,N30611,N30611,sa1,1
3551,N113717 /1 undetected,output,,N113717,N113717,1,undetected,N113717,N113717,N113717,sa1,1
3552,N77507 /1 undetected,output,,N77507,N77507,1,undetected,N77507,N77507,N77507,sa1,1
3553,N30606 /1 undetected,output,,N30606,N30606,1,undetected,N30606,N30606,N30606,sa1,1
3554,N113633 /1 undetected,output,,N113633,N113633,1,undetected,N113633,N113633,N113633,sa1,1
3555,N101410 /1 undetected,output,,N101410,N101410,1,undetected,N101410,N101410,N101410,sa1,1
3556,N81692 /1 undetected,output,,N81692,N81692,1,undetected,N81692,N81692,N81692,sa1,1
3557,N113531 /1 undetected,output,,N113531,N113531,1,undetected,N113531,N113531,N113531,sa1,1
3558,N30616 /1 undetected,output,,N30616,N30616,1,undetected,N30616,N30616,N30616,sa1,1
3559,N86944 /1 undetected,output,,N86944,N86944,1,undetected,N86944,N86944,N86944,sa1,1
3560,N30604 /1 undetected,output,,N30604,N30604,1,undetected,N30604,N30604,N30604,sa1,1
3561,N30602 /1 undetected,output,,N30602,N30602,1,undetected,N30602,N30602,N30602,sa1,1
3562,N113715 /1 undetected,output,,N113715,N113715,1,undetected,N113715,N113715,N113715,sa1,1
3563,N113494 /1 undetected,output,,N113494,N113494,1,undetected,N113494,N113494,N113494,sa1,1
3564,N77631 /1 undetected,output,,N77631,N77631,1,undetected,N77631,N77631,N77631,sa1,1
3565,N98029 /1 undetected,output,,N98029,N98029,1,undetected,N98029,N98029,N98029,sa1,1
3566,N96692 /1 undetected,output,,N96692,N96692,1,undetected,N96692,N96692,N96692,sa1,1
3567,N98028 /1 undetected,output,,N98028,N98028,1,undetected,N98028,N98028,N98028,sa1,1
3568,N92757 /1 undetected,output,,N92757,N92757,1,undetected,N92757,N92757,N92757,sa1,1
3569,N98027 /1 undetected,output,,N98027,N98027,1,undetected,N98027,N98027,N98027,sa1,1
3570,N91543 /1 undetected,output,,N91543,N91543,1,undetected,N91543,N91543,N91543,sa1,1
3571,N91508 /1 undetected,output,,N91508,N91508,1,undetected,N91508,N91508,N91508,sa1,1
3572,N74963 /1 undetected,output,,N74963,N74963,1,undetected,N74963,N74963,N74963,sa1,1
3573,N91760 /1 undetected,output,,N91760,N91760,1,undetected,N91760,N91760,N91760,sa1,1
3574,N91712 /1 undetected,output,,N91712,N91712,1,undetected,N91712,N91712,N91712,sa1,1
3575,N84920 /1 undetected,output,,N84920,N84920,1,undetected,N84920,N84920,N84920,sa1,1
3576,N75004 /1 undetected,output,,N75004,N75004,1,undetected,N75004,N75004,N75004,sa1,1
3577,N91666 /1 undetected,output,,N91666,N91666,1,undetected,N91666,N91666,N91666,sa1,1
3578,N74613 /1 undetected,output,,N74613,N74613,1,undetected,N74613,N74613,N74613,sa1,1
3579,N84476 /1 undetected,output,,N84476,N84476,1,undetected,N84476,N84476,N84476,sa1,1
3580,N74731 /1 undetected,output,,N74731,N74731,1,undetected,N74731,N74731,N74731,sa1,1
3581,N7126 /1 undetected,output,,N7126,N7126,1,undetected,N7126,N7126,N7126,sa1,1
3582,N7124 /1 undetected,output,,N7124,N7124,1,undetected,N7124,N7124,N7124,sa1,1
3583,N97934 /1 undetected,output,,N97934,N97934,1,undetected,N97934,N97934,N97934,sa1,1
3584,N7122 /1 undetected,output,,N7122,N7122,1,undetected,N7122,N7122,N7122,sa1,1
3585,N97940 /1 undetected,output,,N97940,N97940,1,undetected,N97940,N97940,N97940,sa1,1
3586,N7120 /1 undetected,output,,N7120,N7120,1,undetected,N7120,N7120,N7120,sa1,1
3587,N7118 /1 undetected,output,,N7118,N7118,1,undetected,N7118,N7118,N7118,sa1,1
3588,N7117 /1 undetected,output,,N7117,N7117,1,undetected,N7117,N7117,N7117,sa1,1
3589,N97948 /1 undetected,output,,N97948,N97948,1,undetected,N97948,N97948,N97948,sa1,1
3590,N96856 /1 undetected,output,,N96856,N96856,1,undetected,N96856,N96856,N96856,sa1,1
3591,N7116 /1 undetected,output,,N7116,N7116,1,undetected,N7116,N7116,N7116,sa1,1
3592,N97942 /1 undetected,output,,N97942,N97942,1,undetected,N97942,N97942,N97942,sa1,1
3593,N7114 /1 undetected,output,,N7114,N7114,1,undetected,N7114,N7114,N7114,sa1,1
3594,N96833 /1 undetected,output,,N96833,N96833,1,undetected,N96833,N96833,N96833,sa1,1
3595,N87004 /1 undetected,output,,N87004,N87004,1,undetected,N87004,N87004,N87004,sa1,1
3596,N7112 /1 undetected,output,,N7112,N7112,1,undetected,N7112,N7112,N7112,sa1,1
3597,N7110 /1 undetected,output,,N7110,N7110,1,undetected,N7110,N7110,N7110,sa1,1
3598,N97950 /1 undetected,output,,N97950,N97950,1,undetected,N97950,N97950,N97950,sa1,1
3599,N7109 /1 undetected,output,,N7109,N7109,1,undetected,N7109,N7109,N7109,sa1,1
3600,N96879 /1 undetected,output,,N96879,N96879,1,undetected,N96879,N96879,N96879,sa1,1
3601,N87003 /1 undetected,output,,N87003,N87003,1,undetected,N87003,N87003,N87003,sa1,1
3602,N7107 /1 undetected,output,,N7107,N7107,1,undetected,N7107,N7107,N7107,sa1,1
3603,N96960 /1 undetected,output,,N96960,N96960,1,undetected,N96960,N96960,N96960,sa1,1
3604,N77609 /1 undetected,output,,N77609,N77609,1,undetected,N77609,N77609,N77609,sa1,1
3605,N7103 /1 undetected,output,,N7103,N7103,1,undetected,N7103,N7103,N7103,sa1,1
3606,N96801 /1 undetected,output,,N96801,N96801,1,undetected,N96801,N96801,N96801,sa1,1
3607,N97919 /1 undetected,output,,N97919,N97919,1,undetected,N97919,N97919,N97919,sa1,1
3608,N97915 /1 undetected,output,,N97915,N97915,1,undetected,N97915,N97915,N97915,sa1,1
3609,N96988 /1 undetected,output,,N96988,N96988,1,undetected,N96988,N96988,N96988,sa1,1
3610,N74562 /1 undetected,output,,N74562,N74562,1,undetected,N74562,N74562,N74562,sa1,1
3611,N92431 /1 undetected,output,,N92431,N92431,1,undetected,N92431,N92431,N92431,sa1,1
3612,N96691 /1 undetected,output,,N96691,N96691,1,undetected,N96691,N96691,N96691,sa1,1
3613,N92756 /1 undetected,output,,N92756,N92756,1,undetected,N92756,N92756,N92756,sa1,1
3614,N91542 /1 undetected,output,,N91542,N91542,1,undetected,N91542,N91542,N91542,sa1,1
3615,N91507 /1 undetected,output,,N91507,N91507,1,undetected,N91507,N91507,N91507,sa1,1
3616,N74962 /1 undetected,output,,N74962,N74962,1,undetected,N74962,N74962,N74962,sa1,1
3617,N91759 /1 undetected,output,,N91759,N91759,1,undetected,N91759,N91759,N91759,sa1,1
3618,N91710 /1 undetected,output,,N91710,N91710,1,undetected,N91710,N91710,N91710,sa1,1
3619,N84919 /1 undetected,output,,N84919,N84919,1,undetected,N84919,N84919,N84919,sa1,1
3620,N75003 /1 undetected,output,,N75003,N75003,1,undetected,N75003,N75003,N75003,sa1,1
3621,N97088 /1 undetected,output,,N97088,N97088,1,undetected,N97088,N97088,N97088,sa1,1
3622,N92430 /1 undetected,output,,N92430,N92430,1,undetected,N92430,N92430,N92430,sa1,1
3623,N91758 /1 undetected,output,,N91758,N91758,1,undetected,N91758,N91758,N91758,sa1,1
3624,N84970 /1 undetected,output,,N84970,N84970,1,undetected,N84970,N84970,N84970,sa1,1
3625,N91665 /1 undetected,output,,N91665,N91665,1,undetected,N91665,N91665,N91665,sa1,1
3626,N74612 /1 undetected,output,,N74612,N74612,1,undetected,N74612,N74612,N74612,sa1,1
3627,N84475 /1 undetected,output,,N84475,N84475,1,undetected,N84475,N84475,N84475,sa1,1
3628,N74730 /1 undetected,output,,N74730,N74730,1,undetected,N74730,N74730,N74730,sa1,1
3629,N6930 /1 undetected,output,,N6930,N6930,1,undetected,N6930,N6930,N6930,sa1,1
3630,N6928 /1 undetected,output,,N6928,N6928,1,undetected,N6928,N6928,N6928,sa1,1
3631,N97935 /1 undetected,output,,N97935,N97935,1,undetected,N97935,N97935,N97935,sa1,1
3632,N6926 /1 undetected,output,,N6926,N6926,1,undetected,N6926,N6926,N6926,sa1,1
3633,N6924 /1 undetected,output,,N6924,N6924,1,undetected,N6924,N6924,N6924,sa1,1
3634,N6923 /1 undetected,output,,N6923,N6923,1,undetected,N6923,N6923,N6923,sa1,1
3635,N96832 /1 undetected,output,,N96832,N96832,1,undetected,N96832,N96832,N96832,sa1,1
3636,N6921 /1 undetected,output,,N6921,N6921,1,undetected,N6921,N6921,N6921,sa1,1
3637,N97949 /1 undetected,output,,N97949,N97949,1,undetected,N97949,N97949,N97949,sa1,1
3638,N77607 /1 undetected,output,,N77607,N77607,1,undetected,N77607,N77607,N77607,sa1,1
3639,N6919 /1 undetected,output,,N6919,N6919,1,undetected,N6919,N6919,N6919,sa1,1
3640,N97326 /1 undetected,output,,N97326,N97326,1,undetected,N97326,N97326,N97326,sa1,1
3641,N6917 /1 undetected,output,,N6917,N6917,1,undetected,N6917,N6917,N6917,sa1,1
3642,N6910 /1 undetected,output,,N6910,N6910,1,undetected,N6910,N6910,N6910,sa1,1
3643,N86603 /1 undetected,output,,N86603,N86603,1,undetected,N86603,N86603,N86603,sa1,1
3644,N6908 /1 undetected,output,,N6908,N6908,1,undetected,N6908,N6908,N6908,sa1,1
3645,N6907 /1 undetected,output,,N6907,N6907,1,undetected,N6907,N6907,N6907,sa1,1
3646,N87007 /1 undetected,output,,N87007,N87007,1,undetected,N87007,N87007,N87007,sa1,1
3647,N6904 /1 undetected,output,,N6904,N6904,1,undetected,N6904,N6904,N6904,sa1,1
3648,N96867 /1 undetected,output,,N96867,N96867,1,undetected,N96867,N96867,N96867,sa1,1
3649,N77606 /1 undetected,output,,N77606,N77606,1,undetected,N77606,N77606,N77606,sa1,1
3650,N6906 /1 undetected,output,,N6906,N6906,1,undetected,N6906,N6906,N6906,sa1,1
3651,N96971 /1 undetected,output,,N96971,N96971,1,undetected,N96971,N96971,N96971,sa1,1
3652,N87001 /1 undetected,output,,N87001,N87001,1,undetected,N87001,N87001,N87001,sa1,1
3653,N86747 /1 undetected,output,,N86747,N86747,1,undetected,N86747,N86747,N86747,sa1,1
3654,N96938 /1 undetected,output,,N96938,N96938,1,undetected,N96938,N96938,N96938,sa1,1
3655,N91527 /1 undetected,output,,N91527,N91527,1,undetected,N91527,N91527,N91527,sa1,1
3656,N91492 /1 undetected,output,,N91492,N91492,1,undetected,N91492,N91492,N91492,sa1,1
3657,N74947 /1 undetected,output,,N74947,N74947,1,undetected,N74947,N74947,N74947,sa1,1
3658,N92667 /1 undetected,output,,N92667,N92667,1,undetected,N92667,N92667,N92667,sa1,1
3659,N4395 /1 undetected,output,,N4395,N4395,1,undetected,N4395,N4395,N4395,sa1,1
3660,N91690 /1 undetected,output,,N91690,N91690,1,undetected,N91690,N91690,N91690,sa1,1
3661,N96982 /1 undetected,output,,N96982,N96982,1,undetected,N96982,N96982,N96982,sa1,1
3662,N92603 /1 undetected,output,,N92603,N92603,1,undetected,N92603,N92603,N92603,sa1,1
3663,N84904 /1 undetected,output,,N84904,N84904,1,undetected,N84904,N84904,N84904,sa1,1
3664,N74988 /1 undetected,output,,N74988,N74988,1,undetected,N74988,N74988,N74988,sa1,1
3665,N91689 /1 undetected,output,,N91689,N91689,1,undetected,N91689,N91689,N91689,sa1,1
3666,N74556 /1 undetected,output,,N74556,N74556,1,undetected,N74556,N74556,N74556,sa1,1
3667,N4255 /1 undetected,output,,N4255,N4255,1,undetected,N4255,N4255,N4255,sa1,1
3668,N84415 /1 undetected,output,,N84415,N84415,1,undetected,N84415,N84415,N84415,sa1,1
3669,N74598 /1 undetected,output,,N74598,N74598,1,undetected,N74598,N74598,N74598,sa1,1
3670,N86720 /1 undetected,output,,N86720,N86720,1,undetected,N86720,N86720,N86720,sa1,1
3671,N4348 /1 undetected,output,,N4348,N4348,1,undetected,N4348,N4348,N4348,sa1,1
3672,N96972 /1 undetected,output,,N96972,N96972,1,undetected,N96972,N96972,N96972,sa1,1
3673,N96712 /1 undetected,output,,N96712,N96712,1,undetected,N96712,N96712,N96712,sa1,1
3674,N96720 /1 undetected,output,,N96720,N96720,1,undetected,N96720,N96720,N96720,sa1,1
3675,N84341 /1 undetected,output,,N84341,N84341,1,undetected,N84341,N84341,N84341,sa1,1
3676,N96937 /1 undetected,output,,N96937,N96937,1,undetected,N96937,N96937,N96937,sa1,1
3677,N91526 /1 undetected,output,,N91526,N91526,1,undetected,N91526,N91526,N91526,sa1,1
3678,N91491 /1 undetected,output,,N91491,N91491,1,undetected,N91491,N91491,N91491,sa1,1
3679,N74946 /1 undetected,output,,N74946,N74946,1,undetected,N74946,N74946,N74946,sa1,1
3680,N4279 /1 undetected,output,,N4279,N4279,1,undetected,N4279,N4279,N4279,sa1,1
3681,N92666 /1 undetected,output,,N92666,N92666,1,undetected,N92666,N92666,N92666,sa1,1
3682,N84903 /1 undetected,output,,N84903,N84903,1,undetected,N84903,N84903,N84903,sa1,1
3683,N74987 /1 undetected,output,,N74987,N74987,1,undetected,N74987,N74987,N74987,sa1,1
3684,N84959 /1 undetected,output,,N84959,N84959,1,undetected,N84959,N84959,N84959,sa1,1
3685,N75066 /1 undetected,output,,N75066,N75066,1,undetected,N75066,N75066,N75066,sa1,1
3686,N4266 /1 undetected,output,,N4266,N4266,1,undetected,N4266,N4266,N4266,sa1,1
3687,N92559 /1 undetected,output,,N92559,N92559,1,undetected,N92559,N92559,N92559,sa1,1
3688,N85045 /1 undetected,output,,N85045,N85045,1,undetected,N85045,N85045,N85045,sa1,1
3689,N92492 /1 undetected,output,,N92492,N92492,1,undetected,N92492,N92492,N92492,sa1,1
3690,N4257 /1 undetected,output,,N4257,N4257,1,undetected,N4257,N4257,N4257,sa1,1
3691,N74555 /1 undetected,output,,N74555,N74555,1,undetected,N74555,N74555,N74555,sa1,1
3692,N92602 /1 undetected,output,,N92602,N92602,1,undetected,N92602,N92602,N92602,sa1,1
3693,N92456 /1 undetected,output,,N92456,N92456,1,undetected,N92456,N92456,N92456,sa1,1
3694,N4216 /1 undetected,output,,N4216,N4216,1,undetected,N4216,N4216,N4216,sa1,1
3695,N84649 /1 undetected,output,,N84649,N84649,1,undetected,N84649,N84649,N84649,sa1,1
3696,N75415 /1 undetected,output,,N75415,N75415,1,undetected,N75415,N75415,N75415,sa1,1
3697,N4205 /1 undetected,output,,N4205,N4205,1,undetected,N4205,N4205,N4205,sa1,1
3698,N4202 /1 undetected,output,,N4202,N4202,1,undetected,N4202,N4202,N4202,sa1,1
3699,N96883 /1 undetected,output,,N96883,N96883,1,undetected,N96883,N96883,N96883,sa1,1
3700,N77180 /1 undetected,output,,N77180,N77180,1,undetected,N77180,N77180,N77180,sa1,1
3701,N4186 /1 undetected,output,,N4186,N4186,1,undetected,N4186,N4186,N4186,sa1,1
3702,N96845 /1 undetected,output,,N96845,N96845,1,undetected,N96845,N96845,N96845,sa1,1
3703,N86718 /1 undetected,output,,N86718,N86718,1,undetected,N86718,N86718,N86718,sa1,1
3704,N96805 /1 undetected,output,,N96805,N96805,1,undetected,N96805,N96805,N96805,sa1,1
3705,N96719 /1 undetected,output,,N96719,N96719,1,undetected,N96719,N96719,N96719,sa1,1
3706,N84340 /1 undetected,output,,N84340,N84340,1,undetected,N84340,N84340,N84340,sa1,1
3707,N95251 /1 undetected,output,,N95251,N95251,1,undetected,N95251,N95251,N95251,sa1,1
3708,N96682 /1 undetected,output,,N96682,N96682,1,undetected,N96682,N96682,N96682,sa1,1
3709,N96653 /1 undetected,output,,N96653,N96653,1,undetected,N96653,N96653,N96653,sa1,1
3710,N91531 /1 undetected,output,,N91531,N91531,1,undetected,N91531,N91531,N91531,sa1,1
3711,N91496 /1 undetected,output,,N91496,N91496,1,undetected,N91496,N91496,N91496,sa1,1
3712,N74951 /1 undetected,output,,N74951,N74951,1,undetected,N74951,N74951,N74951,sa1,1
3713,N91742 /1 undetected,output,,N91742,N91742,1,undetected,N91742,N91742,N91742,sa1,1
3714,N91695 /1 undetected,output,,N91695,N91695,1,undetected,N91695,N91695,N91695,sa1,1
3715,N84908 /1 undetected,output,,N84908,N84908,1,undetected,N84908,N84908,N84908,sa1,1
3716,N74992 /1 undetected,output,,N74992,N74992,1,undetected,N74992,N74992,N74992,sa1,1
3717,N84963 /1 undetected,output,,N84963,N84963,1,undetected,N84963,N84963,N84963,sa1,1
3718,N97081 /1 undetected,output,,N97081,N97081,1,undetected,N97081,N97081,N97081,sa1,1
3719,N92418 /1 undetected,output,,N92418,N92418,1,undetected,N92418,N92418,N92418,sa1,1
3720,N92348 /1 undetected,output,,N92348,N92348,1,undetected,N92348,N92348,N92348,sa1,1
3721,N97245 /1 undetected,output,,N97245,N97245,1,undetected,N97245,N97245,N97245,sa1,1
3722,N75070 /1 undetected,output,,N75070,N75070,1,undetected,N75070,N75070,N75070,sa1,1
3723,N91655 /1 undetected,output,,N91655,N91655,1,undetected,N91655,N91655,N91655,sa1,1
3724,N74601 /1 undetected,output,,N74601,N74601,1,undetected,N74601,N74601,N74601,sa1,1
3725,N84464 /1 undetected,output,,N84464,N84464,1,undetected,N84464,N84464,N84464,sa1,1
3726,N74720 /1 undetected,output,,N74720,N74720,1,undetected,N74720,N74720,N74720,sa1,1
3727,N4960 /1 undetected,output,,N4960,N4960,1,undetected,N4960,N4960,N4960,sa1,1
3728,N85129 /1 undetected,output,,N85129,N85129,1,undetected,N85129,N85129,N85129,sa1,1
3729,N4958 /1 undetected,output,,N4958,N4958,1,undetected,N4958,N4958,N4958,sa1,1
3730,N97122 /1 undetected,output,,N97122,N97122,1,undetected,N97122,N97122,N97122,sa1,1
3731,N4956 /1 undetected,output,,N4956,N4956,1,undetected,N4956,N4956,N4956,sa1,1
3732,N4954 /1 undetected,output,,N4954,N4954,1,undetected,N4954,N4954,N4954,sa1,1
3733,N97129 /1 undetected,output,,N97129,N97129,1,undetected,N97129,N97129,N97129,sa1,1
3734,N4953 /1 undetected,output,,N4953,N4953,1,undetected,N4953,N4953,N4953,sa1,1
3735,N4951 /1 undetected,output,,N4951,N4951,1,undetected,N4951,N4951,N4951,sa1,1
3736,N4950 /1 undetected,output,,N4950,N4950,1,undetected,N4950,N4950,N4950,sa1,1
3737,N96540 /1 undetected,output,,N96540,N96540,1,undetected,N96540,N96540,N96540,sa1,1
3738,N4703 /1 undetected,output,,N4703,N4703,1,undetected,N4703,N4703,N4703,sa1,1
3739,N4949 /1 undetected,output,,N4949,N4949,1,undetected,N4949,N4949,N4949,sa1,1
3740,N96875 /1 undetected,output,,N96875,N96875,1,undetected,N96875,N96875,N96875,sa1,1
3741,N86810 /1 undetected,output,,N86810,N86810,1,undetected,N86810,N86810,N86810,sa1,1
3742,N4947 /1 undetected,output,,N4947,N4947,1,undetected,N4947,N4947,N4947,sa1,1
3743,N96956 /1 undetected,output,,N96956,N96956,1,undetected,N96956,N96956,N96956,sa1,1
3744,N4945 /1 undetected,output,,N4945,N4945,1,undetected,N4945,N4945,N4945,sa1,1
3745,N77287 /1 undetected,output,,N77287,N77287,1,undetected,N77287,N77287,N77287,sa1,1
3746,N76635 /1 undetected,output,,N76635,N76635,1,undetected,N76635,N76635,N76635,sa1,1
3747,N4944 /1 undetected,output,,N4944,N4944,1,undetected,N4944,N4944,N4944,sa1,1
3748,N85349 /1 undetected,output,,N85349,N85349,1,undetected,N85349,N85349,N85349,sa1,1
3749,N4942 /1 undetected,output,,N4942,N4942,1,undetected,N4942,N4942,N4942,sa1,1
3750,N4940 /1 undetected,output,,N4940,N4940,1,undetected,N4940,N4940,N4940,sa1,1
3751,N97139 /1 undetected,output,,N97139,N97139,1,undetected,N97139,N97139,N97139,sa1,1
3752,N96852 /1 undetected,output,,N96852,N96852,1,undetected,N96852,N96852,N96852,sa1,1
3753,N4939 /1 undetected,output,,N4939,N4939,1,undetected,N4939,N4939,N4939,sa1,1
3754,N97202 /1 undetected,output,,N97202,N97202,1,undetected,N97202,N97202,N97202,sa1,1
3755,N96837 /1 undetected,output,,N96837,N96837,1,undetected,N96837,N96837,N96837,sa1,1
3756,N77290 /1 undetected,output,,N77290,N77290,1,undetected,N77290,N77290,N77290,sa1,1
3757,N95250 /1 undetected,output,,N95250,N95250,1,undetected,N95250,N95250,N95250,sa1,1
3758,N96681 /1 undetected,output,,N96681,N96681,1,undetected,N96681,N96681,N96681,sa1,1
3759,N96652 /1 undetected,output,,N96652,N96652,1,undetected,N96652,N96652,N96652,sa1,1
3760,N91530 /1 undetected,output,,N91530,N91530,1,undetected,N91530,N91530,N91530,sa1,1
3761,N91495 /1 undetected,output,,N91495,N91495,1,undetected,N91495,N91495,N91495,sa1,1
3762,N74950 /1 undetected,output,,N74950,N74950,1,undetected,N74950,N74950,N74950,sa1,1
3763,N91741 /1 undetected,output,,N91741,N91741,1,undetected,N91741,N91741,N91741,sa1,1
3764,N91694 /1 undetected,output,,N91694,N91694,1,undetected,N91694,N91694,N91694,sa1,1
3765,N84907 /1 undetected,output,,N84907,N84907,1,undetected,N84907,N84907,N84907,sa1,1
3766,N74991 /1 undetected,output,,N74991,N74991,1,undetected,N74991,N74991,N74991,sa1,1
3767,N84962 /1 undetected,output,,N84962,N84962,1,undetected,N84962,N84962,N84962,sa1,1
3768,N97080 /1 undetected,output,,N97080,N97080,1,undetected,N97080,N97080,N97080,sa1,1
3769,N92417 /1 undetected,output,,N92417,N92417,1,undetected,N92417,N92417,N92417,sa1,1
3770,N92347 /1 undetected,output,,N92347,N92347,1,undetected,N92347,N92347,N92347,sa1,1
3771,N4871 /1 undetected,output,,N4871,N4871,1,undetected,N4871,N4871,N4871,sa1,1
3772,N75069 /1 undetected,output,,N75069,N75069,1,undetected,N75069,N75069,N75069,sa1,1
3773,N91654 /1 undetected,output,,N91654,N91654,1,undetected,N91654,N91654,N91654,sa1,1
3774,N74600 /1 undetected,output,,N74600,N74600,1,undetected,N74600,N74600,N74600,sa1,1
3775,N84463 /1 undetected,output,,N84463,N84463,1,undetected,N84463,N84463,N84463,sa1,1
3776,N74719 /1 undetected,output,,N74719,N74719,1,undetected,N74719,N74719,N74719,sa1,1
3777,N4773 /1 undetected,output,,N4773,N4773,1,undetected,N4773,N4773,N4773,sa1,1
3778,N96794 /1 undetected,output,,N96794,N96794,1,undetected,N96794,N96794,N96794,sa1,1
3779,N97163 /1 undetected,output,,N97163,N97163,1,undetected,N97163,N97163,N97163,sa1,1
3780,N97156 /1 undetected,output,,N97156,N97156,1,undetected,N97156,N97156,N97156,sa1,1
3781,N4738 /1 undetected,output,,N4738,N4738,1,undetected,N4738,N4738,N4738,sa1,1
3782,N4736 /1 undetected,output,,N4736,N4736,1,undetected,N4736,N4736,N4736,sa1,1
3783,N4734 /1 undetected,output,,N4734,N4734,1,undetected,N4734,N4734,N4734,sa1,1
3784,N97128 /1 undetected,output,,N97128,N97128,1,undetected,N97128,N97128,N97128,sa1,1
3785,N4733 /1 undetected,output,,N4733,N4733,1,undetected,N4733,N4733,N4733,sa1,1
3786,N97141 /1 undetected,output,,N97141,N97141,1,undetected,N97141,N97141,N97141,sa1,1
3787,N96850 /1 undetected,output,,N96850,N96850,1,undetected,N96850,N96850,N96850,sa1,1
3788,N4716 /1 undetected,output,,N4716,N4716,1,undetected,N4716,N4716,N4716,sa1,1
3789,N96537 /1 undetected,output,,N96537,N96537,1,undetected,N96537,N96537,N96537,sa1,1
3790,N4714 /1 undetected,output,,N4714,N4714,1,undetected,N4714,N4714,N4714,sa1,1
3791,N4712 /1 undetected,output,,N4712,N4712,1,undetected,N4712,N4712,N4712,sa1,1
3792,N4710 /1 undetected,output,,N4710,N4710,1,undetected,N4710,N4710,N4710,sa1,1
3793,N77285 /1 undetected,output,,N77285,N77285,1,undetected,N77285,N77285,N77285,sa1,1
3794,N4709 /1 undetected,output,,N4709,N4709,1,undetected,N4709,N4709,N4709,sa1,1
3795,N96861 /1 undetected,output,,N96861,N96861,1,undetected,N96861,N96861,N96861,sa1,1
3796,N86322 /1 undetected,output,,N86322,N86322,1,undetected,N86322,N86322,N86322,sa1,1
3797,N4707 /1 undetected,output,,N4707,N4707,1,undetected,N4707,N4707,N4707,sa1,1
3798,N96836 /1 undetected,output,,N96836,N96836,1,undetected,N96836,N96836,N96836,sa1,1
3799,N76632 /1 undetected,output,,N76632,N76632,1,undetected,N76632,N76632,N76632,sa1,1
3800,N4705 /1 undetected,output,,N4705,N4705,1,undetected,N4705,N4705,N4705,sa1,1
3801,N97124 /1 undetected,output,,N97124,N97124,1,undetected,N97124,N97124,N97124,sa1,1
3802,N96955 /1 undetected,output,,N96955,N96955,1,undetected,N96955,N96955,N96955,sa1,1
3803,N74262 /1 undetected,output,,N74262,N74262,1,undetected,N74262,N74262,N74262,sa1,1
3804,N101668 /1 undetected,output,,N101668,N101668,1,undetected,N101668,N101668,N101668,sa1,1
3805,N83841 /1 undetected,output,,N83841,N83841,1,undetected,N83841,N83841,N83841,sa1,1
3806,N101607 /1 undetected,output,,N101607,N101607,1,undetected,N101607,N101607,N101607,sa1,1
3807,N33161 /1 undetected,output,,N33161,N33161,1,undetected,N33161,N33161,N33161,sa1,1
3808,N82069 /1 undetected,output,,N82069,N82069,1,undetected,N82069,N82069,N82069,sa1,1
3809,N33157 /1 undetected,output,,N33157,N33157,1,undetected,N33157,N33157,N33157,sa1,1
3810,N114120 /1 undetected,output,,N114120,N114120,1,undetected,N114120,N114120,N114120,sa1,1
3811,N106219 /1 undetected,output,,N106219,N106219,1,undetected,N106219,N106219,N106219,sa1,1
3812,N84589 /1 undetected,output,,N84589,N84589,1,undetected,N84589,N84589,N84589,sa1,1
3813,N74844 /1 undetected,output,,N74844,N74844,1,undetected,N74844,N74844,N74844,sa1,1
3814,N33147 /1 undetected,output,,N33147,N33147,1,undetected,N33147,N33147,N33147,sa1,1
3815,N33143 /1 undetected,output,,N33143,N33143,1,undetected,N33143,N33143,N33143,sa1,1
3816,N90273 /1 undetected,output,,N90273,N90273,1,undetected,N90273,N90273,N90273,sa1,1
3817,N33142 /1 undetected,output,,N33142,N33142,1,undetected,N33142,N33142,N33142,sa1,1
3818,N112843 /1 undetected,output,,N112843,N112843,1,undetected,N112843,N112843,N112843,sa1,1
3819,N90268 /1 undetected,output,,N90268,N90268,1,undetected,N90268,N90268,N90268,sa1,1
3820,N33139 /1 undetected,output,,N33139,N33139,1,undetected,N33139,N33139,N33139,sa1,1
3821,N33137 /1 undetected,output,,N33137,N33137,1,undetected,N33137,N33137,N33137,sa1,1
3822,N82059 /1 undetected,output,,N82059,N82059,1,undetected,N82059,N82059,N82059,sa1,1
3823,N33134 /1 undetected,output,,N33134,N33134,1,undetected,N33134,N33134,N33134,sa1,1
3824,N33132 /1 undetected,output,,N33132,N33132,1,undetected,N33132,N33132,N33132,sa1,1
3825,N75618 /1 undetected,output,,N75618,N75618,1,undetected,N75618,N75618,N75618,sa1,1
3826,N33131 /1 undetected,output,,N33131,N33131,1,undetected,N33131,N33131,N33131,sa1,1
3827,N114130 /1 undetected,output,,N114130,N114130,1,undetected,N114130,N114130,N114130,sa1,1
3828,N113447 /1 undetected,output,,N113447,N113447,1,undetected,N113447,N113447,N113447,sa1,1
3829,N33129 /1 undetected,output,,N33129,N33129,1,undetected,N33129,N33129,N33129,sa1,1
3830,N113463 /1 undetected,output,,N113463,N113463,1,undetected,N113463,N113463,N113463,sa1,1
3831,N33127 /1 undetected,output,,N33127,N33127,1,undetected,N33127,N33127,N33127,sa1,1
3832,N114124 /1 undetected,output,,N114124,N114124,1,undetected,N114124,N114124,N114124,sa1,1
3833,N33085 /1 undetected,output,,N33085,N33085,1,undetected,N33085,N33085,N33085,sa1,1
3834,N114134 /1 undetected,output,,N114134,N114134,1,undetected,N114134,N114134,N114134,sa1,1
3835,N113408 /1 undetected,output,,N113408,N113408,1,undetected,N113408,N113408,N113408,sa1,1
3836,N82068 /1 undetected,output,,N82068,N82068,1,undetected,N82068,N82068,N82068,sa1,1
3837,N33124 /1 undetected,output,,N33124,N33124,1,undetected,N33124,N33124,N33124,sa1,1
3838,N90267 /1 undetected,output,,N90267,N90267,1,undetected,N90267,N90267,N90267,sa1,1
3839,N33120 /1 undetected,output,,N33120,N33120,1,undetected,N33120,N33120,N33120,sa1,1
3840,N33118 /1 undetected,output,,N33118,N33118,1,undetected,N33118,N33118,N33118,sa1,1
3841,N75617 /1 undetected,output,,N75617,N75617,1,undetected,N75617,N75617,N75617,sa1,1
3842,N33116 /1 undetected,output,,N33116,N33116,1,undetected,N33116,N33116,N33116,sa1,1
3843,N33114 /1 undetected,output,,N33114,N33114,1,undetected,N33114,N33114,N33114,sa1,1
3844,N113383 /1 undetected,output,,N113383,N113383,1,undetected,N113383,N113383,N113383,sa1,1
3845,N33113 /1 undetected,output,,N33113,N33113,1,undetected,N33113,N33113,N33113,sa1,1
3846,N113505 /1 undetected,output,,N113505,N113505,1,undetected,N113505,N113505,N113505,sa1,1
3847,N33094 /1 undetected,output,,N33094,N33094,1,undetected,N33094,N33094,N33094,sa1,1
3848,N33111 /1 undetected,output,,N33111,N33111,1,undetected,N33111,N33111,N33111,sa1,1
3849,N85187 /1 undetected,output,,N85187,N85187,1,undetected,N85187,N85187,N85187,sa1,1
3850,N33109 /1 undetected,output,,N33109,N33109,1,undetected,N33109,N33109,N33109,sa1,1
3851,N114122 /1 undetected,output,,N114122,N114122,1,undetected,N114122,N114122,N114122,sa1,1
3852,N33107 /1 undetected,output,,N33107,N33107,1,undetected,N33107,N33107,N33107,sa1,1
3853,N113557 /1 undetected,output,,N113557,N113557,1,undetected,N113557,N113557,N113557,sa1,1
3854,N33106 /1 undetected,output,,N33106,N33106,1,undetected,N33106,N33106,N33106,sa1,1
3855,N114126 /1 undetected,output,,N114126,N114126,1,undetected,N114126,N114126,N114126,sa1,1
3856,N113677 /1 undetected,output,,N113677,N113677,1,undetected,N113677,N113677,N113677,sa1,1
3857,N114133 /1 undetected,output,,N114133,N114133,1,undetected,N114133,N114133,N114133,sa1,1
3858,N113665 /1 undetected,output,,N113665,N113665,1,undetected,N113665,N113665,N113665,sa1,1
3859,N33098 /1 undetected,output,,N33098,N33098,1,undetected,N33098,N33098,N33098,sa1,1
3860,N33097 /1 undetected,output,,N33097,N33097,1,undetected,N33097,N33097,N33097,sa1,1
3861,N82058 /1 undetected,output,,N82058,N82058,1,undetected,N82058,N82058,N82058,sa1,1
3862,N33096 /1 undetected,output,,N33096,N33096,1,undetected,N33096,N33096,N33096,sa1,1
3863,N114132 /1 undetected,output,,N114132,N114132,1,undetected,N114132,N114132,N114132,sa1,1
3864,N75616 /1 undetected,output,,N75616,N75616,1,undetected,N75616,N75616,N75616,sa1,1
3865,N33090 /1 undetected,output,,N33090,N33090,1,undetected,N33090,N33090,N33090,sa1,1
3866,N114123 /1 undetected,output,,N114123,N114123,1,undetected,N114123,N114123,N114123,sa1,1
3867,N33088 /1 undetected,output,,N33088,N33088,1,undetected,N33088,N33088,N33088,sa1,1
3868,N95741 /1 undetected,output,,N95741,N95741,1,undetected,N95741,N95741,N95741,sa1,1
3869,N33087 /1 undetected,output,,N33087,N33087,1,undetected,N33087,N33087,N33087,sa1,1
3870,N114128 /1 undetected,output,,N114128,N114128,1,undetected,N114128,N114128,N114128,sa1,1
3871,N113517 /1 undetected,output,,N113517,N113517,1,undetected,N113517,N113517,N113517,sa1,1
3872,N33077 /1 undetected,output,,N33077,N33077,1,undetected,N33077,N33077,N33077,sa1,1
3873,N113583 /1 undetected,output,,N113583,N113583,1,undetected,N113583,N113583,N113583,sa1,1
3874,N113528 /1 undetected,output,,N113528,N113528,1,undetected,N113528,N113528,N113528,sa1,1
3875,N77343 /1 undetected,output,,N77343,N77343,1,undetected,N77343,N77343,N77343,sa1,1
3876,N33071 /1 undetected,output,,N33071,N33071,1,undetected,N33071,N33071,N33071,sa1,1
3877,N113645 /1 undetected,output,,N113645,N113645,1,undetected,N113645,N113645,N113645,sa1,1
3878,N82067 /1 undetected,output,,N82067,N82067,1,undetected,N82067,N82067,N82067,sa1,1
3879,N33067 /1 undetected,output,,N33067,N33067,1,undetected,N33067,N33067,N33067,sa1,1
3880,N114119 /1 undetected,output,,N114119,N114119,1,undetected,N114119,N114119,N114119,sa1,1
3881,N112178 /1 undetected,output,,N112178,N112178,1,undetected,N112178,N112178,N112178,sa1,1
3882,N74258 /1 undetected,output,,N74258,N74258,1,undetected,N74258,N74258,N74258,sa1,1
3883,N101664 /1 undetected,output,,N101664,N101664,1,undetected,N101664,N101664,N101664,sa1,1
3884,N83837 /1 undetected,output,,N83837,N83837,1,undetected,N83837,N83837,N83837,sa1,1
3885,N101603 /1 undetected,output,,N101603,N101603,1,undetected,N101603,N101603,N101603,sa1,1
3886,N32656 /1 undetected,output,,N32656,N32656,1,undetected,N32656,N32656,N32656,sa1,1
3887,N82001 /1 undetected,output,,N82001,N82001,1,undetected,N82001,N82001,N82001,sa1,1
3888,N32652 /1 undetected,output,,N32652,N32652,1,undetected,N32652,N32652,N32652,sa1,1
3889,N114040 /1 undetected,output,,N114040,N114040,1,undetected,N114040,N114040,N114040,sa1,1
3890,N106216 /1 undetected,output,,N106216,N106216,1,undetected,N106216,N106216,N106216,sa1,1
3891,N84585 /1 undetected,output,,N84585,N84585,1,undetected,N84585,N84585,N84585,sa1,1
3892,N74841 /1 undetected,output,,N74841,N74841,1,undetected,N74841,N74841,N74841,sa1,1
3893,N32638 /1 undetected,output,,N32638,N32638,1,undetected,N32638,N32638,N32638,sa1,1
3894,N90230 /1 undetected,output,,N90230,N90230,1,undetected,N90230,N90230,N90230,sa1,1
3895,N32637 /1 undetected,output,,N32637,N32637,1,undetected,N32637,N32637,N32637,sa1,1
3896,N112840 /1 undetected,output,,N112840,N112840,1,undetected,N112840,N112840,N112840,sa1,1
3897,N90227 /1 undetected,output,,N90227,N90227,1,undetected,N90227,N90227,N90227,sa1,1
3898,N32632 /1 undetected,output,,N32632,N32632,1,undetected,N32632,N32632,N32632,sa1,1
3899,N81990 /1 undetected,output,,N81990,N81990,1,undetected,N81990,N81990,N81990,sa1,1
3900,N32629 /1 undetected,output,,N32629,N32629,1,undetected,N32629,N32629,N32629,sa1,1
3901,N75607 /1 undetected,output,,N75607,N75607,1,undetected,N75607,N75607,N75607,sa1,1
3902,N32626 /1 undetected,output,,N32626,N32626,1,undetected,N32626,N32626,N32626,sa1,1
3903,N114054 /1 undetected,output,,N114054,N114054,1,undetected,N114054,N114054,N114054,sa1,1
3904,N113443 /1 undetected,output,,N113443,N113443,1,undetected,N113443,N113443,N113443,sa1,1
3905,N32624 /1 undetected,output,,N32624,N32624,1,undetected,N32624,N32624,N32624,sa1,1
3906,N113459 /1 undetected,output,,N113459,N113459,1,undetected,N113459,N113459,N113459,sa1,1
3907,N32622 /1 undetected,output,,N32622,N32622,1,undetected,N32622,N32622,N32622,sa1,1
3908,N114048 /1 undetected,output,,N114048,N114048,1,undetected,N114048,N114048,N114048,sa1,1
3909,N32580 /1 undetected,output,,N32580,N32580,1,undetected,N32580,N32580,N32580,sa1,1
3910,N113404 /1 undetected,output,,N113404,N113404,1,undetected,N113404,N113404,N113404,sa1,1
3911,N82000 /1 undetected,output,,N82000,N82000,1,undetected,N82000,N82000,N82000,sa1,1
3912,N32619 /1 undetected,output,,N32619,N32619,1,undetected,N32619,N32619,N32619,sa1,1
3913,N90226 /1 undetected,output,,N90226,N90226,1,undetected,N90226,N90226,N90226,sa1,1
3914,N32615 /1 undetected,output,,N32615,N32615,1,undetected,N32615,N32615,N32615,sa1,1
3915,N32613 /1 undetected,output,,N32613,N32613,1,undetected,N32613,N32613,N32613,sa1,1
3916,N75606 /1 undetected,output,,N75606,N75606,1,undetected,N75606,N75606,N75606,sa1,1
3917,N32611 /1 undetected,output,,N32611,N32611,1,undetected,N32611,N32611,N32611,sa1,1
3918,N32609 /1 undetected,output,,N32609,N32609,1,undetected,N32609,N32609,N32609,sa1,1
3919,N113380 /1 undetected,output,,N113380,N113380,1,undetected,N113380,N113380,N113380,sa1,1
3920,N32608 /1 undetected,output,,N32608,N32608,1,undetected,N32608,N32608,N32608,sa1,1
3921,N113501 /1 undetected,output,,N113501,N113501,1,undetected,N113501,N113501,N113501,sa1,1
3922,N32589 /1 undetected,output,,N32589,N32589,1,undetected,N32589,N32589,N32589,sa1,1
3923,N32606 /1 undetected,output,,N32606,N32606,1,undetected,N32606,N32606,N32606,sa1,1
3924,N85183 /1 undetected,output,,N85183,N85183,1,undetected,N85183,N85183,N85183,sa1,1
3925,N32604 /1 undetected,output,,N32604,N32604,1,undetected,N32604,N32604,N32604,sa1,1
3926,N114046 /1 undetected,output,,N114046,N114046,1,undetected,N114046,N114046,N114046,sa1,1
3927,N32602 /1 undetected,output,,N32602,N32602,1,undetected,N32602,N32602,N32602,sa1,1
3928,N113553 /1 undetected,output,,N113553,N113553,1,undetected,N113553,N113553,N113553,sa1,1
3929,N32601 /1 undetected,output,,N32601,N32601,1,undetected,N32601,N32601,N32601,sa1,1
3930,N114050 /1 undetected,output,,N114050,N114050,1,undetected,N114050,N114050,N114050,sa1,1
3931,N113673 /1 undetected,output,,N113673,N113673,1,undetected,N113673,N113673,N113673,sa1,1
3932,N114057 /1 undetected,output,,N114057,N114057,1,undetected,N114057,N114057,N114057,sa1,1
3933,N113662 /1 undetected,output,,N113662,N113662,1,undetected,N113662,N113662,N113662,sa1,1
3934,N32595 /1 undetected,output,,N32595,N32595,1,undetected,N32595,N32595,N32595,sa1,1
3935,N32593 /1 undetected,output,,N32593,N32593,1,undetected,N32593,N32593,N32593,sa1,1
3936,N32592 /1 undetected,output,,N32592,N32592,1,undetected,N32592,N32592,N32592,sa1,1
3937,N81989 /1 undetected,output,,N81989,N81989,1,undetected,N81989,N81989,N81989,sa1,1
3938,N32591 /1 undetected,output,,N32591,N32591,1,undetected,N32591,N32591,N32591,sa1,1
3939,N114056 /1 undetected,output,,N114056,N114056,1,undetected,N114056,N114056,N114056,sa1,1
3940,N75605 /1 undetected,output,,N75605,N75605,1,undetected,N75605,N75605,N75605,sa1,1
3941,N32585 /1 undetected,output,,N32585,N32585,1,undetected,N32585,N32585,N32585,sa1,1
3942,N114047 /1 undetected,output,,N114047,N114047,1,undetected,N114047,N114047,N114047,sa1,1
3943,N32583 /1 undetected,output,,N32583,N32583,1,undetected,N32583,N32583,N32583,sa1,1
3944,N95737 /1 undetected,output,,N95737,N95737,1,undetected,N95737,N95737,N95737,sa1,1
3945,N32582 /1 undetected,output,,N32582,N32582,1,undetected,N32582,N32582,N32582,sa1,1
3946,N114052 /1 undetected,output,,N114052,N114052,1,undetected,N114052,N114052,N114052,sa1,1
3947,N113513 /1 undetected,output,,N113513,N113513,1,undetected,N113513,N113513,N113513,sa1,1
3948,N32572 /1 undetected,output,,N32572,N32572,1,undetected,N32572,N32572,N32572,sa1,1
3949,N113579 /1 undetected,output,,N113579,N113579,1,undetected,N113579,N113579,N113579,sa1,1
3950,N32570 /1 undetected,output,,N32570,N32570,1,undetected,N32570,N32570,N32570,sa1,1
3951,N113524 /1 undetected,output,,N113524,N113524,1,undetected,N113524,N113524,N113524,sa1,1
3952,N77624 /1 undetected,output,,N77624,N77624,1,undetected,N77624,N77624,N77624,sa1,1
3953,N32565 /1 undetected,output,,N32565,N32565,1,undetected,N32565,N32565,N32565,sa1,1
3954,N81999 /1 undetected,output,,N81999,N81999,1,undetected,N81999,N81999,N81999,sa1,1
3955,N105514 /1 undetected,output,,N105514,N105514,1,undetected,N105514,N105514,N105514,sa1,1
3956,N32561 /1 undetected,output,,N32561,N32561,1,undetected,N32561,N32561,N32561,sa1,1
3957,N114043 /1 undetected,output,,N114043,N114043,1,undetected,N114043,N114043,N114043,sa1,1
3958,N31495 /1 undetected,output,,N31495,N31495,1,undetected,N31495,N31495,N31495,sa1,1
3959,N113893 /1 undetected,output,,N113893,N113893,1,undetected,N113893,N113893,N113893,sa1,1
3960,N113884 /1 undetected,output,,N113884,N113884,1,undetected,N113884,N113884,N113884,sa1,1
3961,N113889 /1 undetected,output,,N113889,N113889,1,undetected,N113889,N113889,N113889,sa1,1
3962,N81881 /1 undetected,output,,N81881,N81881,1,undetected,N81881,N81881,N81881,sa1,1
3963,N31487 /1 undetected,output,,N31487,N31487,1,undetected,N31487,N31487,N31487,sa1,1
3964,N101623 /1 undetected,output,,N101623,N101623,1,undetected,N101623,N101623,N101623,sa1,1
3965,N79337 /1 undetected,output,,N79337,N79337,1,undetected,N79337,N79337,N79337,sa1,1
3966,N81886 /1 undetected,output,,N81886,N81886,1,undetected,N81886,N81886,N81886,sa1,1
3967,N31484 /1 undetected,output,,N31484,N31484,1,undetected,N31484,N31484,N31484,sa1,1
3968,N90102 /1 undetected,output,,N90102,N90102,1,undetected,N90102,N90102,N90102,sa1,1
3969,N31480 /1 undetected,output,,N31480,N31480,1,undetected,N31480,N31480,N31480,sa1,1
3970,N101622 /1 undetected,output,,N101622,N101622,1,undetected,N101622,N101622,N101622,sa1,1
3971,N31471 /1 undetected,output,,N31471,N31471,1,undetected,N31471,N31471,N31471,sa1,1
3972,N113890 /1 undetected,output,,N113890,N113890,1,undetected,N113890,N113890,N113890,sa1,1
3973,N81885 /1 undetected,output,,N81885,N81885,1,undetected,N81885,N81885,N81885,sa1,1
3974,N31468 /1 undetected,output,,N31468,N31468,1,undetected,N31468,N31468,N31468,sa1,1
3975,N90100 /1 undetected,output,,N90100,N90100,1,undetected,N90100,N90100,N90100,sa1,1
3976,N113892 /1 undetected,output,,N113892,N113892,1,undetected,N113892,N113892,N113892,sa1,1
3977,N113875 /1 undetected,output,,N113875,N113875,1,undetected,N113875,N113875,N113875,sa1,1
3978,N113868 /1 undetected,output,,N113868,N113868,1,undetected,N113868,N113868,N113868,sa1,1
3979,N31464 /1 undetected,output,,N31464,N31464,1,undetected,N31464,N31464,N31464,sa1,1
3980,N90109 /1 undetected,output,,N90109,N90109,1,undetected,N90109,N90109,N90109,sa1,1
3981,N81879 /1 undetected,output,,N81879,N81879,1,undetected,N81879,N81879,N81879,sa1,1
3982,N52826 /1 undetected,output,,N52826,N52826,1,undetected,N52826,N52826,N52826,sa1,1
3983,N120185 /1 undetected,output,,N120185,N120185,1,undetected,N120185,N120185,N120185,sa1,1
3984,N52821 /1 undetected,output,,N52821,N52821,1,undetected,N52821,N52821,N52821,sa1,1
3985,N90300 /1 undetected,output,,N90300,N90300,1,undetected,N90300,N90300,N90300,sa1,1
3986,N52815 /1 undetected,output,,N52815,N52815,1,undetected,N52815,N52815,N52815,sa1,1
3987,N90296 /1 undetected,output,,N90296,N90296,1,undetected,N90296,N90296,N90296,sa1,1
3988,N52813 /1 undetected,output,,N52813,N52813,1,undetected,N52813,N52813,N52813,sa1,1
3989,N119353 /1 undetected,output,,N119353,N119353,1,undetected,N119353,N119353,N119353,sa1,1
3990,N52818 /1 undetected,output,,N52818,N52818,1,undetected,N52818,N52818,N52818,sa1,1
3991,N82118 /1 undetected,output,,N82118,N82118,1,undetected,N82118,N82118,N82118,sa1,1
3992,N52811 /1 undetected,output,,N52811,N52811,1,undetected,N52811,N52811,N52811,sa1,1
3993,N119352 /1 undetected,output,,N119352,N119352,1,undetected,N119352,N119352,N119352,sa1,1
3994,N52817 /1 undetected,output,,N52817,N52817,1,undetected,N52817,N52817,N52817,sa1,1
3995,N119349 /1 undetected,output,,N119349,N119349,1,undetected,N119349,N119349,N119349,sa1,1
3996,N52806 /1 undetected,output,,N52806,N52806,1,undetected,N52806,N52806,N52806,sa1,1
3997,N94881 /1 undetected,output,,N94881,N94881,1,undetected,N94881,N94881,N94881,sa1,1
3998,N82117 /1 undetected,output,,N82117,N82117,1,undetected,N82117,N82117,N82117,sa1,1
3999,N52801 /1 undetected,output,,N52801,N52801,1,undetected,N52801,N52801,N52801,sa1,1
4000,N52800 /1 undetected,output,,N52800,N52800,1,undetected,N52800,N52800,N52800,sa1,1
4001,N82112 /1 undetected,output,,N82112,N82112,1,undetected,N82112,N82112,N82112,sa1,1
4002,N52797 /1 undetected,output,,N52797,N52797,1,undetected,N52797,N52797,N52797,sa1,1
4003,N119348 /1 undetected,output,,N119348,N119348,1,undetected,N119348,N119348,N119348,sa1,1
4004,N90299 /1 undetected,output,,N90299,N90299,1,undetected,N90299,N90299,N90299,sa1,1
4005,N52793 /1 undetected,output,,N52793,N52793,1,undetected,N52793,N52793,N52793,sa1,1
4006,N119351 /1 undetected,output,,N119351,N119351,1,undetected,N119351,N119351,N119351,sa1,1
4007,N101661 /1 undetected,output,,N101661,N101661,1,undetected,N101661,N101661,N101661,sa1,1
4008,N101632 /1 undetected,output,,N101632,N101632,1,undetected,N101632,N101632,N101632,sa1,1
4009,N81744 /1 undetected,output,,N81744,N81744,1,undetected,N81744,N81744,N81744,sa1,1
4010,N89964 /1 undetected,output,,N89964,N89964,1,undetected,N89964,N89964,N89964,sa1,1
4011,N113612 /1 undetected,output,,N113612,N113612,1,undetected,N113612,N113612,N113612,sa1,1
4012,N32284 /1 undetected,output,,N32284,N32284,1,undetected,N32284,N32284,N32284,sa1,1
4013,N84580 /1 undetected,output,,N84580,N84580,1,undetected,N84580,N84580,N84580,sa1,1
4014,N32283 /1 undetected,output,,N32283,N32283,1,undetected,N32283,N32283,N32283,sa1,1
4015,N79350 /1 undetected,output,,N79350,N79350,1,undetected,N79350,N79350,N79350,sa1,1
4016,N113602 /1 undetected,output,,N113602,N113602,1,undetected,N113602,N113602,N113602,sa1,1
4017,N81736 /1 undetected,output,,N81736,N81736,1,undetected,N81736,N81736,N81736,sa1,1
4018,N113707 /1 undetected,output,,N113707,N113707,1,undetected,N113707,N113707,N113707,sa1,1
4019,N32270 /1 undetected,output,,N32270,N32270,1,undetected,N32270,N32270,N32270,sa1,1
4020,N84579 /1 undetected,output,,N84579,N84579,1,undetected,N84579,N84579,N84579,sa1,1
4021,N32269 /1 undetected,output,,N32269,N32269,1,undetected,N32269,N32269,N32269,sa1,1
4022,N79349 /1 undetected,output,,N79349,N79349,1,undetected,N79349,N79349,N79349,sa1,1
4023,N32267 /1 undetected,output,,N32267,N32267,1,undetected,N32267,N32267,N32267,sa1,1
4024,N113638 /1 undetected,output,,N113638,N113638,1,undetected,N113638,N113638,N113638,sa1,1
4025,N89969 /1 undetected,output,,N89969,N89969,1,undetected,N89969,N89969,N89969,sa1,1
4026,N32306 /1 undetected,output,,N32306,N32306,1,undetected,N32306,N32306,N32306,sa1,1
4027,N32304 /1 undetected,output,,N32304,N32304,1,undetected,N32304,N32304,N32304,sa1,1
4028,N89965 /1 undetected,output,,N89965,N89965,1,undetected,N89965,N89965,N89965,sa1,1
4029,N32303 /1 undetected,output,,N32303,N32303,1,undetected,N32303,N32303,N32303,sa1,1
4030,N113336 /1 undetected,output,,N113336,N113336,1,undetected,N113336,N113336,N113336,sa1,1
4031,N79352 /1 undetected,output,,N79352,N79352,1,undetected,N79352,N79352,N79352,sa1,1
4032,N32300 /1 undetected,output,,N32300,N32300,1,undetected,N32300,N32300,N32300,sa1,1
4033,N81737 /1 undetected,output,,N81737,N81737,1,undetected,N81737,N81737,N81737,sa1,1
4034,N106241 /1 undetected,output,,N106241,N106241,1,undetected,N106241,N106241,N106241,sa1,1
4035,N88280 /1 undetected,output,,N88280,N88280,1,undetected,N88280,N88280,N88280,sa1,1
4036,N113427 /1 undetected,output,,N113427,N113427,1,undetected,N113427,N113427,N113427,sa1,1
4037,N101660 /1 undetected,output,,N101660,N101660,1,undetected,N101660,N101660,N101660,sa1,1
4038,N101631 /1 undetected,output,,N101631,N101631,1,undetected,N101631,N101631,N101631,sa1,1
4039,N81954 /1 undetected,output,,N81954,N81954,1,undetected,N81954,N81954,N81954,sa1,1
4040,N90192 /1 undetected,output,,N90192,N90192,1,undetected,N90192,N90192,N90192,sa1,1
4041,N113611 /1 undetected,output,,N113611,N113611,1,undetected,N113611,N113611,N113611,sa1,1
4042,N32217 /1 undetected,output,,N32217,N32217,1,undetected,N32217,N32217,N32217,sa1,1
4043,N84578 /1 undetected,output,,N84578,N84578,1,undetected,N84578,N84578,N84578,sa1,1
4044,N32216 /1 undetected,output,,N32216,N32216,1,undetected,N32216,N32216,N32216,sa1,1
4045,N78673 /1 undetected,output,,N78673,N78673,1,undetected,N78673,N78673,N78673,sa1,1
4046,N113601 /1 undetected,output,,N113601,N113601,1,undetected,N113601,N113601,N113601,sa1,1
4047,N81947 /1 undetected,output,,N81947,N81947,1,undetected,N81947,N81947,N81947,sa1,1
4048,N113706 /1 undetected,output,,N113706,N113706,1,undetected,N113706,N113706,N113706,sa1,1
4049,N32205 /1 undetected,output,,N32205,N32205,1,undetected,N32205,N32205,N32205,sa1,1
4050,N32203 /1 undetected,output,,N32203,N32203,1,undetected,N32203,N32203,N32203,sa1,1
4051,N84577 /1 undetected,output,,N84577,N84577,1,undetected,N84577,N84577,N84577,sa1,1
4052,N32202 /1 undetected,output,,N32202,N32202,1,undetected,N32202,N32202,N32202,sa1,1
4053,N113695 /1 undetected,output,,N113695,N113695,1,undetected,N113695,N113695,N113695,sa1,1
4054,N78672 /1 undetected,output,,N78672,N78672,1,undetected,N78672,N78672,N78672,sa1,1
4055,N113637 /1 undetected,output,,N113637,N113637,1,undetected,N113637,N113637,N113637,sa1,1
4056,N87536 /1 undetected,output,,N87536,N87536,1,undetected,N87536,N87536,N87536,sa1,1
4057,N90198 /1 undetected,output,,N90198,N90198,1,undetected,N90198,N90198,N90198,sa1,1
4058,N32239 /1 undetected,output,,N32239,N32239,1,undetected,N32239,N32239,N32239,sa1,1
4059,N32237 /1 undetected,output,,N32237,N32237,1,undetected,N32237,N32237,N32237,sa1,1
4060,N90193 /1 undetected,output,,N90193,N90193,1,undetected,N90193,N90193,N90193,sa1,1
4061,N32236 /1 undetected,output,,N32236,N32236,1,undetected,N32236,N32236,N32236,sa1,1
4062,N113335 /1 undetected,output,,N113335,N113335,1,undetected,N113335,N113335,N113335,sa1,1
4063,N78675 /1 undetected,output,,N78675,N78675,1,undetected,N78675,N78675,N78675,sa1,1
4064,N32233 /1 undetected,output,,N32233,N32233,1,undetected,N32233,N32233,N32233,sa1,1
4065,N81948 /1 undetected,output,,N81948,N81948,1,undetected,N81948,N81948,N81948,sa1,1
4066,N106240 /1 undetected,output,,N106240,N106240,1,undetected,N106240,N106240,N106240,sa1,1
4067,N87539 /1 undetected,output,,N87539,N87539,1,undetected,N87539,N87539,N87539,sa1,1
4068,N113426 /1 undetected,output,,N113426,N113426,1,undetected,N113426,N113426,N113426,sa1,1
4069,N101658 /1 undetected,output,,N101658,N101658,1,undetected,N101658,N101658,N101658,sa1,1
4070,N101629 /1 undetected,output,,N101629,N101629,1,undetected,N101629,N101629,N101629,sa1,1
4071,N88854 /1 undetected,output,,N88854,N88854,1,undetected,N88854,N88854,N88854,sa1,1
4072,N32082 /1 undetected,output,,N32082,N32082,1,undetected,N32082,N32082,N32082,sa1,1
4073,N113986 /1 undetected,output,,N113986,N113986,1,undetected,N113986,N113986,N113986,sa1,1
4074,N84575 /1 undetected,output,,N84575,N84575,1,undetected,N84575,N84575,N84575,sa1,1
4075,N32076 /1 undetected,output,,N32076,N32076,1,undetected,N32076,N32076,N32076,sa1,1
4076,N74837 /1 undetected,output,,N74837,N74837,1,undetected,N74837,N74837,N74837,sa1,1
4077,N32071 /1 undetected,output,,N32071,N32071,1,undetected,N32071,N32071,N32071,sa1,1
4078,N88849 /1 undetected,output,,N88849,N88849,1,undetected,N88849,N88849,N88849,sa1,1
4079,N32070 /1 undetected,output,,N32070,N32070,1,undetected,N32070,N32070,N32070,sa1,1
4080,N113537 /1 undetected,output,,N113537,N113537,1,undetected,N113537,N113537,N113537,sa1,1
4081,N32068 /1 undetected,output,,N32068,N32068,1,undetected,N32068,N32068,N32068,sa1,1
4082,N87656 /1 undetected,output,,N87656,N87656,1,undetected,N87656,N87656,N87656,sa1,1
4083,N32064 /1 undetected,output,,N32064,N32064,1,undetected,N32064,N32064,N32064,sa1,1
4084,N80366 /1 undetected,output,,N80366,N80366,1,undetected,N80366,N80366,N80366,sa1,1
4085,N32029 /1 undetected,output,,N32029,N32029,1,undetected,N32029,N32029,N32029,sa1,1
4086,N113720 /1 undetected,output,,N113720,N113720,1,undetected,N113720,N113720,N113720,sa1,1
4087,N32031 /1 undetected,output,,N32031,N32031,1,undetected,N32031,N32031,N32031,sa1,1
4088,N21064 /1 undetected,output,,N21064,N21064,1,undetected,N21064,N21064,N21064,sa1,1
4089,N113652 /1 undetected,output,,N113652,N113652,1,undetected,N113652,N113652,N113652,sa1,1
4090,N80372 /1 undetected,output,,N80372,N80372,1,undetected,N80372,N80372,N80372,sa1,1
4091,N84574 /1 undetected,output,,N84574,N84574,1,undetected,N84574,N84574,N84574,sa1,1
4092,N32052 /1 undetected,output,,N32052,N32052,1,undetected,N32052,N32052,N32052,sa1,1
4093,N74836 /1 undetected,output,,N74836,N74836,1,undetected,N74836,N74836,N74836,sa1,1
4094,N32044 /1 undetected,output,,N32044,N32044,1,undetected,N32044,N32044,N32044,sa1,1
4095,N88848 /1 undetected,output,,N88848,N88848,1,undetected,N88848,N88848,N88848,sa1,1
4096,N113432 /1 undetected,output,,N113432,N113432,1,undetected,N113432,N113432,N113432,sa1,1
4097,N32040 /1 undetected,output,,N32040,N32040,1,undetected,N32040,N32040,N32040,sa1,1
4098,N113390 /1 undetected,output,,N113390,N113390,1,undetected,N113390,N113390,N113390,sa1,1
4099,N104838 /1 undetected,output,,N104838,N104838,1,undetected,N104838,N104838,N104838,sa1,1
4100,N32035 /1 undetected,output,,N32035,N32035,1,undetected,N32035,N32035,N32035,sa1,1
4101,N112826 /1 undetected,output,,N112826,N112826,1,undetected,N112826,N112826,N112826,sa1,1
4102,N80365 /1 undetected,output,,N80365,N80365,1,undetected,N80365,N80365,N80365,sa1,1
4103,N32033 /1 undetected,output,,N32033,N32033,1,undetected,N32033,N32033,N32033,sa1,1
4104,N88847 /1 undetected,output,,N88847,N88847,1,undetected,N88847,N88847,N88847,sa1,1
4105,N32049 /1 undetected,output,,N32049,N32049,1,undetected,N32049,N32049,N32049,sa1,1
4106,N113981 /1 undetected,output,,N113981,N113981,1,undetected,N113981,N113981,N113981,sa1,1
4107,N101654 /1 undetected,output,,N101654,N101654,1,undetected,N101654,N101654,N101654,sa1,1
4108,N101625 /1 undetected,output,,N101625,N101625,1,undetected,N101625,N101625,N101625,sa1,1
4109,N90139 /1 undetected,output,,N90139,N90139,1,undetected,N90139,N90139,N90139,sa1,1
4110,N31659 /1 undetected,output,,N31659,N31659,1,undetected,N31659,N31659,N31659,sa1,1
4111,N113917 /1 undetected,output,,N113917,N113917,1,undetected,N113917,N113917,N113917,sa1,1
4112,N92393 /1 undetected,output,,N92393,N92393,1,undetected,N92393,N92393,N92393,sa1,1
4113,N31653 /1 undetected,output,,N31653,N31653,1,undetected,N31653,N31653,N31653,sa1,1
4114,N113915 /1 undetected,output,,N113915,N113915,1,undetected,N113915,N113915,N113915,sa1,1
4115,N97766 /1 undetected,output,,N97766,N97766,1,undetected,N97766,N97766,N97766,sa1,1
4116,N113630 /1 undetected,output,,N113630,N113630,1,undetected,N113630,N113630,N113630,sa1,1
4117,N31647 /1 undetected,output,,N31647,N31647,1,undetected,N31647,N31647,N31647,sa1,1
4118,N76302 /1 undetected,output,,N76302,N76302,1,undetected,N76302,N76302,N76302,sa1,1
4119,N113535 /1 undetected,output,,N113535,N113535,1,undetected,N113535,N113535,N113535,sa1,1
4120,N90134 /1 undetected,output,,N90134,N90134,1,undetected,N90134,N90134,N90134,sa1,1
4121,N31642 /1 undetected,output,,N31642,N31642,1,undetected,N31642,N31642,N31642,sa1,1
4122,N113692 /1 undetected,output,,N113692,N113692,1,undetected,N113692,N113692,N113692,sa1,1
4123,N81902 /1 undetected,output,,N81902,N81902,1,undetected,N81902,N81902,N81902,sa1,1
4124,N113597 /1 undetected,output,,N113597,N113597,1,undetected,N113597,N113597,N113597,sa1,1
4125,N90133 /1 undetected,output,,N90133,N90133,1,undetected,N90133,N90133,N90133,sa1,1
4126,N81910 /1 undetected,output,,N81910,N81910,1,undetected,N81910,N81910,N81910,sa1,1
4127,N31630 /1 undetected,output,,N31630,N31630,1,undetected,N31630,N31630,N31630,sa1,1
4128,N113911 /1 undetected,output,,N113911,N113911,1,undetected,N113911,N113911,N113911,sa1,1
4129,N31625 /1 undetected,output,,N31625,N31625,1,undetected,N31625,N31625,N31625,sa1,1
4130,N84568 /1 undetected,output,,N84568,N84568,1,undetected,N84568,N84568,N84568,sa1,1
4131,N113481 /1 undetected,output,,N113481,N113481,1,undetected,N113481,N113481,N113481,sa1,1
4132,N31620 /1 undetected,output,,N31620,N31620,1,undetected,N31620,N31620,N31620,sa1,1
4133,N113920 /1 undetected,output,,N113920,N113920,1,undetected,N113920,N113920,N113920,sa1,1
4134,N31617 /1 undetected,output,,N31617,N31617,1,undetected,N31617,N31617,N31617,sa1,1
4135,N81901 /1 undetected,output,,N81901,N81901,1,undetected,N81901,N81901,N81901,sa1,1
4136,N74830 /1 undetected,output,,N74830,N74830,1,undetected,N74830,N74830,N74830,sa1,1
4137,N31613 /1 undetected,output,,N31613,N31613,1,undetected,N31613,N31613,N31613,sa1,1
4138,N31611 /1 undetected,output,,N31611,N31611,1,undetected,N31611,N31611,N31611,sa1,1
4139,N31609 /1 undetected,output,,N31609,N31609,1,undetected,N31609,N31609,N31609,sa1,1
4140,N90132 /1 undetected,output,,N90132,N90132,1,undetected,N90132,N90132,N90132,sa1,1
4141,N31608 /1 undetected,output,,N31608,N31608,1,undetected,N31608,N31608,N31608,sa1,1
4142,N113417 /1 undetected,output,,N113417,N113417,1,undetected,N113417,N113417,N113417,sa1,1
4143,N76300 /1 undetected,output,,N76300,N76300,1,undetected,N76300,N76300,N76300,sa1,1
4144,N31606 /1 undetected,output,,N31606,N31606,1,undetected,N31606,N31606,N31606,sa1,1
4145,N113475 /1 undetected,output,,N113475,N113475,1,undetected,N113475,N113475,N113475,sa1,1
4146,N86070 /1 undetected,output,,N86070,N86070,1,undetected,N86070,N86070,N86070,sa1,1
4147,N113918 /1 undetected,output,,N113918,N113918,1,undetected,N113918,N113918,N113918,sa1,1
4148,N112836 /1 undetected,output,,N112836,N112836,1,undetected,N112836,N112836,N112836,sa1,1
4149,N101619 /1 undetected,output,,N101619,N101619,1,undetected,N101619,N101619,N101619,sa1,1
4150,N81861 /1 undetected,output,,N81861,N81861,1,undetected,N81861,N81861,N81861,sa1,1
4151,N113857 /1 undetected,output,,N113857,N113857,1,undetected,N113857,N113857,N113857,sa1,1
4152,N113350 /1 undetected,output,,N113350,N113350,1,undetected,N113350,N113350,N113350,sa1,1
4153,N90075 /1 undetected,output,,N90075,N90075,1,undetected,N90075,N90075,N90075,sa1,1
4154,N113339 /1 undetected,output,,N113339,N113339,1,undetected,N113339,N113339,N113339,sa1,1
4155,N31353 /1 undetected,output,,N31353,N31353,1,undetected,N31353,N31353,N31353,sa1,1
4156,N31351 /1 undetected,output,,N31351,N31351,1,undetected,N31351,N31351,N31351,sa1,1
4157,N97762 /1 undetected,output,,N97762,N97762,1,undetected,N97762,N97762,N97762,sa1,1
4158,N31350 /1 undetected,output,,N31350,N31350,1,undetected,N31350,N31350,N31350,sa1,1
4159,N113413 /1 undetected,output,,N113413,N113413,1,undetected,N113413,N113413,N113413,sa1,1
4160,N77190 /1 undetected,output,,N77190,N77190,1,undetected,N77190,N77190,N77190,sa1,1
4161,N113478 /1 undetected,output,,N113478,N113478,1,undetected,N113478,N113478,N113478,sa1,1
4162,N86729 /1 undetected,output,,N86729,N86729,1,undetected,N86729,N86729,N86729,sa1,1
4163,N106239 /1 undetected,output,,N106239,N106239,1,undetected,N106239,N106239,N106239,sa1,1
4164,N81855 /1 undetected,output,,N81855,N81855,1,undetected,N81855,N81855,N81855,sa1,1
4165,N90082 /1 undetected,output,,N90082,N90082,1,undetected,N90082,N90082,N90082,sa1,1
4166,N81854 /1 undetected,output,,N81854,N81854,1,undetected,N81854,N81854,N81854,sa1,1
4167,N113705 /1 undetected,output,,N113705,N113705,1,undetected,N113705,N113705,N113705,sa1,1
4168,N84562 /1 undetected,output,,N84562,N84562,1,undetected,N84562,N84562,N84562,sa1,1
4169,N31334 /1 undetected,output,,N31334,N31334,1,undetected,N31334,N31334,N31334,sa1,1
4170,N31332 /1 undetected,output,,N31332,N31332,1,undetected,N31332,N31332,N31332,sa1,1
4171,N74829 /1 undetected,output,,N74829,N74829,1,undetected,N74829,N74829,N74829,sa1,1
4172,N31331 /1 undetected,output,,N31331,N31331,1,undetected,N31331,N31331,N31331,sa1,1
4173,N113687 /1 undetected,output,,N113687,N113687,1,undetected,N113687,N113687,N113687,sa1,1
4174,N77189 /1 undetected,output,,N77189,N77189,1,undetected,N77189,N77189,N77189,sa1,1
4175,N31329 /1 undetected,output,,N31329,N31329,1,undetected,N31329,N31329,N31329,sa1,1
4176,N113628 /1 undetected,output,,N113628,N113628,1,undetected,N113628,N113628,N113628,sa1,1
4177,N86727 /1 undetected,output,,N86727,N86727,1,undetected,N86727,N86727,N86727,sa1,1
4178,N90074 /1 undetected,output,,N90074,N90074,1,undetected,N90074,N90074,N90074,sa1,1
4179,N113610 /1 undetected,output,,N113610,N113610,1,undetected,N113610,N113610,N113610,sa1,1
4180,N84561 /1 undetected,output,,N84561,N84561,1,undetected,N84561,N84561,N84561,sa1,1
4181,N74828 /1 undetected,output,,N74828,N74828,1,undetected,N74828,N74828,N74828,sa1,1
4182,N113595 /1 undetected,output,,N113595,N113595,1,undetected,N113595,N113595,N113595,sa1,1
4183,N31313 /1 undetected,output,,N31313,N31313,1,undetected,N31313,N31313,N31313,sa1,1
4184,N77188 /1 undetected,output,,N77188,N77188,1,undetected,N77188,N77188,N77188,sa1,1
4185,N31309 /1 undetected,output,,N31309,N31309,1,undetected,N31309,N31309,N31309,sa1,1
4186,N113496 /1 undetected,output,,N113496,N113496,1,undetected,N113496,N113496,N113496,sa1,1
4187,N101652 /1 undetected,output,,N101652,N101652,1,undetected,N101652,N101652,N101652,sa1,1
4188,N101648 /1 undetected,output,,N101648,N101648,1,undetected,N101648,N101648,N101648,sa1,1
4189,N101616 /1 undetected,output,,N101616,N101616,1,undetected,N101616,N101616,N101616,sa1,1
4190,N90032 /1 undetected,output,,N90032,N90032,1,undetected,N90032,N90032,N90032,sa1,1
4191,N30856 /1 undetected,output,,N30856,N30856,1,undetected,N30856,N30856,N30856,sa1,1
4192,N113742 /1 undetected,output,,N113742,N113742,1,undetected,N113742,N113742,N113742,sa1,1
4193,N92391 /1 undetected,output,,N92391,N92391,1,undetected,N92391,N92391,N92391,sa1,1
4194,N30850 /1 undetected,output,,N30850,N30850,1,undetected,N30850,N30850,N30850,sa1,1
4195,N113740 /1 undetected,output,,N113740,N113740,1,undetected,N113740,N113740,N113740,sa1,1
4196,N30848 /1 undetected,output,,N30848,N30848,1,undetected,N30848,N30848,N30848,sa1,1
4197,N97759 /1 undetected,output,,N97759,N97759,1,undetected,N97759,N97759,N97759,sa1,1
4198,N113744 /1 undetected,output,,N113744,N113744,1,undetected,N113744,N113744,N113744,sa1,1
4199,N113627 /1 undetected,output,,N113627,N113627,1,undetected,N113627,N113627,N113627,sa1,1
4200,N30844 /1 undetected,output,,N30844,N30844,1,undetected,N30844,N30844,N30844,sa1,1
4201,N30842 /1 undetected,output,,N30842,N30842,1,undetected,N30842,N30842,N30842,sa1,1
4202,N79346 /1 undetected,output,,N79346,N79346,1,undetected,N79346,N79346,N79346,sa1,1
4203,N30841 /1 undetected,output,,N30841,N30841,1,undetected,N30841,N30841,N30841,sa1,1
4204,N113533 /1 undetected,output,,N113533,N113533,1,undetected,N113533,N113533,N113533,sa1,1
4205,N90027 /1 undetected,output,,N90027,N90027,1,undetected,N90027,N90027,N90027,sa1,1
4206,N30839 /1 undetected,output,,N30839,N30839,1,undetected,N30839,N30839,N30839,sa1,1
4207,N113690 /1 undetected,output,,N113690,N113690,1,undetected,N113690,N113690,N113690,sa1,1
4208,N81800 /1 undetected,output,,N81800,N81800,1,undetected,N81800,N81800,N81800,sa1,1
4209,N113594 /1 undetected,output,,N113594,N113594,1,undetected,N113594,N113594,N113594,sa1,1
4210,N30835 /1 undetected,output,,N30835,N30835,1,undetected,N30835,N30835,N30835,sa1,1
4211,N90026 /1 undetected,output,,N90026,N90026,1,undetected,N90026,N90026,N90026,sa1,1
4212,N88274 /1 undetected,output,,N88274,N88274,1,undetected,N88274,N88274,N88274,sa1,1
4213,N81808 /1 undetected,output,,N81808,N81808,1,undetected,N81808,N81808,N81808,sa1,1
4214,N30827 /1 undetected,output,,N30827,N30827,1,undetected,N30827,N30827,N30827,sa1,1
4215,N113736 /1 undetected,output,,N113736,N113736,1,undetected,N113736,N113736,N113736,sa1,1
4216,N84556 /1 undetected,output,,N84556,N84556,1,undetected,N84556,N84556,N84556,sa1,1
4217,N113480 /1 undetected,output,,N113480,N113480,1,undetected,N113480,N113480,N113480,sa1,1
4218,N30814 /1 undetected,output,,N30814,N30814,1,undetected,N30814,N30814,N30814,sa1,1
4219,N81799 /1 undetected,output,,N81799,N81799,1,undetected,N81799,N81799,N81799,sa1,1
4220,N30812 /1 undetected,output,,N30812,N30812,1,undetected,N30812,N30812,N30812,sa1,1
4221,N74824 /1 undetected,output,,N74824,N74824,1,undetected,N74824,N74824,N74824,sa1,1
4222,N30808 /1 undetected,output,,N30808,N30808,1,undetected,N30808,N30808,N30808,sa1,1
4223,N90025 /1 undetected,output,,N90025,N90025,1,undetected,N90025,N90025,N90025,sa1,1
4224,N113416 /1 undetected,output,,N113416,N113416,1,undetected,N113416,N113416,N113416,sa1,1
4225,N79344 /1 undetected,output,,N79344,N79344,1,undetected,N79344,N79344,N79344,sa1,1
4226,N30803 /1 undetected,output,,N30803,N30803,1,undetected,N30803,N30803,N30803,sa1,1
4227,N113474 /1 undetected,output,,N113474,N113474,1,undetected,N113474,N113474,N113474,sa1,1
4228,N88272 /1 undetected,output,,N88272,N88272,1,undetected,N88272,N88272,N88272,sa1,1
4229,N30801 /1 undetected,output,,N30801,N30801,1,undetected,N30801,N30801,N30801,sa1,1
4230,N112832 /1 undetected,output,,N112832,N112832,1,undetected,N112832,N112832,N112832,sa1,1
4231,N4676 /1 undetected,output,,N4676,N4676,1,undetected,N4676,N4676,N4676,sa1,1
4232,N95249 /1 undetected,output,,N95249,N95249,1,undetected,N95249,N95249,N95249,sa1,1
4233,N4666 /1 undetected,output,,N4666,N4666,1,undetected,N4666,N4666,N4666,sa1,1
4234,N92733 /1 undetected,output,,N92733,N92733,1,undetected,N92733,N92733,N92733,sa1,1
4235,N91529 /1 undetected,output,,N91529,N91529,1,undetected,N91529,N91529,N91529,sa1,1
4236,N91494 /1 undetected,output,,N91494,N91494,1,undetected,N91494,N91494,N91494,sa1,1
4237,N74949 /1 undetected,output,,N74949,N74949,1,undetected,N74949,N74949,N74949,sa1,1
4238,N92668 /1 undetected,output,,N92668,N92668,1,undetected,N92668,N92668,N92668,sa1,1
4239,N91693 /1 undetected,output,,N91693,N91693,1,undetected,N91693,N91693,N91693,sa1,1
4240,N96983 /1 undetected,output,,N96983,N96983,1,undetected,N96983,N96983,N96983,sa1,1
4241,N92605 /1 undetected,output,,N92605,N92605,1,undetected,N92605,N92605,N92605,sa1,1
4242,N84906 /1 undetected,output,,N84906,N84906,1,undetected,N84906,N84906,N84906,sa1,1
4243,N74990 /1 undetected,output,,N74990,N74990,1,undetected,N74990,N74990,N74990,sa1,1
4244,N91692 /1 undetected,output,,N91692,N91692,1,undetected,N91692,N91692,N91692,sa1,1
4245,N4626 /1 undetected,output,,N4626,N4626,1,undetected,N4626,N4626,N4626,sa1,1
4246,N4624 /1 undetected,output,,N4624,N4624,1,undetected,N4624,N4624,N4624,sa1,1
4247,N97096 /1 undetected,output,,N97096,N97096,1,undetected,N97096,N97096,N97096,sa1,1
4248,N84462 /1 undetected,output,,N84462,N84462,1,undetected,N84462,N84462,N84462,sa1,1
4249,N4623 /1 undetected,output,,N4623,N4623,1,undetected,N4623,N4623,N4623,sa1,1
4250,N97104 /1 undetected,output,,N97104,N97104,1,undetected,N97104,N97104,N97104,sa1,1
4251,N4619 /1 undetected,output,,N4619,N4619,1,undetected,N4619,N4619,N4619,sa1,1
4252,N96925 /1 undetected,output,,N96925,N96925,1,undetected,N96925,N96925,N96925,sa1,1
4253,N94605 /1 undetected,output,,N94605,N94605,1,undetected,N94605,N94605,N94605,sa1,1
4254,N84343 /1 undetected,output,,N84343,N84343,1,undetected,N84343,N84343,N84343,sa1,1
4255,N4610 /1 undetected,output,,N4610,N4610,1,undetected,N4610,N4610,N4610,sa1,1
4256,N96651 /1 undetected,output,,N96651,N96651,1,undetected,N96651,N96651,N96651,sa1,1
4257,N77249 /1 undetected,output,,N77249,N77249,1,undetected,N77249,N77249,N77249,sa1,1
4258,N95272 /1 undetected,output,,N95272,N95272,1,undetected,N95272,N95272,N95272,sa1,1
4259,N95248 /1 undetected,output,,N95248,N95248,1,undetected,N95248,N95248,N95248,sa1,1
4260,N96680 /1 undetected,output,,N96680,N96680,1,undetected,N96680,N96680,N96680,sa1,1
4261,N96650 /1 undetected,output,,N96650,N96650,1,undetected,N96650,N96650,N96650,sa1,1
4262,N91528 /1 undetected,output,,N91528,N91528,1,undetected,N91528,N91528,N91528,sa1,1
4263,N91493 /1 undetected,output,,N91493,N91493,1,undetected,N91493,N91493,N91493,sa1,1
4264,N74948 /1 undetected,output,,N74948,N74948,1,undetected,N74948,N74948,N74948,sa1,1
4265,N91740 /1 undetected,output,,N91740,N91740,1,undetected,N91740,N91740,N91740,sa1,1
4266,N91691 /1 undetected,output,,N91691,N91691,1,undetected,N91691,N91691,N91691,sa1,1
4267,N84905 /1 undetected,output,,N84905,N84905,1,undetected,N84905,N84905,N84905,sa1,1
4268,N74989 /1 undetected,output,,N74989,N74989,1,undetected,N74989,N74989,N74989,sa1,1
4269,N84961 /1 undetected,output,,N84961,N84961,1,undetected,N84961,N84961,N84961,sa1,1
4270,N75068 /1 undetected,output,,N75068,N75068,1,undetected,N75068,N75068,N75068,sa1,1
4271,N97079 /1 undetected,output,,N97079,N97079,1,undetected,N97079,N97079,N97079,sa1,1
4272,N92416 /1 undetected,output,,N92416,N92416,1,undetected,N92416,N92416,N92416,sa1,1
4273,N4534 /1 undetected,output,,N4534,N4534,1,undetected,N4534,N4534,N4534,sa1,1
4274,N97075 /1 undetected,output,,N97075,N97075,1,undetected,N97075,N97075,N97075,sa1,1
4275,N97055 /1 undetected,output,,N97055,N97055,1,undetected,N97055,N97055,N97055,sa1,1
4276,N97029 /1 undetected,output,,N97029,N97029,1,undetected,N97029,N97029,N97029,sa1,1
4277,N92346 /1 undetected,output,,N92346,N92346,1,undetected,N92346,N92346,N92346,sa1,1
4278,N91653 /1 undetected,output,,N91653,N91653,1,undetected,N91653,N91653,N91653,sa1,1
4279,N74599 /1 undetected,output,,N74599,N74599,1,undetected,N74599,N74599,N74599,sa1,1
4280,N84461 /1 undetected,output,,N84461,N84461,1,undetected,N84461,N84461,N84461,sa1,1
4281,N74718 /1 undetected,output,,N74718,N74718,1,undetected,N74718,N74718,N74718,sa1,1
4282,N84652 /1 undetected,output,,N84652,N84652,1,undetected,N84652,N84652,N84652,sa1,1
4283,N97013 /1 undetected,output,,N97013,N97013,1,undetected,N97013,N97013,N97013,sa1,1
4284,N4456 /1 undetected,output,,N4456,N4456,1,undetected,N4456,N4456,N4456,sa1,1
4285,N4451 /1 undetected,output,,N4451,N4451,1,undetected,N4451,N4451,N4451,sa1,1
4286,N85124 /1 undetected,output,,N85124,N85124,1,undetected,N85124,N85124,N85124,sa1,1
4287,N4449 /1 undetected,output,,N4449,N4449,1,undetected,N4449,N4449,N4449,sa1,1
4288,N97002 /1 undetected,output,,N97002,N97002,1,undetected,N97002,N97002,N97002,sa1,1
4289,N4447 /1 undetected,output,,N4447,N4447,1,undetected,N4447,N4447,N4447,sa1,1
4290,N97005 /1 undetected,output,,N97005,N97005,1,undetected,N97005,N97005,N97005,sa1,1
4291,N4445 /1 undetected,output,,N4445,N4445,1,undetected,N4445,N4445,N4445,sa1,1
4292,N4443 /1 undetected,output,,N4443,N4443,1,undetected,N4443,N4443,N4443,sa1,1
4293,N85346 /1 undetected,output,,N85346,N85346,1,undetected,N85346,N85346,N85346,sa1,1
4294,N4442 /1 undetected,output,,N4442,N4442,1,undetected,N4442,N4442,N4442,sa1,1
4295,N96885 /1 undetected,output,,N96885,N96885,1,undetected,N96885,N96885,N96885,sa1,1
4296,N77239 /1 undetected,output,,N77239,N77239,1,undetected,N77239,N77239,N77239,sa1,1
4297,N4440 /1 undetected,output,,N4440,N4440,1,undetected,N4440,N4440,N4440,sa1,1
4298,N96843 /1 undetected,output,,N96843,N96843,1,undetected,N96843,N96843,N96843,sa1,1
4299,N86772 /1 undetected,output,,N86772,N86772,1,undetected,N86772,N86772,N86772,sa1,1
4300,N101634 /1 undetected,output,,N101634,N101634,1,undetected,N101634,N101634,N101634,sa1,1
4301,N90219 /1 undetected,output,,N90219,N90219,1,undetected,N90219,N90219,N90219,sa1,1
4302,N114038 /1 undetected,output,,N114038,N114038,1,undetected,N114038,N114038,N114038,sa1,1
4303,N90213 /1 undetected,output,,N90213,N90213,1,undetected,N90213,N90213,N90213,sa1,1
4304,N113340 /1 undetected,output,,N113340,N113340,1,undetected,N113340,N113340,N113340,sa1,1
4305,N32530 /1 undetected,output,,N32530,N32530,1,undetected,N32530,N32530,N32530,sa1,1
4306,N30373 /1 undetected,output,,N30373,N30373,1,undetected,N30373,N30373,N30373,sa1,1
4307,N32528 /1 undetected,output,,N32528,N32528,1,undetected,N32528,N32528,N32528,sa1,1
4308,N87663 /1 undetected,output,,N87663,N87663,1,undetected,N87663,N87663,N87663,sa1,1
4309,N81983 /1 undetected,output,,N81983,N81983,1,undetected,N81983,N81983,N81983,sa1,1
4310,N90212 /1 undetected,output,,N90212,N90212,1,undetected,N90212,N90212,N90212,sa1,1
4311,N114035 /1 undetected,output,,N114035,N114035,1,undetected,N114035,N114035,N114035,sa1,1
4312,N113613 /1 undetected,output,,N113613,N113613,1,undetected,N113613,N113613,N113613,sa1,1
4313,N32508 /1 undetected,output,,N32508,N32508,1,undetected,N32508,N32508,N32508,sa1,1
4314,N84584 /1 undetected,output,,N84584,N84584,1,undetected,N84584,N84584,N84584,sa1,1
4315,N32507 /1 undetected,output,,N32507,N32507,1,undetected,N32507,N32507,N32507,sa1,1
4316,N78773 /1 undetected,output,,N78773,N78773,1,undetected,N78773,N78773,N78773,sa1,1
4317,N113603 /1 undetected,output,,N113603,N113603,1,undetected,N113603,N113603,N113603,sa1,1
4318,N81977 /1 undetected,output,,N81977,N81977,1,undetected,N81977,N81977,N81977,sa1,1
4319,N113708 /1 undetected,output,,N113708,N113708,1,undetected,N113708,N113708,N113708,sa1,1
4320,N32494 /1 undetected,output,,N32494,N32494,1,undetected,N32494,N32494,N32494,sa1,1
4321,N84583 /1 undetected,output,,N84583,N84583,1,undetected,N84583,N84583,N84583,sa1,1
4322,N32493 /1 undetected,output,,N32493,N32493,1,undetected,N32493,N32493,N32493,sa1,1
4323,N78772 /1 undetected,output,,N78772,N78772,1,undetected,N78772,N78772,N78772,sa1,1
4324,N113639 /1 undetected,output,,N113639,N113639,1,undetected,N113639,N113639,N113639,sa1,1
4325,N101663 /1 undetected,output,,N101663,N101663,1,undetected,N101663,N101663,N101663,sa1,1
4326,N101645 /1 undetected,output,,N101645,N101645,1,undetected,N101645,N101645,N101645,sa1,1
4327,N101614 /1 undetected,output,,N101614,N101614,1,undetected,N101614,N101614,N101614,sa1,1
4328,N81781 /1 undetected,output,,N81781,N81781,1,undetected,N81781,N81781,N81781,sa1,1
4329,N89999 /1 undetected,output,,N89999,N89999,1,undetected,N89999,N89999,N89999,sa1,1
4330,N113609 /1 undetected,output,,N113609,N113609,1,undetected,N113609,N113609,N113609,sa1,1
4331,N30497 /1 undetected,output,,N30497,N30497,1,undetected,N30497,N30497,N30497,sa1,1
4332,N84550 /1 undetected,output,,N84550,N84550,1,undetected,N84550,N84550,N84550,sa1,1
4333,N30496 /1 undetected,output,,N30496,N30496,1,undetected,N30496,N30496,N30496,sa1,1
4334,N79285 /1 undetected,output,,N79285,N79285,1,undetected,N79285,N79285,N79285,sa1,1
4335,N30494 /1 undetected,output,,N30494,N30494,1,undetected,N30494,N30494,N30494,sa1,1
4336,N113600 /1 undetected,output,,N113600,N113600,1,undetected,N113600,N113600,N113600,sa1,1
4337,N81777 /1 undetected,output,,N81777,N81777,1,undetected,N81777,N81777,N81777,sa1,1
4338,N113704 /1 undetected,output,,N113704,N113704,1,undetected,N113704,N113704,N113704,sa1,1
4339,N30559 /1 undetected,output,,N30559,N30559,1,undetected,N30559,N30559,N30559,sa1,1
4340,N30557 /1 undetected,output,,N30557,N30557,1,undetected,N30557,N30557,N30557,sa1,1
4341,N84551 /1 undetected,output,,N84551,N84551,1,undetected,N84551,N84551,N84551,sa1,1
4342,N30556 /1 undetected,output,,N30556,N30556,1,undetected,N30556,N30556,N30556,sa1,1
4343,N113694 /1 undetected,output,,N113694,N113694,1,undetected,N113694,N113694,N113694,sa1,1
4344,N79286 /1 undetected,output,,N79286,N79286,1,undetected,N79286,N79286,N79286,sa1,1
4345,N113636 /1 undetected,output,,N113636,N113636,1,undetected,N113636,N113636,N113636,sa1,1
4346,N88201 /1 undetected,output,,N88201,N88201,1,undetected,N88201,N88201,N88201,sa1,1
4347,N30572 /1 undetected,output,,N30572,N30572,1,undetected,N30572,N30572,N30572,sa1,1
4348,N90006 /1 undetected,output,,N90006,N90006,1,undetected,N90006,N90006,N90006,sa1,1
4349,N30378 /1 undetected,output,,N30378,N30378,1,undetected,N30378,N30378,N30378,sa1,1
4350,N30376 /1 undetected,output,,N30376,N30376,1,undetected,N30376,N30376,N30376,sa1,1
4351,N89997 /1 undetected,output,,N89997,N89997,1,undetected,N89997,N89997,N89997,sa1,1
4352,N79284 /1 undetected,output,,N79284,N79284,1,undetected,N79284,N79284,N79284,sa1,1
4353,N113491 /1 undetected,output,,N113491,N113491,1,undetected,N113491,N113491,N113491,sa1,1
4354,N30419 /1 undetected,output,,N30419,N30419,1,undetected,N30419,N30419,N30419,sa1,1
4355,N89998 /1 undetected,output,,N89998,N89998,1,undetected,N89998,N89998,N89998,sa1,1
4356,N74261 /1 undetected,output,,N74261,N74261,1,undetected,N74261,N74261,N74261,sa1,1
4357,N101667 /1 undetected,output,,N101667,N101667,1,undetected,N101667,N101667,N101667,sa1,1
4358,N83840 /1 undetected,output,,N83840,N83840,1,undetected,N83840,N83840,N83840,sa1,1
4359,N101606 /1 undetected,output,,N101606,N101606,1,undetected,N101606,N101606,N101606,sa1,1
4360,N33033 /1 undetected,output,,N33033,N33033,1,undetected,N33033,N33033,N33033,sa1,1
4361,N82052 /1 undetected,output,,N82052,N82052,1,undetected,N82052,N82052,N82052,sa1,1
4362,N33029 /1 undetected,output,,N33029,N33029,1,undetected,N33029,N33029,N33029,sa1,1
4363,N114101 /1 undetected,output,,N114101,N114101,1,undetected,N114101,N114101,N114101,sa1,1
4364,N106218 /1 undetected,output,,N106218,N106218,1,undetected,N106218,N106218,N106218,sa1,1
4365,N84588 /1 undetected,output,,N84588,N84588,1,undetected,N84588,N84588,N84588,sa1,1
4366,N33017 /1 undetected,output,,N33017,N33017,1,undetected,N33017,N33017,N33017,sa1,1
4367,N90262 /1 undetected,output,,N90262,N90262,1,undetected,N90262,N90262,N90262,sa1,1
4368,N74843 /1 undetected,output,,N74843,N74843,1,undetected,N74843,N74843,N74843,sa1,1
4369,N112842 /1 undetected,output,,N112842,N112842,1,undetected,N112842,N112842,N112842,sa1,1
4370,N90256 /1 undetected,output,,N90256,N90256,1,undetected,N90256,N90256,N90256,sa1,1
4371,N33013 /1 undetected,output,,N33013,N33013,1,undetected,N33013,N33013,N33013,sa1,1
4372,N33011 /1 undetected,output,,N33011,N33011,1,undetected,N33011,N33011,N33011,sa1,1
4373,N82042 /1 undetected,output,,N82042,N82042,1,undetected,N82042,N82042,N82042,sa1,1
4374,N33008 /1 undetected,output,,N33008,N33008,1,undetected,N33008,N33008,N33008,sa1,1
4375,N33006 /1 undetected,output,,N33006,N33006,1,undetected,N33006,N33006,N33006,sa1,1
4376,N75615 /1 undetected,output,,N75615,N75615,1,undetected,N75615,N75615,N75615,sa1,1
4377,N33005 /1 undetected,output,,N33005,N33005,1,undetected,N33005,N33005,N33005,sa1,1
4378,N114109 /1 undetected,output,,N114109,N114109,1,undetected,N114109,N114109,N114109,sa1,1
4379,N113446 /1 undetected,output,,N113446,N113446,1,undetected,N113446,N113446,N113446,sa1,1
4380,N33003 /1 undetected,output,,N33003,N33003,1,undetected,N33003,N33003,N33003,sa1,1
4381,N113462 /1 undetected,output,,N113462,N113462,1,undetected,N113462,N113462,N113462,sa1,1
4382,N33001 /1 undetected,output,,N33001,N33001,1,undetected,N33001,N33001,N33001,sa1,1
4383,N114113 /1 undetected,output,,N114113,N114113,1,undetected,N114113,N114113,N114113,sa1,1
4384,N32974 /1 undetected,output,,N32974,N32974,1,undetected,N32974,N32974,N32974,sa1,1
4385,N33010 /1 undetected,output,,N33010,N33010,1,undetected,N33010,N33010,N33010,sa1,1
4386,N114103 /1 undetected,output,,N114103,N114103,1,undetected,N114103,N114103,N114103,sa1,1
4387,N113407 /1 undetected,output,,N113407,N113407,1,undetected,N113407,N113407,N113407,sa1,1
4388,N32997 /1 undetected,output,,N32997,N32997,1,undetected,N32997,N32997,N32997,sa1,1
4389,N82051 /1 undetected,output,,N82051,N82051,1,undetected,N82051,N82051,N82051,sa1,1
4390,N105517 /1 undetected,output,,N105517,N105517,1,undetected,N105517,N105517,N105517,sa1,1
4391,N32993 /1 undetected,output,,N32993,N32993,1,undetected,N32993,N32993,N32993,sa1,1
4392,N114116 /1 undetected,output,,N114116,N114116,1,undetected,N114116,N114116,N114116,sa1,1
4393,N32987 /1 undetected,output,,N32987,N32987,1,undetected,N32987,N32987,N32987,sa1,1
4394,N82050 /1 undetected,output,,N82050,N82050,1,undetected,N82050,N82050,N82050,sa1,1
4395,N32986 /1 undetected,output,,N32986,N32986,1,undetected,N32986,N32986,N32986,sa1,1
4396,N82041 /1 undetected,output,,N82041,N82041,1,undetected,N82041,N82041,N82041,sa1,1
4397,N32982 /1 undetected,output,,N32982,N32982,1,undetected,N32982,N32982,N32982,sa1,1
4398,N32981 /1 undetected,output,,N32981,N32981,1,undetected,N32981,N32981,N32981,sa1,1
4399,N114111 /1 undetected,output,,N114111,N114111,1,undetected,N114111,N114111,N114111,sa1,1
4400,N75614 /1 undetected,output,,N75614,N75614,1,undetected,N75614,N75614,N75614,sa1,1
4401,N32979 /1 undetected,output,,N32979,N32979,1,undetected,N32979,N32979,N32979,sa1,1
4402,N114112 /1 undetected,output,,N114112,N114112,1,undetected,N114112,N114112,N114112,sa1,1
4403,N32977 /1 undetected,output,,N32977,N32977,1,undetected,N32977,N32977,N32977,sa1,1
4404,N95740 /1 undetected,output,,N95740,N95740,1,undetected,N95740,N95740,N95740,sa1,1
4405,N32976 /1 undetected,output,,N32976,N32976,1,undetected,N32976,N32976,N32976,sa1,1
4406,N114115 /1 undetected,output,,N114115,N114115,1,undetected,N114115,N114115,N114115,sa1,1
4407,N113516 /1 undetected,output,,N113516,N113516,1,undetected,N113516,N113516,N113516,sa1,1
4408,N32971 /1 undetected,output,,N32971,N32971,1,undetected,N32971,N32971,N32971,sa1,1
4409,N113582 /1 undetected,output,,N113582,N113582,1,undetected,N113582,N113582,N113582,sa1,1
4410,N113527 /1 undetected,output,,N113527,N113527,1,undetected,N113527,N113527,N113527,sa1,1
4411,N77398 /1 undetected,output,,N77398,N77398,1,undetected,N77398,N77398,N77398,sa1,1
4412,N74842 /1 undetected,output,,N74842,N74842,1,undetected,N74842,N74842,N74842,sa1,1
4413,N32964 /1 undetected,output,,N32964,N32964,1,undetected,N32964,N32964,N32964,sa1,1
4414,N75613 /1 undetected,output,,N75613,N75613,1,undetected,N75613,N75613,N75613,sa1,1
4415,N32962 /1 undetected,output,,N32962,N32962,1,undetected,N32962,N32962,N32962,sa1,1
4416,N32960 /1 undetected,output,,N32960,N32960,1,undetected,N32960,N32960,N32960,sa1,1
4417,N113382 /1 undetected,output,,N113382,N113382,1,undetected,N113382,N113382,N113382,sa1,1
4418,N32959 /1 undetected,output,,N32959,N32959,1,undetected,N32959,N32959,N32959,sa1,1
4419,N113504 /1 undetected,output,,N113504,N113504,1,undetected,N113504,N113504,N113504,sa1,1
4420,N32957 /1 undetected,output,,N32957,N32957,1,undetected,N32957,N32957,N32957,sa1,1
4421,N32953 /1 undetected,output,,N32953,N32953,1,undetected,N32953,N32953,N32953,sa1,1
4422,N85186 /1 undetected,output,,N85186,N85186,1,undetected,N85186,N85186,N85186,sa1,1
4423,N32951 /1 undetected,output,,N32951,N32951,1,undetected,N32951,N32951,N32951,sa1,1
4424,N113556 /1 undetected,output,,N113556,N113556,1,undetected,N113556,N113556,N113556,sa1,1
4425,N32949 /1 undetected,output,,N32949,N32949,1,undetected,N32949,N32949,N32949,sa1,1
4426,N114104 /1 undetected,output,,N114104,N114104,1,undetected,N114104,N114104,N114104,sa1,1
4427,N32948 /1 undetected,output,,N32948,N32948,1,undetected,N32948,N32948,N32948,sa1,1
4428,N114106 /1 undetected,output,,N114106,N114106,1,undetected,N114106,N114106,N114106,sa1,1
4429,N113676 /1 undetected,output,,N113676,N113676,1,undetected,N113676,N113676,N113676,sa1,1
4430,N90254 /1 undetected,output,,N90254,N90254,1,undetected,N90254,N90254,N90254,sa1,1
4431,N113664 /1 undetected,output,,N113664,N113664,1,undetected,N113664,N113664,N113664,sa1,1
4432,N101655 /1 undetected,output,,N101655,N101655,1,undetected,N101655,N101655,N101655,sa1,1
4433,N101626 /1 undetected,output,,N101626,N101626,1,undetected,N101626,N101626,N101626,sa1,1
4434,N90152 /1 undetected,output,,N90152,N90152,1,undetected,N90152,N90152,N90152,sa1,1
4435,N31738 /1 undetected,output,,N31738,N31738,1,undetected,N31738,N31738,N31738,sa1,1
4436,N113937 /1 undetected,output,,N113937,N113937,1,undetected,N113937,N113937,N113937,sa1,1
4437,N84570 /1 undetected,output,,N84570,N84570,1,undetected,N84570,N84570,N84570,sa1,1
4438,N31731 /1 undetected,output,,N31731,N31731,1,undetected,N31731,N31731,N31731,sa1,1
4439,N113936 /1 undetected,output,,N113936,N113936,1,undetected,N113936,N113936,N113936,sa1,1
4440,N74832 /1 undetected,output,,N74832,N74832,1,undetected,N74832,N74832,N74832,sa1,1
4441,N31722 /1 undetected,output,,N31722,N31722,1,undetected,N31722,N31722,N31722,sa1,1
4442,N90147 /1 undetected,output,,N90147,N90147,1,undetected,N90147,N90147,N90147,sa1,1
4443,N31721 /1 undetected,output,,N31721,N31721,1,undetected,N31721,N31721,N31721,sa1,1
4444,N76294 /1 undetected,output,,N76294,N76294,1,undetected,N76294,N76294,N76294,sa1,1
4445,N31712 /1 undetected,output,,N31712,N31712,1,undetected,N31712,N31712,N31712,sa1,1
4446,N113598 /1 undetected,output,,N113598,N113598,1,undetected,N113598,N113598,N113598,sa1,1
4447,N31717 /1 undetected,output,,N31717,N31717,1,undetected,N31717,N31717,N31717,sa1,1
4448,N81915 /1 undetected,output,,N81915,N81915,1,undetected,N81915,N81915,N81915,sa1,1
4449,N31716 /1 undetected,output,,N31716,N31716,1,undetected,N31716,N31716,N31716,sa1,1
4450,N76293 /1 undetected,output,,N76293,N76293,1,undetected,N76293,N76293,N76293,sa1,1
4451,N113631 /1 undetected,output,,N113631,N113631,1,undetected,N113631,N113631,N113631,sa1,1
4452,N81921 /1 undetected,output,,N81921,N81921,1,undetected,N81921,N81921,N81921,sa1,1
4453,N31705 /1 undetected,output,,N31705,N31705,1,undetected,N31705,N31705,N31705,sa1,1
4454,N113929 /1 undetected,output,,N113929,N113929,1,undetected,N113929,N113929,N113929,sa1,1
4455,N106146 /1 undetected,output,,N106146,N106146,1,undetected,N106146,N106146,N106146,sa1,1
4456,N84569 /1 undetected,output,,N84569,N84569,1,undetected,N84569,N84569,N84569,sa1,1
4457,N31697 /1 undetected,output,,N31697,N31697,1,undetected,N31697,N31697,N31697,sa1,1
4458,N31695 /1 undetected,output,,N31695,N31695,1,undetected,N31695,N31695,N31695,sa1,1
4459,N113930 /1 undetected,output,,N113930,N113930,1,undetected,N113930,N113930,N113930,sa1,1
4460,N105530 /1 undetected,output,,N105530,N105530,1,undetected,N105530,N105530,N105530,sa1,1
4461,N31685 /1 undetected,output,,N31685,N31685,1,undetected,N31685,N31685,N31685,sa1,1
4462,N74831 /1 undetected,output,,N74831,N74831,1,undetected,N74831,N74831,N74831,sa1,1
4463,N31684 /1 undetected,output,,N31684,N31684,1,undetected,N31684,N31684,N31684,sa1,1
4464,N31680 /1 undetected,output,,N31680,N31680,1,undetected,N31680,N31680,N31680,sa1,1
4465,N90145 /1 undetected,output,,N90145,N90145,1,undetected,N90145,N90145,N90145,sa1,1
4466,N31678 /1 undetected,output,,N31678,N31678,1,undetected,N31678,N31678,N31678,sa1,1
4467,N113476 /1 undetected,output,,N113476,N113476,1,undetected,N113476,N113476,N113476,sa1,1
4468,N31676 /1 undetected,output,,N31676,N31676,1,undetected,N31676,N31676,N31676,sa1,1
4469,N90144 /1 undetected,output,,N90144,N90144,1,undetected,N90144,N90144,N90144,sa1,1
4470,N86061 /1 undetected,output,,N86061,N86061,1,undetected,N86061,N86061,N86061,sa1,1
4471,N74257 /1 undetected,output,,N74257,N74257,1,undetected,N74257,N74257,N74257,sa1,1
4472,N101651 /1 undetected,output,,N101651,N101651,1,undetected,N101651,N101651,N101651,sa1,1
4473,N83836 /1 undetected,output,,N83836,N83836,1,undetected,N83836,N83836,N83836,sa1,1
4474,N101602 /1 undetected,output,,N101602,N101602,1,undetected,N101602,N101602,N101602,sa1,1
4475,N106214 /1 undetected,output,,N106214,N106214,1,undetected,N106214,N106214,N106214,sa1,1
4476,N31271 /1 undetected,output,,N31271,N31271,1,undetected,N31271,N31271,N31271,sa1,1
4477,N113837 /1 undetected,output,,N113837,N113837,1,undetected,N113837,N113837,N113837,sa1,1
4478,N84560 /1 undetected,output,,N84560,N84560,1,undetected,N84560,N84560,N84560,sa1,1
4479,N31265 /1 undetected,output,,N31265,N31265,1,undetected,N31265,N31265,N31265,sa1,1
4480,N113835 /1 undetected,output,,N113835,N113835,1,undetected,N113835,N113835,N113835,sa1,1
4481,N105527 /1 undetected,output,,N105527,N105527,1,undetected,N105527,N105527,N105527,sa1,1
4482,N105510 /1 undetected,output,,N105510,N105510,1,undetected,N105510,N105510,N105510,sa1,1
4483,N31261 /1 undetected,output,,N31261,N31261,1,undetected,N31261,N31261,N31261,sa1,1
4484,N113854 /1 undetected,output,,N113854,N113854,1,undetected,N113854,N113854,N113854,sa1,1
4485,N97761 /1 undetected,output,,N97761,N97761,1,undetected,N97761,N97761,N97761,sa1,1
4486,N90068 /1 undetected,output,,N90068,N90068,1,undetected,N90068,N90068,N90068,sa1,1
4487,N31249 /1 undetected,output,,N31249,N31249,1,undetected,N31249,N31249,N31249,sa1,1
4488,N112835 /1 undetected,output,,N112835,N112835,1,undetected,N112835,N112835,N112835,sa1,1
4489,N90062 /1 undetected,output,,N90062,N90062,1,undetected,N90062,N90062,N90062,sa1,1
4490,N86682 /1 undetected,output,,N86682,N86682,1,undetected,N86682,N86682,N86682,sa1,1
4491,N31244 /1 undetected,output,,N31244,N31244,1,undetected,N31244,N31244,N31244,sa1,1
4492,N81841 /1 undetected,output,,N81841,N81841,1,undetected,N81841,N81841,N81841,sa1,1
4493,N31205 /1 undetected,output,,N31205,N31205,1,undetected,N31205,N31205,N31205,sa1,1
4494,N75599 /1 undetected,output,,N75599,N75599,1,undetected,N75599,N75599,N75599,sa1,1
4495,N31202 /1 undetected,output,,N31202,N31202,1,undetected,N31202,N31202,N31202,sa1,1
4496,N113849 /1 undetected,output,,N113849,N113849,1,undetected,N113849,N113849,N113849,sa1,1
4497,N113440 /1 undetected,output,,N113440,N113440,1,undetected,N113440,N113440,N113440,sa1,1
4498,N31196 /1 undetected,output,,N31196,N31196,1,undetected,N31196,N31196,N31196,sa1,1
4499,N113458 /1 undetected,output,,N113458,N113458,1,undetected,N113458,N113458,N113458,sa1,1
4500,N31194 /1 undetected,output,,N31194,N31194,1,undetected,N31194,N31194,N31194,sa1,1
4501,N113846 /1 undetected,output,,N113846,N113846,1,undetected,N113846,N113846,N113846,sa1,1
4502,N31189 /1 undetected,output,,N31189,N31189,1,undetected,N31189,N31189,N31189,sa1,1
4503,N113400 /1 undetected,output,,N113400,N113400,1,undetected,N113400,N113400,N113400,sa1,1
4504,N81849 /1 undetected,output,,N81849,N81849,1,undetected,N81849,N81849,N81849,sa1,1
4505,N31240 /1 undetected,output,,N31240,N31240,1,undetected,N31240,N31240,N31240,sa1,1
4506,N81840 /1 undetected,output,,N81840,N81840,1,undetected,N81840,N81840,N81840,sa1,1
4507,N31238 /1 undetected,output,,N31238,N31238,1,undetected,N31238,N31238,N31238,sa1,1
4508,N31236 /1 undetected,output,,N31236,N31236,1,undetected,N31236,N31236,N31236,sa1,1
4509,N31216 /1 undetected,output,,N31216,N31216,1,undetected,N31216,N31216,N31216,sa1,1
4510,N113851 /1 undetected,output,,N113851,N113851,1,undetected,N113851,N113851,N113851,sa1,1
4511,N75600 /1 undetected,output,,N75600,N75600,1,undetected,N75600,N75600,N75600,sa1,1
4512,N31214 /1 undetected,output,,N31214,N31214,1,undetected,N31214,N31214,N31214,sa1,1
4513,N113847 /1 undetected,output,,N113847,N113847,1,undetected,N113847,N113847,N113847,sa1,1
4514,N31212 /1 undetected,output,,N31212,N31212,1,undetected,N31212,N31212,N31212,sa1,1
4515,N95736 /1 undetected,output,,N95736,N95736,1,undetected,N95736,N95736,N95736,sa1,1
4516,N31211 /1 undetected,output,,N31211,N31211,1,undetected,N31211,N31211,N31211,sa1,1
4517,N113843 /1 undetected,output,,N113843,N113843,1,undetected,N113843,N113843,N113843,sa1,1
4518,N113512 /1 undetected,output,,N113512,N113512,1,undetected,N113512,N113512,N113512,sa1,1
4519,N31209 /1 undetected,output,,N31209,N31209,1,undetected,N31209,N31209,N31209,sa1,1
4520,N113578 /1 undetected,output,,N113578,N113578,1,undetected,N113578,N113578,N113578,sa1,1
4521,N31207 /1 undetected,output,,N31207,N31207,1,undetected,N31207,N31207,N31207,sa1,1
4522,N113523 /1 undetected,output,,N113523,N113523,1,undetected,N113523,N113523,N113523,sa1,1
4523,N77134 /1 undetected,output,,N77134,N77134,1,undetected,N77134,N77134,N77134,sa1,1
4524,N90061 /1 undetected,output,,N90061,N90061,1,undetected,N90061,N90061,N90061,sa1,1
4525,N113661 /1 undetected,output,,N113661,N113661,1,undetected,N113661,N113661,N113661,sa1,1
4526,N31230 /1 undetected,output,,N31230,N31230,1,undetected,N31230,N31230,N31230,sa1,1
4527,N75601 /1 undetected,output,,N75601,N75601,1,undetected,N75601,N75601,N75601,sa1,1
4528,N31228 /1 undetected,output,,N31228,N31228,1,undetected,N31228,N31228,N31228,sa1,1
4529,N31226 /1 undetected,output,,N31226,N31226,1,undetected,N31226,N31226,N31226,sa1,1
4530,N113379 /1 undetected,output,,N113379,N113379,1,undetected,N113379,N113379,N113379,sa1,1
4531,N31225 /1 undetected,output,,N31225,N31225,1,undetected,N31225,N31225,N31225,sa1,1
4532,N113500 /1 undetected,output,,N113500,N113500,1,undetected,N113500,N113500,N113500,sa1,1
4533,N31200 /1 undetected,output,,N31200,N31200,1,undetected,N31200,N31200,N31200,sa1,1
4534,N31223 /1 undetected,output,,N31223,N31223,1,undetected,N31223,N31223,N31223,sa1,1
4535,N85179 /1 undetected,output,,N85179,N85179,1,undetected,N85179,N85179,N85179,sa1,1
4536,N31221 /1 undetected,output,,N31221,N31221,1,undetected,N31221,N31221,N31221,sa1,1
4537,N113845 /1 undetected,output,,N113845,N113845,1,undetected,N113845,N113845,N113845,sa1,1
4538,N31219 /1 undetected,output,,N31219,N31219,1,undetected,N31219,N31219,N31219,sa1,1
4539,N113552 /1 undetected,output,,N113552,N113552,1,undetected,N113552,N113552,N113552,sa1,1
4540,N31218 /1 undetected,output,,N31218,N31218,1,undetected,N31218,N31218,N31218,sa1,1
4541,N113841 /1 undetected,output,,N113841,N113841,1,undetected,N113841,N113841,N113841,sa1,1
4542,N113672 /1 undetected,output,,N113672,N113672,1,undetected,N113672,N113672,N113672,sa1,1
4543,N101617 /1 undetected,output,,N101617,N101617,1,undetected,N101617,N101617,N101617,sa1,1
4544,N81818 /1 undetected,output,,N81818,N81818,1,undetected,N81818,N81818,N81818,sa1,1
4545,N30982 /1 undetected,output,,N30982,N30982,1,undetected,N30982,N30982,N30982,sa1,1
4546,N92392 /1 undetected,output,,N92392,N92392,1,undetected,N92392,N92392,N92392,sa1,1
4547,N97760 /1 undetected,output,,N97760,N97760,1,undetected,N97760,N97760,N97760,sa1,1
4548,N112833 /1 undetected,output,,N112833,N112833,1,undetected,N112833,N112833,N112833,sa1,1
4549,N30974 /1 undetected,output,,N30974,N30974,1,undetected,N30974,N30974,N30974,sa1,1
4550,N90040 /1 undetected,output,,N90040,N90040,1,undetected,N90040,N90040,N90040,sa1,1
4551,N30972 /1 undetected,output,,N30972,N30972,1,undetected,N30972,N30972,N30972,sa1,1
4552,N90039 /1 undetected,output,,N90039,N90039,1,undetected,N90039,N90039,N90039,sa1,1
4553,N30969 /1 undetected,output,,N30969,N30969,1,undetected,N30969,N30969,N30969,sa1,1
4554,N30967 /1 undetected,output,,N30967,N30967,1,undetected,N30967,N30967,N30967,sa1,1
4555,N75596 /1 undetected,output,,N75596,N75596,1,undetected,N75596,N75596,N75596,sa1,1
4556,N30966 /1 undetected,output,,N30966,N30966,1,undetected,N30966,N30966,N30966,sa1,1
4557,N113758 /1 undetected,output,,N113758,N113758,1,undetected,N113758,N113758,N113758,sa1,1
4558,N113437 /1 undetected,output,,N113437,N113437,1,undetected,N113437,N113437,N113437,sa1,1
4559,N30964 /1 undetected,output,,N30964,N30964,1,undetected,N30964,N30964,N30964,sa1,1
4560,N113457 /1 undetected,output,,N113457,N113457,1,undetected,N113457,N113457,N113457,sa1,1
4561,N30962 /1 undetected,output,,N30962,N30962,1,undetected,N30962,N30962,N30962,sa1,1
4562,N113763 /1 undetected,output,,N113763,N113763,1,undetected,N113763,N113763,N113763,sa1,1
4563,N30961 /1 undetected,output,,N30961,N30961,1,undetected,N30961,N30961,N30961,sa1,1
4564,N113765 /1 undetected,output,,N113765,N113765,1,undetected,N113765,N113765,N113765,sa1,1
4565,N113363 /1 undetected,output,,N113363,N113363,1,undetected,N113363,N113363,N113363,sa1,1
4566,N90047 /1 undetected,output,,N90047,N90047,1,undetected,N90047,N90047,N90047,sa1,1
4567,N113776 /1 undetected,output,,N113776,N113776,1,undetected,N113776,N113776,N113776,sa1,1
4568,N84557 /1 undetected,output,,N84557,N84557,1,undetected,N84557,N84557,N84557,sa1,1
4569,N74825 /1 undetected,output,,N74825,N74825,1,undetected,N74825,N74825,N74825,sa1,1
4570,N30922 /1 undetected,output,,N30922,N30922,1,undetected,N30922,N30922,N30922,sa1,1
4571,N30919 /1 undetected,output,,N30919,N30919,1,undetected,N30919,N30919,N30919,sa1,1
4572,N113623 /1 undetected,output,,N113623,N113623,1,undetected,N113623,N113623,N113623,sa1,1
4573,N81812 /1 undetected,output,,N81812,N81812,1,undetected,N81812,N81812,N81812,sa1,1
4574,N106111 /1 undetected,output,,N106111,N106111,1,undetected,N106111,N106111,N106111,sa1,1
4575,N77244 /1 undetected,output,,N77244,N77244,1,undetected,N77244,N77244,N77244,sa1,1
4576,N30916 /1 undetected,output,,N30916,N30916,1,undetected,N30916,N30916,N30916,sa1,1
4577,N75594 /1 undetected,output,,N75594,N75594,1,undetected,N75594,N75594,N75594,sa1,1
4578,N30914 /1 undetected,output,,N30914,N30914,1,undetected,N30914,N30914,N30914,sa1,1
4579,N113378 /1 undetected,output,,N113378,N113378,1,undetected,N113378,N113378,N113378,sa1,1
4580,N30912 /1 undetected,output,,N30912,N30912,1,undetected,N30912,N30912,N30912,sa1,1
4581,N113759 /1 undetected,output,,N113759,N113759,1,undetected,N113759,N113759,N113759,sa1,1
4582,N30910 /1 undetected,output,,N30910,N30910,1,undetected,N30910,N30910,N30910,sa1,1
4583,N113559 /1 undetected,output,,N113559,N113559,1,undetected,N113559,N113559,N113559,sa1,1
4584,N30908 /1 undetected,output,,N30908,N30908,1,undetected,N30908,N30908,N30908,sa1,1
4585,N113761 /1 undetected,output,,N113761,N113761,1,undetected,N113761,N113761,N113761,sa1,1
4586,N30907 /1 undetected,output,,N30907,N30907,1,undetected,N30907,N30907,N30907,sa1,1
4587,N30939 /1 undetected,output,,N30939,N30939,1,undetected,N30939,N30939,N30939,sa1,1
4588,N90038 /1 undetected,output,,N90038,N90038,1,undetected,N90038,N90038,N90038,sa1,1
4589,N30935 /1 undetected,output,,N30935,N30935,1,undetected,N30935,N30935,N30935,sa1,1
4590,N113577 /1 undetected,output,,N113577,N113577,1,undetected,N113577,N113577,N113577,sa1,1
4591,N113522 /1 undetected,output,,N113522,N113522,1,undetected,N113522,N113522,N113522,sa1,1
4592,N77245 /1 undetected,output,,N77245,N77245,1,undetected,N77245,N77245,N77245,sa1,1
4593,N30931 /1 undetected,output,,N30931,N30931,1,undetected,N30931,N30931,N30931,sa1,1
4594,N75595 /1 undetected,output,,N75595,N75595,1,undetected,N75595,N75595,N75595,sa1,1
4595,N30929 /1 undetected,output,,N30929,N30929,1,undetected,N30929,N30929,N30929,sa1,1
4596,N113760 /1 undetected,output,,N113760,N113760,1,undetected,N113760,N113760,N113760,sa1,1
4597,N30927 /1 undetected,output,,N30927,N30927,1,undetected,N30927,N30927,N30927,sa1,1
4598,N113762 /1 undetected,output,,N113762,N113762,1,undetected,N113762,N113762,N113762,sa1,1
4599,N30925 /1 undetected,output,,N30925,N30925,1,undetected,N30925,N30925,N30925,sa1,1
4600,N85176 /1 undetected,output,,N85176,N85176,1,undetected,N85176,N85176,N85176,sa1,1
4601,N30924 /1 undetected,output,,N30924,N30924,1,undetected,N30924,N30924,N30924,sa1,1
4602,N113767 /1 undetected,output,,N113767,N113767,1,undetected,N113767,N113767,N113767,sa1,1
4603,N113518 /1 undetected,output,,N113518,N113518,1,undetected,N113518,N113518,N113518,sa1,1
4604,N113655 /1 undetected,output,,N113655,N113655,1,undetected,N113655,N113655,N113655,sa1,1
4605,N101649 /1 undetected,output,,N101649,N101649,1,undetected,N101649,N101649,N101649,sa1,1
4606,N10089 /1 undetected,output,,N10089,N10089,1,undetected,N10089,N10089,N10089,sa1,1
4607,N98580 /1 undetected,output,,N98580,N98580,1,undetected,N98580,N98580,N98580,sa1,1
4608,N10082 /1 undetected,output,,N10082,N10082,1,undetected,N10082,N10082,N10082,sa1,1
4609,N94804 /1 undetected,output,,N94804,N94804,1,undetected,N94804,N94804,N94804,sa1,1
4610,N10069 /1 undetected,output,,N10069,N10069,1,undetected,N10069,N10069,N10069,sa1,1
4611,N74909 /1 undetected,output,,N74909,N74909,1,undetected,N74909,N74909,N74909,sa1,1
4612,N98557 /1 undetected,output,,N98557,N98557,1,undetected,N98557,N98557,N98557,sa1,1
4613,N98547 /1 undetected,output,,N98547,N98547,1,undetected,N98547,N98547,N98547,sa1,1
4614,N84858 /1 undetected,output,,N84858,N84858,1,undetected,N84858,N84858,N84858,sa1,1
4615,N74929 /1 undetected,output,,N74929,N74929,1,undetected,N74929,N74929,N74929,sa1,1
4616,N91584 /1 undetected,output,,N91584,N91584,1,undetected,N91584,N91584,N91584,sa1,1
4617,N91566 /1 undetected,output,,N91566,N91566,1,undetected,N91566,N91566,N91566,sa1,1
4618,N84885 /1 undetected,output,,N84885,N84885,1,undetected,N84885,N84885,N84885,sa1,1
4619,N74979 /1 undetected,output,,N74979,N74979,1,undetected,N74979,N74979,N74979,sa1,1
4620,N75028 /1 undetected,output,,N75028,N75028,1,undetected,N75028,N75028,N75028,sa1,1
4621,N84991 /1 undetected,output,,N84991,N84991,1,undetected,N84991,N84991,N84991,sa1,1
4622,N84936 /1 undetected,output,,N84936,N84936,1,undetected,N84936,N84936,N84936,sa1,1
4623,N75027 /1 undetected,output,,N75027,N75027,1,undetected,N75027,N75027,N75027,sa1,1
4624,N84990 /1 undetected,output,,N84990,N84990,1,undetected,N84990,N84990,N84990,sa1,1
4625,N75083 /1 undetected,output,,N75083,N75083,1,undetected,N75083,N75083,N75083,sa1,1
4626,N85054 /1 undetected,output,,N85054,N85054,1,undetected,N85054,N85054,N85054,sa1,1
4627,N10016 /1 undetected,output,,N10016,N10016,1,undetected,N10016,N10016,N10016,sa1,1
4628,N74575 /1 undetected,output,,N74575,N74575,1,undetected,N74575,N74575,N74575,sa1,1
4629,N10013 /1 undetected,output,,N10013,N10013,1,undetected,N10013,N10013,N10013,sa1,1
4630,N92373 /1 undetected,output,,N92373,N92373,1,undetected,N92373,N92373,N92373,sa1,1
4631,N99144 /1 undetected,output,,N99144,N99144,1,undetected,N99144,N99144,N99144,sa1,1
4632,N10008 /1 undetected,output,,N10008,N10008,1,undetected,N10008,N10008,N10008,sa1,1
4633,N76017 /1 undetected,output,,N76017,N76017,1,undetected,N76017,N76017,N76017,sa1,1
4634,N85441 /1 undetected,output,,N85441,N85441,1,undetected,N85441,N85441,N85441,sa1,1
4635,N10004 /1 undetected,output,,N10004,N10004,1,undetected,N10004,N10004,N10004,sa1,1
4636,N10015 /1 undetected,output,,N10015,N10015,1,undetected,N10015,N10015,N10015,sa1,1
4637,N92447 /1 undetected,output,,N92447,N92447,1,undetected,N92447,N92447,N92447,sa1,1
4638,N84425 /1 undetected,output,,N84425,N84425,1,undetected,N84425,N84425,N84425,sa1,1
4639,N84493 /1 undetected,output,,N84493,N84493,1,undetected,N84493,N84493,N84493,sa1,1
4640,N9987 /1 undetected,output,,N9987,N9987,1,undetected,N9987,N9987,N9987,sa1,1
4641,N85440 /1 undetected,output,,N85440,N85440,1,undetected,N85440,N85440,N85440,sa1,1
4642,N9983 /1 undetected,output,,N9983,N9983,1,undetected,N9983,N9983,N9983,sa1,1
4643,N76176 /1 undetected,output,,N76176,N76176,1,undetected,N76176,N76176,N76176,sa1,1
4644,N9981 /1 undetected,output,,N9981,N9981,1,undetected,N9981,N9981,N9981,sa1,1
4645,N98916 /1 undetected,output,,N98916,N98916,1,undetected,N98916,N98916,N98916,sa1,1
4646,N9979 /1 undetected,output,,N9979,N9979,1,undetected,N9979,N9979,N9979,sa1,1
4647,N99151 /1 undetected,output,,N99151,N99151,1,undetected,N99151,N99151,N99151,sa1,1
4648,N9136 /1 undetected,output,,N9136,N9136,1,undetected,N9136,N9136,N9136,sa1,1
4649,N9975 /1 undetected,output,,N9975,N9975,1,undetected,N9975,N9975,N9975,sa1,1
4650,N94562 /1 undetected,output,,N94562,N94562,1,undetected,N94562,N94562,N94562,sa1,1
4651,N9971 /1 undetected,output,,N9971,N9971,1,undetected,N9971,N9971,N9971,sa1,1
4652,N93484 /1 undetected,output,,N93484,N93484,1,undetected,N93484,N93484,N93484,sa1,1
4653,N9969 /1 undetected,output,,N9969,N9969,1,undetected,N9969,N9969,N9969,sa1,1
4654,N99139 /1 undetected,output,,N99139,N99139,1,undetected,N99139,N99139,N99139,sa1,1
4655,N9967 /1 undetected,output,,N9967,N9967,1,undetected,N9967,N9967,N9967,sa1,1
4656,N99146 /1 undetected,output,,N99146,N99146,1,undetected,N99146,N99146,N99146,sa1,1
4657,N98884 /1 undetected,output,,N98884,N98884,1,undetected,N98884,N98884,N98884,sa1,1
4658,N9965 /1 undetected,output,,N9965,N9965,1,undetected,N9965,N9965,N9965,sa1,1
4659,N2475 /1 undetected,output,,N2475,N2475,1,undetected,N2475,N2475,N2475,sa1,1
4660,N9963 /1 undetected,output,,N9963,N9963,1,undetected,N9963,N9963,N9963,sa1,1
4661,N98925 /1 undetected,output,,N98925,N98925,1,undetected,N98925,N98925,N98925,sa1,1
4662,N74629 /1 undetected,output,,N74629,N74629,1,undetected,N74629,N74629,N74629,sa1,1
4663,N9949 /1 undetected,output,,N9949,N9949,1,undetected,N9949,N9949,N9949,sa1,1
4664,N74748 /1 undetected,output,,N74748,N74748,1,undetected,N74748,N74748,N74748,sa1,1
4665,N84676 /1 undetected,output,,N84676,N84676,1,undetected,N84676,N84676,N84676,sa1,1
4666,N101669 /1 undetected,output,,N101669,N101669,1,undetected,N101669,N101669,N101669,sa1,1
4667,N101636 /1 undetected,output,,N101636,N101636,1,undetected,N101636,N101636,N101636,sa1,1
4668,N49091 /1 undetected,output,,N49091,N49091,1,undetected,N49091,N49091,N49091,sa1,1
4669,N89987 /1 undetected,output,,N89987,N89987,1,undetected,N89987,N89987,N89987,sa1,1
4670,N49090 /1 undetected,output,,N49090,N49090,1,undetected,N49090,N49090,N49090,sa1,1
4671,N118785 /1 undetected,output,,N118785,N118785,1,undetected,N118785,N118785,N118785,sa1,1
4672,N49086 /1 undetected,output,,N49086,N49086,1,undetected,N49086,N49086,N49086,sa1,1
4673,N81765 /1 undetected,output,,N81765,N81765,1,undetected,N81765,N81765,N81765,sa1,1
4674,N49085 /1 undetected,output,,N49085,N49085,1,undetected,N49085,N49085,N49085,sa1,1
4675,N118780 /1 undetected,output,,N118780,N118780,1,undetected,N118780,N118780,N118780,sa1,1
4676,N84625 /1 undetected,output,,N84625,N84625,1,undetected,N84625,N84625,N84625,sa1,1
4677,N74857 /1 undetected,output,,N74857,N74857,1,undetected,N74857,N74857,N74857,sa1,1
4678,N81764 /1 undetected,output,,N81764,N81764,1,undetected,N81764,N81764,N81764,sa1,1
4679,N49069 /1 undetected,output,,N49069,N49069,1,undetected,N49069,N49069,N49069,sa1,1
4680,N89994 /1 undetected,output,,N89994,N89994,1,undetected,N89994,N89994,N89994,sa1,1
4681,N49066 /1 undetected,output,,N49066,N49066,1,undetected,N49066,N49066,N49066,sa1,1
4682,N118789 /1 undetected,output,,N118789,N118789,1,undetected,N118789,N118789,N118789,sa1,1
4683,N113409 /1 undetected,output,,N113409,N113409,1,undetected,N113409,N113409,N113409,sa1,1
4684,N49064 /1 undetected,output,,N49064,N49064,1,undetected,N49064,N49064,N49064,sa1,1
4685,N49062 /1 undetected,output,,N49062,N49062,1,undetected,N49062,N49062,N49062,sa1,1
4686,N118787 /1 undetected,output,,N118787,N118787,1,undetected,N118787,N118787,N118787,sa1,1
4687,N113396 /1 undetected,output,,N113396,N113396,1,undetected,N113396,N113396,N113396,sa1,1
4688,N49060 /1 undetected,output,,N49060,N49060,1,undetected,N49060,N49060,N49060,sa1,1
4689,N113470 /1 undetected,output,,N113470,N113470,1,undetected,N113470,N113470,N113470,sa1,1
4690,N86000 /1 undetected,output,,N86000,N86000,1,undetected,N86000,N86000,N86000,sa1,1
4691,N112844 /1 undetected,output,,N112844,N112844,1,undetected,N112844,N112844,N112844,sa1,1
4692,N81773 /1 undetected,output,,N81773,N81773,1,undetected,N81773,N81773,N81773,sa1,1
4693,N89986 /1 undetected,output,,N89986,N89986,1,undetected,N89986,N89986,N89986,sa1,1
4694,N49051 /1 undetected,output,,N49051,N49051,1,undetected,N49051,N49051,N49051,sa1,1
4695,N81772 /1 undetected,output,,N81772,N81772,1,undetected,N81772,N81772,N81772,sa1,1
4696,N118788 /1 undetected,output,,N118788,N118788,1,undetected,N118788,N118788,N118788,sa1,1
4697,N113666 /1 undetected,output,,N113666,N113666,1,undetected,N113666,N113666,N113666,sa1,1
4698,N49044 /1 undetected,output,,N49044,N49044,1,undetected,N49044,N49044,N49044,sa1,1
4699,N49042 /1 undetected,output,,N49042,N49042,1,undetected,N49042,N49042,N49042,sa1,1
4700,N118786 /1 undetected,output,,N118786,N118786,1,undetected,N118786,N118786,N118786,sa1,1
4701,N113685 /1 undetected,output,,N113685,N113685,1,undetected,N113685,N113685,N113685,sa1,1
4702,N49038 /1 undetected,output,,N49038,N49038,1,undetected,N49038,N49038,N49038,sa1,1
4703,N113616 /1 undetected,output,,N113616,N113616,1,undetected,N113616,N113616,N113616,sa1,1
4704,N85996 /1 undetected,output,,N85996,N85996,1,undetected,N85996,N85996,N85996,sa1,1
4705,N89993 /1 undetected,output,,N89993,N89993,1,undetected,N89993,N89993,N89993,sa1,1
4706,N49033 /1 undetected,output,,N49033,N49033,1,undetected,N49033,N49033,N49033,sa1,1
4707,N113539 /1 undetected,output,,N113539,N113539,1,undetected,N113539,N113539,N113539,sa1,1
4708,N49031 /1 undetected,output,,N49031,N49031,1,undetected,N49031,N49031,N49031,sa1,1
4709,N85995 /1 undetected,output,,N85995,N85995,1,undetected,N85995,N85995,N85995,sa1,1
4710,N49027 /1 undetected,output,,N49027,N49027,1,undetected,N49027,N49027,N49027,sa1,1
4711,N113646 /1 undetected,output,,N113646,N113646,1,undetected,N113646,N113646,N113646,sa1,1
4712,N89985 /1 undetected,output,,N89985,N89985,1,undetected,N89985,N89985,N89985,sa1,1
4713,N49023 /1 undetected,output,,N49023,N49023,1,undetected,N49023,N49023,N49023,sa1,1
4714,N118783 /1 undetected,output,,N118783,N118783,1,undetected,N118783,N118783,N118783,sa1,1
4715,N112180 /1 undetected,output,,N112180,N112180,1,undetected,N112180,N112180,N112180,sa1,1
4716,N74260 /1 undetected,output,,N74260,N74260,1,undetected,N74260,N74260,N74260,sa1,1
4717,N101666 /1 undetected,output,,N101666,N101666,1,undetected,N101666,N101666,N101666,sa1,1
4718,N83839 /1 undetected,output,,N83839,N83839,1,undetected,N83839,N83839,N83839,sa1,1
4719,N101605 /1 undetected,output,,N101605,N101605,1,undetected,N101605,N101605,N101605,sa1,1
4720,N82024 /1 undetected,output,,N82024,N82024,1,undetected,N82024,N82024,N82024,sa1,1
4721,N82032 /1 undetected,output,,N82032,N82032,1,undetected,N82032,N82032,N82032,sa1,1
4722,N113614 /1 undetected,output,,N113614,N113614,1,undetected,N113614,N113614,N113614,sa1,1
4723,N113498 /1 undetected,output,,N113498,N113498,1,undetected,N113498,N113498,N113498,sa1,1
4724,N32897 /1 undetected,output,,N32897,N32897,1,undetected,N32897,N32897,N32897,sa1,1
4725,N32894 /1 undetected,output,,N32894,N32894,1,undetected,N32894,N32894,N32894,sa1,1
4726,N97770 /1 undetected,output,,N97770,N97770,1,undetected,N97770,N97770,N97770,sa1,1
4727,N32893 /1 undetected,output,,N32893,N32893,1,undetected,N32893,N32893,N32893,sa1,1
4728,N114093 /1 undetected,output,,N114093,N114093,1,undetected,N114093,N114093,N114093,sa1,1
4729,N75612 /1 undetected,output,,N75612,N75612,1,undetected,N75612,N75612,N75612,sa1,1
4730,N32891 /1 undetected,output,,N32891,N32891,1,undetected,N32891,N32891,N32891,sa1,1
4731,N114085 /1 undetected,output,,N114085,N114085,1,undetected,N114085,N114085,N114085,sa1,1
4732,N32889 /1 undetected,output,,N32889,N32889,1,undetected,N32889,N32889,N32889,sa1,1
4733,N95739 /1 undetected,output,,N95739,N95739,1,undetected,N95739,N95739,N95739,sa1,1
4734,N32888 /1 undetected,output,,N32888,N32888,1,undetected,N32888,N32888,N32888,sa1,1
4735,N114089 /1 undetected,output,,N114089,N114089,1,undetected,N114089,N114089,N114089,sa1,1
4736,N113515 /1 undetected,output,,N113515,N113515,1,undetected,N113515,N113515,N113515,sa1,1
4737,N113581 /1 undetected,output,,N113581,N113581,1,undetected,N113581,N113581,N113581,sa1,1
4738,N32884 /1 undetected,output,,N32884,N32884,1,undetected,N32884,N32884,N32884,sa1,1
4739,N113526 /1 undetected,output,,N113526,N113526,1,undetected,N113526,N113526,N113526,sa1,1
4740,N32879 /1 undetected,output,,N32879,N32879,1,undetected,N32879,N32879,N32879,sa1,1
4741,N113657 /1 undetected,output,,N113657,N113657,1,undetected,N113657,N113657,N113657,sa1,1
4742,N90250 /1 undetected,output,,N90250,N90250,1,undetected,N90250,N90250,N90250,sa1,1
4743,N113709 /1 undetected,output,,N113709,N113709,1,undetected,N113709,N113709,N113709,sa1,1
4744,N97769 /1 undetected,output,,N97769,N97769,1,undetected,N97769,N97769,N97769,sa1,1
4745,N32871 /1 undetected,output,,N32871,N32871,1,undetected,N32871,N32871,N32871,sa1,1
4746,N85550 /1 undetected,output,,N85550,N85550,1,undetected,N85550,N85550,N85550,sa1,1
4747,N114082 /1 undetected,output,,N114082,N114082,1,undetected,N114082,N114082,N114082,sa1,1
4748,N113659 /1 undetected,output,,N113659,N113659,1,undetected,N113659,N113659,N113659,sa1,1
4749,N32867 /1 undetected,output,,N32867,N32867,1,undetected,N32867,N32867,N32867,sa1,1
4750,N113388 /1 undetected,output,,N113388,N113388,1,undetected,N113388,N113388,N113388,sa1,1
4751,N32864 /1 undetected,output,,N32864,N32864,1,undetected,N32864,N32864,N32864,sa1,1
4752,N113503 /1 undetected,output,,N113503,N113503,1,undetected,N113503,N113503,N113503,sa1,1
4753,N32830 /1 undetected,output,,N32830,N32830,1,undetected,N32830,N32830,N32830,sa1,1
4754,N32862 /1 undetected,output,,N32862,N32862,1,undetected,N32862,N32862,N32862,sa1,1
4755,N85185 /1 undetected,output,,N85185,N85185,1,undetected,N85185,N85185,N85185,sa1,1
4756,N32860 /1 undetected,output,,N32860,N32860,1,undetected,N32860,N32860,N32860,sa1,1
4757,N113555 /1 undetected,output,,N113555,N113555,1,undetected,N113555,N113555,N113555,sa1,1
4758,N32858 /1 undetected,output,,N32858,N32858,1,undetected,N32858,N32858,N32858,sa1,1
4759,N114084 /1 undetected,output,,N114084,N114084,1,undetected,N114084,N114084,N114084,sa1,1
4760,N32857 /1 undetected,output,,N32857,N32857,1,undetected,N32857,N32857,N32857,sa1,1
4761,N114087 /1 undetected,output,,N114087,N114087,1,undetected,N114087,N114087,N114087,sa1,1
4762,N113675 /1 undetected,output,,N113675,N113675,1,undetected,N113675,N113675,N113675,sa1,1
4763,N90245 /1 undetected,output,,N90245,N90245,1,undetected,N90245,N90245,N90245,sa1,1
4764,N82031 /1 undetected,output,,N82031,N82031,1,undetected,N82031,N82031,N82031,sa1,1
4765,N113341 /1 undetected,output,,N113341,N113341,1,undetected,N113341,N113341,N113341,sa1,1
4766,N113348 /1 undetected,output,,N113348,N113348,1,undetected,N113348,N113348,N113348,sa1,1
4767,N97768 /1 undetected,output,,N97768,N97768,1,undetected,N97768,N97768,N97768,sa1,1
4768,N32835 /1 undetected,output,,N32835,N32835,1,undetected,N32835,N32835,N32835,sa1,1
4769,N32833 /1 undetected,output,,N32833,N32833,1,undetected,N32833,N32833,N32833,sa1,1
4770,N75611 /1 undetected,output,,N75611,N75611,1,undetected,N75611,N75611,N75611,sa1,1
4771,N32832 /1 undetected,output,,N32832,N32832,1,undetected,N32832,N32832,N32832,sa1,1
4772,N114091 /1 undetected,output,,N114091,N114091,1,undetected,N114091,N114091,N114091,sa1,1
4773,N113445 /1 undetected,output,,N113445,N113445,1,undetected,N113445,N113445,N113445,sa1,1
4774,N32826 /1 undetected,output,,N32826,N32826,1,undetected,N32826,N32826,N32826,sa1,1
4775,N113461 /1 undetected,output,,N113461,N113461,1,undetected,N113461,N113461,N113461,sa1,1
4776,N32824 /1 undetected,output,,N32824,N32824,1,undetected,N32824,N32824,N32824,sa1,1
4777,N114083 /1 undetected,output,,N114083,N114083,1,undetected,N114083,N114083,N114083,sa1,1
4778,N32823 /1 undetected,output,,N32823,N32823,1,undetected,N32823,N32823,N32823,sa1,1
4779,N113406 /1 undetected,output,,N113406,N113406,1,undetected,N113406,N113406,N113406,sa1,1
4780,N106243 /1 undetected,output,,N106243,N106243,1,undetected,N106243,N106243,N106243,sa1,1
4781,N90249 /1 undetected,output,,N90249,N90249,1,undetected,N90249,N90249,N90249,sa1,1
4782,N74259 /1 undetected,output,,N74259,N74259,1,undetected,N74259,N74259,N74259,sa1,1
4783,N101665 /1 undetected,output,,N101665,N101665,1,undetected,N101665,N101665,N101665,sa1,1
4784,N83838 /1 undetected,output,,N83838,N83838,1,undetected,N83838,N83838,N83838,sa1,1
4785,N101604 /1 undetected,output,,N101604,N101604,1,undetected,N101604,N101604,N101604,sa1,1
4786,N106217 /1 undetected,output,,N106217,N106217,1,undetected,N106217,N106217,N106217,sa1,1
4787,N32776 /1 undetected,output,,N32776,N32776,1,undetected,N32776,N32776,N32776,sa1,1
4788,N114062 /1 undetected,output,,N114062,N114062,1,undetected,N114062,N114062,N114062,sa1,1
4789,N84586 /1 undetected,output,,N84586,N84586,1,undetected,N84586,N84586,N84586,sa1,1
4790,N32770 /1 undetected,output,,N32770,N32770,1,undetected,N32770,N32770,N32770,sa1,1
4791,N114060 /1 undetected,output,,N114060,N114060,1,undetected,N114060,N114060,N114060,sa1,1
4792,N105532 /1 undetected,output,,N105532,N105532,1,undetected,N105532,N105532,N105532,sa1,1
4793,N105515 /1 undetected,output,,N105515,N105515,1,undetected,N105515,N105515,N105515,sa1,1
4794,N32766 /1 undetected,output,,N32766,N32766,1,undetected,N32766,N32766,N32766,sa1,1
4795,N114079 /1 undetected,output,,N114079,N114079,1,undetected,N114079,N114079,N114079,sa1,1
4796,N97767 /1 undetected,output,,N97767,N97767,1,undetected,N97767,N97767,N97767,sa1,1
4797,N32757 /1 undetected,output,,N32757,N32757,1,undetected,N32757,N32757,N32757,sa1,1
4798,N82017 /1 undetected,output,,N82017,N82017,1,undetected,N82017,N82017,N82017,sa1,1
4799,N90235 /1 undetected,output,,N90235,N90235,1,undetected,N90235,N90235,N90235,sa1,1
4800,N32714 /1 undetected,output,,N32714,N32714,1,undetected,N32714,N32714,N32714,sa1,1
4801,N32713 /1 undetected,output,,N32713,N32713,1,undetected,N32713,N32713,N32713,sa1,1
4802,N75608 /1 undetected,output,,N75608,N75608,1,undetected,N75608,N75608,N75608,sa1,1
4803,N32711 /1 undetected,output,,N32711,N32711,1,undetected,N32711,N32711,N32711,sa1,1
4804,N32709 /1 undetected,output,,N32709,N32709,1,undetected,N32709,N32709,N32709,sa1,1
4805,N113381 /1 undetected,output,,N113381,N113381,1,undetected,N113381,N113381,N113381,sa1,1
4806,N32708 /1 undetected,output,,N32708,N32708,1,undetected,N32708,N32708,N32708,sa1,1
4807,N113502 /1 undetected,output,,N113502,N113502,1,undetected,N113502,N113502,N113502,sa1,1
4808,N32706 /1 undetected,output,,N32706,N32706,1,undetected,N32706,N32706,N32706,sa1,1
4809,N32702 /1 undetected,output,,N32702,N32702,1,undetected,N32702,N32702,N32702,sa1,1
4810,N85184 /1 undetected,output,,N85184,N85184,1,undetected,N85184,N85184,N85184,sa1,1
4811,N32700 /1 undetected,output,,N32700,N32700,1,undetected,N32700,N32700,N32700,sa1,1
4812,N113554 /1 undetected,output,,N113554,N113554,1,undetected,N113554,N113554,N113554,sa1,1
4813,N32698 /1 undetected,output,,N32698,N32698,1,undetected,N32698,N32698,N32698,sa1,1
4814,N114065 /1 undetected,output,,N114065,N114065,1,undetected,N114065,N114065,N114065,sa1,1
4815,N32697 /1 undetected,output,,N32697,N32697,1,undetected,N32697,N32697,N32697,sa1,1
4816,N114067 /1 undetected,output,,N114067,N114067,1,undetected,N114067,N114067,N114067,sa1,1
4817,N113674 /1 undetected,output,,N113674,N113674,1,undetected,N113674,N113674,N113674,sa1,1
4818,N32690 /1 undetected,output,,N32690,N32690,1,undetected,N32690,N32690,N32690,sa1,1
4819,N113663 /1 undetected,output,,N113663,N113663,1,undetected,N113663,N113663,N113663,sa1,1
4820,N82009 /1 undetected,output,,N82009,N82009,1,undetected,N82009,N82009,N82009,sa1,1
4821,N32750 /1 undetected,output,,N32750,N32750,1,undetected,N32750,N32750,N32750,sa1,1
4822,N32748 /1 undetected,output,,N32748,N32748,1,undetected,N32748,N32748,N32748,sa1,1
4823,N32738 /1 undetected,output,,N32738,N32738,1,undetected,N32738,N32738,N32738,sa1,1
4824,N114072 /1 undetected,output,,N114072,N114072,1,undetected,N114072,N114072,N114072,sa1,1
4825,N75610 /1 undetected,output,,N75610,N75610,1,undetected,N75610,N75610,N75610,sa1,1
4826,N32736 /1 undetected,output,,N32736,N32736,1,undetected,N32736,N32736,N32736,sa1,1
4827,N114074 /1 undetected,output,,N114074,N114074,1,undetected,N114074,N114074,N114074,sa1,1
4828,N32734 /1 undetected,output,,N32734,N32734,1,undetected,N32734,N32734,N32734,sa1,1
4829,N95738 /1 undetected,output,,N95738,N95738,1,undetected,N95738,N95738,N95738,sa1,1
4830,N32733 /1 undetected,output,,N32733,N32733,1,undetected,N32733,N32733,N32733,sa1,1
4831,N114076 /1 undetected,output,,N114076,N114076,1,undetected,N114076,N114076,N114076,sa1,1
4832,N113514 /1 undetected,output,,N113514,N113514,1,undetected,N113514,N113514,N113514,sa1,1
4833,N113580 /1 undetected,output,,N113580,N113580,1,undetected,N113580,N113580,N113580,sa1,1
4834,N32729 /1 undetected,output,,N32729,N32729,1,undetected,N32729,N32729,N32729,sa1,1
4835,N113525 /1 undetected,output,,N113525,N113525,1,undetected,N113525,N113525,N113525,sa1,1
4836,N90241 /1 undetected,output,,N90241,N90241,1,undetected,N90241,N90241,N90241,sa1,1
4837,N112841 /1 undetected,output,,N112841,N112841,1,undetected,N112841,N112841,N112841,sa1,1
4838,N90234 /1 undetected,output,,N90234,N90234,1,undetected,N90234,N90234,N90234,sa1,1
4839,N86982 /1 undetected,output,,N86982,N86982,1,undetected,N86982,N86982,N86982,sa1,1
4840,N32741 /1 undetected,output,,N32741,N32741,1,undetected,N32741,N32741,N32741,sa1,1
4841,N32739 /1 undetected,output,,N32739,N32739,1,undetected,N32739,N32739,N32739,sa1,1
4842,N82008 /1 undetected,output,,N82008,N82008,1,undetected,N82008,N82008,N82008,sa1,1
4843,N32727 /1 undetected,output,,N32727,N32727,1,undetected,N32727,N32727,N32727,sa1,1
4844,N32725 /1 undetected,output,,N32725,N32725,1,undetected,N32725,N32725,N32725,sa1,1
4845,N75609 /1 undetected,output,,N75609,N75609,1,undetected,N75609,N75609,N75609,sa1,1
4846,N32724 /1 undetected,output,,N32724,N32724,1,undetected,N32724,N32724,N32724,sa1,1
4847,N114070 /1 undetected,output,,N114070,N114070,1,undetected,N114070,N114070,N114070,sa1,1
4848,N113444 /1 undetected,output,,N113444,N113444,1,undetected,N113444,N113444,N113444,sa1,1
4849,N32722 /1 undetected,output,,N32722,N32722,1,undetected,N32722,N32722,N32722,sa1,1
4850,N113460 /1 undetected,output,,N113460,N113460,1,undetected,N113460,N113460,N113460,sa1,1
4851,N32720 /1 undetected,output,,N32720,N32720,1,undetected,N32720,N32720,N32720,sa1,1
4852,N114073 /1 undetected,output,,N114073,N114073,1,undetected,N114073,N114073,N114073,sa1,1
4853,N32719 /1 undetected,output,,N32719,N32719,1,undetected,N32719,N32719,N32719,sa1,1
4854,N114064 /1 undetected,output,,N114064,N114064,1,undetected,N114064,N114064,N114064,sa1,1
4855,N113405 /1 undetected,output,,N113405,N113405,1,undetected,N113405,N113405,N113405,sa1,1
4856,N101659 /1 undetected,output,,N101659,N101659,1,undetected,N101659,N101659,N101659,sa1,1
4857,N101630 /1 undetected,output,,N101630,N101630,1,undetected,N101630,N101630,N101630,sa1,1
4858,N32174 /1 undetected,output,,N32174,N32174,1,undetected,N32174,N32174,N32174,sa1,1
4859,N90186 /1 undetected,output,,N90186,N90186,1,undetected,N90186,N90186,N90186,sa1,1
4860,N32171 /1 undetected,output,,N32171,N32171,1,undetected,N32171,N32171,N32171,sa1,1
4861,N113992 /1 undetected,output,,N113992,N113992,1,undetected,N113992,N113992,N113992,sa1,1
4862,N74687 /1 undetected,output,,N74687,N74687,1,undetected,N74687,N74687,N74687,sa1,1
4863,N106173 /1 undetected,output,,N106173,N106173,1,undetected,N106173,N106173,N106173,sa1,1
4864,N84576 /1 undetected,output,,N84576,N84576,1,undetected,N84576,N84576,N84576,sa1,1
4865,N32162 /1 undetected,output,,N32162,N32162,1,undetected,N32162,N32162,N32162,sa1,1
4866,N74838 /1 undetected,output,,N74838,N74838,1,undetected,N74838,N74838,N74838,sa1,1
4867,N81943 /1 undetected,output,,N81943,N81943,1,undetected,N81943,N81943,N81943,sa1,1
4868,N32157 /1 undetected,output,,N32157,N32157,1,undetected,N32157,N32157,N32157,sa1,1
4869,N32155 /1 undetected,output,,N32155,N32155,1,undetected,N32155,N32155,N32155,sa1,1
4870,N32153 /1 undetected,output,,N32153,N32153,1,undetected,N32153,N32153,N32153,sa1,1
4871,N90176 /1 undetected,output,,N90176,N90176,1,undetected,N90176,N90176,N90176,sa1,1
4872,N32152 /1 undetected,output,,N32152,N32152,1,undetected,N32152,N32152,N32152,sa1,1
4873,N113403 /1 undetected,output,,N113403,N113403,1,undetected,N113403,N113403,N113403,sa1,1
4874,N32150 /1 undetected,output,,N32150,N32150,1,undetected,N32150,N32150,N32150,sa1,1
4875,N106099 /1 undetected,output,,N106099,N106099,1,undetected,N106099,N106099,N106099,sa1,1
4876,N88194 /1 undetected,output,,N88194,N88194,1,undetected,N88194,N88194,N88194,sa1,1
4877,N32148 /1 undetected,output,,N32148,N32148,1,undetected,N32148,N32148,N32148,sa1,1
4878,N32146 /1 undetected,output,,N32146,N32146,1,undetected,N32146,N32146,N32146,sa1,1
4879,N113469 /1 undetected,output,,N113469,N113469,1,undetected,N113469,N113469,N113469,sa1,1
4880,N88193 /1 undetected,output,,N88193,N88193,1,undetected,N88193,N88193,N88193,sa1,1
4881,N32144 /1 undetected,output,,N32144,N32144,1,undetected,N32144,N32144,N32144,sa1,1
4882,N113395 /1 undetected,output,,N113395,N113395,1,undetected,N113395,N113395,N113395,sa1,1
4883,N104621 /1 undetected,output,,N104621,N104621,1,undetected,N104621,N104621,N104621,sa1,1
4884,N112838 /1 undetected,output,,N112838,N112838,1,undetected,N112838,N112838,N112838,sa1,1
4885,N32140 /1 undetected,output,,N32140,N32140,1,undetected,N32140,N32140,N32140,sa1,1
4886,N88192 /1 undetected,output,,N88192,N88192,1,undetected,N88192,N88192,N88192,sa1,1
4887,N81937 /1 undetected,output,,N81937,N81937,1,undetected,N81937,N81937,N81937,sa1,1
4888,N90185 /1 undetected,output,,N90185,N90185,1,undetected,N90185,N90185,N90185,sa1,1
4889,N32137 /1 undetected,output,,N32137,N32137,1,undetected,N32137,N32137,N32137,sa1,1
4890,N32135 /1 undetected,output,,N32135,N32135,1,undetected,N32135,N32135,N32135,sa1,1
4891,N32133 /1 undetected,output,,N32133,N32133,1,undetected,N32133,N32133,N32133,sa1,1
4892,N32132 /1 undetected,output,,N32132,N32132,1,undetected,N32132,N32132,N32132,sa1,1
4893,N113625 /1 undetected,output,,N113625,N113625,1,undetected,N113625,N113625,N113625,sa1,1
4894,N81936 /1 undetected,output,,N81936,N81936,1,undetected,N81936,N81936,N81936,sa1,1
4895,N32131 /1 undetected,output,,N32131,N32131,1,undetected,N32131,N32131,N32131,sa1,1
4896,N113721 /1 undetected,output,,N113721,N113721,1,undetected,N113721,N113721,N113721,sa1,1
4897,N79280 /1 undetected,output,,N79280,N79280,1,undetected,N79280,N79280,N79280,sa1,1
4898,N32129 /1 undetected,output,,N32129,N32129,1,undetected,N32129,N32129,N32129,sa1,1
4899,N113620 /1 undetected,output,,N113620,N113620,1,undetected,N113620,N113620,N113620,sa1,1
4900,N104619 /1 undetected,output,,N104619,N104619,1,undetected,N104619,N104619,N104619,sa1,1
4901,N32125 /1 undetected,output,,N32125,N32125,1,undetected,N32125,N32125,N32125,sa1,1
4902,N90175 /1 undetected,output,,N90175,N90175,1,undetected,N90175,N90175,N90175,sa1,1
4903,N32124 /1 undetected,output,,N32124,N32124,1,undetected,N32124,N32124,N32124,sa1,1
4904,N113538 /1 undetected,output,,N113538,N113538,1,undetected,N113538,N113538,N113538,sa1,1
4905,N32122 /1 undetected,output,,N32122,N32122,1,undetected,N32122,N32122,N32122,sa1,1
4906,N88191 /1 undetected,output,,N88191,N88191,1,undetected,N88191,N88191,N88191,sa1,1
4907,N32118 /1 undetected,output,,N32118,N32118,1,undetected,N32118,N32118,N32118,sa1,1
4908,N90184 /1 undetected,output,,N90184,N90184,1,undetected,N90184,N90184,N90184,sa1,1
4909,N32114 /1 undetected,output,,N32114,N32114,1,undetected,N32114,N32114,N32114,sa1,1
4910,N113994 /1 undetected,output,,N113994,N113994,1,undetected,N113994,N113994,N113994,sa1,1
4911,N112176 /1 undetected,output,,N112176,N112176,1,undetected,N112176,N112176,N112176,sa1,1
4912,N101656 /1 undetected,output,,N101656,N101656,1,undetected,N101656,N101656,N101656,sa1,1
4913,N101627 /1 undetected,output,,N101627,N101627,1,undetected,N101627,N101627,N101627,sa1,1
4914,N31842 /1 undetected,output,,N31842,N31842,1,undetected,N31842,N31842,N31842,sa1,1
4915,N90169 /1 undetected,output,,N90169,N90169,1,undetected,N90169,N90169,N90169,sa1,1
4916,N31839 /1 undetected,output,,N31839,N31839,1,undetected,N31839,N31839,N31839,sa1,1
4917,N113940 /1 undetected,output,,N113940,N113940,1,undetected,N113940,N113940,N113940,sa1,1
4918,N74684 /1 undetected,output,,N74684,N74684,1,undetected,N74684,N74684,N74684,sa1,1
4919,N106170 /1 undetected,output,,N106170,N106170,1,undetected,N106170,N106170,N106170,sa1,1
4920,N84571 /1 undetected,output,,N84571,N84571,1,undetected,N84571,N84571,N84571,sa1,1
4921,N74833 /1 undetected,output,,N74833,N74833,1,undetected,N74833,N74833,N74833,sa1,1
4922,N81932 /1 undetected,output,,N81932,N81932,1,undetected,N81932,N81932,N81932,sa1,1
4923,N90159 /1 undetected,output,,N90159,N90159,1,undetected,N90159,N90159,N90159,sa1,1
4924,N31820 /1 undetected,output,,N31820,N31820,1,undetected,N31820,N31820,N31820,sa1,1
4925,N113402 /1 undetected,output,,N113402,N113402,1,undetected,N113402,N113402,N113402,sa1,1
4926,N106098 /1 undetected,output,,N106098,N106098,1,undetected,N106098,N106098,N106098,sa1,1
4927,N85985 /1 undetected,output,,N85985,N85985,1,undetected,N85985,N85985,N85985,sa1,1
4928,N31816 /1 undetected,output,,N31816,N31816,1,undetected,N31816,N31816,N31816,sa1,1
4929,N31814 /1 undetected,output,,N31814,N31814,1,undetected,N31814,N31814,N31814,sa1,1
4930,N113394 /1 undetected,output,,N113394,N113394,1,undetected,N113394,N113394,N113394,sa1,1
4931,N31792 /1 undetected,output,,N31792,N31792,1,undetected,N31792,N31792,N31792,sa1,1
4932,N31812 /1 undetected,output,,N31812,N31812,1,undetected,N31812,N31812,N31812,sa1,1
4933,N113468 /1 undetected,output,,N113468,N113468,1,undetected,N113468,N113468,N113468,sa1,1
4934,N85984 /1 undetected,output,,N85984,N85984,1,undetected,N85984,N85984,N85984,sa1,1
4935,N31810 /1 undetected,output,,N31810,N31810,1,undetected,N31810,N31810,N31810,sa1,1
4936,N112837 /1 undetected,output,,N112837,N112837,1,undetected,N112837,N112837,N112837,sa1,1
4937,N81927 /1 undetected,output,,N81927,N81927,1,undetected,N81927,N81927,N81927,sa1,1
4938,N31807 /1 undetected,output,,N31807,N31807,1,undetected,N31807,N31807,N31807,sa1,1
4939,N90168 /1 undetected,output,,N90168,N90168,1,undetected,N90168,N90168,N90168,sa1,1
4940,N31803 /1 undetected,output,,N31803,N31803,1,undetected,N31803,N31803,N31803,sa1,1
4941,N31801 /1 undetected,output,,N31801,N31801,1,undetected,N31801,N31801,N31801,sa1,1
4942,N113590 /1 undetected,output,,N113590,N113590,1,undetected,N113590,N113590,N113590,sa1,1
4943,N85982 /1 undetected,output,,N85982,N85982,1,undetected,N85982,N85982,N85982,sa1,1
4944,N90158 /1 undetected,output,,N90158,N90158,1,undetected,N90158,N90158,N90158,sa1,1
4945,N113536 /1 undetected,output,,N113536,N113536,1,undetected,N113536,N113536,N113536,sa1,1
4946,N76210 /1 undetected,output,,N76210,N76210,1,undetected,N76210,N76210,N76210,sa1,1
4947,N31796 /1 undetected,output,,N31796,N31796,1,undetected,N31796,N31796,N31796,sa1,1
4948,N31794 /1 undetected,output,,N31794,N31794,1,undetected,N31794,N31794,N31794,sa1,1
4949,N113944 /1 undetected,output,,N113944,N113944,1,undetected,N113944,N113944,N113944,sa1,1
4950,N113619 /1 undetected,output,,N113619,N113619,1,undetected,N113619,N113619,N113619,sa1,1
4951,N31789 /1 undetected,output,,N31789,N31789,1,undetected,N31789,N31789,N31789,sa1,1
4952,N113624 /1 undetected,output,,N113624,N113624,1,undetected,N113624,N113624,N113624,sa1,1
4953,N81926 /1 undetected,output,,N81926,N81926,1,undetected,N81926,N81926,N81926,sa1,1
4954,N113719 /1 undetected,output,,N113719,N113719,1,undetected,N113719,N113719,N113719,sa1,1
4955,N76209 /1 undetected,output,,N76209,N76209,1,undetected,N76209,N76209,N76209,sa1,1
4956,N31784 /1 undetected,output,,N31784,N31784,1,undetected,N31784,N31784,N31784,sa1,1
4957,N113641 /1 undetected,output,,N113641,N113641,1,undetected,N113641,N113641,N113641,sa1,1
4958,N90167 /1 undetected,output,,N90167,N90167,1,undetected,N90167,N90167,N90167,sa1,1
4959,N31780 /1 undetected,output,,N31780,N31780,1,undetected,N31780,N31780,N31780,sa1,1
4960,N113942 /1 undetected,output,,N113942,N113942,1,undetected,N113942,N113942,N113942,sa1,1
4961,N112173 /1 undetected,output,,N112173,N112173,1,undetected,N112173,N112173,N112173,sa1,1
4962,N101653 /1 undetected,output,,N101653,N101653,1,undetected,N101653,N101653,N101653,sa1,1
4963,N101624 /1 undetected,output,,N101624,N101624,1,undetected,N101624,N101624,N101624,sa1,1
4964,N81896 /1 undetected,output,,N81896,N81896,1,undetected,N81896,N81896,N81896,sa1,1
4965,N97765 /1 undetected,output,,N97765,N97765,1,undetected,N97765,N97765,N97765,sa1,1
4966,N31514 /1 undetected,output,,N31514,N31514,1,undetected,N31514,N31514,N31514,sa1,1
4967,N31567 /1 undetected,output,,N31567,N31567,1,undetected,N31567,N31567,N31567,sa1,1
4968,N31563 /1 undetected,output,,N31563,N31563,1,undetected,N31563,N31563,N31563,sa1,1
4969,N31561 /1 undetected,output,,N31561,N31561,1,undetected,N31561,N31561,N31561,sa1,1
4970,N113393 /1 undetected,output,,N113393,N113393,1,undetected,N113393,N113393,N113393,sa1,1
4971,N31559 /1 undetected,output,,N31559,N31559,1,undetected,N31559,N31559,N31559,sa1,1
4972,N103844 /1 undetected,output,,N103844,N103844,1,undetected,N103844,N103844,N103844,sa1,1
4973,N90118 /1 undetected,output,,N90118,N90118,1,undetected,N90118,N90118,N90118,sa1,1
4974,N31558 /1 undetected,output,,N31558,N31558,1,undetected,N31558,N31558,N31558,sa1,1
4975,N113900 /1 undetected,output,,N113900,N113900,1,undetected,N113900,N113900,N113900,sa1,1
4976,N113467 /1 undetected,output,,N113467,N113467,1,undetected,N113467,N113467,N113467,sa1,1
4977,N113401 /1 undetected,output,,N113401,N113401,1,undetected,N113401,N113401,N113401,sa1,1
4978,N106097 /1 undetected,output,,N106097,N106097,1,undetected,N106097,N106097,N106097,sa1,1
4979,N90126 /1 undetected,output,,N90126,N90126,1,undetected,N90126,N90126,N90126,sa1,1
4980,N113777 /1 undetected,output,,N113777,N113777,1,undetected,N113777,N113777,N113777,sa1,1
4981,N31540 /1 undetected,output,,N31540,N31540,1,undetected,N31540,N31540,N31540,sa1,1
4982,N113650 /1 undetected,output,,N113650,N113650,1,undetected,N113650,N113650,N113650,sa1,1
4983,N97763 /1 undetected,output,,N97763,N97763,1,undetected,N97763,N97763,N97763,sa1,1
4984,N113596 /1 undetected,output,,N113596,N113596,1,undetected,N113596,N113596,N113596,sa1,1
4985,N31523 /1 undetected,output,,N31523,N31523,1,undetected,N31523,N31523,N31523,sa1,1
4986,N78656 /1 undetected,output,,N78656,N78656,1,undetected,N78656,N78656,N78656,sa1,1
4987,N113534 /1 undetected,output,,N113534,N113534,1,undetected,N113534,N113534,N113534,sa1,1
4988,N90116 /1 undetected,output,,N90116,N90116,1,undetected,N90116,N90116,N90116,sa1,1
4989,N113691 /1 undetected,output,,N113691,N113691,1,undetected,N113691,N113691,N113691,sa1,1
4990,N81891 /1 undetected,output,,N81891,N81891,1,undetected,N81891,N81891,N81891,sa1,1
4991,N31516 /1 undetected,output,,N31516,N31516,1,undetected,N31516,N31516,N31516,sa1,1
4992,N113629 /1 undetected,output,,N113629,N113629,1,undetected,N113629,N113629,N113629,sa1,1
4993,N101647 /1 undetected,output,,N101647,N101647,1,undetected,N101647,N101647,N101647,sa1,1
4994,N101615 /1 undetected,output,,N101615,N101615,1,undetected,N101615,N101615,N101615,sa1,1
4995,N90019 /1 undetected,output,,N90019,N90019,1,undetected,N90019,N90019,N90019,sa1,1
4996,N30739 /1 undetected,output,,N30739,N30739,1,undetected,N30739,N30739,N30739,sa1,1
4997,N113730 /1 undetected,output,,N113730,N113730,1,undetected,N113730,N113730,N113730,sa1,1
4998,N84554 /1 undetected,output,,N84554,N84554,1,undetected,N84554,N84554,N84554,sa1,1
4999,N74822 /1 undetected,output,,N74822,N74822,1,undetected,N74822,N74822,N74822,sa1,1
5000,N30727 /1 undetected,output,,N30727,N30727,1,undetected,N30727,N30727,N30727,sa1,1
5001,N113718 /1 undetected,output,,N113718,N113718,1,undetected,N113718,N113718,N113718,sa1,1
5002,N78668 /1 undetected,output,,N78668,N78668,1,undetected,N78668,N78668,N78668,sa1,1
5003,N30713 /1 undetected,output,,N30713,N30713,1,undetected,N30713,N30713,N30713,sa1,1
5004,N113622 /1 undetected,output,,N113622,N113622,1,undetected,N113622,N113622,N113622,sa1,1
5005,N81787 /1 undetected,output,,N81787,N81787,1,undetected,N81787,N81787,N81787,sa1,1
5006,N30722 /1 undetected,output,,N30722,N30722,1,undetected,N30722,N30722,N30722,sa1,1
5007,N113618 /1 undetected,output,,N113618,N113618,1,undetected,N113618,N113618,N113618,sa1,1
5008,N105197 /1 undetected,output,,N105197,N105197,1,undetected,N105197,N105197,N105197,sa1,1
5009,N30720 /1 undetected,output,,N30720,N30720,1,undetected,N30720,N30720,N30720,sa1,1
5010,N90011 /1 undetected,output,,N90011,N90011,1,undetected,N90011,N90011,N90011,sa1,1
5011,N113532 /1 undetected,output,,N113532,N113532,1,undetected,N113532,N113532,N113532,sa1,1
5012,N78667 /1 undetected,output,,N78667,N78667,1,undetected,N78667,N78667,N78667,sa1,1
5013,N30717 /1 undetected,output,,N30717,N30717,1,undetected,N30717,N30717,N30717,sa1,1
5014,N113589 /1 undetected,output,,N113589,N113589,1,undetected,N113589,N113589,N113589,sa1,1
5015,N87526 /1 undetected,output,,N87526,N87526,1,undetected,N87526,N87526,N87526,sa1,1
5016,N113648 /1 undetected,output,,N113648,N113648,1,undetected,N113648,N113648,N113648,sa1,1
5017,N81794 /1 undetected,output,,N81794,N81794,1,undetected,N81794,N81794,N81794,sa1,1
5018,N84555 /1 undetected,output,,N84555,N84555,1,undetected,N84555,N84555,N84555,sa1,1
5019,N30766 /1 undetected,output,,N30766,N30766,1,undetected,N30766,N30766,N30766,sa1,1
5020,N30762 /1 undetected,output,,N30762,N30762,1,undetected,N30762,N30762,N30762,sa1,1
5021,N74823 /1 undetected,output,,N74823,N74823,1,undetected,N74823,N74823,N74823,sa1,1
5022,N30761 /1 undetected,output,,N30761,N30761,1,undetected,N30761,N30761,N30761,sa1,1
5023,N112831 /1 undetected,output,,N112831,N112831,1,undetected,N112831,N112831,N112831,sa1,1
5024,N87530 /1 undetected,output,,N87530,N87530,1,undetected,N87530,N87530,N87530,sa1,1
5025,N81788 /1 undetected,output,,N81788,N81788,1,undetected,N81788,N81788,N81788,sa1,1
5026,N30758 /1 undetected,output,,N30758,N30758,1,undetected,N30758,N30758,N30758,sa1,1
5027,N90012 /1 undetected,output,,N90012,N90012,1,undetected,N90012,N90012,N90012,sa1,1
5028,N113399 /1 undetected,output,,N113399,N113399,1,undetected,N113399,N113399,N113399,sa1,1
5029,N30753 /1 undetected,output,,N30753,N30753,1,undetected,N30753,N30753,N30753,sa1,1
5030,N106095 /1 undetected,output,,N106095,N106095,1,undetected,N106095,N106095,N106095,sa1,1
5031,N30751 /1 undetected,output,,N30751,N30751,1,undetected,N30751,N30751,N30751,sa1,1
5032,N30749 /1 undetected,output,,N30749,N30749,1,undetected,N30749,N30749,N30749,sa1,1
5033,N113466 /1 undetected,output,,N113466,N113466,1,undetected,N113466,N113466,N113466,sa1,1
5034,N87528 /1 undetected,output,,N87528,N87528,1,undetected,N87528,N87528,N87528,sa1,1
5035,N30747 /1 undetected,output,,N30747,N30747,1,undetected,N30747,N30747,N30747,sa1,1
5036,N113392 /1 undetected,output,,N113392,N113392,1,undetected,N113392,N113392,N113392,sa1,1
5037,N105199 /1 undetected,output,,N105199,N105199,1,undetected,N105199,N105199,N105199,sa1,1
5038,N30743 /1 undetected,output,,N30743,N30743,1,undetected,N30743,N30743,N30743,sa1,1
5039,N113725 /1 undetected,output,,N113725,N113725,1,undetected,N113725,N113725,N113725,sa1,1
5040,N106139 /1 undetected,output,,N106139,N106139,1,undetected,N106139,N106139,N106139,sa1,1
5041,N22030 /0 undetected,output,,N22030,N22030,0,undetected,N22030,N22030,N22030,sa0,1
5042,N105047 /1 undetected,output,,N105047,N105047,1,undetected,N105047,N105047,N105047,sa1,1
5043,N22024 /1 undetected,output,,N22024,N22024,1,undetected,N22024,N22024,N22024,sa1,1
5044,N84369 /1 undetected,output,,N84369,N84369,1,undetected,N84369,N84369,N84369,sa1,1
5045,N98561 /1 undetected,output,,N98561,N98561,1,undetected,N98561,N98561,N98561,sa1,1
5046,N22020 /1 undetected,output,,N22020,N22020,1,undetected,N22020,N22020,N22020,sa1,1
5047,N95302 /1 undetected,output,,N95302,N95302,1,undetected,N95302,N95302,N95302,sa1,1
5048,N22015 /1 undetected,output,,N22015,N22015,1,undetected,N22015,N22015,N22015,sa1,1
5049,N92837 /1 undetected,output,,N92837,N92837,1,undetected,N92837,N92837,N92837,sa1,1
5050,N2778 /1 undetected,output,,N2778,N2778,1,undetected,N2778,N2778,N2778,sa1,1
5051,N22009 /1 undetected,output,,N22009,N22009,1,undetected,N22009,N22009,N22009,sa1,1
5052,N91592 /1 undetected,output,,N91592,N91592,1,undetected,N91592,N91592,N91592,sa1,1
5053,N22008 /1 undetected,output,,N22008,N22008,1,undetected,N22008,N22008,N22008,sa1,1
5054,N22005 /1 undetected,output,,N22005,N22005,1,undetected,N22005,N22005,N22005,sa1,1
5055,N100447 /1 undetected,output,,N100447,N100447,1,undetected,N100447,N100447,N100447,sa1,1
5056,N22004 /1 undetected,output,,N22004,N22004,1,undetected,N22004,N22004,N22004,sa1,1
5057,N105044 /1 undetected,output,,N105044,N105044,1,undetected,N105044,N105044,N105044,sa1,1
5058,N91402 /1 undetected,output,,N91402,N91402,1,undetected,N91402,N91402,N91402,sa1,1
5059,N22002 /1 undetected,output,,N22002,N22002,1,undetected,N22002,N22002,N22002,sa1,1
5060,N86478 /1 undetected,output,,N86478,N86478,1,undetected,N86478,N86478,N86478,sa1,1
5061,N22000 /1 undetected,output,,N22000,N22000,1,undetected,N22000,N22000,N22000,sa1,1
5062,N21998 /1 undetected,output,,N21998,N21998,1,undetected,N21998,N21998,N21998,sa1,1
5063,N21994 /1 undetected,output,,N21994,N21994,1,undetected,N21994,N21994,N21994,sa1,1
5064,N100148 /1 undetected,output,,N100148,N100148,1,undetected,N100148,N100148,N100148,sa1,1
5065,N97106 /1 undetected,output,,N97106,N97106,1,undetected,N97106,N97106,N97106,sa1,1
5066,N21990 /1 undetected,output,,N21990,N21990,1,undetected,N21990,N21990,N21990,sa1,1
5067,N21988 /1 undetected,output,,N21988,N21988,1,undetected,N21988,N21988,N21988,sa1,1
5068,N94680 /1 undetected,output,,N94680,N94680,1,undetected,N94680,N94680,N94680,sa1,1
5069,N85089 /1 undetected,output,,N85089,N85089,1,undetected,N85089,N85089,N85089,sa1,1
5070,N91478 /1 undetected,output,,N91478,N91478,1,undetected,N91478,N91478,N91478,sa1,1
5071,N91440 /1 undetected,output,,N91440,N91440,1,undetected,N91440,N91440,N91440,sa1,1
5072,N99172 /1 undetected,output,,N99172,N99172,1,undetected,N99172,N99172,N99172,sa1,1
5073,N84367 /1 undetected,output,,N84367,N84367,1,undetected,N84367,N84367,N84367,sa1,1
5074,N99170 /1 undetected,output,,N99170,N99170,1,undetected,N99170,N99170,N99170,sa1,1
5075,N74547 /1 undetected,output,,N74547,N74547,1,undetected,N74547,N74547,N74547,sa1,1
5076,N84832 /1 undetected,output,,N84832,N84832,1,undetected,N84832,N84832,N84832,sa1,1
5077,N91552 /1 undetected,output,,N91552,N91552,1,undetected,N91552,N91552,N91552,sa1,1
5078,N84937 /1 undetected,output,,N84937,N84937,1,undetected,N84937,N84937,N84937,sa1,1
5079,N75029 /1 undetected,output,,N75029,N75029,1,undetected,N75029,N75029,N75029,sa1,1
5080,N99166 /1 undetected,output,,N99166,N99166,1,undetected,N99166,N99166,N99166,sa1,1
5081,N84992 /1 undetected,output,,N84992,N84992,1,undetected,N84992,N84992,N84992,sa1,1
5082,N85055 /1 undetected,output,,N85055,N85055,1,undetected,N85055,N85055,N85055,sa1,1
5083,N10136 /1 undetected,output,,N10136,N10136,1,undetected,N10136,N10136,N10136,sa1,1
5084,N10132 /1 undetected,output,,N10132,N10132,1,undetected,N10132,N10132,N10132,sa1,1
5085,N84426 /1 undetected,output,,N84426,N84426,1,undetected,N84426,N84426,N84426,sa1,1
5086,N10130 /1 undetected,output,,N10130,N10130,1,undetected,N10130,N10130,N10130,sa1,1
5087,N84677 /1 undetected,output,,N84677,N84677,1,undetected,N84677,N84677,N84677,sa1,1
5088,N10129 /1 undetected,output,,N10129,N10129,1,undetected,N10129,N10129,N10129,sa1,1
5089,N99164 /1 undetected,output,,N99164,N99164,1,undetected,N99164,N99164,N99164,sa1,1
5090,N97216 /1 undetected,output,,N97216,N97216,1,undetected,N97216,N97216,N97216,sa1,1
5091,N92448 /1 undetected,output,,N92448,N92448,1,undetected,N92448,N92448,N92448,sa1,1
5092,N10106 /1 undetected,output,,N10106,N10106,1,undetected,N10106,N10106,N10106,sa1,1
5093,N92457 /1 undetected,output,,N92457,N92457,1,undetected,N92457,N92457,N92457,sa1,1
5094,N99162 /1 undetected,output,,N99162,N99162,1,undetected,N99162,N99162,N99162,sa1,1
5095,N91517 /1 undetected,output,,N91517,N91517,1,undetected,N91517,N91517,N91517,sa1,1
5096,N98630 /1 undetected,output,,N98630,N98630,1,undetected,N98630,N98630,N98630,sa1,1
5097,N84404 /1 undetected,output,,N84404,N84404,1,undetected,N84404,N84404,N84404,sa1,1
5098,N9930 /1 undetected,output,,N9930,N9930,1,undetected,N9930,N9930,N9930,sa1,1
5099,N95295 /1 undetected,output,,N95295,N95295,1,undetected,N95295,N95295,N95295,sa1,1
5100,N9782 /1 undetected,output,,N9782,N9782,1,undetected,N9782,N9782,N9782,sa1,1
5101,N74908 /1 undetected,output,,N74908,N74908,1,undetected,N74908,N74908,N74908,sa1,1
5102,N98556 /1 undetected,output,,N98556,N98556,1,undetected,N98556,N98556,N98556,sa1,1
5103,N98546 /1 undetected,output,,N98546,N98546,1,undetected,N98546,N98546,N98546,sa1,1
5104,N84857 /1 undetected,output,,N84857,N84857,1,undetected,N84857,N84857,N84857,sa1,1
5105,N74928 /1 undetected,output,,N74928,N74928,1,undetected,N74928,N74928,N74928,sa1,1
5106,N91583 /1 undetected,output,,N91583,N91583,1,undetected,N91583,N91583,N91583,sa1,1
5107,N91565 /1 undetected,output,,N91565,N91565,1,undetected,N91565,N91565,N91565,sa1,1
5108,N84884 /1 undetected,output,,N84884,N84884,1,undetected,N84884,N84884,N84884,sa1,1
5109,N74978 /1 undetected,output,,N74978,N74978,1,undetected,N74978,N74978,N74978,sa1,1
5110,N75026 /1 undetected,output,,N75026,N75026,1,undetected,N75026,N75026,N75026,sa1,1
5111,N84989 /1 undetected,output,,N84989,N84989,1,undetected,N84989,N84989,N84989,sa1,1
5112,N84935 /1 undetected,output,,N84935,N84935,1,undetected,N84935,N84935,N84935,sa1,1
5113,N75025 /1 undetected,output,,N75025,N75025,1,undetected,N75025,N75025,N75025,sa1,1
5114,N84988 /1 undetected,output,,N84988,N84988,1,undetected,N84988,N84988,N84988,sa1,1
5115,N75082 /1 undetected,output,,N75082,N75082,1,undetected,N75082,N75082,N75082,sa1,1
5116,N85053 /1 undetected,output,,N85053,N85053,1,undetected,N85053,N85053,N85053,sa1,1
5117,N74574 /1 undetected,output,,N74574,N74574,1,undetected,N74574,N74574,N74574,sa1,1
5118,N92372 /1 undetected,output,,N92372,N92372,1,undetected,N92372,N92372,N92372,sa1,1
5119,N9857 /1 undetected,output,,N9857,N9857,1,undetected,N9857,N9857,N9857,sa1,1
5120,N76023 /1 undetected,output,,N76023,N76023,1,undetected,N76023,N76023,N76023,sa1,1
5121,N85438 /1 undetected,output,,N85438,N85438,1,undetected,N85438,N85438,N85438,sa1,1
5122,N76160 /1 undetected,output,,N76160,N76160,1,undetected,N76160,N76160,N76160,sa1,1
5123,N92446 /1 undetected,output,,N92446,N92446,1,undetected,N92446,N92446,N92446,sa1,1
5124,N84424 /1 undetected,output,,N84424,N84424,1,undetected,N84424,N84424,N84424,sa1,1
5125,N9849 /1 undetected,output,,N9849,N9849,1,undetected,N9849,N9849,N9849,sa1,1
5126,N9845 /1 undetected,output,,N9845,N9845,1,undetected,N9845,N9845,N9845,sa1,1
5127,N84492 /1 undetected,output,,N84492,N84492,1,undetected,N84492,N84492,N84492,sa1,1
5128,N9844 /1 undetected,output,,N9844,N9844,1,undetected,N9844,N9844,N9844,sa1,1
5129,N9840 /1 undetected,output,,N9840,N9840,1,undetected,N9840,N9840,N9840,sa1,1
5130,N9838 /1 undetected,output,,N9838,N9838,1,undetected,N9838,N9838,N9838,sa1,1
5131,N9836 /1 undetected,output,,N9836,N9836,1,undetected,N9836,N9836,N9836,sa1,1
5132,N9831 /1 undetected,output,,N9831,N9831,1,undetected,N9831,N9831,N9831,sa1,1
5133,N98911 /1 undetected,output,,N98911,N98911,1,undetected,N98911,N98911,N98911,sa1,1
5134,N9829 /1 undetected,output,,N9829,N9829,1,undetected,N9829,N9829,N9829,sa1,1
5135,N93483 /1 undetected,output,,N93483,N93483,1,undetected,N93483,N93483,N93483,sa1,1
5136,N9827 /1 undetected,output,,N9827,N9827,1,undetected,N9827,N9827,N9827,sa1,1
5137,N99087 /1 undetected,output,,N99087,N99087,1,undetected,N99087,N99087,N99087,sa1,1
5138,N9825 /1 undetected,output,,N9825,N9825,1,undetected,N9825,N9825,N9825,sa1,1
5139,N99092 /1 undetected,output,,N99092,N99092,1,undetected,N99092,N99092,N99092,sa1,1
5140,N98883 /1 undetected,output,,N98883,N98883,1,undetected,N98883,N98883,N98883,sa1,1
5141,N94574 /1 undetected,output,,N94574,N94574,1,undetected,N94574,N94574,N94574,sa1,1
5142,N9821 /1 undetected,output,,N9821,N9821,1,undetected,N9821,N9821,N9821,sa1,1
5143,N99115 /1 undetected,output,,N99115,N99115,1,undetected,N99115,N99115,N99115,sa1,1
5144,N85437 /1 undetected,output,,N85437,N85437,1,undetected,N85437,N85437,N85437,sa1,1
5145,N9813 /1 undetected,output,,N9813,N9813,1,undetected,N9813,N9813,N9813,sa1,1
5146,N76159 /1 undetected,output,,N76159,N76159,1,undetected,N76159,N76159,N76159,sa1,1
5147,N9809 /1 undetected,output,,N9809,N9809,1,undetected,N9809,N9809,N9809,sa1,1
5148,N74628 /1 undetected,output,,N74628,N74628,1,undetected,N74628,N74628,N74628,sa1,1
5149,N9808 /1 undetected,output,,N9808,N9808,1,undetected,N9808,N9808,N9808,sa1,1
5150,N74747 /1 undetected,output,,N74747,N74747,1,undetected,N74747,N74747,N74747,sa1,1
5151,N9798 /1 undetected,output,,N9798,N9798,1,undetected,N9798,N9798,N9798,sa1,1
5152,N9784 /1 undetected,output,,N9784,N9784,1,undetected,N9784,N9784,N9784,sa1,1
5153,N98579 /1 undetected,output,,N98579,N98579,1,undetected,N98579,N98579,N98579,sa1,1
5154,N9769 /1 undetected,output,,N9769,N9769,1,undetected,N9769,N9769,N9769,sa1,1
5155,N95294 /1 undetected,output,,N95294,N95294,1,undetected,N95294,N95294,N95294,sa1,1
5156,N9621 /1 undetected,output,,N9621,N9621,1,undetected,N9621,N9621,N9621,sa1,1
5157,N74907 /1 undetected,output,,N74907,N74907,1,undetected,N74907,N74907,N74907,sa1,1
5158,N98555 /1 undetected,output,,N98555,N98555,1,undetected,N98555,N98555,N98555,sa1,1
5159,N98545 /1 undetected,output,,N98545,N98545,1,undetected,N98545,N98545,N98545,sa1,1
5160,N84856 /1 undetected,output,,N84856,N84856,1,undetected,N84856,N84856,N84856,sa1,1
5161,N74927 /1 undetected,output,,N74927,N74927,1,undetected,N74927,N74927,N74927,sa1,1
5162,N91582 /1 undetected,output,,N91582,N91582,1,undetected,N91582,N91582,N91582,sa1,1
5163,N91564 /1 undetected,output,,N91564,N91564,1,undetected,N91564,N91564,N91564,sa1,1
5164,N84883 /1 undetected,output,,N84883,N84883,1,undetected,N84883,N84883,N84883,sa1,1
5165,N74977 /1 undetected,output,,N74977,N74977,1,undetected,N74977,N74977,N74977,sa1,1
5166,N75024 /1 undetected,output,,N75024,N75024,1,undetected,N75024,N75024,N75024,sa1,1
5167,N84987 /1 undetected,output,,N84987,N84987,1,undetected,N84987,N84987,N84987,sa1,1
5168,N84934 /1 undetected,output,,N84934,N84934,1,undetected,N84934,N84934,N84934,sa1,1
5169,N75023 /1 undetected,output,,N75023,N75023,1,undetected,N75023,N75023,N75023,sa1,1
5170,N84986 /1 undetected,output,,N84986,N84986,1,undetected,N84986,N84986,N84986,sa1,1
5171,N75081 /1 undetected,output,,N75081,N75081,1,undetected,N75081,N75081,N75081,sa1,1
5172,N85052 /1 undetected,output,,N85052,N85052,1,undetected,N85052,N85052,N85052,sa1,1
5173,N74573 /1 undetected,output,,N74573,N74573,1,undetected,N74573,N74573,N74573,sa1,1
5174,N92371 /1 undetected,output,,N92371,N92371,1,undetected,N92371,N92371,N92371,sa1,1
5175,N9696 /1 undetected,output,,N9696,N9696,1,undetected,N9696,N9696,N9696,sa1,1
5176,N75993 /1 undetected,output,,N75993,N75993,1,undetected,N75993,N75993,N75993,sa1,1
5177,N85434 /1 undetected,output,,N85434,N85434,1,undetected,N85434,N85434,N85434,sa1,1
5178,N76166 /1 undetected,output,,N76166,N76166,1,undetected,N76166,N76166,N76166,sa1,1
5179,N92445 /1 undetected,output,,N92445,N92445,1,undetected,N92445,N92445,N92445,sa1,1
5180,N84423 /1 undetected,output,,N84423,N84423,1,undetected,N84423,N84423,N84423,sa1,1
5181,N84491 /1 undetected,output,,N84491,N84491,1,undetected,N84491,N84491,N84491,sa1,1
5182,N98943 /1 undetected,output,,N98943,N98943,1,undetected,N98943,N98943,N98943,sa1,1
5183,N9675 /1 undetected,output,,N9675,N9675,1,undetected,N9675,N9675,N9675,sa1,1
5184,N94573 /1 undetected,output,,N94573,N94573,1,undetected,N94573,N94573,N94573,sa1,1
5185,N9670 /1 undetected,output,,N9670,N9670,1,undetected,N9670,N9670,N9670,sa1,1
5186,N99078 /1 undetected,output,,N99078,N99078,1,undetected,N99078,N99078,N99078,sa1,1
5187,N9662 /1 undetected,output,,N9662,N9662,1,undetected,N9662,N9662,N9662,sa1,1
5188,N98910 /1 undetected,output,,N98910,N98910,1,undetected,N98910,N98910,N98910,sa1,1
5189,N9656 /1 undetected,output,,N9656,N9656,1,undetected,N9656,N9656,N9656,sa1,1
5190,N93482 /1 undetected,output,,N93482,N93482,1,undetected,N93482,N93482,N93482,sa1,1
5191,N9654 /1 undetected,output,,N9654,N9654,1,undetected,N9654,N9654,N9654,sa1,1
5192,N99049 /1 undetected,output,,N99049,N99049,1,undetected,N99049,N99049,N99049,sa1,1
5193,N9652 /1 undetected,output,,N9652,N9652,1,undetected,N9652,N9652,N9652,sa1,1
5194,N99053 /1 undetected,output,,N99053,N99053,1,undetected,N99053,N99053,N99053,sa1,1
5195,N98882 /1 undetected,output,,N98882,N98882,1,undetected,N98882,N98882,N98882,sa1,1
5196,N85433 /1 undetected,output,,N85433,N85433,1,undetected,N85433,N85433,N85433,sa1,1
5197,N9666 /1 undetected,output,,N9666,N9666,1,undetected,N9666,N9666,N9666,sa1,1
5198,N76165 /1 undetected,output,,N76165,N76165,1,undetected,N76165,N76165,N76165,sa1,1
5199,N74627 /1 undetected,output,,N74627,N74627,1,undetected,N74627,N74627,N74627,sa1,1
5200,N9647 /1 undetected,output,,N9647,N9647,1,undetected,N9647,N9647,N9647,sa1,1
5201,N74746 /1 undetected,output,,N74746,N74746,1,undetected,N74746,N74746,N74746,sa1,1
5202,N9637 /1 undetected,output,,N9637,N9637,1,undetected,N9637,N9637,N9637,sa1,1
5203,N9623 /1 undetected,output,,N9623,N9623,1,undetected,N9623,N9623,N9623,sa1,1
5204,N98578 /1 undetected,output,,N98578,N98578,1,undetected,N98578,N98578,N98578,sa1,1
5205,N9608 /1 undetected,output,,N9608,N9608,1,undetected,N9608,N9608,N9608,sa1,1
5206,N95293 /1 undetected,output,,N95293,N95293,1,undetected,N95293,N95293,N95293,sa1,1
5207,N9459 /1 undetected,output,,N9459,N9459,1,undetected,N9459,N9459,N9459,sa1,1
5208,N74906 /1 undetected,output,,N74906,N74906,1,undetected,N74906,N74906,N74906,sa1,1
5209,N98554 /1 undetected,output,,N98554,N98554,1,undetected,N98554,N98554,N98554,sa1,1
5210,N98544 /1 undetected,output,,N98544,N98544,1,undetected,N98544,N98544,N98544,sa1,1
5211,N84855 /1 undetected,output,,N84855,N84855,1,undetected,N84855,N84855,N84855,sa1,1
5212,N74926 /1 undetected,output,,N74926,N74926,1,undetected,N74926,N74926,N74926,sa1,1
5213,N91581 /1 undetected,output,,N91581,N91581,1,undetected,N91581,N91581,N91581,sa1,1
5214,N91563 /1 undetected,output,,N91563,N91563,1,undetected,N91563,N91563,N91563,sa1,1
5215,N84882 /1 undetected,output,,N84882,N84882,1,undetected,N84882,N84882,N84882,sa1,1
5216,N74976 /1 undetected,output,,N74976,N74976,1,undetected,N74976,N74976,N74976,sa1,1
5217,N75022 /1 undetected,output,,N75022,N75022,1,undetected,N75022,N75022,N75022,sa1,1
5218,N84985 /1 undetected,output,,N84985,N84985,1,undetected,N84985,N84985,N84985,sa1,1
5219,N84933 /1 undetected,output,,N84933,N84933,1,undetected,N84933,N84933,N84933,sa1,1
5220,N75021 /1 undetected,output,,N75021,N75021,1,undetected,N75021,N75021,N75021,sa1,1
5221,N84984 /1 undetected,output,,N84984,N84984,1,undetected,N84984,N84984,N84984,sa1,1
5222,N75080 /1 undetected,output,,N75080,N75080,1,undetected,N75080,N75080,N75080,sa1,1
5223,N85051 /1 undetected,output,,N85051,N85051,1,undetected,N85051,N85051,N85051,sa1,1
5224,N9543 /1 undetected,output,,N9543,N9543,1,undetected,N9543,N9543,N9543,sa1,1
5225,N74572 /1 undetected,output,,N74572,N74572,1,undetected,N74572,N74572,N74572,sa1,1
5226,N9540 /1 undetected,output,,N9540,N9540,1,undetected,N9540,N9540,N9540,sa1,1
5227,N92370 /1 undetected,output,,N92370,N92370,1,undetected,N92370,N92370,N92370,sa1,1
5228,N99021 /1 undetected,output,,N99021,N99021,1,undetected,N99021,N99021,N99021,sa1,1
5229,N9535 /1 undetected,output,,N9535,N9535,1,undetected,N9535,N9535,N9535,sa1,1
5230,N75999 /1 undetected,output,,N75999,N75999,1,undetected,N75999,N75999,N75999,sa1,1
5231,N85430 /1 undetected,output,,N85430,N85430,1,undetected,N85430,N85430,N85430,sa1,1
5232,N9531 /1 undetected,output,,N9531,N9531,1,undetected,N9531,N9531,N9531,sa1,1
5233,N92444 /1 undetected,output,,N92444,N92444,1,undetected,N92444,N92444,N92444,sa1,1
5234,N84422 /1 undetected,output,,N84422,N84422,1,undetected,N84422,N84422,N84422,sa1,1
5235,N84490 /1 undetected,output,,N84490,N84490,1,undetected,N84490,N84490,N84490,sa1,1
5236,N9514 /1 undetected,output,,N9514,N9514,1,undetected,N9514,N9514,N9514,sa1,1
5237,N9509 /1 undetected,output,,N9509,N9509,1,undetected,N9509,N9509,N9509,sa1,1
5238,N98909 /1 undetected,output,,N98909,N98909,1,undetected,N98909,N98909,N98909,sa1,1
5239,N9507 /1 undetected,output,,N9507,N9507,1,undetected,N9507,N9507,N9507,sa1,1
5240,N93481 /1 undetected,output,,N93481,N93481,1,undetected,N93481,N93481,N93481,sa1,1
5241,N9505 /1 undetected,output,,N9505,N9505,1,undetected,N9505,N9505,N9505,sa1,1
5242,N99008 /1 undetected,output,,N99008,N99008,1,undetected,N99008,N99008,N99008,sa1,1
5243,N9503 /1 undetected,output,,N9503,N9503,1,undetected,N9503,N9503,N9503,sa1,1
5244,N99013 /1 undetected,output,,N99013,N99013,1,undetected,N99013,N99013,N99013,sa1,1
5245,N98881 /1 undetected,output,,N98881,N98881,1,undetected,N98881,N98881,N98881,sa1,1
5246,N94572 /1 undetected,output,,N94572,N94572,1,undetected,N94572,N94572,N94572,sa1,1
5247,N9499 /1 undetected,output,,N9499,N9499,1,undetected,N9499,N9499,N9499,sa1,1
5248,N99036 /1 undetected,output,,N99036,N99036,1,undetected,N99036,N99036,N99036,sa1,1
5249,N85429 /1 undetected,output,,N85429,N85429,1,undetected,N85429,N85429,N85429,sa1,1
5250,N9490 /1 undetected,output,,N9490,N9490,1,undetected,N9490,N9490,N9490,sa1,1
5251,N76171 /1 undetected,output,,N76171,N76171,1,undetected,N76171,N76171,N76171,sa1,1
5252,N74626 /1 undetected,output,,N74626,N74626,1,undetected,N74626,N74626,N74626,sa1,1
5253,N9485 /1 undetected,output,,N9485,N9485,1,undetected,N9485,N9485,N9485,sa1,1
5254,N74745 /1 undetected,output,,N74745,N74745,1,undetected,N74745,N74745,N74745,sa1,1
5255,N9475 /1 undetected,output,,N9475,N9475,1,undetected,N9475,N9475,N9475,sa1,1
5256,N9461 /1 undetected,output,,N9461,N9461,1,undetected,N9461,N9461,N9461,sa1,1
5257,N98577 /1 undetected,output,,N98577,N98577,1,undetected,N98577,N98577,N98577,sa1,1
5258,N9446 /1 undetected,output,,N9446,N9446,1,undetected,N9446,N9446,N9446,sa1,1
5259,N95292 /1 undetected,output,,N95292,N95292,1,undetected,N95292,N95292,N95292,sa1,1
5260,N9297 /1 undetected,output,,N9297,N9297,1,undetected,N9297,N9297,N9297,sa1,1
5261,N74905 /1 undetected,output,,N74905,N74905,1,undetected,N74905,N74905,N74905,sa1,1
5262,N98553 /1 undetected,output,,N98553,N98553,1,undetected,N98553,N98553,N98553,sa1,1
5263,N98543 /1 undetected,output,,N98543,N98543,1,undetected,N98543,N98543,N98543,sa1,1
5264,N84854 /1 undetected,output,,N84854,N84854,1,undetected,N84854,N84854,N84854,sa1,1
5265,N74925 /1 undetected,output,,N74925,N74925,1,undetected,N74925,N74925,N74925,sa1,1
5266,N91580 /1 undetected,output,,N91580,N91580,1,undetected,N91580,N91580,N91580,sa1,1
5267,N91562 /1 undetected,output,,N91562,N91562,1,undetected,N91562,N91562,N91562,sa1,1
5268,N84881 /1 undetected,output,,N84881,N84881,1,undetected,N84881,N84881,N84881,sa1,1
5269,N74975 /1 undetected,output,,N74975,N74975,1,undetected,N74975,N74975,N74975,sa1,1
5270,N75020 /1 undetected,output,,N75020,N75020,1,undetected,N75020,N75020,N75020,sa1,1
5271,N84983 /1 undetected,output,,N84983,N84983,1,undetected,N84983,N84983,N84983,sa1,1
5272,N84932 /1 undetected,output,,N84932,N84932,1,undetected,N84932,N84932,N84932,sa1,1
5273,N75019 /1 undetected,output,,N75019,N75019,1,undetected,N75019,N75019,N75019,sa1,1
5274,N84982 /1 undetected,output,,N84982,N84982,1,undetected,N84982,N84982,N84982,sa1,1
5275,N75079 /1 undetected,output,,N75079,N75079,1,undetected,N75079,N75079,N75079,sa1,1
5276,N85050 /1 undetected,output,,N85050,N85050,1,undetected,N85050,N85050,N85050,sa1,1
5277,N9381 /1 undetected,output,,N9381,N9381,1,undetected,N9381,N9381,N9381,sa1,1
5278,N74571 /1 undetected,output,,N74571,N74571,1,undetected,N74571,N74571,N74571,sa1,1
5279,N9378 /1 undetected,output,,N9378,N9378,1,undetected,N9378,N9378,N9378,sa1,1
5280,N92369 /1 undetected,output,,N92369,N92369,1,undetected,N92369,N92369,N92369,sa1,1
5281,N98983 /1 undetected,output,,N98983,N98983,1,undetected,N98983,N98983,N98983,sa1,1
5282,N9373 /1 undetected,output,,N9373,N9373,1,undetected,N9373,N9373,N9373,sa1,1
5283,N76005 /1 undetected,output,,N76005,N76005,1,undetected,N76005,N76005,N76005,sa1,1
5284,N85426 /1 undetected,output,,N85426,N85426,1,undetected,N85426,N85426,N85426,sa1,1
5285,N9369 /1 undetected,output,,N9369,N9369,1,undetected,N9369,N9369,N9369,sa1,1
5286,N92443 /1 undetected,output,,N92443,N92443,1,undetected,N92443,N92443,N92443,sa1,1
5287,N84421 /1 undetected,output,,N84421,N84421,1,undetected,N84421,N84421,N84421,sa1,1
5288,N84489 /1 undetected,output,,N84489,N84489,1,undetected,N84489,N84489,N84489,sa1,1
5289,N9352 /1 undetected,output,,N9352,N9352,1,undetected,N9352,N9352,N9352,sa1,1
5290,N94571 /1 undetected,output,,N94571,N94571,1,undetected,N94571,N94571,N94571,sa1,1
5291,N9347 /1 undetected,output,,N9347,N9347,1,undetected,N9347,N9347,N9347,sa1,1
5292,N9345 /1 undetected,output,,N9345,N9345,1,undetected,N9345,N9345,N9345,sa1,1
5293,N98999 /1 undetected,output,,N98999,N98999,1,undetected,N98999,N98999,N98999,sa1,1
5294,N84671 /1 undetected,output,,N84671,N84671,1,undetected,N84671,N84671,N84671,sa1,1
5295,N9338 /1 undetected,output,,N9338,N9338,1,undetected,N9338,N9338,N9338,sa1,1
5296,N98908 /1 undetected,output,,N98908,N98908,1,undetected,N98908,N98908,N98908,sa1,1
5297,N9332 /1 undetected,output,,N9332,N9332,1,undetected,N9332,N9332,N9332,sa1,1
5298,N93480 /1 undetected,output,,N93480,N93480,1,undetected,N93480,N93480,N93480,sa1,1
5299,N9330 /1 undetected,output,,N9330,N9330,1,undetected,N9330,N9330,N9330,sa1,1
5300,N98970 /1 undetected,output,,N98970,N98970,1,undetected,N98970,N98970,N98970,sa1,1
5301,N9328 /1 undetected,output,,N9328,N9328,1,undetected,N9328,N9328,N9328,sa1,1
5302,N98974 /1 undetected,output,,N98974,N98974,1,undetected,N98974,N98974,N98974,sa1,1
5303,N98880 /1 undetected,output,,N98880,N98880,1,undetected,N98880,N98880,N98880,sa1,1
5304,N85425 /1 undetected,output,,N85425,N85425,1,undetected,N85425,N85425,N85425,sa1,1
5305,N9342 /1 undetected,output,,N9342,N9342,1,undetected,N9342,N9342,N9342,sa1,1
5306,N76195 /1 undetected,output,,N76195,N76195,1,undetected,N76195,N76195,N76195,sa1,1
5307,N74625 /1 undetected,output,,N74625,N74625,1,undetected,N74625,N74625,N74625,sa1,1
5308,N9323 /1 undetected,output,,N9323,N9323,1,undetected,N9323,N9323,N9323,sa1,1
5309,N74744 /1 undetected,output,,N74744,N74744,1,undetected,N74744,N74744,N74744,sa1,1
5310,N9299 /1 undetected,output,,N9299,N9299,1,undetected,N9299,N9299,N9299,sa1,1
5311,N98576 /1 undetected,output,,N98576,N98576,1,undetected,N98576,N98576,N98576,sa1,1
5312,N9284 /1 undetected,output,,N9284,N9284,1,undetected,N9284,N9284,N9284,sa1,1
5313,N95291 /1 undetected,output,,N95291,N95291,1,undetected,N95291,N95291,N95291,sa1,1
5314,N9083 /1 undetected,output,,N9083,N9083,1,undetected,N9083,N9083,N9083,sa1,1
5315,N74904 /1 undetected,output,,N74904,N74904,1,undetected,N74904,N74904,N74904,sa1,1
5316,N98552 /1 undetected,output,,N98552,N98552,1,undetected,N98552,N98552,N98552,sa1,1
5317,N98542 /1 undetected,output,,N98542,N98542,1,undetected,N98542,N98542,N98542,sa1,1
5318,N84853 /1 undetected,output,,N84853,N84853,1,undetected,N84853,N84853,N84853,sa1,1
5319,N74924 /1 undetected,output,,N74924,N74924,1,undetected,N74924,N74924,N74924,sa1,1
5320,N91579 /1 undetected,output,,N91579,N91579,1,undetected,N91579,N91579,N91579,sa1,1
5321,N91561 /1 undetected,output,,N91561,N91561,1,undetected,N91561,N91561,N91561,sa1,1
5322,N84880 /1 undetected,output,,N84880,N84880,1,undetected,N84880,N84880,N84880,sa1,1
5323,N74974 /1 undetected,output,,N74974,N74974,1,undetected,N74974,N74974,N74974,sa1,1
5324,N75018 /1 undetected,output,,N75018,N75018,1,undetected,N75018,N75018,N75018,sa1,1
5325,N84981 /1 undetected,output,,N84981,N84981,1,undetected,N84981,N84981,N84981,sa1,1
5326,N84931 /1 undetected,output,,N84931,N84931,1,undetected,N84931,N84931,N84931,sa1,1
5327,N75017 /1 undetected,output,,N75017,N75017,1,undetected,N75017,N75017,N75017,sa1,1
5328,N84980 /1 undetected,output,,N84980,N84980,1,undetected,N84980,N84980,N84980,sa1,1
5329,N75078 /1 undetected,output,,N75078,N75078,1,undetected,N75078,N75078,N75078,sa1,1
5330,N85049 /1 undetected,output,,N85049,N85049,1,undetected,N85049,N85049,N85049,sa1,1
5331,N9219 /1 undetected,output,,N9219,N9219,1,undetected,N9219,N9219,N9219,sa1,1
5332,N74570 /1 undetected,output,,N74570,N74570,1,undetected,N74570,N74570,N74570,sa1,1
5333,N9216 /1 undetected,output,,N9216,N9216,1,undetected,N9216,N9216,N9216,sa1,1
5334,N92368 /1 undetected,output,,N92368,N92368,1,undetected,N92368,N92368,N92368,sa1,1
5335,N98864 /1 undetected,output,,N98864,N98864,1,undetected,N98864,N98864,N98864,sa1,1
5336,N9211 /1 undetected,output,,N9211,N9211,1,undetected,N9211,N9211,N9211,sa1,1
5337,N76011 /1 undetected,output,,N76011,N76011,1,undetected,N76011,N76011,N76011,sa1,1
5338,N85422 /1 undetected,output,,N85422,N85422,1,undetected,N85422,N85422,N85422,sa1,1
5339,N9201 /1 undetected,output,,N9201,N9201,1,undetected,N9201,N9201,N9201,sa1,1
5340,N92442 /1 undetected,output,,N92442,N92442,1,undetected,N92442,N92442,N92442,sa1,1
5341,N84420 /1 undetected,output,,N84420,N84420,1,undetected,N84420,N84420,N84420,sa1,1
5342,N84488 /1 undetected,output,,N84488,N84488,1,undetected,N84488,N84488,N84488,sa1,1
5343,N9161 /1 undetected,output,,N9161,N9161,1,undetected,N9161,N9161,N9161,sa1,1
5344,N94570 /1 undetected,output,,N94570,N94570,1,undetected,N94570,N94570,N94570,sa1,1
5345,N9156 /1 undetected,output,,N9156,N9156,1,undetected,N9156,N9156,N9156,sa1,1
5346,N9154 /1 undetected,output,,N9154,N9154,1,undetected,N9154,N9154,N9154,sa1,1
5347,N98892 /1 undetected,output,,N98892,N98892,1,undetected,N98892,N98892,N98892,sa1,1
5348,N84669 /1 undetected,output,,N84669,N84669,1,undetected,N84669,N84669,N84669,sa1,1
5349,N9130 /1 undetected,output,,N9130,N9130,1,undetected,N9130,N9130,N9130,sa1,1
5350,N98907 /1 undetected,output,,N98907,N98907,1,undetected,N98907,N98907,N98907,sa1,1
5351,N9120 /1 undetected,output,,N9120,N9120,1,undetected,N9120,N9120,N9120,sa1,1
5352,N93478 /1 undetected,output,,N93478,N93478,1,undetected,N93478,N93478,N93478,sa1,1
5353,N9118 /1 undetected,output,,N9118,N9118,1,undetected,N9118,N9118,N9118,sa1,1
5354,N98822 /1 undetected,output,,N98822,N98822,1,undetected,N98822,N98822,N98822,sa1,1
5355,N9116 /1 undetected,output,,N9116,N9116,1,undetected,N9116,N9116,N9116,sa1,1
5356,N98879 /1 undetected,output,,N98879,N98879,1,undetected,N98879,N98879,N98879,sa1,1
5357,N98849 /1 undetected,output,,N98849,N98849,1,undetected,N98849,N98849,N98849,sa1,1
5358,N85420 /1 undetected,output,,N85420,N85420,1,undetected,N85420,N85420,N85420,sa1,1
5359,N9149 /1 undetected,output,,N9149,N9149,1,undetected,N9149,N9149,N9149,sa1,1
5360,N98917 /1 undetected,output,,N98917,N98917,1,undetected,N98917,N98917,N98917,sa1,1
5361,N76189 /1 undetected,output,,N76189,N76189,1,undetected,N76189,N76189,N76189,sa1,1
5362,N74624 /1 undetected,output,,N74624,N74624,1,undetected,N74624,N74624,N74624,sa1,1
5363,N9110 /1 undetected,output,,N9110,N9110,1,undetected,N9110,N9110,N9110,sa1,1
5364,N74742 /1 undetected,output,,N74742,N74742,1,undetected,N74742,N74742,N74742,sa1,1
5365,N9085 /1 undetected,output,,N9085,N9085,1,undetected,N9085,N9085,N9085,sa1,1
5366,N98575 /1 undetected,output,,N98575,N98575,1,undetected,N98575,N98575,N98575,sa1,1
5367,N101618 /1 undetected,output,,N101618,N101618,1,undetected,N101618,N101618,N101618,sa1,1
5368,N81832 /1 undetected,output,,N81832,N81832,1,undetected,N81832,N81832,N81832,sa1,1
5369,N84559 /1 undetected,output,,N84559,N84559,1,undetected,N84559,N84559,N84559,sa1,1
5370,N31145 /1 undetected,output,,N31145,N31145,1,undetected,N31145,N31145,N31145,sa1,1
5371,N113649 /1 undetected,output,,N113649,N113649,1,undetected,N113649,N113649,N113649,sa1,1
5372,N74827 /1 undetected,output,,N74827,N74827,1,undetected,N74827,N74827,N74827,sa1,1
5373,N90053 /1 undetected,output,,N90053,N90053,1,undetected,N90053,N90053,N90053,sa1,1
5374,N31059 /1 undetected,output,,N31059,N31059,1,undetected,N31059,N31059,N31059,sa1,1
5375,N113811 /1 undetected,output,,N113811,N113811,1,undetected,N113811,N113811,N113811,sa1,1
5376,N31058 /1 undetected,output,,N31058,N31058,1,undetected,N31058,N31058,N31058,sa1,1
5377,N85544 /1 undetected,output,,N85544,N85544,1,undetected,N85544,N85544,N85544,sa1,1
5378,N31057 /1 undetected,output,,N31057,N31057,1,undetected,N31057,N31057,N31057,sa1,1
5379,N96029 /1 undetected,output,,N96029,N96029,1,undetected,N96029,N96029,N96029,sa1,1
5380,N31055 /1 undetected,output,,N31055,N31055,1,undetected,N31055,N31055,N31055,sa1,1
5381,N113790 /1 undetected,output,,N113790,N113790,1,undetected,N113790,N113790,N113790,sa1,1
5382,N113668 /1 undetected,output,,N113668,N113668,1,undetected,N113668,N113668,N113668,sa1,1
5383,N113807 /1 undetected,output,,N113807,N113807,1,undetected,N113807,N113807,N113807,sa1,1
5384,N31042 /1 undetected,output,,N31042,N31042,1,undetected,N31042,N31042,N31042,sa1,1
5385,N31040 /1 undetected,output,,N31040,N31040,1,undetected,N31040,N31040,N31040,sa1,1
5386,N113800 /1 undetected,output,,N113800,N113800,1,undetected,N113800,N113800,N113800,sa1,1
5387,N31035 /1 undetected,output,,N31035,N31035,1,undetected,N31035,N31035,N31035,sa1,1
5388,N31029 /1 undetected,output,,N31029,N31029,1,undetected,N31029,N31029,N31029,sa1,1
5389,N113787 /1 undetected,output,,N113787,N113787,1,undetected,N113787,N113787,N113787,sa1,1
5390,N31027 /1 undetected,output,,N31027,N31027,1,undetected,N31027,N31027,N31027,sa1,1
5391,N113796 /1 undetected,output,,N113796,N113796,1,undetected,N113796,N113796,N113796,sa1,1
5392,N113561 /1 undetected,output,,N113561,N113561,1,undetected,N113561,N113561,N113561,sa1,1
5393,N31137 /1 undetected,output,,N31137,N31137,1,undetected,N31137,N31137,N31137,sa1,1
5394,N31135 /1 undetected,output,,N31135,N31135,1,undetected,N31135,N31135,N31135,sa1,1
5395,N81824 /1 undetected,output,,N81824,N81824,1,undetected,N81824,N81824,N81824,sa1,1
5396,N31067 /1 undetected,output,,N31067,N31067,1,undetected,N31067,N31067,N31067,sa1,1
5397,N113799 /1 undetected,output,,N113799,N113799,1,undetected,N113799,N113799,N113799,sa1,1
5398,N31065 /1 undetected,output,,N31065,N31065,1,undetected,N31065,N31065,N31065,sa1,1
5399,N113797 /1 undetected,output,,N113797,N113797,1,undetected,N113797,N113797,N113797,sa1,1
5400,N31063 /1 undetected,output,,N31063,N31063,1,undetected,N31063,N31063,N31063,sa1,1
5401,N113786 /1 undetected,output,,N113786,N113786,1,undetected,N113786,N113786,N113786,sa1,1
5402,N105742 /1 undetected,output,,N105742,N105742,1,undetected,N105742,N105742,N105742,sa1,1
5403,N31092 /1 undetected,output,,N31092,N31092,1,undetected,N31092,N31092,N31092,sa1,1
5404,N113828 /1 undetected,output,,N113828,N113828,1,undetected,N113828,N113828,N113828,sa1,1
5405,N113812 /1 undetected,output,,N113812,N113812,1,undetected,N113812,N113812,N113812,sa1,1
5406,N31085 /1 undetected,output,,N31085,N31085,1,undetected,N31085,N31085,N31085,sa1,1
5407,N31083 /1 undetected,output,,N31083,N31083,1,undetected,N31083,N31083,N31083,sa1,1
5408,N85937 /1 undetected,output,,N85937,N85937,1,undetected,N85937,N85937,N85937,sa1,1
5409,N31082 /1 undetected,output,,N31082,N31082,1,undetected,N31082,N31082,N31082,sa1,1
5410,N113823 /1 undetected,output,,N113823,N113823,1,undetected,N113823,N113823,N113823,sa1,1
5411,N113822 /1 undetected,output,,N113822,N113822,1,undetected,N113822,N113822,N113822,sa1,1
5412,N113818 /1 undetected,output,,N113818,N113818,1,undetected,N113818,N113818,N113818,sa1,1
5413,N31072 /1 undetected,output,,N31072,N31072,1,undetected,N31072,N31072,N31072,sa1,1
5414,N31007 /1 undetected,output,,N31007,N31007,1,undetected,N31007,N31007,N31007,sa1,1
5415,N113325 /1 undetected,output,,N113325,N113325,1,undetected,N113325,N113325,N113325,sa1,1
5416,N74826 /1 undetected,output,,N74826,N74826,1,undetected,N74826,N74826,N74826,sa1,1
5417,N31120 /1 undetected,output,,N31120,N31120,1,undetected,N31120,N31120,N31120,sa1,1
5418,N113831 /1 undetected,output,,N113831,N113831,1,undetected,N113831,N113831,N113831,sa1,1
5419,N76688 /1 undetected,output,,N76688,N76688,1,undetected,N76688,N76688,N76688,sa1,1
5420,N81823 /1 undetected,output,,N81823,N81823,1,undetected,N81823,N81823,N81823,sa1,1
5421,N31110 /1 undetected,output,,N31110,N31110,1,undetected,N31110,N31110,N31110,sa1,1
5422,N113829 /1 undetected,output,,N113829,N113829,1,undetected,N113829,N113829,N113829,sa1,1
5423,N31109 /1 undetected,output,,N31109,N31109,1,undetected,N31109,N31109,N31109,sa1,1
5424,N96030 /1 undetected,output,,N96030,N96030,1,undetected,N96030,N96030,N96030,sa1,1
5425,N31079 /1 undetected,output,,N31079,N31079,1,undetected,N31079,N31079,N31079,sa1,1
5426,N113817 /1 undetected,output,,N113817,N113817,1,undetected,N113817,N113817,N113817,sa1,1
5427,N85938 /1 undetected,output,,N85938,N85938,1,undetected,N85938,N85938,N85938,sa1,1
5428,N31105 /1 undetected,output,,N31105,N31105,1,undetected,N31105,N31105,N31105,sa1,1
5429,N31103 /1 undetected,output,,N31103,N31103,1,undetected,N31103,N31103,N31103,sa1,1
5430,N113385 /1 undetected,output,,N113385,N113385,1,undetected,N113385,N113385,N113385,sa1,1
5431,N31102 /1 undetected,output,,N31102,N31102,1,undetected,N31102,N31102,N31102,sa1,1
5432,N113439 /1 undetected,output,,N113439,N113439,1,undetected,N113439,N113439,N113439,sa1,1
5433,N76687 /1 undetected,output,,N76687,N76687,1,undetected,N76687,N76687,N76687,sa1,1
5434,N31100 /1 undetected,output,,N31100,N31100,1,undetected,N31100,N31100,N31100,sa1,1
5435,N113793 /1 undetected,output,,N113793,N113793,1,undetected,N113793,N113793,N113793,sa1,1
5436,N31098 /1 undetected,output,,N31098,N31098,1,undetected,N31098,N31098,N31098,sa1,1
5437,N113353 /1 undetected,output,,N113353,N113353,1,undetected,N113353,N113353,N113353,sa1,1
5438,N31096 /1 undetected,output,,N31096,N31096,1,undetected,N31096,N31096,N31096,sa1,1
5439,N113788 /1 undetected,output,,N113788,N113788,1,undetected,N113788,N113788,N113788,sa1,1
5440,N113453 /1 undetected,output,,N113453,N113453,1,undetected,N113453,N113453,N113453,sa1,1
5441,N84558 /1 undetected,output,,N84558,N84558,1,undetected,N84558,N84558,N84558,sa1,1
5442,N90058 /1 undetected,output,,N90058,N90058,1,undetected,N90058,N90058,N90058,sa1,1
5443,N31005 /1 undetected,output,,N31005,N31005,1,undetected,N31005,N31005,N31005,sa1,1
5444,N101650 /1 undetected,output,,N101650,N101650,1,undetected,N101650,N101650,N101650,sa1,1
5445,N70206 /1 undetected,output,,N70206,N70206,1,undetected,N70206,N70206,N70206,sa1,1
5446,N90945 /1 undetected,output,,N90945,N90945,1,undetected,N90945,N90945,N90945,sa1,1
5447,N126675 /1 undetected,output,,N126675,N126675,1,undetected,N126675,N126675,N126675,sa1,1
5448,N77310 /1 undetected,output,,N77310,N77310,1,undetected,N77310,N77310,N77310,sa1,1
5449,N126678 /1 undetected,output,,N126678,N126678,1,undetected,N126678,N126678,N126678,sa1,1
5450,N86823 /1 undetected,output,,N86823,N86823,1,undetected,N86823,N86823,N86823,sa1,1
5451,N1790 /1 undetected,output,,N1790,N1790,1,undetected,N1790,N1790,N1790,sa1,1
5452,N126676 /1 undetected,output,,N126676,N126676,1,undetected,N126676,N126676,N126676,sa1,1
5453,N126674 /1 undetected,output,,N126674,N126674,1,undetected,N126674,N126674,N126674,sa1,1
5454,N90944 /1 undetected,output,,N90944,N90944,1,undetected,N90944,N90944,N90944,sa1,1
5455,N69945 /1 undetected,output,,N69945,N69945,1,undetected,N69945,N69945,N69945,sa1,1
5456,N90881 /1 undetected,output,,N90881,N90881,1,undetected,N90881,N90881,N90881,sa1,1
5457,N69944 /1 undetected,output,,N69944,N69944,1,undetected,N69944,N69944,N69944,sa1,1
5458,N86821 /1 undetected,output,,N86821,N86821,1,undetected,N86821,N86821,N86821,sa1,1
5459,N77308 /1 undetected,output,,N77308,N77308,1,undetected,N77308,N77308,N77308,sa1,1
5460,N83128 /1 undetected,output,,N83128,N83128,1,undetected,N83128,N83128,N83128,sa1,1
5461,N69938 /1 undetected,output,,N69938,N69938,1,undetected,N69938,N69938,N69938,sa1,1
5462,N77307 /1 undetected,output,,N77307,N77307,1,undetected,N77307,N77307,N77307,sa1,1
5463,N69930 /1 undetected,output,,N69930,N69930,1,undetected,N69930,N69930,N69930,sa1,1
5464,N77306 /1 undetected,output,,N77306,N77306,1,undetected,N77306,N77306,N77306,sa1,1
5465,N69925 /1 undetected,output,,N69925,N69925,1,undetected,N69925,N69925,N69925,sa1,1
5466,N1835 /1 undetected,output,,N1835,N1835,1,undetected,N1835,N1835,N1835,sa1,1
5467,N90880 /1 undetected,output,,N90880,N90880,1,undetected,N90880,N90880,N90880,sa1,1
5468,N86819 /1 undetected,output,,N86819,N86819,1,undetected,N86819,N86819,N86819,sa1,1
5469,N83153 /1 undetected,output,,N83153,N83153,1,undetected,N83153,N83153,N83153,sa1,1
5470,N77305 /1 undetected,output,,N77305,N77305,1,undetected,N77305,N77305,N77305,sa1,1
5471,N69606 /1 undetected,output,,N69606,N69606,1,undetected,N69606,N69606,N69606,sa1,1
5472,N86818 /1 undetected,output,,N86818,N86818,1,undetected,N86818,N86818,N86818,sa1,1
5473,N69602 /1 undetected,output,,N69602,N69602,1,undetected,N69602,N69602,N69602,sa1,1
5474,N69599 /1 undetected,output,,N69599,N69599,1,undetected,N69599,N69599,N69599,sa1,1
5475,N83007 /1 undetected,output,,N83007,N83007,1,undetected,N83007,N83007,N83007,sa1,1
5476,N69594 /1 undetected,output,,N69594,N69594,1,undetected,N69594,N69594,N69594,sa1,1
5477,N90888 /1 undetected,output,,N90888,N90888,1,undetected,N90888,N90888,N90888,sa1,1
5478,N69593 /1 undetected,output,,N69593,N69593,1,undetected,N69593,N69593,N69593,sa1,1
5479,N86816 /1 undetected,output,,N86816,N86816,1,undetected,N86816,N86816,N86816,sa1,1
5480,N69585 /1 undetected,output,,N69585,N69585,1,undetected,N69585,N69585,N69585,sa1,1
5481,N77304 /1 undetected,output,,N77304,N77304,1,undetected,N77304,N77304,N77304,sa1,1
5482,N83152 /1 undetected,output,,N83152,N83152,1,undetected,N83152,N83152,N83152,sa1,1
5483,N69580 /1 undetected,output,,N69580,N69580,1,undetected,N69580,N69580,N69580,sa1,1
5484,N69239 /1 undetected,output,,N69239,N69239,1,undetected,N69239,N69239,N69239,sa1,1
5485,N77302 /1 undetected,output,,N77302,N77302,1,undetected,N77302,N77302,N77302,sa1,1
5486,N69237 /1 undetected,output,,N69237,N69237,1,undetected,N69237,N69237,N69237,sa1,1
5487,N86815 /1 undetected,output,,N86815,N86815,1,undetected,N86815,N86815,N86815,sa1,1
5488,N90877 /1 undetected,output,,N90877,N90877,1,undetected,N90877,N90877,N90877,sa1,1
5489,N69225 /1 undetected,output,,N69225,N69225,1,undetected,N69225,N69225,N69225,sa1,1
5490,N86813 /1 undetected,output,,N86813,N86813,1,undetected,N86813,N86813,N86813,sa1,1
5491,N69217 /1 undetected,output,,N69217,N69217,1,undetected,N69217,N69217,N69217,sa1,1
5492,N77301 /1 undetected,output,,N77301,N77301,1,undetected,N77301,N77301,N77301,sa1,1
5493,N83110 /1 undetected,output,,N83110,N83110,1,undetected,N83110,N83110,N83110,sa1,1
5494,N91454 /1 undetected,output,,N91454,N91454,1,undetected,N91454,N91454,N91454,sa1,1
5495,N99173 /1 undetected,output,,N99173,N99173,1,undetected,N99173,N99173,N99173,sa1,1
5496,N74523 /1 undetected,output,,N74523,N74523,1,undetected,N74523,N74523,N74523,sa1,1
5497,N84408 /1 undetected,output,,N84408,N84408,1,undetected,N84408,N84408,N84408,sa1,1
5498,N74898 /1 undetected,output,,N74898,N74898,1,undetected,N74898,N74898,N74898,sa1,1
5499,N84871 /1 undetected,output,,N84871,N84871,1,undetected,N84871,N84871,N84871,sa1,1
5500,N74941 /1 undetected,output,,N74941,N74941,1,undetected,N74941,N74941,N74941,sa1,1
5501,N84895 /1 undetected,output,,N84895,N84895,1,undetected,N84895,N84895,N84895,sa1,1
5502,N103878 /1 undetected,output,,N103878,N103878,1,undetected,N103878,N103878,N103878,sa1,1
5503,N85036 /1 undetected,output,,N85036,N85036,1,undetected,N85036,N85036,N85036,sa1,1
5504,N99167 /1 undetected,output,,N99167,N99167,1,undetected,N99167,N99167,N99167,sa1,1
5505,N75116 /1 undetected,output,,N75116,N75116,1,undetected,N75116,N75116,N75116,sa1,1
5506,N56552 /1 undetected,output,,N56552,N56552,1,undetected,N56552,N56552,N56552,sa1,1
5507,N85095 /1 undetected,output,,N85095,N85095,1,undetected,N85095,N85095,N85095,sa1,1
5508,N56549 /1 undetected,output,,N56549,N56549,1,undetected,N56549,N56549,N56549,sa1,1
5509,N86648 /1 undetected,output,,N86648,N86648,1,undetected,N86648,N86648,N86648,sa1,1
5510,N99161 /1 undetected,output,,N99161,N99161,1,undetected,N99161,N99161,N99161,sa1,1
5511,N84952 /1 undetected,output,,N84952,N84952,1,undetected,N84952,N84952,N84952,sa1,1
5512,N84841 /1 undetected,output,,N84841,N84841,1,undetected,N84841,N84841,N84841,sa1,1
5513,N56516 /1 undetected,output,,N56516,N56516,1,undetected,N56516,N56516,N56516,sa1,1
5514,N102713 /1 undetected,output,,N102713,N102713,1,undetected,N102713,N102713,N102713,sa1,1
5515,N99171 /1 undetected,output,,N99171,N99171,1,undetected,N99171,N99171,N99171,sa1,1
5516,N84370 /1 undetected,output,,N84370,N84370,1,undetected,N84370,N84370,N84370,sa1,1
5517,N91486 /1 undetected,output,,N91486,N91486,1,undetected,N91486,N91486,N91486,sa1,1
5518,N101628 /1 undetected,output,,N101628,N101628,1,undetected,N101628,N101628,N101628,sa1,1
5519,N81761 /1 undetected,output,,N81761,N81761,1,undetected,N81761,N81761,N81761,sa1,1
5520,N31993 /1 undetected,output,,N31993,N31993,1,undetected,N31993,N31993,N31993,sa1,1
5521,N113330 /1 undetected,output,,N113330,N113330,1,undetected,N113330,N113330,N113330,sa1,1
5522,N84573 /1 undetected,output,,N84573,N84573,1,undetected,N84573,N84573,N84573,sa1,1
5523,N113651 /1 undetected,output,,N113651,N113651,1,undetected,N113651,N113651,N113651,sa1,1
5524,N74835 /1 undetected,output,,N74835,N74835,1,undetected,N74835,N74835,N74835,sa1,1
5525,N89976 /1 undetected,output,,N89976,N89976,1,undetected,N89976,N89976,N89976,sa1,1
5526,N31919 /1 undetected,output,,N31919,N31919,1,undetected,N31919,N31919,N31919,sa1,1
5527,N85547 /1 undetected,output,,N85547,N85547,1,undetected,N85547,N85547,N85547,sa1,1
5528,N31918 /1 undetected,output,,N31918,N31918,1,undetected,N31918,N31918,N31918,sa1,1
5529,N96031 /1 undetected,output,,N96031,N96031,1,undetected,N96031,N96031,N96031,sa1,1
5530,N31916 /1 undetected,output,,N31916,N31916,1,undetected,N31916,N31916,N31916,sa1,1
5531,N113960 /1 undetected,output,,N113960,N113960,1,undetected,N113960,N113960,N113960,sa1,1
5532,N113669 /1 undetected,output,,N113669,N113669,1,undetected,N113669,N113669,N113669,sa1,1
5533,N113808 /1 undetected,output,,N113808,N113808,1,undetected,N113808,N113808,N113808,sa1,1
5534,N31906 /1 undetected,output,,N31906,N31906,1,undetected,N31906,N31906,N31906,sa1,1
5535,N113801 /1 undetected,output,,N113801,N113801,1,undetected,N113801,N113801,N113801,sa1,1
5536,N31902 /1 undetected,output,,N31902,N31902,1,undetected,N31902,N31902,N31902,sa1,1
5537,N31896 /1 undetected,output,,N31896,N31896,1,undetected,N31896,N31896,N31896,sa1,1
5538,N113957 /1 undetected,output,,N113957,N113957,1,undetected,N113957,N113957,N113957,sa1,1
5539,N31894 /1 undetected,output,,N31894,N31894,1,undetected,N31894,N31894,N31894,sa1,1
5540,N113964 /1 undetected,output,,N113964,N113964,1,undetected,N113964,N113964,N113964,sa1,1
5541,N113562 /1 undetected,output,,N113562,N113562,1,undetected,N113562,N113562,N113562,sa1,1
5542,N31981 /1 undetected,output,,N31981,N31981,1,undetected,N31981,N31981,N31981,sa1,1
5543,N31979 /1 undetected,output,,N31979,N31979,1,undetected,N31979,N31979,N31979,sa1,1
5544,N81753 /1 undetected,output,,N81753,N81753,1,undetected,N81753,N81753,N81753,sa1,1
5545,N31929 /1 undetected,output,,N31929,N31929,1,undetected,N31929,N31929,N31929,sa1,1
5546,N113967 /1 undetected,output,,N113967,N113967,1,undetected,N113967,N113967,N113967,sa1,1
5547,N31927 /1 undetected,output,,N31927,N31927,1,undetected,N31927,N31927,N31927,sa1,1
5548,N113965 /1 undetected,output,,N113965,N113965,1,undetected,N113965,N113965,N113965,sa1,1
5549,N31925 /1 undetected,output,,N31925,N31925,1,undetected,N31925,N31925,N31925,sa1,1
5550,N113956 /1 undetected,output,,N113956,N113956,1,undetected,N113956,N113956,N113956,sa1,1
5551,N105744 /1 undetected,output,,N105744,N105744,1,undetected,N105744,N105744,N105744,sa1,1
5552,N31945 /1 undetected,output,,N31945,N31945,1,undetected,N31945,N31945,N31945,sa1,1
5553,N113978 /1 undetected,output,,N113978,N113978,1,undetected,N113978,N113978,N113978,sa1,1
5554,N113973 /1 undetected,output,,N113973,N113973,1,undetected,N113973,N113973,N113973,sa1,1
5555,N31940 /1 undetected,output,,N31940,N31940,1,undetected,N31940,N31940,N31940,sa1,1
5556,N31938 /1 undetected,output,,N31938,N31938,1,undetected,N31938,N31938,N31938,sa1,1
5557,N85939 /1 undetected,output,,N85939,N85939,1,undetected,N85939,N85939,N85939,sa1,1
5558,N31937 /1 undetected,output,,N31937,N31937,1,undetected,N31937,N31937,N31937,sa1,1
5559,N113977 /1 undetected,output,,N113977,N113977,1,undetected,N113977,N113977,N113977,sa1,1
5560,N113824 /1 undetected,output,,N113824,N113824,1,undetected,N113824,N113824,N113824,sa1,1
5561,N113819 /1 undetected,output,,N113819,N113819,1,undetected,N113819,N113819,N113819,sa1,1
5562,N31931 /1 undetected,output,,N31931,N31931,1,undetected,N31931,N31931,N31931,sa1,1
5563,N31974 /1 undetected,output,,N31974,N31974,1,undetected,N31974,N31974,N31974,sa1,1
5564,N74834 /1 undetected,output,,N74834,N74834,1,undetected,N74834,N74834,N74834,sa1,1
5565,N112846 /1 undetected,output,,N112846,N112846,1,undetected,N112846,N112846,N112846,sa1,1
5566,N76668 /1 undetected,output,,N76668,N76668,1,undetected,N76668,N76668,N76668,sa1,1
5567,N31968 /1 undetected,output,,N31968,N31968,1,undetected,N31968,N31968,N31968,sa1,1
5568,N31966 /1 undetected,output,,N31966,N31966,1,undetected,N31966,N31966,N31966,sa1,1
5569,N81752 /1 undetected,output,,N81752,N81752,1,undetected,N81752,N81752,N81752,sa1,1
5570,N31965 /1 undetected,output,,N31965,N31965,1,undetected,N31965,N31965,N31965,sa1,1
5571,N31963 /1 undetected,output,,N31963,N31963,1,undetected,N31963,N31963,N31963,sa1,1
5572,N113979 /1 undetected,output,,N113979,N113979,1,undetected,N113979,N113979,N113979,sa1,1
5573,N31962 /1 undetected,output,,N31962,N31962,1,undetected,N31962,N31962,N31962,sa1,1
5574,N96032 /1 undetected,output,,N96032,N96032,1,undetected,N96032,N96032,N96032,sa1,1
5575,N31935 /1 undetected,output,,N31935,N31935,1,undetected,N31935,N31935,N31935,sa1,1
5576,N31960 /1 undetected,output,,N31960,N31960,1,undetected,N31960,N31960,N31960,sa1,1
5577,N113975 /1 undetected,output,,N113975,N113975,1,undetected,N113975,N113975,N113975,sa1,1
5578,N85940 /1 undetected,output,,N85940,N85940,1,undetected,N85940,N85940,N85940,sa1,1
5579,N31958 /1 undetected,output,,N31958,N31958,1,undetected,N31958,N31958,N31958,sa1,1
5580,N31956 /1 undetected,output,,N31956,N31956,1,undetected,N31956,N31956,N31956,sa1,1
5581,N113386 /1 undetected,output,,N113386,N113386,1,undetected,N113386,N113386,N113386,sa1,1
5582,N31955 /1 undetected,output,,N31955,N31955,1,undetected,N31955,N31955,N31955,sa1,1
5583,N113441 /1 undetected,output,,N113441,N113441,1,undetected,N113441,N113441,N113441,sa1,1
5584,N76667 /1 undetected,output,,N76667,N76667,1,undetected,N76667,N76667,N76667,sa1,1
5585,N31953 /1 undetected,output,,N31953,N31953,1,undetected,N31953,N31953,N31953,sa1,1
5586,N113963 /1 undetected,output,,N113963,N113963,1,undetected,N113963,N113963,N113963,sa1,1
5587,N31951 /1 undetected,output,,N31951,N31951,1,undetected,N31951,N31951,N31951,sa1,1
5588,N113354 /1 undetected,output,,N113354,N113354,1,undetected,N113354,N113354,N113354,sa1,1
5589,N31949 /1 undetected,output,,N31949,N31949,1,undetected,N31949,N31949,N31949,sa1,1
5590,N113958 /1 undetected,output,,N113958,N113958,1,undetected,N113958,N113958,N113958,sa1,1
5591,N113454 /1 undetected,output,,N113454,N113454,1,undetected,N113454,N113454,N113454,sa1,1
5592,N84572 /1 undetected,output,,N84572,N84572,1,undetected,N84572,N84572,N84572,sa1,1
5593,N89978 /1 undetected,output,,N89978,N89978,1,undetected,N89978,N89978,N89978,sa1,1
5594,N31872 /1 undetected,output,,N31872,N31872,1,undetected,N31872,N31872,N31872,sa1,1
5595,N101657 /1 undetected,output,,N101657,N101657,1,undetected,N101657,N101657,N101657,sa1,1
5596,N18811 /0 undetected,output,,N18811,N18811,0,undetected,N18811,N18811,N18811,sa0,1
5597,N98564 /1 undetected,output,,N98564,N98564,1,undetected,N98564,N98564,N98564,sa1,1
5598,N18808 /1 undetected,output,,N18808,N18808,1,undetected,N18808,N18808,N18808,sa1,1
5599,N84407 /1 undetected,output,,N84407,N84407,1,undetected,N84407,N84407,N84407,sa1,1
5600,N18804 /1 undetected,output,,N18804,N18804,1,undetected,N18804,N18804,N18804,sa1,1
5601,N95300 /1 undetected,output,,N95300,N95300,1,undetected,N95300,N95300,N95300,sa1,1
5602,N84942 /1 undetected,output,,N84942,N84942,1,undetected,N84942,N84942,N84942,sa1,1
5603,N18799 /1 undetected,output,,N18799,N18799,1,undetected,N18799,N18799,N18799,sa1,1
5604,N85082 /1 undetected,output,,N85082,N85082,1,undetected,N85082,N85082,N85082,sa1,1
5605,N18795 /1 undetected,output,,N18795,N18795,1,undetected,N18795,N18795,N18795,sa1,1
5606,N84510 /1 undetected,output,,N84510,N84510,1,undetected,N84510,N84510,N84510,sa1,1
5607,N97105 /1 undetected,output,,N97105,N97105,1,undetected,N97105,N97105,N97105,sa1,1
5608,N18791 /1 undetected,output,,N18791,N18791,1,undetected,N18791,N18791,N18791,sa1,1
5609,N18789 /1 undetected,output,,N18789,N18789,1,undetected,N18789,N18789,N18789,sa1,1
5610,N74902 /1 undetected,output,,N74902,N74902,1,undetected,N74902,N74902,N74902,sa1,1
5611,N98550 /1 undetected,output,,N98550,N98550,1,undetected,N98550,N98550,N98550,sa1,1
5612,N98540 /1 undetected,output,,N98540,N98540,1,undetected,N98540,N98540,N98540,sa1,1
5613,N84851 /1 undetected,output,,N84851,N84851,1,undetected,N84851,N84851,N84851,sa1,1
5614,N74922 /1 undetected,output,,N74922,N74922,1,undetected,N74922,N74922,N74922,sa1,1
5615,N91577 /1 undetected,output,,N91577,N91577,1,undetected,N91577,N91577,N91577,sa1,1
5616,N91559 /1 undetected,output,,N91559,N91559,1,undetected,N91559,N91559,N91559,sa1,1
5617,N84878 /1 undetected,output,,N84878,N84878,1,undetected,N84878,N84878,N84878,sa1,1
5618,N74972 /1 undetected,output,,N74972,N74972,1,undetected,N74972,N74972,N74972,sa1,1
5619,N75014 /1 undetected,output,,N75014,N75014,1,undetected,N75014,N75014,N75014,sa1,1
5620,N84977 /1 undetected,output,,N84977,N84977,1,undetected,N84977,N84977,N84977,sa1,1
5621,N84929 /1 undetected,output,,N84929,N84929,1,undetected,N84929,N84929,N84929,sa1,1
5622,N75013 /1 undetected,output,,N75013,N75013,1,undetected,N75013,N75013,N75013,sa1,1
5623,N84976 /1 undetected,output,,N84976,N84976,1,undetected,N84976,N84976,N84976,sa1,1
5624,N75076 /1 undetected,output,,N75076,N75076,1,undetected,N75076,N75076,N75076,sa1,1
5625,N85047 /1 undetected,output,,N85047,N85047,1,undetected,N85047,N85047,N85047,sa1,1
5626,N74568 /1 undetected,output,,N74568,N74568,1,undetected,N74568,N74568,N74568,sa1,1
5627,N92366 /1 undetected,output,,N92366,N92366,1,undetected,N92366,N92366,N92366,sa1,1
5628,N8800 /1 undetected,output,,N8800,N8800,1,undetected,N8800,N8800,N8800,sa1,1
5629,N8797 /1 undetected,output,,N8797,N8797,1,undetected,N8797,N8797,N8797,sa1,1
5630,N98595 /1 undetected,output,,N98595,N98595,1,undetected,N98595,N98595,N98595,sa1,1
5631,N86620 /1 undetected,output,,N86620,N86620,1,undetected,N86620,N86620,N86620,sa1,1
5632,N98714 /1 undetected,output,,N98714,N98714,1,undetected,N98714,N98714,N98714,sa1,1
5633,N94663 /1 undetected,output,,N94663,N94663,1,undetected,N94663,N94663,N94663,sa1,1
5634,N8794 /1 undetected,output,,N8794,N8794,1,undetected,N8794,N8794,N8794,sa1,1
5635,N98724 /1 undetected,output,,N98724,N98724,1,undetected,N98724,N98724,N98724,sa1,1
5636,N94654 /1 undetected,output,,N94654,N94654,1,undetected,N94654,N94654,N94654,sa1,1
5637,N85415 /1 undetected,output,,N85415,N85415,1,undetected,N85415,N85415,N85415,sa1,1
5638,N8789 /1 undetected,output,,N8789,N8789,1,undetected,N8789,N8789,N8789,sa1,1
5639,N98694 /1 undetected,output,,N98694,N98694,1,undetected,N98694,N98694,N98694,sa1,1
5640,N98713 /1 undetected,output,,N98713,N98713,1,undetected,N98713,N98713,N98713,sa1,1
5641,N94633 /1 undetected,output,,N94633,N94633,1,undetected,N94633,N94633,N94633,sa1,1
5642,N8784 /1 undetected,output,,N8784,N8784,1,undetected,N8784,N8784,N8784,sa1,1
5643,N98723 /1 undetected,output,,N98723,N98723,1,undetected,N98723,N98723,N98723,sa1,1
5644,N94629 /1 undetected,output,,N94629,N94629,1,undetected,N94629,N94629,N94629,sa1,1
5645,N92440 /1 undetected,output,,N92440,N92440,1,undetected,N92440,N92440,N92440,sa1,1
5646,N84418 /1 undetected,output,,N84418,N84418,1,undetected,N84418,N84418,N84418,sa1,1
5647,N84486 /1 undetected,output,,N84486,N84486,1,undetected,N84486,N84486,N84486,sa1,1
5648,N98671 /1 undetected,output,,N98671,N98671,1,undetected,N98671,N98671,N98671,sa1,1
5649,N8756 /1 undetected,output,,N8756,N8756,1,undetected,N8756,N8756,N8756,sa1,1
5650,N98704 /1 undetected,output,,N98704,N98704,1,undetected,N98704,N98704,N98704,sa1,1
5651,N98613 /1 undetected,output,,N98613,N98613,1,undetected,N98613,N98613,N98613,sa1,1
5652,N8748 /1 undetected,output,,N8748,N8748,1,undetected,N8748,N8748,N8748,sa1,1
5653,N98697 /1 undetected,output,,N98697,N98697,1,undetected,N98697,N98697,N98697,sa1,1
5654,N98680 /1 undetected,output,,N98680,N98680,1,undetected,N98680,N98680,N98680,sa1,1
5655,N98670 /1 undetected,output,,N98670,N98670,1,undetected,N98670,N98670,N98670,sa1,1
5656,N8742 /1 undetected,output,,N8742,N8742,1,undetected,N8742,N8742,N8742,sa1,1
5657,N94560 /1 undetected,output,,N94560,N94560,1,undetected,N94560,N94560,N94560,sa1,1
5658,N98669 /1 undetected,output,,N98669,N98669,1,undetected,N98669,N98669,N98669,sa1,1
5659,N8715 /1 undetected,output,,N8715,N8715,1,undetected,N8715,N8715,N8715,sa1,1
5660,N98681 /1 undetected,output,,N98681,N98681,1,undetected,N98681,N98681,N98681,sa1,1
5661,N98679 /1 undetected,output,,N98679,N98679,1,undetected,N98679,N98679,N98679,sa1,1
5662,N8706 /1 undetected,output,,N8706,N8706,1,undetected,N8706,N8706,N8706,sa1,1
5663,N98673 /1 undetected,output,,N98673,N98673,1,undetected,N98673,N98673,N98673,sa1,1
5664,N8704 /1 undetected,output,,N8704,N8704,1,undetected,N8704,N8704,N8704,sa1,1
5665,N98677 /1 undetected,output,,N98677,N98677,1,undetected,N98677,N98677,N98677,sa1,1
5666,N98611 /1 undetected,output,,N98611,N98611,1,undetected,N98611,N98611,N98611,sa1,1
5667,N8737 /1 undetected,output,,N8737,N8737,1,undetected,N8737,N8737,N8737,sa1,1
5668,N93460 /1 undetected,output,,N93460,N93460,1,undetected,N93460,N93460,N93460,sa1,1
5669,N8735 /1 undetected,output,,N8735,N8735,1,undetected,N8735,N8735,N8735,sa1,1
5670,N98691 /1 undetected,output,,N98691,N98691,1,undetected,N98691,N98691,N98691,sa1,1
5671,N8733 /1 undetected,output,,N8733,N8733,1,undetected,N8733,N8733,N8733,sa1,1
5672,N98603 /1 undetected,output,,N98603,N98603,1,undetected,N98603,N98603,N98603,sa1,1
5673,N8731 /1 undetected,output,,N8731,N8731,1,undetected,N8731,N8731,N8731,sa1,1
5674,N98695 /1 undetected,output,,N98695,N98695,1,undetected,N98695,N98695,N98695,sa1,1
5675,N98693 /1 undetected,output,,N98693,N98693,1,undetected,N98693,N98693,N98693,sa1,1
5676,N8725 /1 undetected,output,,N8725,N8725,1,undetected,N8725,N8725,N8725,sa1,1
5677,N93466 /1 undetected,output,,N93466,N93466,1,undetected,N93466,N93466,N93466,sa1,1
5678,N98664 /1 undetected,output,,N98664,N98664,1,undetected,N98664,N98664,N98664,sa1,1
5679,N74622 /1 undetected,output,,N74622,N74622,1,undetected,N74622,N74622,N74622,sa1,1
5680,N8691 /1 undetected,output,,N8691,N8691,1,undetected,N8691,N8691,N8691,sa1,1
5681,N98636 /1 undetected,output,,N98636,N98636,1,undetected,N98636,N98636,N98636,sa1,1
5682,N101662 /1 undetected,output,,N101662,N101662,1,undetected,N101662,N101662,N101662,sa1,1
5683,N101633 /1 undetected,output,,N101633,N101633,1,undetected,N101633,N101633,N101633,sa1,1
5684,N32463 /1 undetected,output,,N32463,N32463,1,undetected,N32463,N32463,N32463,sa1,1
5685,N114001 /1 undetected,output,,N114001,N114001,1,undetected,N114001,N114001,N114001,sa1,1
5686,N32458 /1 undetected,output,,N32458,N32458,1,undetected,N32458,N32458,N32458,sa1,1
5687,N90209 /1 undetected,output,,N90209,N90209,1,undetected,N90209,N90209,N90209,sa1,1
5688,N84582 /1 undetected,output,,N84582,N84582,1,undetected,N84582,N84582,N84582,sa1,1
5689,N32455 /1 undetected,output,,N32455,N32455,1,undetected,N32455,N32455,N32455,sa1,1
5690,N74840 /1 undetected,output,,N74840,N74840,1,undetected,N74840,N74840,N74840,sa1,1
5691,N32454 /1 undetected,output,,N32454,N32454,1,undetected,N32454,N32454,N32454,sa1,1
5692,N114032 /1 undetected,output,,N114032,N114032,1,undetected,N114032,N114032,N114032,sa1,1
5693,N81961 /1 undetected,output,,N81961,N81961,1,undetected,N81961,N81961,N81961,sa1,1
5694,N114025 /1 undetected,output,,N114025,N114025,1,undetected,N114025,N114025,N114025,sa1,1
5695,N85942 /1 undetected,output,,N85942,N85942,1,undetected,N85942,N85942,N85942,sa1,1
5696,N32444 /1 undetected,output,,N32444,N32444,1,undetected,N32444,N32444,N32444,sa1,1
5697,N114029 /1 undetected,output,,N114029,N114029,1,undetected,N114029,N114029,N114029,sa1,1
5698,N114021 /1 undetected,output,,N114021,N114021,1,undetected,N114021,N114021,N114021,sa1,1
5699,N113815 /1 undetected,output,,N113815,N113815,1,undetected,N113815,N113815,N113815,sa1,1
5700,N32439 /1 undetected,output,,N32439,N32439,1,undetected,N32439,N32439,N32439,sa1,1
5701,N114007 /1 undetected,output,,N114007,N114007,1,undetected,N114007,N114007,N114007,sa1,1
5702,N95940 /1 undetected,output,,N95940,N95940,1,undetected,N95940,N95940,N95940,sa1,1
5703,N32437 /1 undetected,output,,N32437,N32437,1,undetected,N32437,N32437,N32437,sa1,1
5704,N32435 /1 undetected,output,,N32435,N32435,1,undetected,N32435,N32435,N32435,sa1,1
5705,N113387 /1 undetected,output,,N113387,N113387,1,undetected,N113387,N113387,N113387,sa1,1
5706,N32434 /1 undetected,output,,N32434,N32434,1,undetected,N32434,N32434,N32434,sa1,1
5707,N113442 /1 undetected,output,,N113442,N113442,1,undetected,N113442,N113442,N113442,sa1,1
5708,N76709 /1 undetected,output,,N76709,N76709,1,undetected,N76709,N76709,N76709,sa1,1
5709,N32432 /1 undetected,output,,N32432,N32432,1,undetected,N32432,N32432,N32432,sa1,1
5710,N32430 /1 undetected,output,,N32430,N32430,1,undetected,N32430,N32430,N32430,sa1,1
5711,N85182 /1 undetected,output,,N85182,N85182,1,undetected,N85182,N85182,N85182,sa1,1
5712,N32429 /1 undetected,output,,N32429,N32429,1,undetected,N32429,N32429,N32429,sa1,1
5713,N114009 /1 undetected,output,,N114009,N114009,1,undetected,N114009,N114009,N114009,sa1,1
5714,N113367 /1 undetected,output,,N113367,N113367,1,undetected,N113367,N113367,N113367,sa1,1
5715,N32427 /1 undetected,output,,N32427,N32427,1,undetected,N32427,N32427,N32427,sa1,1
5716,N113355 /1 undetected,output,,N113355,N113355,1,undetected,N113355,N113355,N113355,sa1,1
5717,N32425 /1 undetected,output,,N32425,N32425,1,undetected,N32425,N32425,N32425,sa1,1
5718,N114005 /1 undetected,output,,N114005,N114005,1,undetected,N114005,N114005,N114005,sa1,1
5719,N113455 /1 undetected,output,,N113455,N113455,1,undetected,N113455,N113455,N113455,sa1,1
5720,N81970 /1 undetected,output,,N81970,N81970,1,undetected,N81970,N81970,N81970,sa1,1
5721,N84581 /1 undetected,output,,N84581,N84581,1,undetected,N84581,N84581,N84581,sa1,1
5722,N113653 /1 undetected,output,,N113653,N113653,1,undetected,N113653,N113653,N113653,sa1,1
5723,N32406 /1 undetected,output,,N32406,N32406,1,undetected,N32406,N32406,N32406,sa1,1
5724,N74839 /1 undetected,output,,N74839,N74839,1,undetected,N74839,N74839,N74839,sa1,1
5725,N32386 /1 undetected,output,,N32386,N32386,1,undetected,N32386,N32386,N32386,sa1,1
5726,N32384 /1 undetected,output,,N32384,N32384,1,undetected,N32384,N32384,N32384,sa1,1
5727,N81960 /1 undetected,output,,N81960,N81960,1,undetected,N81960,N81960,N81960,sa1,1
5728,N32359 /1 undetected,output,,N32359,N32359,1,undetected,N32359,N32359,N32359,sa1,1
5729,N32357 /1 undetected,output,,N32357,N32357,1,undetected,N32357,N32357,N32357,sa1,1
5730,N114017 /1 undetected,output,,N114017,N114017,1,undetected,N114017,N114017,N114017,sa1,1
5731,N32356 /1 undetected,output,,N32356,N32356,1,undetected,N32356,N32356,N32356,sa1,1
5732,N114013 /1 undetected,output,,N114013,N114013,1,undetected,N114013,N114013,N114013,sa1,1
5733,N105740 /1 undetected,output,,N105740,N105740,1,undetected,N105740,N105740,N105740,sa1,1
5734,N32348 /1 undetected,output,,N32348,N32348,1,undetected,N32348,N32348,N32348,sa1,1
5735,N32381 /1 undetected,output,,N32381,N32381,1,undetected,N32381,N32381,N32381,sa1,1
5736,N114026 /1 undetected,output,,N114026,N114026,1,undetected,N114026,N114026,N114026,sa1,1
5737,N114024 /1 undetected,output,,N114024,N114024,1,undetected,N114024,N114024,N114024,sa1,1
5738,N32370 /1 undetected,output,,N32370,N32370,1,undetected,N32370,N32370,N32370,sa1,1
5739,N32368 /1 undetected,output,,N32368,N32368,1,undetected,N32368,N32368,N32368,sa1,1
5740,N114022 /1 undetected,output,,N114022,N114022,1,undetected,N114022,N114022,N114022,sa1,1
5741,N113820 /1 undetected,output,,N113820,N113820,1,undetected,N113820,N113820,N113820,sa1,1
5742,N85549 /1 undetected,output,,N85549,N85549,1,undetected,N85549,N85549,N85549,sa1,1
5743,N114027 /1 undetected,output,,N114027,N114027,1,undetected,N114027,N114027,N114027,sa1,1
5744,N114028 /1 undetected,output,,N114028,N114028,1,undetected,N114028,N114028,N114028,sa1,1
5745,N114019 /1 undetected,output,,N114019,N114019,1,undetected,N114019,N114019,N114019,sa1,1
5746,N95963 /1 undetected,output,,N95963,N95963,1,undetected,N95963,N95963,N95963,sa1,1
5747,N32393 /1 undetected,output,,N32393,N32393,1,undetected,N32393,N32393,N32393,sa1,1
5748,N90203 /1 undetected,output,,N90203,N90203,1,undetected,N90203,N90203,N90203,sa1,1
5749,N32392 /1 undetected,output,,N32392,N32392,1,undetected,N32392,N32392,N32392,sa1,1
5750,N113802 /1 undetected,output,,N113802,N113802,1,undetected,N113802,N113802,N113802,sa1,1
5751,N32354 /1 undetected,output,,N32354,N32354,1,undetected,N32354,N32354,N32354,sa1,1
5752,N32388 /1 undetected,output,,N32388,N32388,1,undetected,N32388,N32388,N32388,sa1,1
5753,N114015 /1 undetected,output,,N114015,N114015,1,undetected,N114015,N114015,N114015,sa1,1
5754,N113563 /1 undetected,output,,N113563,N113563,1,undetected,N113563,N113563,N113563,sa1,1
5755,N32336 /1 undetected,output,,N32336,N32336,1,undetected,N32336,N32336,N32336,sa1,1
5756,N113309 /1 undetected,output,,N113309,N113309,1,undetected,N113309,N113309,N113309,sa1,1
5757,N74903 /1 undetected,output,,N74903,N74903,1,undetected,N74903,N74903,N74903,sa1,1
5758,N98551 /1 undetected,output,,N98551,N98551,1,undetected,N98551,N98551,N98551,sa1,1
5759,N98541 /1 undetected,output,,N98541,N98541,1,undetected,N98541,N98541,N98541,sa1,1
5760,N84852 /1 undetected,output,,N84852,N84852,1,undetected,N84852,N84852,N84852,sa1,1
5761,N74923 /1 undetected,output,,N74923,N74923,1,undetected,N74923,N74923,N74923,sa1,1
5762,N91578 /1 undetected,output,,N91578,N91578,1,undetected,N91578,N91578,N91578,sa1,1
5763,N91560 /1 undetected,output,,N91560,N91560,1,undetected,N91560,N91560,N91560,sa1,1
5764,N84879 /1 undetected,output,,N84879,N84879,1,undetected,N84879,N84879,N84879,sa1,1
5765,N74973 /1 undetected,output,,N74973,N74973,1,undetected,N74973,N74973,N74973,sa1,1
5766,N75016 /1 undetected,output,,N75016,N75016,1,undetected,N75016,N75016,N75016,sa1,1
5767,N84979 /1 undetected,output,,N84979,N84979,1,undetected,N84979,N84979,N84979,sa1,1
5768,N84930 /1 undetected,output,,N84930,N84930,1,undetected,N84930,N84930,N84930,sa1,1
5769,N75015 /1 undetected,output,,N75015,N75015,1,undetected,N75015,N75015,N75015,sa1,1
5770,N84978 /1 undetected,output,,N84978,N84978,1,undetected,N84978,N84978,N84978,sa1,1
5771,N75077 /1 undetected,output,,N75077,N75077,1,undetected,N75077,N75077,N75077,sa1,1
5772,N85048 /1 undetected,output,,N85048,N85048,1,undetected,N85048,N85048,N85048,sa1,1
5773,N74569 /1 undetected,output,,N74569,N74569,1,undetected,N74569,N74569,N74569,sa1,1
5774,N92441 /1 undetected,output,,N92441,N92441,1,undetected,N92441,N92441,N92441,sa1,1
5775,N92367 /1 undetected,output,,N92367,N92367,1,undetected,N92367,N92367,N92367,sa1,1
5776,N8995 /1 undetected,output,,N8995,N8995,1,undetected,N8995,N8995,N8995,sa1,1
5777,N86624 /1 undetected,output,,N86624,N86624,1,undetected,N86624,N86624,N86624,sa1,1
5778,N8991 /1 undetected,output,,N8991,N8991,1,undetected,N8991,N8991,N8991,sa1,1
5779,N8989 /1 undetected,output,,N8989,N8989,1,undetected,N8989,N8989,N8989,sa1,1
5780,N94664 /1 undetected,output,,N94664,N94664,1,undetected,N94664,N94664,N94664,sa1,1
5781,N8980 /1 undetected,output,,N8980,N8980,1,undetected,N8980,N8980,N8980,sa1,1
5782,N98755 /1 undetected,output,,N98755,N98755,1,undetected,N98755,N98755,N98755,sa1,1
5783,N98711 /1 undetected,output,,N98711,N98711,1,undetected,N98711,N98711,N98711,sa1,1
5784,N8988 /1 undetected,output,,N8988,N8988,1,undetected,N8988,N8988,N8988,sa1,1
5785,N98734 /1 undetected,output,,N98734,N98734,1,undetected,N98734,N98734,N98734,sa1,1
5786,N85829 /1 undetected,output,,N85829,N85829,1,undetected,N85829,N85829,N85829,sa1,1
5787,N8986 /1 undetected,output,,N8986,N8986,1,undetected,N8986,N8986,N8986,sa1,1
5788,N98721 /1 undetected,output,,N98721,N98721,1,undetected,N98721,N98721,N98721,sa1,1
5789,N8984 /1 undetected,output,,N8984,N8984,1,undetected,N8984,N8984,N8984,sa1,1
5790,N98745 /1 undetected,output,,N98745,N98745,1,undetected,N98745,N98745,N98745,sa1,1
5791,N94655 /1 undetected,output,,N94655,N94655,1,undetected,N94655,N94655,N94655,sa1,1
5792,N8981 /1 undetected,output,,N8981,N8981,1,undetected,N8981,N8981,N8981,sa1,1
5793,N85417 /1 undetected,output,,N85417,N85417,1,undetected,N85417,N85417,N85417,sa1,1
5794,N8979 /1 undetected,output,,N8979,N8979,1,undetected,N8979,N8979,N8979,sa1,1
5795,N98710 /1 undetected,output,,N98710,N98710,1,undetected,N98710,N98710,N98710,sa1,1
5796,N8977 /1 undetected,output,,N8977,N8977,1,undetected,N8977,N8977,N8977,sa1,1
5797,N98798 /1 undetected,output,,N98798,N98798,1,undetected,N98798,N98798,N98798,sa1,1
5798,N98763 /1 undetected,output,,N98763,N98763,1,undetected,N98763,N98763,N98763,sa1,1
5799,N8972 /1 undetected,output,,N8972,N8972,1,undetected,N8972,N8972,N8972,sa1,1
5800,N98794 /1 undetected,output,,N98794,N98794,1,undetected,N98794,N98794,N98794,sa1,1
5801,N8970 /1 undetected,output,,N8970,N8970,1,undetected,N8970,N8970,N8970,sa1,1
5802,N8968 /1 undetected,output,,N8968,N8968,1,undetected,N8968,N8968,N8968,sa1,1
5803,N98720 /1 undetected,output,,N98720,N98720,1,undetected,N98720,N98720,N98720,sa1,1
5804,N86285 /1 undetected,output,,N86285,N86285,1,undetected,N86285,N86285,N86285,sa1,1
5805,N8966 /1 undetected,output,,N8966,N8966,1,undetected,N8966,N8966,N8966,sa1,1
5806,N98709 /1 undetected,output,,N98709,N98709,1,undetected,N98709,N98709,N98709,sa1,1
5807,N76581 /1 undetected,output,,N76581,N76581,1,undetected,N76581,N76581,N76581,sa1,1
5808,N8964 /1 undetected,output,,N8964,N8964,1,undetected,N8964,N8964,N8964,sa1,1
5809,N84419 /1 undetected,output,,N84419,N84419,1,undetected,N84419,N84419,N84419,sa1,1
5810,N84487 /1 undetected,output,,N84487,N84487,1,undetected,N84487,N84487,N84487,sa1,1
5811,N98508 /1 undetected,output,,N98508,N98508,1,undetected,N98508,N98508,N98508,sa1,1
5812,N8947 /1 undetected,output,,N8947,N8947,1,undetected,N8947,N8947,N8947,sa1,1
5813,N98705 /1 undetected,output,,N98705,N98705,1,undetected,N98705,N98705,N98705,sa1,1
5814,N8945 /1 undetected,output,,N8945,N8945,1,undetected,N8945,N8945,N8945,sa1,1
5815,N98698 /1 undetected,output,,N98698,N98698,1,undetected,N98698,N98698,N98698,sa1,1
5816,N98790 /1 undetected,output,,N98790,N98790,1,undetected,N98790,N98790,N98790,sa1,1
5817,N98787 /1 undetected,output,,N98787,N98787,1,undetected,N98787,N98787,N98787,sa1,1
5818,N8940 /1 undetected,output,,N8940,N8940,1,undetected,N8940,N8940,N8940,sa1,1
5819,N94561 /1 undetected,output,,N94561,N94561,1,undetected,N94561,N94561,N94561,sa1,1
5820,N8935 /1 undetected,output,,N8935,N8935,1,undetected,N8935,N8935,N8935,sa1,1
5821,N93467 /1 undetected,output,,N93467,N93467,1,undetected,N93467,N93467,N93467,sa1,1
5822,N8932 /1 undetected,output,,N8932,N8932,1,undetected,N8932,N8932,N8932,sa1,1
5823,N93461 /1 undetected,output,,N93461,N93461,1,undetected,N93461,N93461,N93461,sa1,1
5824,N8930 /1 undetected,output,,N8930,N8930,1,undetected,N8930,N8930,N8930,sa1,1
5825,N98791 /1 undetected,output,,N98791,N98791,1,undetected,N98791,N98791,N98791,sa1,1
5826,N8928 /1 undetected,output,,N8928,N8928,1,undetected,N8928,N8928,N8928,sa1,1
5827,N98793 /1 undetected,output,,N98793,N98793,1,undetected,N98793,N98793,N98793,sa1,1
5828,N98696 /1 undetected,output,,N98696,N98696,1,undetected,N98696,N98696,N98696,sa1,1
5829,N98786 /1 undetected,output,,N98786,N98786,1,undetected,N98786,N98786,N98786,sa1,1
5830,N8921 /1 undetected,output,,N8921,N8921,1,undetected,N8921,N8921,N8921,sa1,1
5831,N98789 /1 undetected,output,,N98789,N98789,1,undetected,N98789,N98789,N98789,sa1,1
5832,N98682 /1 undetected,output,,N98682,N98682,1,undetected,N98682,N98682,N98682,sa1,1
5833,N8914 /1 undetected,output,,N8914,N8914,1,undetected,N8914,N8914,N8914,sa1,1
5834,N98675 /1 undetected,output,,N98675,N98675,1,undetected,N98675,N98675,N98675,sa1,1
5835,N8912 /1 undetected,output,,N8912,N8912,1,undetected,N8912,N8912,N8912,sa1,1
5836,N98742 /1 undetected,output,,N98742,N98742,1,undetected,N98742,N98742,N98742,sa1,1
5837,N98678 /1 undetected,output,,N98678,N98678,1,undetected,N98678,N98678,N98678,sa1,1
5838,N98780 /1 undetected,output,,N98780,N98780,1,undetected,N98780,N98780,N98780,sa1,1
5839,N74623 /1 undetected,output,,N74623,N74623,1,undetected,N74623,N74623,N74623,sa1,1
5840,N8901 /1 undetected,output,,N8901,N8901,1,undetected,N8901,N8901,N8901,sa1,1
5841,N98637 /1 undetected,output,,N98637,N98637,1,undetected,N98637,N98637,N98637,sa1,1
5842,N14130 /1 undetected,output,,N14130,N14130,1,undetected,N14130,N14130,N14130,sa1,1
5843,N87499 /1 undetected,output,,N87499,N87499,1,undetected,N87499,N87499,N87499,sa1,1
5844,N87503 /1 undetected,output,,N87503,N87503,1,undetected,N87503,N87503,N87503,sa1,1
5845,N12429 /1 undetected,output,,N12429,N12429,1,undetected,N12429,N12429,N12429,sa1,1
5846,N78642 /1 undetected,output,,N78642,N78642,1,undetected,N78642,N78642,N78642,sa1,1
5847,N103146 /1 undetected,output,,N103146,N103146,1,undetected,N103146,N103146,N103146,sa1,1
5848,N2800 /1 undetected,output,,N2800,N2800,1,undetected,N2800,N2800,N2800,sa1,1
5849,N91411 /1 undetected,output,,N91411,N91411,1,undetected,N91411,N91411,N91411,sa1,1
5850,N2787 /1 undetected,output,,N2787,N2787,1,undetected,N2787,N2787,N2787,sa1,1
5851,N84791 /1 undetected,output,,N84791,N84791,1,undetected,N84791,N84791,N84791,sa1,1
5852,N2783 /1 undetected,output,,N2783,N2783,1,undetected,N2783,N2783,N2783,sa1,1
5853,N2779 /1 undetected,output,,N2779,N2779,1,undetected,N2779,N2779,N2779,sa1,1
5854,N94776 /1 undetected,output,,N94776,N94776,1,undetected,N94776,N94776,N94776,sa1,1
5855,N84847 /1 undetected,output,,N84847,N84847,1,undetected,N84847,N84847,N84847,sa1,1
5856,N2773 /1 undetected,output,,N2773,N2773,1,undetected,N2773,N2773,N2773,sa1,1
5857,N91557 /1 undetected,output,,N91557,N91557,1,undetected,N91557,N91557,N91557,sa1,1
5858,N2769 /1 undetected,output,,N2769,N2769,1,undetected,N2769,N2769,N2769,sa1,1
5859,N94754 /1 undetected,output,,N94754,N94754,1,undetected,N94754,N94754,N94754,sa1,1
5860,N92452 /1 undetected,output,,N92452,N92452,1,undetected,N92452,N92452,N92452,sa1,1
5861,N2762 /1 undetected,output,,N2762,N2762,1,undetected,N2762,N2762,N2762,sa1,1
5862,N2654 /1 undetected,output,,N2654,N2654,1,undetected,N2654,N2654,N2654,sa1,1
5863,N92455 /1 undetected,output,,N92455,N92455,1,undetected,N92455,N92455,N92455,sa1,1
5864,N2653 /1 undetected,output,,N2653,N2653,1,undetected,N2653,N2653,N2653,sa1,1
5865,N74715 /1 undetected,output,,N74715,N74715,1,undetected,N74715,N74715,N74715,sa1,1
5866,N2649 /1 undetected,output,,N2649,N2649,1,undetected,N2649,N2649,N2649,sa1,1
5867,N94484 /1 undetected,output,,N94484,N94484,1,undetected,N94484,N94484,N94484,sa1,1
5868,N94530 /1 undetected,output,,N94530,N94530,1,undetected,N94530,N94530,N94530,sa1,1
5869,N2645 /1 undetected,output,,N2645,N2645,1,undetected,N2645,N2645,N2645,sa1,1
5870,N2620 /1 undetected,output,,N2620,N2620,1,undetected,N2620,N2620,N2620,sa1,1
5871,N93919 /1 undetected,output,,N93919,N93919,1,undetected,N93919,N93919,N93919,sa1,1
5872,N2513 /1 undetected,output,,N2513,N2513,1,undetected,N2513,N2513,N2513,sa1,1
5873,N84643 /1 undetected,output,,N84643,N84643,1,undetected,N84643,N84643,N84643,sa1,1
5874,N2507 /1 undetected,output,,N2507,N2507,1,undetected,N2507,N2507,N2507,sa1,1
5875,N85373 /1 undetected,output,,N85373,N85373,1,undetected,N85373,N85373,N85373,sa1,1
5876,N2506 /1 undetected,output,,N2506,N2506,1,undetected,N2506,N2506,N2506,sa1,1
5877,N93459 /1 undetected,output,,N93459,N93459,1,undetected,N93459,N93459,N93459,sa1,1
5878,N2503 /1 undetected,output,,N2503,N2503,1,undetected,N2503,N2503,N2503,sa1,1
5879,N93470 /1 undetected,output,,N93470,N93470,1,undetected,N93470,N93470,N93470,sa1,1
5880,N93248 /1 undetected,output,,N93248,N93248,1,undetected,N93248,N93248,N93248,sa1,1
5881,N2500 /1 undetected,output,,N2500,N2500,1,undetected,N2500,N2500,N2500,sa1,1
5882,N75406 /1 undetected,output,,N75406,N75406,1,undetected,N75406,N75406,N75406,sa1,1
5883,N2499 /1 undetected,output,,N2499,N2499,1,undetected,N2499,N2499,N2499,sa1,1
5884,N76420 /1 undetected,output,,N76420,N76420,1,undetected,N76420,N76420,N76420,sa1,1
5885,N2427 /1 undetected,output,,N2427,N2427,1,undetected,N2427,N2427,N2427,sa1,1
5886,N93247 /1 undetected,output,,N93247,N93247,1,undetected,N93247,N93247,N93247,sa1,1
5887,N92913 /1 undetected,output,,N92913,N92913,1,undetected,N92913,N92913,N92913,sa1,1
5888,N2496 /1 undetected,output,,N2496,N2496,1,undetected,N2496,N2496,N2496,sa1,1
5889,N76419 /1 undetected,output,,N76419,N76419,1,undetected,N76419,N76419,N76419,sa1,1
5890,N2494 /1 undetected,output,,N2494,N2494,1,undetected,N2494,N2494,N2494,sa1,1
5891,N2492 /1 undetected,output,,N2492,N2492,1,undetected,N2492,N2492,N2492,sa1,1
5892,N2490 /1 undetected,output,,N2490,N2490,1,undetected,N2490,N2490,N2490,sa1,1
5893,N93469 /1 undetected,output,,N93469,N93469,1,undetected,N93469,N93469,N93469,sa1,1
5894,N2453 /1 undetected,output,,N2453,N2453,1,undetected,N2453,N2453,N2453,sa1,1
5895,N93417 /1 undetected,output,,N93417,N93417,1,undetected,N93417,N93417,N93417,sa1,1
5896,N93245 /1 undetected,output,,N93245,N93245,1,undetected,N93245,N93245,N93245,sa1,1
5897,N2487 /1 undetected,output,,N2487,N2487,1,undetected,N2487,N2487,N2487,sa1,1
5898,N93465 /1 undetected,output,,N93465,N93465,1,undetected,N93465,N93465,N93465,sa1,1
5899,N93251 /1 undetected,output,,N93251,N93251,1,undetected,N93251,N93251,N93251,sa1,1
5900,N2480 /1 undetected,output,,N2480,N2480,1,undetected,N2480,N2480,N2480,sa1,1
5901,N93455 /1 undetected,output,,N93455,N93455,1,undetected,N93455,N93455,N93455,sa1,1
5902,N2476 /1 undetected,output,,N2476,N2476,1,undetected,N2476,N2476,N2476,sa1,1
5903,N93454 /1 undetected,output,,N93454,N93454,1,undetected,N93454,N93454,N93454,sa1,1
5904,N93439 /1 undetected,output,,N93439,N93439,1,undetected,N93439,N93439,N93439,sa1,1
5905,N74237 /1 undetected,output,,N74237,N74237,1,undetected,N74237,N74237,N74237,sa1,1
5906,N78622 /1 undetected,output,,N78622,N78622,1,undetected,N78622,N78622,N78622,sa1,1
5907,N94816 /1 undetected,output,,N94816,N94816,1,undetected,N94816,N94816,N94816,sa1,1
5908,N100196 /1 undetected,output,,N100196,N100196,1,undetected,N100196,N100196,N100196,sa1,1
5909,N99200 /1 undetected,output,,N99200,N99200,1,undetected,N99200,N99200,N99200,sa1,1
5910,N94815 /1 undetected,output,,N94815,N94815,1,undetected,N94815,N94815,N94815,sa1,1
5911,N12278 /1 undetected,output,,N12278,N12278,1,undetected,N12278,N12278,N12278,sa1,1
5912,N87390 /1 undetected,output,,N87390,N87390,1,undetected,N87390,N87390,N87390,sa1,1
5913,N12274 /1 undetected,output,,N12274,N12274,1,undetected,N12274,N12274,N12274,sa1,1
5914,N99186 /1 undetected,output,,N99186,N99186,1,undetected,N99186,N99186,N99186,sa1,1
5915,N12270 /1 undetected,output,,N12270,N12270,1,undetected,N12270,N12270,N12270,sa1,1
5916,N12269 /1 undetected,output,,N12269,N12269,1,undetected,N12269,N12269,N12269,sa1,1
5917,N100207 /1 undetected,output,,N100207,N100207,1,undetected,N100207,N100207,N100207,sa1,1
5918,N99864 /1 undetected,output,,N99864,N99864,1,undetected,N99864,N99864,N99864,sa1,1
5919,N12266 /1 undetected,output,,N12266,N12266,1,undetected,N12266,N12266,N12266,sa1,1
5920,N77956 /1 undetected,output,,N77956,N77956,1,undetected,N77956,N77956,N77956,sa1,1
5921,N12264 /1 undetected,output,,N12264,N12264,1,undetected,N12264,N12264,N12264,sa1,1
5922,N12262 /1 undetected,output,,N12262,N12262,1,undetected,N12262,N12262,N12262,sa1,1
5923,N12261 /1 undetected,output,,N12261,N12261,1,undetected,N12261,N12261,N12261,sa1,1
5924,N99920 /1 undetected,output,,N99920,N99920,1,undetected,N99920,N99920,N99920,sa1,1
5925,N12260 /1 undetected,output,,N12260,N12260,1,undetected,N12260,N12260,N12260,sa1,1
5926,N100064 /1 undetected,output,,N100064,N100064,1,undetected,N100064,N100064,N100064,sa1,1
5927,N12258 /1 undetected,output,,N12258,N12258,1,undetected,N12258,N12258,N12258,sa1,1
5928,N87231 /1 undetected,output,,N87231,N87231,1,undetected,N87231,N87231,N87231,sa1,1
5929,N10815 /1 undetected,output,,N10815,N10815,1,undetected,N10815,N10815,N10815,sa1,1
5930,N12257 /1 undetected,output,,N12257,N12257,1,undetected,N12257,N12257,N12257,sa1,1
5931,N100185 /1 undetected,output,,N100185,N100185,1,undetected,N100185,N100185,N100185,sa1,1
5932,N77982 /1 undetected,output,,N77982,N77982,1,undetected,N77982,N77982,N77982,sa1,1
5933,N12255 /1 undetected,output,,N12255,N12255,1,undetected,N12255,N12255,N12255,sa1,1
5934,N99572 /1 undetected,output,,N99572,N99572,1,undetected,N99572,N99572,N99572,sa1,1
5935,N12253 /1 undetected,output,,N12253,N12253,1,undetected,N12253,N12253,N12253,sa1,1
5936,N12251 /1 undetected,output,,N12251,N12251,1,undetected,N12251,N12251,N12251,sa1,1
5937,N100277 /1 undetected,output,,N100277,N100277,1,undetected,N100277,N100277,N100277,sa1,1
5938,N100184 /1 undetected,output,,N100184,N100184,1,undetected,N100184,N100184,N100184,sa1,1
5939,N12249 /1 undetected,output,,N12249,N12249,1,undetected,N12249,N12249,N12249,sa1,1
5940,N100063 /1 undetected,output,,N100063,N100063,1,undetected,N100063,N100063,N100063,sa1,1
5941,N12247 /1 undetected,output,,N12247,N12247,1,undetected,N12247,N12247,N12247,sa1,1
5942,N87230 /1 undetected,output,,N87230,N87230,1,undetected,N87230,N87230,N87230,sa1,1
5943,N12246 /1 undetected,output,,N12246,N12246,1,undetected,N12246,N12246,N12246,sa1,1
5944,N12244 /1 undetected,output,,N12244,N12244,1,undetected,N12244,N12244,N12244,sa1,1
5945,N78096 /1 undetected,output,,N78096,N78096,1,undetected,N78096,N78096,N78096,sa1,1
5946,N100195 /1 undetected,output,,N100195,N100195,1,undetected,N100195,N100195,N100195,sa1,1
5947,N78104 /1 undetected,output,,N78104,N78104,1,undetected,N78104,N78104,N78104,sa1,1
5948,N87280 /1 undetected,output,,N87280,N87280,1,undetected,N87280,N87280,N87280,sa1,1
5949,N12237 /1 undetected,output,,N12237,N12237,1,undetected,N12237,N12237,N12237,sa1,1
5950,N99463 /1 undetected,output,,N99463,N99463,1,undetected,N99463,N99463,N99463,sa1,1
5951,N11791 /1 undetected,output,,N11791,N11791,1,undetected,N11791,N11791,N11791,sa1,1
5952,N99458 /1 undetected,output,,N99458,N99458,1,undetected,N99458,N99458,N99458,sa1,1
5953,N12231 /1 undetected,output,,N12231,N12231,1,undetected,N12231,N12231,N12231,sa1,1
5954,N99863 /1 undetected,output,,N99863,N99863,1,undetected,N99863,N99863,N99863,sa1,1
5955,N77955 /1 undetected,output,,N77955,N77955,1,undetected,N77955,N77955,N77955,sa1,1
5956,N12227 /1 undetected,output,,N12227,N12227,1,undetected,N12227,N12227,N12227,sa1,1
5957,N12225 /1 undetected,output,,N12225,N12225,1,undetected,N12225,N12225,N12225,sa1,1
5958,N12224 /1 undetected,output,,N12224,N12224,1,undetected,N12224,N12224,N12224,sa1,1
5959,N100183 /1 undetected,output,,N100183,N100183,1,undetected,N100183,N100183,N100183,sa1,1
5960,N12222 /1 undetected,output,,N12222,N12222,1,undetected,N12222,N12222,N12222,sa1,1
5961,N87255 /1 undetected,output,,N87255,N87255,1,undetected,N87255,N87255,N87255,sa1,1
5962,N87182 /1 undetected,output,,N87182,N87182,1,undetected,N87182,N87182,N87182,sa1,1
5963,N12221 /1 undetected,output,,N12221,N12221,1,undetected,N12221,N12221,N12221,sa1,1
5964,N100187 /1 undetected,output,,N100187,N100187,1,undetected,N100187,N100187,N100187,sa1,1
5965,N12184 /1 undetected,output,,N12184,N12184,1,undetected,N12184,N12184,N12184,sa1,1
5966,N100274 /1 undetected,output,,N100274,N100274,1,undetected,N100274,N100274,N100274,sa1,1
5967,N12217 /1 undetected,output,,N12217,N12217,1,undetected,N12217,N12217,N12217,sa1,1
5968,N100061 /1 undetected,output,,N100061,N100061,1,undetected,N100061,N100061,N100061,sa1,1
5969,N12213 /1 undetected,output,,N12213,N12213,1,undetected,N12213,N12213,N12213,sa1,1
5970,N12212 /1 undetected,output,,N12212,N12212,1,undetected,N12212,N12212,N12212,sa1,1
5971,N12210 /1 undetected,output,,N12210,N12210,1,undetected,N12210,N12210,N12210,sa1,1
5972,N99396 /1 undetected,output,,N99396,N99396,1,undetected,N99396,N99396,N99396,sa1,1
5973,N12209 /1 undetected,output,,N12209,N12209,1,undetected,N12209,N12209,N12209,sa1,1
5974,N99362 /1 undetected,output,,N99362,N99362,1,undetected,N99362,N99362,N99362,sa1,1
5975,N84998 /1 undetected,output,,N84998,N84998,1,undetected,N84998,N84998,N84998,sa1,1
5976,N12207 /1 undetected,output,,N12207,N12207,1,undetected,N12207,N12207,N12207,sa1,1
5977,N77893 /1 undetected,output,,N77893,N77893,1,undetected,N77893,N77893,N77893,sa1,1
5978,N12206 /1 undetected,output,,N12206,N12206,1,undetected,N12206,N12206,N12206,sa1,1
5979,N12204 /1 undetected,output,,N12204,N12204,1,undetected,N12204,N12204,N12204,sa1,1
5980,N12203 /1 undetected,output,,N12203,N12203,1,undetected,N12203,N12203,N12203,sa1,1
5981,N99392 /1 undetected,output,,N99392,N99392,1,undetected,N99392,N99392,N99392,sa1,1
5982,N95113 /1 undetected,output,,N95113,N95113,1,undetected,N95113,N95113,N95113,sa1,1
5983,N12201 /1 undetected,output,,N12201,N12201,1,undetected,N12201,N12201,N12201,sa1,1
5984,N78077 /1 undetected,output,,N78077,N78077,1,undetected,N78077,N78077,N78077,sa1,1
5985,N12192 /1 undetected,output,,N12192,N12192,1,undetected,N12192,N12192,N12192,sa1,1
5986,N95112 /1 undetected,output,,N95112,N95112,1,undetected,N95112,N95112,N95112,sa1,1
5987,N12191 /1 undetected,output,,N12191,N12191,1,undetected,N12191,N12191,N12191,sa1,1
5988,N100086 /1 undetected,output,,N100086,N100086,1,undetected,N100086,N100086,N100086,sa1,1
5989,N99292 /1 undetected,output,,N99292,N99292,1,undetected,N99292,N99292,N99292,sa1,1
5990,N12199 /1 undetected,output,,N12199,N12199,1,undetected,N12199,N12199,N12199,sa1,1
5991,N12197 /1 undetected,output,,N12197,N12197,1,undetected,N12197,N12197,N12197,sa1,1
5992,N12195 /1 undetected,output,,N12195,N12195,1,undetected,N12195,N12195,N12195,sa1,1
5993,N99288 /1 undetected,output,,N99288,N99288,1,undetected,N99288,N99288,N99288,sa1,1
5994,N11611 /1 undetected,output,,N11611,N11611,1,undetected,N11611,N11611,N11611,sa1,1
5995,N100056 /1 undetected,output,,N100056,N100056,1,undetected,N100056,N100056,N100056,sa1,1
5996,N99961 /1 undetected,output,,N99961,N99961,1,undetected,N99961,N99961,N99961,sa1,1
5997,N11769 /1 undetected,output,,N11769,N11769,1,undetected,N11769,N11769,N11769,sa1,1
5998,N12193 /1 undetected,output,,N12193,N12193,1,undetected,N12193,N12193,N12193,sa1,1
5999,N12189 /1 undetected,output,,N12189,N12189,1,undetected,N12189,N12189,N12189,sa1,1
6000,N100178 /1 undetected,output,,N100178,N100178,1,undetected,N100178,N100178,N100178,sa1,1
6001,N12187 /1 undetected,output,,N12187,N12187,1,undetected,N12187,N12187,N12187,sa1,1
6002,N99287 /1 undetected,output,,N99287,N99287,1,undetected,N99287,N99287,N99287,sa1,1
6003,N95111 /1 undetected,output,,N95111,N95111,1,undetected,N95111,N95111,N95111,sa1,1
6004,N12185 /1 undetected,output,,N12185,N12185,1,undetected,N12185,N12185,N12185,sa1,1
6005,N87181 /1 undetected,output,,N87181,N87181,1,undetected,N87181,N87181,N87181,sa1,1
6006,N78076 /1 undetected,output,,N78076,N78076,1,undetected,N78076,N78076,N78076,sa1,1
6007,N12182 /1 undetected,output,,N12182,N12182,1,undetected,N12182,N12182,N12182,sa1,1
6008,N99663 /1 undetected,output,,N99663,N99663,1,undetected,N99663,N99663,N99663,sa1,1
6009,N12178 /1 undetected,output,,N12178,N12178,1,undetected,N12178,N12178,N12178,sa1,1
6010,N99588 /1 undetected,output,,N99588,N99588,1,undetected,N99588,N99588,N99588,sa1,1
6011,N12174 /1 undetected,output,,N12174,N12174,1,undetected,N12174,N12174,N12174,sa1,1
6012,N12172 /1 undetected,output,,N12172,N12172,1,undetected,N12172,N12172,N12172,sa1,1
6013,N99654 /1 undetected,output,,N99654,N99654,1,undetected,N99654,N99654,N99654,sa1,1
6014,N87180 /1 undetected,output,,N87180,N87180,1,undetected,N87180,N87180,N87180,sa1,1
6015,N12171 /1 undetected,output,,N12171,N12171,1,undetected,N12171,N12171,N12171,sa1,1
6016,N12169 /1 undetected,output,,N12169,N12169,1,undetected,N12169,N12169,N12169,sa1,1
6017,N99653 /1 undetected,output,,N99653,N99653,1,undetected,N99653,N99653,N99653,sa1,1
6018,N77892 /1 undetected,output,,N77892,N77892,1,undetected,N77892,N77892,N77892,sa1,1
6019,N12168 /1 undetected,output,,N12168,N12168,1,undetected,N12168,N12168,N12168,sa1,1
6020,N12166 /1 undetected,output,,N12166,N12166,1,undetected,N12166,N12166,N12166,sa1,1
6021,N100223 /1 undetected,output,,N100223,N100223,1,undetected,N100223,N100223,N100223,sa1,1
6022,N12164 /1 undetected,output,,N12164,N12164,1,undetected,N12164,N12164,N12164,sa1,1
6023,N100194 /1 undetected,output,,N100194,N100194,1,undetected,N100194,N100194,N100194,sa1,1
6024,N11860 /1 undetected,output,,N11860,N11860,1,undetected,N11860,N11860,N11860,sa1,1
6025,N12162 /1 undetected,output,,N12162,N12162,1,undetected,N12162,N12162,N12162,sa1,1
6026,N100227 /1 undetected,output,,N100227,N100227,1,undetected,N100227,N100227,N100227,sa1,1
6027,N12160 /1 undetected,output,,N12160,N12160,1,undetected,N12160,N12160,N12160,sa1,1
6028,N100193 /1 undetected,output,,N100193,N100193,1,undetected,N100193,N100193,N100193,sa1,1
6029,N11866 /1 undetected,output,,N11866,N11866,1,undetected,N11866,N11866,N11866,sa1,1
6030,N12158 /1 undetected,output,,N12158,N12158,1,undetected,N12158,N12158,N12158,sa1,1
6031,N100216 /1 undetected,output,,N100216,N100216,1,undetected,N100216,N100216,N100216,sa1,1
6032,N12154 /1 undetected,output,,N12154,N12154,1,undetected,N12154,N12154,N12154,sa1,1
6033,N100190 /1 undetected,output,,N100190,N100190,1,undetected,N100190,N100190,N100190,sa1,1
6034,N87228 /1 undetected,output,,N87228,N87228,1,undetected,N87228,N87228,N87228,sa1,1
6035,N11852 /1 undetected,output,,N11852,N11852,1,undetected,N11852,N11852,N11852,sa1,1
6036,N12152 /1 undetected,output,,N12152,N12152,1,undetected,N12152,N12152,N12152,sa1,1
6037,N99199 /1 undetected,output,,N99199,N99199,1,undetected,N99199,N99199,N99199,sa1,1
6038,N12148 /1 undetected,output,,N12148,N12148,1,undetected,N12148,N12148,N12148,sa1,1
6039,N12147 /1 undetected,output,,N12147,N12147,1,undetected,N12147,N12147,N12147,sa1,1
6040,N99468 /1 undetected,output,,N99468,N99468,1,undetected,N99468,N99468,N99468,sa1,1
6041,N100076 /1 undetected,output,,N100076,N100076,1,undetected,N100076,N100076,N100076,sa1,1
6042,N99462 /1 undetected,output,,N99462,N99462,1,undetected,N99462,N99462,N99462,sa1,1
6043,N12139 /1 undetected,output,,N12139,N12139,1,undetected,N12139,N12139,N12139,sa1,1
6044,N99457 /1 undetected,output,,N99457,N99457,1,undetected,N99457,N99457,N99457,sa1,1
6045,N12138 /1 undetected,output,,N12138,N12138,1,undetected,N12138,N12138,N12138,sa1,1
6046,N87179 /1 undetected,output,,N87179,N87179,1,undetected,N87179,N87179,N87179,sa1,1
6047,N12135 /1 undetected,output,,N12135,N12135,1,undetected,N12135,N12135,N12135,sa1,1
6048,N12133 /1 undetected,output,,N12133,N12133,1,undetected,N12133,N12133,N12133,sa1,1
6049,N99862 /1 undetected,output,,N99862,N99862,1,undetected,N99862,N99862,N99862,sa1,1
6050,N12131 /1 undetected,output,,N12131,N12131,1,undetected,N12131,N12131,N12131,sa1,1
6051,N77954 /1 undetected,output,,N77954,N77954,1,undetected,N77954,N77954,N77954,sa1,1
6052,N12129 /1 undetected,output,,N12129,N12129,1,undetected,N12129,N12129,N12129,sa1,1
6053,N12127 /1 undetected,output,,N12127,N12127,1,undetected,N12127,N12127,N12127,sa1,1
6054,N12126 /1 undetected,output,,N12126,N12126,1,undetected,N12126,N12126,N12126,sa1,1
6055,N12012 /1 undetected,output,,N12012,N12012,1,undetected,N12012,N12012,N12012,sa1,1
6056,N100255 /1 undetected,output,,N100255,N100255,1,undetected,N100255,N100255,N100255,sa1,1
6057,N100092 /1 undetected,output,,N100092,N100092,1,undetected,N100092,N100092,N100092,sa1,1
6058,N12005 /1 undetected,output,,N12005,N12005,1,undetected,N12005,N12005,N12005,sa1,1
6059,N12124 /1 undetected,output,,N12124,N12124,1,undetected,N12124,N12124,N12124,sa1,1
6060,N100251 /1 undetected,output,,N100251,N100251,1,undetected,N100251,N100251,N100251,sa1,1
6061,N12122 /1 undetected,output,,N12122,N12122,1,undetected,N12122,N12122,N12122,sa1,1
6062,N100082 /1 undetected,output,,N100082,N100082,1,undetected,N100082,N100082,N100082,sa1,1
6063,N12120 /1 undetected,output,,N12120,N12120,1,undetected,N12120,N12120,N12120,sa1,1
6064,N85210 /1 undetected,output,,N85210,N85210,1,undetected,N85210,N85210,N85210,sa1,1
6065,N10294 /1 undetected,output,,N10294,N10294,1,undetected,N10294,N10294,N10294,sa1,1
6066,N12118 /1 undetected,output,,N12118,N12118,1,undetected,N12118,N12118,N12118,sa1,1
6067,N91728 /1 undetected,output,,N91728,N91728,1,undetected,N91728,N91728,N91728,sa1,1
6068,N12116 /1 undetected,output,,N12116,N12116,1,undetected,N12116,N12116,N12116,sa1,1
6069,N12114 /1 undetected,output,,N12114,N12114,1,undetected,N12114,N12114,N12114,sa1,1
6070,N12112 /1 undetected,output,,N12112,N12112,1,undetected,N12112,N12112,N12112,sa1,1
6071,N84496 /1 undetected,output,,N84496,N84496,1,undetected,N84496,N84496,N84496,sa1,1
6072,N12110 /1 undetected,output,,N12110,N12110,1,undetected,N12110,N12110,N12110,sa1,1
6073,N12108 /1 undetected,output,,N12108,N12108,1,undetected,N12108,N12108,N12108,sa1,1
6074,N12106 /1 undetected,output,,N12106,N12106,1,undetected,N12106,N12106,N12106,sa1,1
6075,N74753 /1 undetected,output,,N74753,N74753,1,undetected,N74753,N74753,N74753,sa1,1
6076,N12105 /1 undetected,output,,N12105,N12105,1,undetected,N12105,N12105,N12105,sa1,1
6077,N12103 /1 undetected,output,,N12103,N12103,1,undetected,N12103,N12103,N12103,sa1,1
6078,N12101 /1 undetected,output,,N12101,N12101,1,undetected,N12101,N12101,N12101,sa1,1
6079,N94511 /1 undetected,output,,N94511,N94511,1,undetected,N94511,N94511,N94511,sa1,1
6080,N12100 /1 undetected,output,,N12100,N12100,1,undetected,N12100,N12100,N12100,sa1,1
6081,N100272 /1 undetected,output,,N100272,N100272,1,undetected,N100272,N100272,N100272,sa1,1
6082,N94386 /1 undetected,output,,N94386,N94386,1,undetected,N94386,N94386,N94386,sa1,1
6083,N12098 /1 undetected,output,,N12098,N12098,1,undetected,N12098,N12098,N12098,sa1,1
6084,N100270 /1 undetected,output,,N100270,N100270,1,undetected,N100270,N100270,N100270,sa1,1
6085,N94304 /1 undetected,output,,N94304,N94304,1,undetected,N94304,N94304,N94304,sa1,1
6086,N12096 /1 undetected,output,,N12096,N12096,1,undetected,N12096,N12096,N12096,sa1,1
6087,N100243 /1 undetected,output,,N100243,N100243,1,undetected,N100243,N100243,N100243,sa1,1
6088,N100021 /1 undetected,output,,N100021,N100021,1,undetected,N100021,N100021,N100021,sa1,1
6089,N12094 /1 undetected,output,,N12094,N12094,1,undetected,N12094,N12094,N12094,sa1,1
6090,N100237 /1 undetected,output,,N100237,N100237,1,undetected,N100237,N100237,N100237,sa1,1
6091,N12092 /1 undetected,output,,N12092,N12092,1,undetected,N12092,N12092,N12092,sa1,1
6092,N12090 /1 undetected,output,,N12090,N12090,1,undetected,N12090,N12090,N12090,sa1,1
6093,N94133 /1 undetected,output,,N94133,N94133,1,undetected,N94133,N94133,N94133,sa1,1
6094,N12089 /1 undetected,output,,N12089,N12089,1,undetected,N12089,N12089,N12089,sa1,1
6095,N100271 /1 undetected,output,,N100271,N100271,1,undetected,N100271,N100271,N100271,sa1,1
6096,N93830 /1 undetected,output,,N93830,N93830,1,undetected,N93830,N93830,N93830,sa1,1
6097,N12086 /1 undetected,output,,N12086,N12086,1,undetected,N12086,N12086,N12086,sa1,1
6098,N100269 /1 undetected,output,,N100269,N100269,1,undetected,N100269,N100269,N100269,sa1,1
6099,N93758 /1 undetected,output,,N93758,N93758,1,undetected,N93758,N93758,N93758,sa1,1
6100,N11958 /1 undetected,output,,N11958,N11958,1,undetected,N11958,N11958,N11958,sa1,1
6101,N100246 /1 undetected,output,,N100246,N100246,1,undetected,N100246,N100246,N100246,sa1,1
6102,N100098 /1 undetected,output,,N100098,N100098,1,undetected,N100098,N100098,N100098,sa1,1
6103,N11910 /1 undetected,output,,N11910,N11910,1,undetected,N11910,N11910,N11910,sa1,1
6104,N84432 /1 undetected,output,,N84432,N84432,1,undetected,N84432,N84432,N84432,sa1,1
6105,N11908 /1 undetected,output,,N11908,N11908,1,undetected,N11908,N11908,N11908,sa1,1
6106,N99298 /1 undetected,output,,N99298,N99298,1,undetected,N99298,N99298,N99298,sa1,1
6107,N74631 /1 undetected,output,,N74631,N74631,1,undetected,N74631,N74631,N74631,sa1,1
6108,N12083 /1 undetected,output,,N12083,N12083,1,undetected,N12083,N12083,N12083,sa1,1
6109,N100013 /1 undetected,output,,N100013,N100013,1,undetected,N100013,N100013,N100013,sa1,1
6110,N99304 /1 undetected,output,,N99304,N99304,1,undetected,N99304,N99304,N99304,sa1,1
6111,N11888 /1 undetected,output,,N11888,N11888,1,undetected,N11888,N11888,N11888,sa1,1
6112,N99216 /1 undetected,output,,N99216,N99216,1,undetected,N99216,N99216,N99216,sa1,1
6113,N11885 /1 undetected,output,,N11885,N11885,1,undetected,N11885,N11885,N11885,sa1,1
6114,N12081 /1 undetected,output,,N12081,N12081,1,undetected,N12081,N12081,N12081,sa1,1
6115,N77891 /1 undetected,output,,N77891,N77891,1,undetected,N77891,N77891,N77891,sa1,1
6116,N99858 /1 undetected,output,,N99858,N99858,1,undetected,N99858,N99858,N99858,sa1,1
6117,N12076 /1 undetected,output,,N12076,N12076,1,undetected,N12076,N12076,N12076,sa1,1
6118,N11890 /1 undetected,output,,N11890,N11890,1,undetected,N11890,N11890,N11890,sa1,1
6119,N77953 /1 undetected,output,,N77953,N77953,1,undetected,N77953,N77953,N77953,sa1,1
6120,N12072 /1 undetected,output,,N12072,N12072,1,undetected,N12072,N12072,N12072,sa1,1
6121,N12070 /1 undetected,output,,N12070,N12070,1,undetected,N12070,N12070,N12070,sa1,1
6122,N100264 /1 undetected,output,,N100264,N100264,1,undetected,N100264,N100264,N100264,sa1,1
6123,N12068 /1 undetected,output,,N12068,N12068,1,undetected,N12068,N12068,N12068,sa1,1
6124,N12066 /1 undetected,output,,N12066,N12066,1,undetected,N12066,N12066,N12066,sa1,1
6125,N12065 /1 undetected,output,,N12065,N12065,1,undetected,N12065,N12065,N12065,sa1,1
6126,N12063 /1 undetected,output,,N12063,N12063,1,undetected,N12063,N12063,N12063,sa1,1
6127,N84996 /1 undetected,output,,N84996,N84996,1,undetected,N84996,N84996,N84996,sa1,1
6128,N12008 /1 undetected,output,,N12008,N12008,1,undetected,N12008,N12008,N12008,sa1,1
6129,N75087 /1 undetected,output,,N75087,N75087,1,undetected,N75087,N75087,N75087,sa1,1
6130,N12007 /1 undetected,output,,N12007,N12007,1,undetected,N12007,N12007,N12007,sa1,1
6131,N99408 /1 undetected,output,,N99408,N99408,1,undetected,N99408,N99408,N99408,sa1,1
6132,N92628 /1 undetected,output,,N92628,N92628,1,undetected,N92628,N92628,N92628,sa1,1
6133,N11995 /1 undetected,output,,N11995,N11995,1,undetected,N11995,N11995,N11995,sa1,1
6134,N12062 /1 undetected,output,,N12062,N12062,1,undetected,N12062,N12062,N12062,sa1,1
6135,N100253 /1 undetected,output,,N100253,N100253,1,undetected,N100253,N100253,N100253,sa1,1
6136,N12060 /1 undetected,output,,N12060,N12060,1,undetected,N12060,N12060,N12060,sa1,1
6137,N100081 /1 undetected,output,,N100081,N100081,1,undetected,N100081,N100081,N100081,sa1,1
6138,N12058 /1 undetected,output,,N12058,N12058,1,undetected,N12058,N12058,N12058,sa1,1
6139,N85209 /1 undetected,output,,N85209,N85209,1,undetected,N85209,N85209,N85209,sa1,1
6140,N10392 /1 undetected,output,,N10392,N10392,1,undetected,N10392,N10392,N10392,sa1,1
6141,N12056 /1 undetected,output,,N12056,N12056,1,undetected,N12056,N12056,N12056,sa1,1
6142,N91727 /1 undetected,output,,N91727,N91727,1,undetected,N91727,N91727,N91727,sa1,1
6143,N12054 /1 undetected,output,,N12054,N12054,1,undetected,N12054,N12054,N12054,sa1,1
6144,N12052 /1 undetected,output,,N12052,N12052,1,undetected,N12052,N12052,N12052,sa1,1
6145,N100150 /1 undetected,output,,N100150,N100150,1,undetected,N100150,N100150,N100150,sa1,1
6146,N99414 /1 undetected,output,,N99414,N99414,1,undetected,N99414,N99414,N99414,sa1,1
6147,N12050 /1 undetected,output,,N12050,N12050,1,undetected,N12050,N12050,N12050,sa1,1
6148,N12048 /1 undetected,output,,N12048,N12048,1,undetected,N12048,N12048,N12048,sa1,1
6149,N92459 /1 undetected,output,,N92459,N92459,1,undetected,N92459,N92459,N92459,sa1,1
6150,N12047 /1 undetected,output,,N12047,N12047,1,undetected,N12047,N12047,N12047,sa1,1
6151,N12045 /1 undetected,output,,N12045,N12045,1,undetected,N12045,N12045,N12045,sa1,1
6152,N74752 /1 undetected,output,,N74752,N74752,1,undetected,N74752,N74752,N74752,sa1,1
6153,N12035 /1 undetected,output,,N12035,N12035,1,undetected,N12035,N12035,N12035,sa1,1
6154,N100245 /1 undetected,output,,N100245,N100245,1,undetected,N100245,N100245,N100245,sa1,1
6155,N12033 /1 undetected,output,,N12033,N12033,1,undetected,N12033,N12033,N12033,sa1,1
6156,N12031 /1 undetected,output,,N12031,N12031,1,undetected,N12031,N12031,N12031,sa1,1
6157,N94510 /1 undetected,output,,N94510,N94510,1,undetected,N94510,N94510,N94510,sa1,1
6158,N12030 /1 undetected,output,,N12030,N12030,1,undetected,N12030,N12030,N12030,sa1,1
6159,N100265 /1 undetected,output,,N100265,N100265,1,undetected,N100265,N100265,N100265,sa1,1
6160,N94385 /1 undetected,output,,N94385,N94385,1,undetected,N94385,N94385,N94385,sa1,1
6161,N12028 /1 undetected,output,,N12028,N12028,1,undetected,N12028,N12028,N12028,sa1,1
6162,N100267 /1 undetected,output,,N100267,N100267,1,undetected,N100267,N100267,N100267,sa1,1
6163,N94303 /1 undetected,output,,N94303,N94303,1,undetected,N94303,N94303,N94303,sa1,1
6164,N12044 /1 undetected,output,,N12044,N12044,1,undetected,N12044,N12044,N12044,sa1,1
6165,N12042 /1 undetected,output,,N12042,N12042,1,undetected,N12042,N12042,N12042,sa1,1
6166,N12040 /1 undetected,output,,N12040,N12040,1,undetected,N12040,N12040,N12040,sa1,1
6167,N94132 /1 undetected,output,,N94132,N94132,1,undetected,N94132,N94132,N94132,sa1,1
6168,N12039 /1 undetected,output,,N12039,N12039,1,undetected,N12039,N12039,N12039,sa1,1
6169,N100266 /1 undetected,output,,N100266,N100266,1,undetected,N100266,N100266,N100266,sa1,1
6170,N93829 /1 undetected,output,,N93829,N93829,1,undetected,N93829,N93829,N93829,sa1,1
6171,N12037 /1 undetected,output,,N12037,N12037,1,undetected,N12037,N12037,N12037,sa1,1
6172,N100268 /1 undetected,output,,N100268,N100268,1,undetected,N100268,N100268,N100268,sa1,1
6173,N93757 /1 undetected,output,,N93757,N93757,1,undetected,N93757,N93757,N93757,sa1,1
6174,N11921 /1 undetected,output,,N11921,N11921,1,undetected,N11921,N11921,N11921,sa1,1
6175,N75510 /1 undetected,output,,N75510,N75510,1,undetected,N75510,N75510,N75510,sa1,1
6176,N11920 /1 undetected,output,,N11920,N11920,1,undetected,N11920,N11920,N11920,sa1,1
6177,N99405 /1 undetected,output,,N99405,N99405,1,undetected,N99405,N99405,N99405,sa1,1
6178,N94148 /1 undetected,output,,N94148,N94148,1,undetected,N94148,N94148,N94148,sa1,1
6179,N11962 /1 undetected,output,,N11962,N11962,1,undetected,N11962,N11962,N11962,sa1,1
6180,N100231 /1 undetected,output,,N100231,N100231,1,undetected,N100231,N100231,N100231,sa1,1
6181,N12017 /1 undetected,output,,N12017,N12017,1,undetected,N12017,N12017,N12017,sa1,1
6182,N12015 /1 undetected,output,,N12015,N12015,1,undetected,N12015,N12015,N12015,sa1,1
6183,N12014 /1 undetected,output,,N12014,N12014,1,undetected,N12014,N12014,N12014,sa1,1
6184,N12010 /1 undetected,output,,N12010,N12010,1,undetected,N12010,N12010,N12010,sa1,1
6185,N100259 /1 undetected,output,,N100259,N100259,1,undetected,N100259,N100259,N100259,sa1,1
6186,N11999 /1 undetected,output,,N11999,N11999,1,undetected,N11999,N11999,N11999,sa1,1
6187,N99411 /1 undetected,output,,N99411,N99411,1,undetected,N99411,N99411,N99411,sa1,1
6188,N96994 /1 undetected,output,,N96994,N96994,1,undetected,N96994,N96994,N96994,sa1,1
6189,N11997 /1 undetected,output,,N11997,N11997,1,undetected,N11997,N11997,N11997,sa1,1
6190,N100257 /1 undetected,output,,N100257,N100257,1,undetected,N100257,N100257,N100257,sa1,1
6191,N100254 /1 undetected,output,,N100254,N100254,1,undetected,N100254,N100254,N100254,sa1,1
6192,N11989 /1 undetected,output,,N11989,N11989,1,undetected,N11989,N11989,N11989,sa1,1
6193,N11987 /1 undetected,output,,N11987,N11987,1,undetected,N11987,N11987,N11987,sa1,1
6194,N100080 /1 undetected,output,,N100080,N100080,1,undetected,N100080,N100080,N100080,sa1,1
6195,N11900 /1 undetected,output,,N11900,N11900,1,undetected,N11900,N11900,N11900,sa1,1
6196,N100233 /1 undetected,output,,N100233,N100233,1,undetected,N100233,N100233,N100233,sa1,1
6197,N85208 /1 undetected,output,,N85208,N85208,1,undetected,N85208,N85208,N85208,sa1,1
6198,N11985 /1 undetected,output,,N11985,N11985,1,undetected,N11985,N11985,N11985,sa1,1
6199,N11983 /1 undetected,output,,N11983,N11983,1,undetected,N11983,N11983,N11983,sa1,1
6200,N11979 /1 undetected,output,,N11979,N11979,1,undetected,N11979,N11979,N11979,sa1,1
6201,N91726 /1 undetected,output,,N91726,N91726,1,undetected,N91726,N91726,N91726,sa1,1
6202,N11973 /1 undetected,output,,N11973,N11973,1,undetected,N11973,N11973,N11973,sa1,1
6203,N11969 /1 undetected,output,,N11969,N11969,1,undetected,N11969,N11969,N11969,sa1,1
6204,N84495 /1 undetected,output,,N84495,N84495,1,undetected,N84495,N84495,N84495,sa1,1
6205,N11967 /1 undetected,output,,N11967,N11967,1,undetected,N11967,N11967,N11967,sa1,1
6206,N11965 /1 undetected,output,,N11965,N11965,1,undetected,N11965,N11965,N11965,sa1,1
6207,N100249 /1 undetected,output,,N100249,N100249,1,undetected,N100249,N100249,N100249,sa1,1
6208,N11963 /1 undetected,output,,N11963,N11963,1,undetected,N11963,N11963,N11963,sa1,1
6209,N100247 /1 undetected,output,,N100247,N100247,1,undetected,N100247,N100247,N100247,sa1,1
6210,N100096 /1 undetected,output,,N100096,N100096,1,undetected,N100096,N100096,N100096,sa1,1
6211,N11954 /1 undetected,output,,N11954,N11954,1,undetected,N11954,N11954,N11954,sa1,1
6212,N11952 /1 undetected,output,,N11952,N11952,1,undetected,N11952,N11952,N11952,sa1,1
6213,N74751 /1 undetected,output,,N74751,N74751,1,undetected,N74751,N74751,N74751,sa1,1
6214,N11934 /1 undetected,output,,N11934,N11934,1,undetected,N11934,N11934,N11934,sa1,1
6215,N11932 /1 undetected,output,,N11932,N11932,1,undetected,N11932,N11932,N11932,sa1,1
6216,N11930 /1 undetected,output,,N11930,N11930,1,undetected,N11930,N11930,N11930,sa1,1
6217,N94131 /1 undetected,output,,N94131,N94131,1,undetected,N94131,N94131,N94131,sa1,1
6218,N11929 /1 undetected,output,,N11929,N11929,1,undetected,N11929,N11929,N11929,sa1,1
6219,N100238 /1 undetected,output,,N100238,N100238,1,undetected,N100238,N100238,N100238,sa1,1
6220,N93828 /1 undetected,output,,N93828,N93828,1,undetected,N93828,N93828,N93828,sa1,1
6221,N11927 /1 undetected,output,,N11927,N11927,1,undetected,N11927,N11927,N11927,sa1,1
6222,N100240 /1 undetected,output,,N100240,N100240,1,undetected,N100240,N100240,N100240,sa1,1
6223,N93756 /1 undetected,output,,N93756,N93756,1,undetected,N93756,N93756,N93756,sa1,1
6224,N11923 /1 undetected,output,,N11923,N11923,1,undetected,N11923,N11923,N11923,sa1,1
6225,N11918 /1 undetected,output,,N11918,N11918,1,undetected,N11918,N11918,N11918,sa1,1
6226,N11914 /1 undetected,output,,N11914,N11914,1,undetected,N11914,N11914,N11914,sa1,1
6227,N99410 /1 undetected,output,,N99410,N99410,1,undetected,N99410,N99410,N99410,sa1,1
6228,N75508 /1 undetected,output,,N75508,N75508,1,undetected,N75508,N75508,N75508,sa1,1
6229,N11951 /1 undetected,output,,N11951,N11951,1,undetected,N11951,N11951,N11951,sa1,1
6230,N11949 /1 undetected,output,,N11949,N11949,1,undetected,N11949,N11949,N11949,sa1,1
6231,N11947 /1 undetected,output,,N11947,N11947,1,undetected,N11947,N11947,N11947,sa1,1
6232,N94509 /1 undetected,output,,N94509,N94509,1,undetected,N94509,N94509,N94509,sa1,1
6233,N11944 /1 undetected,output,,N11944,N11944,1,undetected,N11944,N11944,N11944,sa1,1
6234,N100239 /1 undetected,output,,N100239,N100239,1,undetected,N100239,N100239,N100239,sa1,1
6235,N94384 /1 undetected,output,,N94384,N94384,1,undetected,N94384,N94384,N94384,sa1,1
6236,N11946 /1 undetected,output,,N11946,N11946,1,undetected,N11946,N11946,N11946,sa1,1
6237,N100241 /1 undetected,output,,N100241,N100241,1,undetected,N100241,N100241,N100241,sa1,1
6238,N94302 /1 undetected,output,,N94302,N94302,1,undetected,N94302,N94302,N94302,sa1,1
6239,N11942 /1 undetected,output,,N11942,N11942,1,undetected,N11942,N11942,N11942,sa1,1
6240,N100242 /1 undetected,output,,N100242,N100242,1,undetected,N100242,N100242,N100242,sa1,1
6241,N11940 /1 undetected,output,,N11940,N11940,1,undetected,N11940,N11940,N11940,sa1,1
6242,N11912 /1 undetected,output,,N11912,N11912,1,undetected,N11912,N11912,N11912,sa1,1
6243,N11909 /1 undetected,output,,N11909,N11909,1,undetected,N11909,N11909,N11909,sa1,1
6244,N92493 /1 undetected,output,,N92493,N92493,1,undetected,N92493,N92493,N92493,sa1,1
6245,N11906 /1 undetected,output,,N11906,N11906,1,undetected,N11906,N11906,N11906,sa1,1
6246,N99301 /1 undetected,output,,N99301,N99301,1,undetected,N99301,N99301,N99301,sa1,1
6247,N84431 /1 undetected,output,,N84431,N84431,1,undetected,N84431,N84431,N84431,sa1,1
6248,N11904 /1 undetected,output,,N11904,N11904,1,undetected,N11904,N11904,N11904,sa1,1
6249,N99409 /1 undetected,output,,N99409,N99409,1,undetected,N99409,N99409,N99409,sa1,1
6250,N84430 /1 undetected,output,,N84430,N84430,1,undetected,N84430,N84430,N84430,sa1,1
6251,N11902 /1 undetected,output,,N11902,N11902,1,undetected,N11902,N11902,N11902,sa1,1
6252,N11898 /1 undetected,output,,N11898,N11898,1,undetected,N11898,N11898,N11898,sa1,1
6253,N92263 /1 undetected,output,,N92263,N92263,1,undetected,N92263,N92263,N92263,sa1,1
6254,N11896 /1 undetected,output,,N11896,N11896,1,undetected,N11896,N11896,N11896,sa1,1
6255,N100005 /1 undetected,output,,N100005,N100005,1,undetected,N100005,N100005,N100005,sa1,1
6256,N11895 /1 undetected,output,,N11895,N11895,1,undetected,N11895,N11895,N11895,sa1,1
6257,N99964 /1 undetected,output,,N99964,N99964,1,undetected,N99964,N99964,N99964,sa1,1
6258,N11894 /1 undetected,output,,N11894,N11894,1,undetected,N11894,N11894,N11894,sa1,1
6259,N92376 /1 undetected,output,,N92376,N92376,1,undetected,N92376,N92376,N92376,sa1,1
6260,N75199 /1 undetected,output,,N75199,N75199,1,undetected,N75199,N75199,N75199,sa1,1
6261,N11893 /1 undetected,output,,N11893,N11893,1,undetected,N11893,N11893,N11893,sa1,1
6262,N100232 /1 undetected,output,,N100232,N100232,1,undetected,N100232,N100232,N100232,sa1,1
6263,N74578 /1 undetected,output,,N74578,N74578,1,undetected,N74578,N74578,N74578,sa1,1
6264,N11883 /1 undetected,output,,N11883,N11883,1,undetected,N11883,N11883,N11883,sa1,1
6265,N99662 /1 undetected,output,,N99662,N99662,1,undetected,N99662,N99662,N99662,sa1,1
6266,N11879 /1 undetected,output,,N11879,N11879,1,undetected,N11879,N11879,N11879,sa1,1
6267,N11876 /1 undetected,output,,N11876,N11876,1,undetected,N11876,N11876,N11876,sa1,1
6268,N100215 /1 undetected,output,,N100215,N100215,1,undetected,N100215,N100215,N100215,sa1,1
6269,N77981 /1 undetected,output,,N77981,N77981,1,undetected,N77981,N77981,N77981,sa1,1
6270,N11874 /1 undetected,output,,N11874,N11874,1,undetected,N11874,N11874,N11874,sa1,1
6271,N11872 /1 undetected,output,,N11872,N11872,1,undetected,N11872,N11872,N11872,sa1,1
6272,N11871 /1 undetected,output,,N11871,N11871,1,undetected,N11871,N11871,N11871,sa1,1
6273,N100214 /1 undetected,output,,N100214,N100214,1,undetected,N100214,N100214,N100214,sa1,1
6274,N77890 /1 undetected,output,,N77890,N77890,1,undetected,N77890,N77890,N77890,sa1,1
6275,N11870 /1 undetected,output,,N11870,N11870,1,undetected,N11870,N11870,N11870,sa1,1
6276,N11864 /1 undetected,output,,N11864,N11864,1,undetected,N11864,N11864,N11864,sa1,1
6277,N11858 /1 undetected,output,,N11858,N11858,1,undetected,N11858,N11858,N11858,sa1,1
6278,N11856 /1 undetected,output,,N11856,N11856,1,undetected,N11856,N11856,N11856,sa1,1
6279,N11850 /1 undetected,output,,N11850,N11850,1,undetected,N11850,N11850,N11850,sa1,1
6280,N78103 /1 undetected,output,,N78103,N78103,1,undetected,N78103,N78103,N78103,sa1,1
6281,N100157 /1 undetected,output,,N100157,N100157,1,undetected,N100157,N100157,N100157,sa1,1
6282,N78095 /1 undetected,output,,N78095,N78095,1,undetected,N78095,N78095,N78095,sa1,1
6283,N11842 /1 undetected,output,,N11842,N11842,1,undetected,N11842,N11842,N11842,sa1,1
6284,N87262 /1 undetected,output,,N87262,N87262,1,undetected,N87262,N87262,N87262,sa1,1
6285,N11841 /1 undetected,output,,N11841,N11841,1,undetected,N11841,N11841,N11841,sa1,1
6286,N11837 /1 undetected,output,,N11837,N11837,1,undetected,N11837,N11837,N11837,sa1,1
6287,N11839 /1 undetected,output,,N11839,N11839,1,undetected,N11839,N11839,N11839,sa1,1
6288,N100205 /1 undetected,output,,N100205,N100205,1,undetected,N100205,N100205,N100205,sa1,1
6289,N11833 /1 undetected,output,,N11833,N11833,1,undetected,N11833,N11833,N11833,sa1,1
6290,N100156 /1 undetected,output,,N100156,N100156,1,undetected,N100156,N100156,N100156,sa1,1
6291,N11829 /1 undetected,output,,N11829,N11829,1,undetected,N11829,N11829,N11829,sa1,1
6292,N78090 /1 undetected,output,,N78090,N78090,1,undetected,N78090,N78090,N78090,sa1,1
6293,N11825 /1 undetected,output,,N11825,N11825,1,undetected,N11825,N11825,N11825,sa1,1
6294,N99499 /1 undetected,output,,N99499,N99499,1,undetected,N99499,N99499,N99499,sa1,1
6295,N100202 /1 undetected,output,,N100202,N100202,1,undetected,N100202,N100202,N100202,sa1,1
6296,N100071 /1 undetected,output,,N100071,N100071,1,undetected,N100071,N100071,N100071,sa1,1
6297,N11820 /1 undetected,output,,N11820,N11820,1,undetected,N11820,N11820,N11820,sa1,1
6298,N100155 /1 undetected,output,,N100155,N100155,1,undetected,N100155,N100155,N100155,sa1,1
6299,N11816 /1 undetected,output,,N11816,N11816,1,undetected,N11816,N11816,N11816,sa1,1
6300,N78089 /1 undetected,output,,N78089,N78089,1,undetected,N78089,N78089,N78089,sa1,1
6301,N99501 /1 undetected,output,,N99501,N99501,1,undetected,N99501,N99501,N99501,sa1,1
6302,N100199 /1 undetected,output,,N100199,N100199,1,undetected,N100199,N100199,N100199,sa1,1
6303,N100070 /1 undetected,output,,N100070,N100070,1,undetected,N100070,N100070,N100070,sa1,1
6304,N78447 /1 undetected,output,,N78447,N78447,1,undetected,N78447,N78447,N78447,sa1,1
6305,N11806 /1 undetected,output,,N11806,N11806,1,undetected,N11806,N11806,N11806,sa1,1
6306,N99185 /1 undetected,output,,N99185,N99185,1,undetected,N99185,N99185,N99185,sa1,1
6307,N11802 /1 undetected,output,,N11802,N11802,1,undetected,N11802,N11802,N11802,sa1,1
6308,N11397 /1 undetected,output,,N11397,N11397,1,undetected,N11397,N11397,N11397,sa1,1
6309,N11800 /1 undetected,output,,N11800,N11800,1,undetected,N11800,N11800,N11800,sa1,1
6310,N99661 /1 undetected,output,,N99661,N99661,1,undetected,N99661,N99661,N99661,sa1,1
6311,N11796 /1 undetected,output,,N11796,N11796,1,undetected,N11796,N11796,N11796,sa1,1
6312,N100067 /1 undetected,output,,N100067,N100067,1,undetected,N100067,N100067,N100067,sa1,1
6313,N11794 /1 undetected,output,,N11794,N11794,1,undetected,N11794,N11794,N11794,sa1,1
6314,N99755 /1 undetected,output,,N99755,N99755,1,undetected,N99755,N99755,N99755,sa1,1
6315,N99705 /1 undetected,output,,N99705,N99705,1,undetected,N99705,N99705,N99705,sa1,1
6316,N11793 /1 undetected,output,,N11793,N11793,1,undetected,N11793,N11793,N11793,sa1,1
6317,N100198 /1 undetected,output,,N100198,N100198,1,undetected,N100198,N100198,N100198,sa1,1
6318,N99758 /1 undetected,output,,N99758,N99758,1,undetected,N99758,N99758,N99758,sa1,1
6319,N99198 /1 undetected,output,,N99198,N99198,1,undetected,N99198,N99198,N99198,sa1,1
6320,N99669 /1 undetected,output,,N99669,N99669,1,undetected,N99669,N99669,N99669,sa1,1
6321,N11755 /1 undetected,output,,N11755,N11755,1,undetected,N11755,N11755,N11755,sa1,1
6322,N11754 /1 undetected,output,,N11754,N11754,1,undetected,N11754,N11754,N11754,sa1,1
6323,N99754 /1 undetected,output,,N99754,N99754,1,undetected,N99754,N99754,N99754,sa1,1
6324,N11747 /1 undetected,output,,N11747,N11747,1,undetected,N11747,N11747,N11747,sa1,1
6325,N78075 /1 undetected,output,,N78075,N78075,1,undetected,N78075,N78075,N78075,sa1,1
6326,N11746 /1 undetected,output,,N11746,N11746,1,undetected,N11746,N11746,N11746,sa1,1
6327,N11185 /1 undetected,output,,N11185,N11185,1,undetected,N11185,N11185,N11185,sa1,1
6328,N99698 /1 undetected,output,,N99698,N99698,1,undetected,N99698,N99698,N99698,sa1,1
6329,N87223 /1 undetected,output,,N87223,N87223,1,undetected,N87223,N87223,N87223,sa1,1
6330,N11744 /1 undetected,output,,N11744,N11744,1,undetected,N11744,N11744,N11744,sa1,1
6331,N11742 /1 undetected,output,,N11742,N11742,1,undetected,N11742,N11742,N11742,sa1,1
6332,N100075 /1 undetected,output,,N100075,N100075,1,undetected,N100075,N100075,N100075,sa1,1
6333,N99700 /1 undetected,output,,N99700,N99700,1,undetected,N99700,N99700,N99700,sa1,1
6334,N11740 /1 undetected,output,,N11740,N11740,1,undetected,N11740,N11740,N11740,sa1,1
6335,N99757 /1 undetected,output,,N99757,N99757,1,undetected,N99757,N99757,N99757,sa1,1
6336,N11402 /1 undetected,output,,N11402,N11402,1,undetected,N11402,N11402,N11402,sa1,1
6337,N99586 /1 undetected,output,,N99586,N99586,1,undetected,N99586,N99586,N99586,sa1,1
6338,N10545 /1 undetected,output,,N10545,N10545,1,undetected,N10545,N10545,N10545,sa1,1
6339,N99438 /1 undetected,output,,N99438,N99438,1,undetected,N99438,N99438,N99438,sa1,1
6340,N83715 /1 undetected,output,,N83715,N83715,1,undetected,N83715,N83715,N83715,sa1,1
6341,N10528 /1 undetected,output,,N10528,N10528,1,undetected,N10528,N10528,N10528,sa1,1
6342,N99456 /1 undetected,output,,N99456,N99456,1,undetected,N99456,N99456,N99456,sa1,1
6343,N77884 /1 undetected,output,,N77884,N77884,1,undetected,N77884,N77884,N77884,sa1,1
6344,N87218 /1 undetected,output,,N87218,N87218,1,undetected,N87218,N87218,N87218,sa1,1
6345,N10317 /1 undetected,output,,N10317,N10317,1,undetected,N10317,N10317,N10317,sa1,1
6346,N87178 /1 undetected,output,,N87178,N87178,1,undetected,N87178,N87178,N87178,sa1,1
6347,N10310 /1 undetected,output,,N10310,N10310,1,undetected,N10310,N10310,N10310,sa1,1
6348,N99223 /1 undetected,output,,N99223,N99223,1,undetected,N99223,N99223,N99223,sa1,1
6349,N10299 /1 undetected,output,,N10299,N10299,1,undetected,N10299,N10299,N10299,sa1,1
6350,N99214 /1 undetected,output,,N99214,N99214,1,undetected,N99214,N99214,N99214,sa1,1
6351,N58375 /0 undetected,output,,N58375,N58375,0,undetected,N58375,N58375,N58375,sa0,1
6352,N98565 /1 undetected,output,,N98565,N98565,1,undetected,N98565,N98565,N98565,sa1,1
6353,N58372 /1 undetected,output,,N58372,N58372,1,undetected,N58372,N58372,N58372,sa1,1
6354,N84872 /1 undetected,output,,N84872,N84872,1,undetected,N84872,N84872,N84872,sa1,1
6355,N58368 /1 undetected,output,,N58368,N58368,1,undetected,N58368,N58368,N58368,sa1,1
6356,N105040 /1 undetected,output,,N105040,N105040,1,undetected,N105040,N105040,N105040,sa1,1
6357,N58364 /1 undetected,output,,N58364,N58364,1,undetected,N58364,N58364,N58364,sa1,1
6358,N121195 /1 undetected,output,,N121195,N121195,1,undetected,N121195,N121195,N121195,sa1,1
6359,N94614 /1 undetected,output,,N94614,N94614,1,undetected,N94614,N94614,N94614,sa1,1
6360,N78640 /1 undetected,output,,N78640,N78640,1,undetected,N78640,N78640,N78640,sa1,1
6361,N103749 /1 undetected,output,,N103749,N103749,1,undetected,N103749,N103749,N103749,sa1,1
6362,N56846 /0 undetected,output,,N56846,N56846,0,undetected,N56846,N56846,N56846,sa0,1
6363,N105048 /1 undetected,output,,N105048,N105048,1,undetected,N105048,N105048,N105048,sa1,1
6364,N56843 /1 undetected,output,,N56843,N56843,1,undetected,N56843,N56843,N56843,sa1,1
6365,N84371 /1 undetected,output,,N84371,N84371,1,undetected,N84371,N84371,N84371,sa1,1
6366,N98562 /1 undetected,output,,N98562,N98562,1,undetected,N98562,N98562,N98562,sa1,1
6367,N56839 /1 undetected,output,,N56839,N56839,1,undetected,N56839,N56839,N56839,sa1,1
6368,N56835 /1 undetected,output,,N56835,N56835,1,undetected,N56835,N56835,N56835,sa1,1
6369,N95304 /1 undetected,output,,N95304,N95304,1,undetected,N95304,N95304,N95304,sa1,1
6370,N94777 /1 undetected,output,,N94777,N94777,1,undetected,N94777,N94777,N94777,sa1,1
6371,N56834 /1 undetected,output,,N56834,N56834,1,undetected,N56834,N56834,N56834,sa1,1
6372,N91576 /1 undetected,output,,N91576,N91576,1,undetected,N91576,N91576,N91576,sa1,1
6373,N56830 /1 undetected,output,,N56830,N56830,1,undetected,N56830,N56830,N56830,sa1,1
6374,N94613 /1 undetected,output,,N94613,N94613,1,undetected,N94613,N94613,N94613,sa1,1
6375,N56826 /1 undetected,output,,N56826,N56826,1,undetected,N56826,N56826,N56826,sa1,1
6376,N97790 /1 undetected,output,,N97790,N97790,1,undetected,N97790,N97790,N97790,sa1,1
6377,N56821 /1 undetected,output,,N56821,N56821,1,undetected,N56821,N56821,N56821,sa1,1
6378,N56819 /1 undetected,output,,N56819,N56819,1,undetected,N56819,N56819,N56819,sa1,1
6379,N56817 /1 undetected,output,,N56817,N56817,1,undetected,N56817,N56817,N56817,sa1,1
6380,N101721 /1 undetected,output,,N101721,N101721,1,undetected,N101721,N101721,N101721,sa1,1
6381,N94580 /1 undetected,output,,N94580,N94580,1,undetected,N94580,N94580,N94580,sa1,1
6382,N56816 /1 undetected,output,,N56816,N56816,1,undetected,N56816,N56816,N56816,sa1,1
6383,N121220 /1 undetected,output,,N121220,N121220,1,undetected,N121220,N121220,N121220,sa1,1
6384,N56814 /1 undetected,output,,N56814,N56814,1,undetected,N56814,N56814,N56814,sa1,1
6385,N95160 /1 undetected,output,,N95160,N95160,1,undetected,N95160,N95160,N95160,sa1,1
6386,N94079 /1 undetected,output,,N94079,N94079,1,undetected,N94079,N94079,N94079,sa1,1
6387,N56809 /1 undetected,output,,N56809,N56809,1,undetected,N56809,N56809,N56809,sa1,1
6388,N98447 /1 undetected,output,,N98447,N98447,1,undetected,N98447,N98447,N98447,sa1,1
6389,N84638 /1 undetected,output,,N84638,N84638,1,undetected,N84638,N84638,N84638,sa1,1
6390,N56808 /1 undetected,output,,N56808,N56808,1,undetected,N56808,N56808,N56808,sa1,1
6391,N56804 /1 undetected,output,,N56804,N56804,1,undetected,N56804,N56804,N56804,sa1,1
6392,N84336 /1 undetected,output,,N84336,N84336,1,undetected,N84336,N84336,N84336,sa1,1
6393,N56803 /1 undetected,output,,N56803,N56803,1,undetected,N56803,N56803,N56803,sa1,1
6394,N87720 /1 undetected,output,,N87720,N87720,1,undetected,N87720,N87720,N87720,sa1,1
6395,N56801 /1 undetected,output,,N56801,N56801,1,undetected,N56801,N56801,N56801,sa1,1
6396,N96503 /1 undetected,output,,N96503,N96503,1,undetected,N96503,N96503,N96503,sa1,1
6397,N56797 /1 undetected,output,,N56797,N56797,1,undetected,N56797,N56797,N56797,sa1,1
6398,N96179 /1 undetected,output,,N96179,N96179,1,undetected,N96179,N96179,N96179,sa1,1
6399,N105029 /1 undetected,output,,N105029,N105029,1,undetected,N105029,N105029,N105029,sa1,1
6400,N56793 /1 undetected,output,,N56793,N56793,1,undetected,N56793,N56793,N56793,sa1,1
6401,N105027 /1 undetected,output,,N105027,N105027,1,undetected,N105027,N105027,N105027,sa1,1
6402,N92097 /1 undetected,output,,N92097,N92097,1,undetected,N92097,N92097,N92097,sa1,1
6403,N56789 /1 undetected,output,,N56789,N56789,1,undetected,N56789,N56789,N56789,sa1,1
6404,N96206 /1 undetected,output,,N96206,N96206,1,undetected,N96206,N96206,N96206,sa1,1
6405,N96216 /1 undetected,output,,N96216,N96216,1,undetected,N96216,N96216,N96216,sa1,1
6406,N56785 /1 undetected,output,,N56785,N56785,1,undetected,N56785,N56785,N56785,sa1,1
6407,N96229 /1 undetected,output,,N96229,N96229,1,undetected,N96229,N96229,N96229,sa1,1
6408,N96326 /1 undetected,output,,N96326,N96326,1,undetected,N96326,N96326,N96326,sa1,1
6409,N56781 /1 undetected,output,,N56781,N56781,1,undetected,N56781,N56781,N56781,sa1,1
6410,N105025 /1 undetected,output,,N105025,N105025,1,undetected,N105025,N105025,N105025,sa1,1
6411,N96290 /1 undetected,output,,N96290,N96290,1,undetected,N96290,N96290,N96290,sa1,1
6412,N56777 /1 undetected,output,,N56777,N56777,1,undetected,N56777,N56777,N56777,sa1,1
6413,N96238 /1 undetected,output,,N96238,N96238,1,undetected,N96238,N96238,N96238,sa1,1
6414,N93136 /1 undetected,output,,N93136,N93136,1,undetected,N93136,N93136,N93136,sa1,1
6415,N56773 /1 undetected,output,,N56773,N56773,1,undetected,N56773,N56773,N56773,sa1,1
6416,N93079 /1 undetected,output,,N93079,N93079,1,undetected,N93079,N93079,N93079,sa1,1
6417,N96278 /1 undetected,output,,N96278,N96278,1,undetected,N96278,N96278,N96278,sa1,1
6418,N56769 /1 undetected,output,,N56769,N56769,1,undetected,N56769,N56769,N56769,sa1,1
6419,N56767 /1 undetected,output,,N56767,N56767,1,undetected,N56767,N56767,N56767,sa1,1
6420,N96245 /1 undetected,output,,N96245,N96245,1,undetected,N96245,N96245,N96245,sa1,1
6421,N93099 /1 undetected,output,,N93099,N93099,1,undetected,N93099,N93099,N93099,sa1,1
6422,N84041 /1 undetected,output,,N84041,N84041,1,undetected,N84041,N84041,N84041,sa1,1
6423,N3316 /1 undetected,output,,N3316,N3316,1,undetected,N3316,N3316,N3316,sa1,1
6424,N84283 /1 undetected,output,,N84283,N84283,1,undetected,N84283,N84283,N84283,sa1,1
6425,N53534 /1 undetected,output,,N53534,N53534,1,undetected,N53534,N53534,N53534,sa1,1
6426,N101641 /1 undetected,output,,N101641,N101641,1,undetected,N101641,N101641,N101641,sa1,1
6427,N53533 /1 undetected,output,,N53533,N53533,1,undetected,N53533,N53533,N53533,sa1,1
6428,N120387 /1 undetected,output,,N120387,N120387,1,undetected,N120387,N120387,N120387,sa1,1
6429,N106223 /1 undetected,output,,N106223,N106223,1,undetected,N106223,N106223,N106223,sa1,1
6430,N84632 /1 undetected,output,,N84632,N84632,1,undetected,N84632,N84632,N84632,sa1,1
6431,N112182 /1 undetected,output,,N112182,N112182,1,undetected,N112182,N112182,N112182,sa1,1
6432,N53523 /1 undetected,output,,N53523,N53523,1,undetected,N53523,N53523,N53523,sa1,1
6433,N120390 /1 undetected,output,,N120390,N120390,1,undetected,N120390,N120390,N120390,sa1,1
6434,N74861 /1 undetected,output,,N74861,N74861,1,undetected,N74861,N74861,N74861,sa1,1
6435,N75637 /1 undetected,output,,N75637,N75637,1,undetected,N75637,N75637,N75637,sa1,1
6436,N53513 /1 undetected,output,,N53513,N53513,1,undetected,N53513,N53513,N53513,sa1,1
6437,N120404 /1 undetected,output,,N120404,N120404,1,undetected,N120404,N120404,N120404,sa1,1
6438,N120398 /1 undetected,output,,N120398,N120398,1,undetected,N120398,N120398,N120398,sa1,1
6439,N75985 /1 undetected,output,,N75985,N75985,1,undetected,N75985,N75985,N75985,sa1,1
6440,N75183 /1 undetected,output,,N75183,N75183,1,undetected,N75183,N75183,N75183,sa1,1
6441,N53505 /1 undetected,output,,N53505,N53505,1,undetected,N53505,N53505,N53505,sa1,1
6442,N120402 /1 undetected,output,,N120402,N120402,1,undetected,N120402,N120402,N120402,sa1,1
6443,N120252 /1 undetected,output,,N120252,N120252,1,undetected,N120252,N120252,N120252,sa1,1
6444,N85195 /1 undetected,output,,N85195,N85195,1,undetected,N85195,N85195,N85195,sa1,1
6445,N53499 /1 undetected,output,,N53499,N53499,1,undetected,N53499,N53499,N53499,sa1,1
6446,N53497 /1 undetected,output,,N53497,N53497,1,undetected,N53497,N53497,N53497,sa1,1
6447,N120389 /1 undetected,output,,N120389,N120389,1,undetected,N120389,N120389,N120389,sa1,1
6448,N105639 /1 undetected,output,,N105639,N105639,1,undetected,N105639,N105639,N105639,sa1,1
6449,N120400 /1 undetected,output,,N120400,N120400,1,undetected,N120400,N120400,N120400,sa1,1
6450,N53493 /1 undetected,output,,N53493,N53493,1,undetected,N53493,N53493,N53493,sa1,1
6451,N53491 /1 undetected,output,,N53491,N53491,1,undetected,N53491,N53491,N53491,sa1,1
6452,N120403 /1 undetected,output,,N120403,N120403,1,undetected,N120403,N120403,N120403,sa1,1
6453,N120396 /1 undetected,output,,N120396,N120396,1,undetected,N120396,N120396,N120396,sa1,1
6454,N53487 /1 undetected,output,,N53487,N53487,1,undetected,N53487,N53487,N53487,sa1,1
6455,N85570 /1 undetected,output,,N85570,N85570,1,undetected,N85570,N85570,N85570,sa1,1
6456,N53486 /1 undetected,output,,N53486,N53486,1,undetected,N53486,N53486,N53486,sa1,1
6457,N85113 /1 undetected,output,,N85113,N85113,1,undetected,N85113,N85113,N85113,sa1,1
6458,N76132 /1 undetected,output,,N76132,N76132,1,undetected,N76132,N76132,N76132,sa1,1
6459,N53452 /1 undetected,output,,N53452,N53452,1,undetected,N53452,N53452,N53452,sa1,1
6460,N120401 /1 undetected,output,,N120401,N120401,1,undetected,N120401,N120401,N120401,sa1,1
6461,N53006 /1 undetected,output,,N53006,N53006,1,undetected,N53006,N53006,N53006,sa1,1
6462,N53443 /1 undetected,output,,N53443,N53443,1,undetected,N53443,N53443,N53443,sa1,1
6463,N95972 /1 undetected,output,,N95972,N95972,1,undetected,N95972,N95972,N95972,sa1,1
6464,N120399 /1 undetected,output,,N120399,N120399,1,undetected,N120399,N120399,N120399,sa1,1
6465,N94441 /1 undetected,output,,N94441,N94441,1,undetected,N94441,N94441,N94441,sa1,1
6466,N53440 /1 undetected,output,,N53440,N53440,1,undetected,N53440,N53440,N53440,sa1,1
6467,N53438 /1 undetected,output,,N53438,N53438,1,undetected,N53438,N53438,N53438,sa1,1
6468,N94352 /1 undetected,output,,N94352,N94352,1,undetected,N94352,N94352,N94352,sa1,1
6469,N53428 /1 undetected,output,,N53428,N53428,1,undetected,N53428,N53428,N53428,sa1,1
6470,N75982 /1 undetected,output,,N75982,N75982,1,undetected,N75982,N75982,N75982,sa1,1
6471,N53426 /1 undetected,output,,N53426,N53426,1,undetected,N53426,N53426,N53426,sa1,1
6472,N106019 /1 undetected,output,,N106019,N106019,1,undetected,N106019,N106019,N106019,sa1,1
6473,N53424 /1 undetected,output,,N53424,N53424,1,undetected,N53424,N53424,N53424,sa1,1
6474,N106017 /1 undetected,output,,N106017,N106017,1,undetected,N106017,N106017,N106017,sa1,1
6475,N105839 /1 undetected,output,,N105839,N105839,1,undetected,N105839,N105839,N105839,sa1,1
6476,N53437 /1 undetected,output,,N53437,N53437,1,undetected,N53437,N53437,N53437,sa1,1
6477,N120378 /1 undetected,output,,N120378,N120378,1,undetected,N120378,N120378,N120378,sa1,1
6478,N105799 /1 undetected,output,,N105799,N105799,1,undetected,N105799,N105799,N105799,sa1,1
6479,N53391 /1 undetected,output,,N53391,N53391,1,undetected,N53391,N53391,N53391,sa1,1
6480,N120391 /1 undetected,output,,N120391,N120391,1,undetected,N120391,N120391,N120391,sa1,1
6481,N85947 /1 undetected,output,,N85947,N85947,1,undetected,N85947,N85947,N85947,sa1,1
6482,N53482 /1 undetected,output,,N53482,N53482,1,undetected,N53482,N53482,N53482,sa1,1
6483,N95973 /1 undetected,output,,N95973,N95973,1,undetected,N95973,N95973,N95973,sa1,1
6484,N53478 /1 undetected,output,,N53478,N53478,1,undetected,N53478,N53478,N53478,sa1,1
6485,N120382 /1 undetected,output,,N120382,N120382,1,undetected,N120382,N120382,N120382,sa1,1
6486,N94442 /1 undetected,output,,N94442,N94442,1,undetected,N94442,N94442,N94442,sa1,1
6487,N53473 /1 undetected,output,,N53473,N53473,1,undetected,N53473,N53473,N53473,sa1,1
6488,N113266 /1 undetected,output,,N113266,N113266,1,undetected,N113266,N113266,N113266,sa1,1
6489,N53471 /1 undetected,output,,N53471,N53471,1,undetected,N53471,N53471,N53471,sa1,1
6490,N53469 /1 undetected,output,,N53469,N53469,1,undetected,N53469,N53469,N53469,sa1,1
6491,N94353 /1 undetected,output,,N94353,N94353,1,undetected,N94353,N94353,N94353,sa1,1
6492,N53203 /1 undetected,output,,N53203,N53203,1,undetected,N53203,N53203,N53203,sa1,1
6493,N105869 /1 undetected,output,,N105869,N105869,1,undetected,N105869,N105869,N105869,sa1,1
6494,N85854 /1 undetected,output,,N85854,N85854,1,undetected,N85854,N85854,N85854,sa1,1
6495,N53468 /1 undetected,output,,N53468,N53468,1,undetected,N53468,N53468,N53468,sa1,1
6496,N75984 /1 undetected,output,,N75984,N75984,1,undetected,N75984,N75984,N75984,sa1,1
6497,N53466 /1 undetected,output,,N53466,N53466,1,undetected,N53466,N53466,N53466,sa1,1
6498,N53464 /1 undetected,output,,N53464,N53464,1,undetected,N53464,N53464,N53464,sa1,1
6499,N106015 /1 undetected,output,,N106015,N106015,1,undetected,N106015,N106015,N106015,sa1,1
6500,N105791 /1 undetected,output,,N105791,N105791,1,undetected,N105791,N105791,N105791,sa1,1
6501,N53396 /1 undetected,output,,N53396,N53396,1,undetected,N53396,N53396,N53396,sa1,1
6502,N106011 /1 undetected,output,,N106011,N106011,1,undetected,N106011,N106011,N106011,sa1,1
6503,N53394 /1 undetected,output,,N53394,N53394,1,undetected,N53394,N53394,N53394,sa1,1
6504,N105854 /1 undetected,output,,N105854,N105854,1,undetected,N105854,N105854,N105854,sa1,1
6505,N105847 /1 undetected,output,,N105847,N105847,1,undetected,N105847,N105847,N105847,sa1,1
6506,N120392 /1 undetected,output,,N120392,N120392,1,undetected,N120392,N120392,N120392,sa1,1
6507,N53461 /1 undetected,output,,N53461,N53461,1,undetected,N53461,N53461,N53461,sa1,1
6508,N53459 /1 undetected,output,,N53459,N53459,1,undetected,N53459,N53459,N53459,sa1,1
6509,N53458 /1 undetected,output,,N53458,N53458,1,undetected,N53458,N53458,N53458,sa1,1
6510,N120381 /1 undetected,output,,N120381,N120381,1,undetected,N120381,N120381,N120381,sa1,1
6511,N76133 /1 undetected,output,,N76133,N76133,1,undetected,N76133,N76133,N76133,sa1,1
6512,N53457 /1 undetected,output,,N53457,N53457,1,undetected,N53457,N53457,N53457,sa1,1
6513,N120298 /1 undetected,output,,N120298,N120298,1,undetected,N120298,N120298,N120298,sa1,1
6514,N23861 /1 undetected,output,,N23861,N23861,1,undetected,N23861,N23861,N23861,sa1,1
6515,N23860 /1 undetected,output,,N23860,N23860,1,undetected,N23860,N23860,N23860,sa1,1
6516,N106013 /1 undetected,output,,N106013,N106013,1,undetected,N106013,N106013,N106013,sa1,1
6517,N105966 /1 undetected,output,,N105966,N105966,1,undetected,N105966,N105966,N105966,sa1,1
6518,N23849 /1 undetected,output,,N23849,N23849,1,undetected,N23849,N23849,N23849,sa1,1
6519,N23847 /1 undetected,output,,N23847,N23847,1,undetected,N23847,N23847,N23847,sa1,1
6520,N106010 /1 undetected,output,,N106010,N106010,1,undetected,N106010,N106010,N106010,sa1,1
6521,N106005 /1 undetected,output,,N106005,N106005,1,undetected,N106005,N106005,N106005,sa1,1
6522,N23843 /1 undetected,output,,N23843,N23843,1,undetected,N23843,N23843,N23843,sa1,1
6523,N106004 /1 undetected,output,,N106004,N106004,1,undetected,N106004,N106004,N106004,sa1,1
6524,N85717 /1 undetected,output,,N85717,N85717,1,undetected,N85717,N85717,N85717,sa1,1
6525,N113573 /1 undetected,output,,N113573,N113573,1,undetected,N113573,N113573,N113573,sa1,1
6526,N53420 /1 undetected,output,,N53420,N53420,1,undetected,N53420,N53420,N53420,sa1,1
6527,N75981 /1 undetected,output,,N75981,N75981,1,undetected,N75981,N75981,N75981,sa1,1
6528,N120397 /1 undetected,output,,N120397,N120397,1,undetected,N120397,N120397,N120397,sa1,1
6529,N94440 /1 undetected,output,,N94440,N94440,1,undetected,N94440,N94440,N94440,sa1,1
6530,N101673 /1 undetected,output,,N101673,N101673,1,undetected,N101673,N101673,N101673,sa1,1
6531,N53277 /1 undetected,output,,N53277,N53277,1,undetected,N53277,N53277,N53277,sa1,1
6532,N101640 /1 undetected,output,,N101640,N101640,1,undetected,N101640,N101640,N101640,sa1,1
6533,N53276 /1 undetected,output,,N53276,N53276,1,undetected,N53276,N53276,N53276,sa1,1
6534,N120286 /1 undetected,output,,N120286,N120286,1,undetected,N120286,N120286,N120286,sa1,1
6535,N106222 /1 undetected,output,,N106222,N106222,1,undetected,N106222,N106222,N106222,sa1,1
6536,N84631 /1 undetected,output,,N84631,N84631,1,undetected,N84631,N84631,N84631,sa1,1
6537,N53268 /1 undetected,output,,N53268,N53268,1,undetected,N53268,N53268,N53268,sa1,1
6538,N120290 /1 undetected,output,,N120290,N120290,1,undetected,N120290,N120290,N120290,sa1,1
6539,N112181 /1 undetected,output,,N112181,N112181,1,undetected,N112181,N112181,N112181,sa1,1
6540,N74860 /1 undetected,output,,N74860,N74860,1,undetected,N74860,N74860,N74860,sa1,1
6541,N53258 /1 undetected,output,,N53258,N53258,1,undetected,N53258,N53258,N53258,sa1,1
6542,N98419 /1 undetected,output,,N98419,N98419,1,undetected,N98419,N98419,N98419,sa1,1
6543,N53257 /1 undetected,output,,N53257,N53257,1,undetected,N53257,N53257,N53257,sa1,1
6544,N85370 /1 undetected,output,,N85370,N85370,1,undetected,N85370,N85370,N85370,sa1,1
6545,N120251 /1 undetected,output,,N120251,N120251,1,undetected,N120251,N120251,N120251,sa1,1
6546,N53254 /1 undetected,output,,N53254,N53254,1,undetected,N53254,N53254,N53254,sa1,1
6547,N120296 /1 undetected,output,,N120296,N120296,1,undetected,N120296,N120296,N120296,sa1,1
6548,N53253 /1 undetected,output,,N53253,N53253,1,undetected,N53253,N53253,N53253,sa1,1
6549,N120280 /1 undetected,output,,N120280,N120280,1,undetected,N120280,N120280,N120280,sa1,1
6550,N120248 /1 undetected,output,,N120248,N120248,1,undetected,N120248,N120248,N120248,sa1,1
6551,N53249 /1 undetected,output,,N53249,N53249,1,undetected,N53249,N53249,N53249,sa1,1
6552,N120268 /1 undetected,output,,N120268,N120268,1,undetected,N120268,N120268,N120268,sa1,1
6553,N120279 /1 undetected,output,,N120279,N120279,1,undetected,N120279,N120279,N120279,sa1,1
6554,N120305 /1 undetected,output,,N120305,N120305,1,undetected,N120305,N120305,N120305,sa1,1
6555,N75978 /1 undetected,output,,N75978,N75978,1,undetected,N75978,N75978,N75978,sa1,1
6556,N53157 /1 undetected,output,,N53157,N53157,1,undetected,N53157,N53157,N53157,sa1,1
6557,N95742 /1 undetected,output,,N95742,N95742,1,undetected,N95742,N95742,N95742,sa1,1
6558,N53156 /1 undetected,output,,N53156,N53156,1,undetected,N53156,N53156,N53156,sa1,1
6559,N53155 /1 undetected,output,,N53155,N53155,1,undetected,N53155,N53155,N53155,sa1,1
6560,N120287 /1 undetected,output,,N120287,N120287,1,undetected,N120287,N120287,N120287,sa1,1
6561,N105879 /1 undetected,output,,N105879,N105879,1,undetected,N105879,N105879,N105879,sa1,1
6562,N53153 /1 undetected,output,,N53153,N53153,1,undetected,N53153,N53153,N53153,sa1,1
6563,N94127 /1 undetected,output,,N94127,N94127,1,undetected,N94127,N94127,N94127,sa1,1
6564,N53143 /1 undetected,output,,N53143,N53143,1,undetected,N53143,N53143,N53143,sa1,1
6565,N120284 /1 undetected,output,,N120284,N120284,1,undetected,N120284,N120284,N120284,sa1,1
6566,N85569 /1 undetected,output,,N85569,N85569,1,undetected,N85569,N85569,N85569,sa1,1
6567,N53236 /1 undetected,output,,N53236,N53236,1,undetected,N53236,N53236,N53236,sa1,1
6568,N53234 /1 undetected,output,,N53234,N53234,1,undetected,N53234,N53234,N53234,sa1,1
6569,N120278 /1 undetected,output,,N120278,N120278,1,undetected,N120278,N120278,N120278,sa1,1
6570,N76131 /1 undetected,output,,N76131,N76131,1,undetected,N76131,N76131,N76131,sa1,1
6571,N113572 /1 undetected,output,,N113572,N113572,1,undetected,N113572,N113572,N113572,sa1,1
6572,N53231 /1 undetected,output,,N53231,N53231,1,undetected,N53231,N53231,N53231,sa1,1
6573,N75977 /1 undetected,output,,N75977,N75977,1,undetected,N75977,N75977,N75977,sa1,1
6574,N120304 /1 undetected,output,,N120304,N120304,1,undetected,N120304,N120304,N120304,sa1,1
6575,N94439 /1 undetected,output,,N94439,N94439,1,undetected,N94439,N94439,N94439,sa1,1
6576,N53217 /1 undetected,output,,N53217,N53217,1,undetected,N53217,N53217,N53217,sa1,1
6577,N94351 /1 undetected,output,,N94351,N94351,1,undetected,N94351,N94351,N94351,sa1,1
6578,N53215 /1 undetected,output,,N53215,N53215,1,undetected,N53215,N53215,N53215,sa1,1
6579,N53213 /1 undetected,output,,N53213,N53213,1,undetected,N53213,N53213,N53213,sa1,1
6580,N106021 /1 undetected,output,,N106021,N106021,1,undetected,N106021,N106021,N106021,sa1,1
6581,N85707 /1 undetected,output,,N85707,N85707,1,undetected,N85707,N85707,N85707,sa1,1
6582,N53212 /1 undetected,output,,N53212,N53212,1,undetected,N53212,N53212,N53212,sa1,1
6583,N105802 /1 undetected,output,,N105802,N105802,1,undetected,N105802,N105802,N105802,sa1,1
6584,N53210 /1 undetected,output,,N53210,N53210,1,undetected,N53210,N53210,N53210,sa1,1
6585,N105927 /1 undetected,output,,N105927,N105927,1,undetected,N105927,N105927,N105927,sa1,1
6586,N85684 /1 undetected,output,,N85684,N85684,1,undetected,N85684,N85684,N85684,sa1,1
6587,N53208 /1 undetected,output,,N53208,N53208,1,undetected,N53208,N53208,N53208,sa1,1
6588,N53201 /1 undetected,output,,N53201,N53201,1,undetected,N53201,N53201,N53201,sa1,1
6589,N120294 /1 undetected,output,,N120294,N120294,1,undetected,N120294,N120294,N120294,sa1,1
6590,N53199 /1 undetected,output,,N53199,N53199,1,undetected,N53199,N53199,N53199,sa1,1
6591,N53198 /1 undetected,output,,N53198,N53198,1,undetected,N53198,N53198,N53198,sa1,1
6592,N120297 /1 undetected,output,,N120297,N120297,1,undetected,N120297,N120297,N120297,sa1,1
6593,N105844 /1 undetected,output,,N105844,N105844,1,undetected,N105844,N105844,N105844,sa1,1
6594,N53195 /1 undetected,output,,N53195,N53195,1,undetected,N53195,N53195,N53195,sa1,1
6595,N95971 /1 undetected,output,,N95971,N95971,1,undetected,N95971,N95971,N95971,sa1,1
6596,N53194 /1 undetected,output,,N53194,N53194,1,undetected,N53194,N53194,N53194,sa1,1
6597,N120285 /1 undetected,output,,N120285,N120285,1,undetected,N120285,N120285,N120285,sa1,1
6598,N53188 /1 undetected,output,,N53188,N53188,1,undetected,N53188,N53188,N53188,sa1,1
6599,N120289 /1 undetected,output,,N120289,N120289,1,undetected,N120289,N120289,N120289,sa1,1
6600,N95944 /1 undetected,output,,N95944,N95944,1,undetected,N95944,N95944,N95944,sa1,1
6601,N53241 /1 undetected,output,,N53241,N53241,1,undetected,N53241,N53241,N53241,sa1,1
6602,N85369 /1 undetected,output,,N85369,N85369,1,undetected,N85369,N85369,N85369,sa1,1
6603,N53189 /1 undetected,output,,N53189,N53189,1,undetected,N53189,N53189,N53189,sa1,1
6604,N85946 /1 undetected,output,,N85946,N85946,1,undetected,N85946,N85946,N85946,sa1,1
6605,N53186 /1 undetected,output,,N53186,N53186,1,undetected,N53186,N53186,N53186,sa1,1
6606,N120288 /1 undetected,output,,N120288,N120288,1,undetected,N120288,N120288,N120288,sa1,1
6607,N53184 /1 undetected,output,,N53184,N53184,1,undetected,N53184,N53184,N53184,sa1,1
6608,N95970 /1 undetected,output,,N95970,N95970,1,undetected,N95970,N95970,N95970,sa1,1
6609,N120292 /1 undetected,output,,N120292,N120292,1,undetected,N120292,N120292,N120292,sa1,1
6610,N94438 /1 undetected,output,,N94438,N94438,1,undetected,N94438,N94438,N94438,sa1,1
6611,N53179 /1 undetected,output,,N53179,N53179,1,undetected,N53179,N53179,N53179,sa1,1
6612,N53177 /1 undetected,output,,N53177,N53177,1,undetected,N53177,N53177,N53177,sa1,1
6613,N120276 /1 undetected,output,,N120276,N120276,1,undetected,N120276,N120276,N120276,sa1,1
6614,N105798 /1 undetected,output,,N105798,N105798,1,undetected,N105798,N105798,N105798,sa1,1
6615,N53175 /1 undetected,output,,N53175,N53175,1,undetected,N53175,N53175,N53175,sa1,1
6616,N94349 /1 undetected,output,,N94349,N94349,1,undetected,N94349,N94349,N94349,sa1,1
6617,N53174 /1 undetected,output,,N53174,N53174,1,undetected,N53174,N53174,N53174,sa1,1
6618,N75975 /1 undetected,output,,N75975,N75975,1,undetected,N75975,N75975,N75975,sa1,1
6619,N23754 /1 undetected,output,,N23754,N23754,1,undetected,N23754,N23754,N23754,sa1,1
6620,N76130 /1 undetected,output,,N76130,N76130,1,undetected,N76130,N76130,N76130,sa1,1
6621,N53170 /1 undetected,output,,N53170,N53170,1,undetected,N53170,N53170,N53170,sa1,1
6622,N120246 /1 undetected,output,,N120246,N120246,1,undetected,N120246,N120246,N120246,sa1,1
6623,N120254 /1 undetected,output,,N120254,N120254,1,undetected,N120254,N120254,N120254,sa1,1
6624,N53167 /1 undetected,output,,N53167,N53167,1,undetected,N53167,N53167,N53167,sa1,1
6625,N120295 /1 undetected,output,,N120295,N120295,1,undetected,N120295,N120295,N120295,sa1,1
6626,N53161 /1 undetected,output,,N53161,N53161,1,undetected,N53161,N53161,N53161,sa1,1
6627,N101672 /1 undetected,output,,N101672,N101672,1,undetected,N101672,N101672,N101672,sa1,1
6628,N102330 /1 undetected,output,,N102330,N102330,1,undetected,N102330,N102330,N102330,sa1,1
6629,N85010 /1 undetected,output,,N85010,N85010,1,undetected,N85010,N85010,N85010,sa1,1
6630,N85073 /1 undetected,output,,N85073,N85073,1,undetected,N85073,N85073,N85073,sa1,1
6631,N74644 /1 undetected,output,,N74644,N74644,1,undetected,N74644,N74644,N74644,sa1,1
6632,N94592 /1 undetected,output,,N94592,N94592,1,undetected,N94592,N94592,N94592,sa1,1
6633,N102393 /1 undetected,output,,N102393,N102393,1,undetected,N102393,N102393,N102393,sa1,1
6634,N91604 /1 undetected,output,,N91604,N91604,1,undetected,N91604,N91604,N91604,sa1,1
6635,N75044 /1 undetected,output,,N75044,N75044,1,undetected,N75044,N75044,N75044,sa1,1
6636,N85009 /1 undetected,output,,N85009,N85009,1,undetected,N85009,N85009,N85009,sa1,1
6637,N15413 /1 undetected,output,,N15413,N15413,1,undetected,N15413,N15413,N15413,sa1,1
6638,N94591 /1 undetected,output,,N94591,N94591,1,undetected,N94591,N94591,N94591,sa1,1
6639,N15411 /1 undetected,output,,N15411,N15411,1,undetected,N15411,N15411,N15411,sa1,1
6640,N102609 /1 undetected,output,,N102609,N102609,1,undetected,N102609,N102609,N102609,sa1,1
6641,N102603 /1 undetected,output,,N102603,N102603,1,undetected,N102603,N102603,N102603,sa1,1
6642,N74768 /1 undetected,output,,N74768,N74768,1,undetected,N74768,N74768,N74768,sa1,1
6643,N91603 /1 undetected,output,,N91603,N91603,1,undetected,N91603,N91603,N91603,sa1,1
6644,N75043 /1 undetected,output,,N75043,N75043,1,undetected,N75043,N75043,N75043,sa1,1
6645,N102329 /1 undetected,output,,N102329,N102329,1,undetected,N102329,N102329,N102329,sa1,1
6646,N85008 /1 undetected,output,,N85008,N85008,1,undetected,N85008,N85008,N85008,sa1,1
6647,N100438 /1 undetected,output,,N100438,N100438,1,undetected,N100438,N100438,N100438,sa1,1
6648,N85072 /1 undetected,output,,N85072,N85072,1,undetected,N85072,N85072,N85072,sa1,1
6649,N15139 /1 undetected,output,,N15139,N15139,1,undetected,N15139,N15139,N15139,sa1,1
6650,N76439 /1 undetected,output,,N76439,N76439,1,undetected,N76439,N76439,N76439,sa1,1
6651,N91647 /1 undetected,output,,N91647,N91647,1,undetected,N91647,N91647,N91647,sa1,1
6652,N15186 /1 undetected,output,,N15186,N15186,1,undetected,N15186,N15186,N15186,sa1,1
6653,N91646 /1 undetected,output,,N91646,N91646,1,undetected,N91646,N91646,N91646,sa1,1
6654,N85007 /1 undetected,output,,N85007,N85007,1,undetected,N85007,N85007,N85007,sa1,1
6655,N92630 /1 undetected,output,,N92630,N92630,1,undetected,N92630,N92630,N92630,sa1,1
6656,N102576 /1 undetected,output,,N102576,N102576,1,undetected,N102576,N102576,N102576,sa1,1
6657,N15266 /1 undetected,output,,N15266,N15266,1,undetected,N15266,N15266,N15266,sa1,1
6658,N74766 /1 undetected,output,,N74766,N74766,1,undetected,N74766,N74766,N74766,sa1,1
6659,N53122 /1 undetected,output,,N53122,N53122,1,undetected,N53122,N53122,N53122,sa1,1
6660,N101639 /1 undetected,output,,N101639,N101639,1,undetected,N101639,N101639,N101639,sa1,1
6661,N53121 /1 undetected,output,,N53121,N53121,1,undetected,N53121,N53121,N53121,sa1,1
6662,N52990 /1 undetected,output,,N52990,N52990,1,undetected,N52990,N52990,N52990,sa1,1
6663,N106221 /1 undetected,output,,N106221,N106221,1,undetected,N106221,N106221,N106221,sa1,1
6664,N92405 /1 undetected,output,,N92405,N92405,1,undetected,N92405,N92405,N92405,sa1,1
6665,N105504 /1 undetected,output,,N105504,N105504,1,undetected,N105504,N105504,N105504,sa1,1
6666,N53099 /1 undetected,output,,N53099,N53099,1,undetected,N53099,N53099,N53099,sa1,1
6667,N120240 /1 undetected,output,,N120240,N120240,1,undetected,N120240,N120240,N120240,sa1,1
6668,N85568 /1 undetected,output,,N85568,N85568,1,undetected,N85568,N85568,N85568,sa1,1
6669,N105487 /1 undetected,output,,N105487,N105487,1,undetected,N105487,N105487,N105487,sa1,1
6670,N53092 /1 undetected,output,,N53092,N53092,1,undetected,N53092,N53092,N53092,sa1,1
6671,N120239 /1 undetected,output,,N120239,N120239,1,undetected,N120239,N120239,N120239,sa1,1
6672,N97783 /1 undetected,output,,N97783,N97783,1,undetected,N97783,N97783,N97783,sa1,1
6673,N53088 /1 undetected,output,,N53088,N53088,1,undetected,N53088,N53088,N53088,sa1,1
6674,N53085 /1 undetected,output,,N53085,N53085,1,undetected,N53085,N53085,N53085,sa1,1
6675,N120225 /1 undetected,output,,N120225,N120225,1,undetected,N120225,N120225,N120225,sa1,1
6676,N75636 /1 undetected,output,,N75636,N75636,1,undetected,N75636,N75636,N75636,sa1,1
6677,N120257 /1 undetected,output,,N120257,N120257,1,undetected,N120257,N120257,N120257,sa1,1
6678,N75972 /1 undetected,output,,N75972,N75972,1,undetected,N75972,N75972,N75972,sa1,1
6679,N53080 /1 undetected,output,,N53080,N53080,1,undetected,N53080,N53080,N53080,sa1,1
6680,N85567 /1 undetected,output,,N85567,N85567,1,undetected,N85567,N85567,N85567,sa1,1
6681,N53076 /1 undetected,output,,N53076,N53076,1,undetected,N53076,N53076,N53076,sa1,1
6682,N52992 /1 undetected,output,,N52992,N52992,1,undetected,N52992,N52992,N52992,sa1,1
6683,N53071 /1 undetected,output,,N53071,N53071,1,undetected,N53071,N53071,N53071,sa1,1
6684,N95969 /1 undetected,output,,N95969,N95969,1,undetected,N95969,N95969,N95969,sa1,1
6685,N53070 /1 undetected,output,,N53070,N53070,1,undetected,N53070,N53070,N53070,sa1,1
6686,N53068 /1 undetected,output,,N53068,N53068,1,undetected,N53068,N53068,N53068,sa1,1
6687,N75971 /1 undetected,output,,N75971,N75971,1,undetected,N75971,N75971,N75971,sa1,1
6688,N53063 /1 undetected,output,,N53063,N53063,1,undetected,N53063,N53063,N53063,sa1,1
6689,N94348 /1 undetected,output,,N94348,N94348,1,undetected,N94348,N94348,N94348,sa1,1
6690,N53060 /1 undetected,output,,N53060,N53060,1,undetected,N53060,N53060,N53060,sa1,1
6691,N53058 /1 undetected,output,,N53058,N53058,1,undetected,N53058,N53058,N53058,sa1,1
6692,N120261 /1 undetected,output,,N120261,N120261,1,undetected,N120261,N120261,N120261,sa1,1
6693,N93670 /1 undetected,output,,N93670,N93670,1,undetected,N93670,N93670,N93670,sa1,1
6694,N53054 /1 undetected,output,,N53054,N53054,1,undetected,N53054,N53054,N53054,sa1,1
6695,N53052 /1 undetected,output,,N53052,N53052,1,undetected,N53052,N53052,N53052,sa1,1
6696,N93690 /1 undetected,output,,N93690,N93690,1,undetected,N93690,N93690,N93690,sa1,1
6697,N53051 /1 undetected,output,,N53051,N53051,1,undetected,N53051,N53051,N53051,sa1,1
6698,N120258 /1 undetected,output,,N120258,N120258,1,undetected,N120258,N120258,N120258,sa1,1
6699,N105638 /1 undetected,output,,N105638,N105638,1,undetected,N105638,N105638,N105638,sa1,1
6700,N53048 /1 undetected,output,,N53048,N53048,1,undetected,N53048,N53048,N53048,sa1,1
6701,N107931 /1 undetected,output,,N107931,N107931,1,undetected,N107931,N107931,N107931,sa1,1
6702,N105770 /1 undetected,output,,N105770,N105770,1,undetected,N105770,N105770,N105770,sa1,1
6703,N120265 /1 undetected,output,,N120265,N120265,1,undetected,N120265,N120265,N120265,sa1,1
6704,N94437 /1 undetected,output,,N94437,N94437,1,undetected,N94437,N94437,N94437,sa1,1
6705,N53046 /1 undetected,output,,N53046,N53046,1,undetected,N53046,N53046,N53046,sa1,1
6706,N120233 /1 undetected,output,,N120233,N120233,1,undetected,N120233,N120233,N120233,sa1,1
6707,N53044 /1 undetected,output,,N53044,N53044,1,undetected,N53044,N53044,N53044,sa1,1
6708,N53042 /1 undetected,output,,N53042,N53042,1,undetected,N53042,N53042,N53042,sa1,1
6709,N120224 /1 undetected,output,,N120224,N120224,1,undetected,N120224,N120224,N120224,sa1,1
6710,N76129 /1 undetected,output,,N76129,N76129,1,undetected,N76129,N76129,N76129,sa1,1
6711,N113571 /1 undetected,output,,N113571,N113571,1,undetected,N113571,N113571,N113571,sa1,1
6712,N53039 /1 undetected,output,,N53039,N53039,1,undetected,N53039,N53039,N53039,sa1,1
6713,N75970 /1 undetected,output,,N75970,N75970,1,undetected,N75970,N75970,N75970,sa1,1
6714,N120256 /1 undetected,output,,N120256,N120256,1,undetected,N120256,N120256,N120256,sa1,1
6715,N94436 /1 undetected,output,,N94436,N94436,1,undetected,N94436,N94436,N94436,sa1,1
6716,N53034 /1 undetected,output,,N53034,N53034,1,undetected,N53034,N53034,N53034,sa1,1
6717,N94347 /1 undetected,output,,N94347,N94347,1,undetected,N94347,N94347,N94347,sa1,1
6718,N53032 /1 undetected,output,,N53032,N53032,1,undetected,N53032,N53032,N53032,sa1,1
6719,N106023 /1 undetected,output,,N106023,N106023,1,undetected,N106023,N106023,N106023,sa1,1
6720,N85638 /1 undetected,output,,N85638,N85638,1,undetected,N85638,N85638,N85638,sa1,1
6721,N53113 /1 undetected,output,,N53113,N53113,1,undetected,N53113,N53113,N53113,sa1,1
6722,N85194 /1 undetected,output,,N85194,N85194,1,undetected,N85194,N85194,N85194,sa1,1
6723,N97154 /1 undetected,output,,N97154,N97154,1,undetected,N97154,N97154,N97154,sa1,1
6724,N53023 /1 undetected,output,,N53023,N53023,1,undetected,N53023,N53023,N53023,sa1,1
6725,N120245 /1 undetected,output,,N120245,N120245,1,undetected,N120245,N120245,N120245,sa1,1
6726,N120253 /1 undetected,output,,N120253,N120253,1,undetected,N120253,N120253,N120253,sa1,1
6727,N53020 /1 undetected,output,,N53020,N53020,1,undetected,N53020,N53020,N53020,sa1,1
6728,N120235 /1 undetected,output,,N120235,N120235,1,undetected,N120235,N120235,N120235,sa1,1
6729,N53019 /1 undetected,output,,N53019,N53019,1,undetected,N53019,N53019,N53019,sa1,1
6730,N53017 /1 undetected,output,,N53017,N53017,1,undetected,N53017,N53017,N53017,sa1,1
6731,N120218 /1 undetected,output,,N120218,N120218,1,undetected,N120218,N120218,N120218,sa1,1
6732,N75969 /1 undetected,output,,N75969,N75969,1,undetected,N75969,N75969,N75969,sa1,1
6733,N53016 /1 undetected,output,,N53016,N53016,1,undetected,N53016,N53016,N53016,sa1,1
6734,N120214 /1 undetected,output,,N120214,N120214,1,undetected,N120214,N120214,N120214,sa1,1
6735,N106007 /1 undetected,output,,N106007,N106007,1,undetected,N106007,N106007,N106007,sa1,1
6736,N53002 /1 undetected,output,,N53002,N53002,1,undetected,N53002,N53002,N53002,sa1,1
6737,N95842 /1 undetected,output,,N95842,N95842,1,undetected,N95842,N95842,N95842,sa1,1
6738,N53000 /1 undetected,output,,N53000,N53000,1,undetected,N53000,N53000,N53000,sa1,1
6739,N75635 /1 undetected,output,,N75635,N75635,1,undetected,N75635,N75635,N75635,sa1,1
6740,N52999 /1 undetected,output,,N52999,N52999,1,undetected,N52999,N52999,N52999,sa1,1
6741,N120238 /1 undetected,output,,N120238,N120238,1,undetected,N120238,N120238,N120238,sa1,1
6742,N52995 /1 undetected,output,,N52995,N52995,1,undetected,N52995,N52995,N52995,sa1,1
6743,N97182 /1 undetected,output,,N97182,N97182,1,undetected,N97182,N97182,N97182,sa1,1
6744,N52994 /1 undetected,output,,N52994,N52994,1,undetected,N52994,N52994,N52994,sa1,1
6745,N120242 /1 undetected,output,,N120242,N120242,1,undetected,N120242,N120242,N120242,sa1,1
6746,N52984 /1 undetected,output,,N52984,N52984,1,undetected,N52984,N52984,N52984,sa1,1
6747,N95968 /1 undetected,output,,N95968,N95968,1,undetected,N95968,N95968,N95968,sa1,1
6748,N94434 /1 undetected,output,,N94434,N94434,1,undetected,N94434,N94434,N94434,sa1,1
6749,N52979 /1 undetected,output,,N52979,N52979,1,undetected,N52979,N52979,N52979,sa1,1
6750,N52955 /1 undetected,output,,N52955,N52955,1,undetected,N52955,N52955,N52955,sa1,1
6751,N52953 /1 undetected,output,,N52953,N52953,1,undetected,N52953,N52953,N52953,sa1,1
6752,N120223 /1 undetected,output,,N120223,N120223,1,undetected,N120223,N120223,N120223,sa1,1
6753,N105797 /1 undetected,output,,N105797,N105797,1,undetected,N105797,N105797,N105797,sa1,1
6754,N52947 /1 undetected,output,,N52947,N52947,1,undetected,N52947,N52947,N52947,sa1,1
6755,N94345 /1 undetected,output,,N94345,N94345,1,undetected,N94345,N94345,N94345,sa1,1
6756,N52946 /1 undetected,output,,N52946,N52946,1,undetected,N52946,N52946,N52946,sa1,1
6757,N75965 /1 undetected,output,,N75965,N75965,1,undetected,N75965,N75965,N75965,sa1,1
6758,N52944 /1 undetected,output,,N52944,N52944,1,undetected,N52944,N52944,N52944,sa1,1
6759,N120217 /1 undetected,output,,N120217,N120217,1,undetected,N120217,N120217,N120217,sa1,1
6760,N52939 /1 undetected,output,,N52939,N52939,1,undetected,N52939,N52939,N52939,sa1,1
6761,N120213 /1 undetected,output,,N120213,N120213,1,undetected,N120213,N120213,N120213,sa1,1
6762,N105838 /1 undetected,output,,N105838,N105838,1,undetected,N105838,N105838,N105838,sa1,1
6763,N101671 /1 undetected,output,,N101671,N101671,1,undetected,N101671,N101671,N101671,sa1,1
6764,N101644 /1 undetected,output,,N101644,N101644,1,undetected,N101644,N101644,N101644,sa1,1
6765,N30309 /1 undetected,output,,N30309,N30309,1,undetected,N30309,N30309,N30309,sa1,1
6766,N101613 /1 undetected,output,,N101613,N101613,1,undetected,N101613,N101613,N101613,sa1,1
6767,N30308 /1 undetected,output,,N30308,N30308,1,undetected,N30308,N30308,N30308,sa1,1
6768,N113259 /1 undetected,output,,N113259,N113259,1,undetected,N113259,N113259,N113259,sa1,1
6769,N106212 /1 undetected,output,,N106212,N106212,1,undetected,N106212,N106212,N106212,sa1,1
6770,N84547 /1 undetected,output,,N84547,N84547,1,undetected,N84547,N84547,N84547,sa1,1
6771,N112169 /1 undetected,output,,N112169,N112169,1,undetected,N112169,N112169,N112169,sa1,1
6772,N30296 /1 undetected,output,,N30296,N30296,1,undetected,N30296,N30296,N30296,sa1,1
6773,N113262 /1 undetected,output,,N113262,N113262,1,undetected,N113262,N113262,N113262,sa1,1
6774,N30265 /1 undetected,output,,N30265,N30265,1,undetected,N30265,N30265,N30265,sa1,1
6775,N30262 /1 undetected,output,,N30262,N30262,1,undetected,N30262,N30262,N30262,sa1,1
6776,N101528 /1 undetected,output,,N101528,N101528,1,undetected,N101528,N101528,N101528,sa1,1
6777,N30261 /1 undetected,output,,N30261,N30261,1,undetected,N30261,N30261,N30261,sa1,1
6778,N105983 /1 undetected,output,,N105983,N105983,1,undetected,N105983,N105983,N105983,sa1,1
6779,N30259 /1 undetected,output,,N30259,N30259,1,undetected,N30259,N30259,N30259,sa1,1
6780,N113256 /1 undetected,output,,N113256,N113256,1,undetected,N113256,N113256,N113256,sa1,1
6781,N75172 /1 undetected,output,,N75172,N75172,1,undetected,N75172,N75172,N75172,sa1,1
6782,N30258 /1 undetected,output,,N30258,N30258,1,undetected,N30258,N30258,N30258,sa1,1
6783,N106048 /1 undetected,output,,N106048,N106048,1,undetected,N106048,N106048,N106048,sa1,1
6784,N76646 /1 undetected,output,,N76646,N76646,1,undetected,N76646,N76646,N76646,sa1,1
6785,N30256 /1 undetected,output,,N30256,N30256,1,undetected,N30256,N30256,N30256,sa1,1
6786,N30254 /1 undetected,output,,N30254,N30254,1,undetected,N30254,N30254,N30254,sa1,1
6787,N85171 /1 undetected,output,,N85171,N85171,1,undetected,N85171,N85171,N85171,sa1,1
6788,N30253 /1 undetected,output,,N30253,N30253,1,undetected,N30253,N30253,N30253,sa1,1
6789,N113273 /1 undetected,output,,N113273,N113273,1,undetected,N113273,N113273,N113273,sa1,1
6790,N95798 /1 undetected,output,,N95798,N95798,1,undetected,N95798,N95798,N95798,sa1,1
6791,N30246 /1 undetected,output,,N30246,N30246,1,undetected,N30246,N30246,N30246,sa1,1
6792,N30244 /1 undetected,output,,N30244,N30244,1,undetected,N30244,N30244,N30244,sa1,1
6793,N95825 /1 undetected,output,,N95825,N95825,1,undetected,N95825,N95825,N95825,sa1,1
6794,N30243 /1 undetected,output,,N30243,N30243,1,undetected,N30243,N30243,N30243,sa1,1
6795,N113268 /1 undetected,output,,N113268,N113268,1,undetected,N113268,N113268,N113268,sa1,1
6796,N93735 /1 undetected,output,,N93735,N93735,1,undetected,N93735,N93735,N93735,sa1,1
6797,N30241 /1 undetected,output,,N30241,N30241,1,undetected,N30241,N30241,N30241,sa1,1
6798,N30239 /1 undetected,output,,N30239,N30239,1,undetected,N30239,N30239,N30239,sa1,1
6799,N113269 /1 undetected,output,,N113269,N113269,1,undetected,N113269,N113269,N113269,sa1,1
6800,N30237 /1 undetected,output,,N30237,N30237,1,undetected,N30237,N30237,N30237,sa1,1
6801,N113271 /1 undetected,output,,N113271,N113271,1,undetected,N113271,N113271,N113271,sa1,1
6802,N113251 /1 undetected,output,,N113251,N113251,1,undetected,N113251,N113251,N113251,sa1,1
6803,N30231 /1 undetected,output,,N30231,N30231,1,undetected,N30231,N30231,N30231,sa1,1
6804,N30229 /1 undetected,output,,N30229,N30229,1,undetected,N30229,N30229,N30229,sa1,1
6805,N113265 /1 undetected,output,,N113265,N113265,1,undetected,N113265,N113265,N113265,sa1,1
6806,N113253 /1 undetected,output,,N113253,N113253,1,undetected,N113253,N113253,N113253,sa1,1
6807,N30225 /1 undetected,output,,N30225,N30225,1,undetected,N30225,N30225,N30225,sa1,1
6808,N113264 /1 undetected,output,,N113264,N113264,1,undetected,N113264,N113264,N113264,sa1,1
6809,N93734 /1 undetected,output,,N93734,N93734,1,undetected,N93734,N93734,N93734,sa1,1
6810,N101226 /1 undetected,output,,N101226,N101226,1,undetected,N101226,N101226,N101226,sa1,1
6811,N85935 /1 undetected,output,,N85935,N85935,1,undetected,N85935,N85935,N85935,sa1,1
6812,N94423 /1 undetected,output,,N94423,N94423,1,undetected,N94423,N94423,N94423,sa1,1
6813,N30268 /1 undetected,output,,N30268,N30268,1,undetected,N30268,N30268,N30268,sa1,1
6814,N113257 /1 undetected,output,,N113257,N113257,1,undetected,N113257,N113257,N113257,sa1,1
6815,N30284 /1 undetected,output,,N30284,N30284,1,undetected,N30284,N30284,N30284,sa1,1
6816,N30282 /1 undetected,output,,N30282,N30282,1,undetected,N30282,N30282,N30282,sa1,1
6817,N113258 /1 undetected,output,,N113258,N113258,1,undetected,N113258,N113258,N113258,sa1,1
6818,N105868 /1 undetected,output,,N105868,N105868,1,undetected,N105868,N105868,N105868,sa1,1
6819,N94335 /1 undetected,output,,N94335,N94335,1,undetected,N94335,N94335,N94335,sa1,1
6820,N30223 /1 undetected,output,,N30223,N30223,1,undetected,N30223,N30223,N30223,sa1,1
6821,N3092 /1 undetected,output,,N3092,N3092,1,undetected,N3092,N3092,N3092,sa1,1
6822,N30280 /1 undetected,output,,N30280,N30280,1,undetected,N30280,N30280,N30280,sa1,1
6823,N113274 /1 undetected,output,,N113274,N113274,1,undetected,N113274,N113274,N113274,sa1,1
6824,N95936 /1 undetected,output,,N95936,N95936,1,undetected,N95936,N95936,N95936,sa1,1
6825,N76122 /1 undetected,output,,N76122,N76122,1,undetected,N76122,N76122,N76122,sa1,1
6826,N30275 /1 undetected,output,,N30275,N30275,1,undetected,N30275,N30275,N30275,sa1,1
6827,N106053 /1 undetected,output,,N106053,N106053,1,undetected,N106053,N106053,N106053,sa1,1
6828,N30273 /1 undetected,output,,N30273,N30273,1,undetected,N30273,N30273,N30273,sa1,1
6829,N113261 /1 undetected,output,,N113261,N113261,1,undetected,N113261,N113261,N113261,sa1,1
6830,N106057 /1 undetected,output,,N106057,N106057,1,undetected,N106057,N106057,N106057,sa1,1
6831,N91627 /1 undetected,output,,N91627,N91627,1,undetected,N91627,N91627,N91627,sa1,1
6832,N15977 /1 undetected,output,,N15977,N15977,1,undetected,N15977,N15977,N15977,sa1,1
6833,N15952 /1 undetected,output,,N15952,N15952,1,undetected,N15952,N15952,N15952,sa1,1
6834,N15932 /1 undetected,output,,N15932,N15932,1,undetected,N15932,N15932,N15932,sa1,1
6835,N91607 /1 undetected,output,,N91607,N91607,1,undetected,N91607,N91607,N91607,sa1,1
6836,N15969 /1 undetected,output,,N15969,N15969,1,undetected,N15969,N15969,N15969,sa1,1
6837,N75048 /1 undetected,output,,N75048,N75048,1,undetected,N75048,N75048,N75048,sa1,1
6838,N15968 /1 undetected,output,,N15968,N15968,1,undetected,N15968,N15968,N15968,sa1,1
6839,N85014 /1 undetected,output,,N85014,N85014,1,undetected,N85014,N85014,N85014,sa1,1
6840,N102805 /1 undetected,output,,N102805,N102805,1,undetected,N102805,N102805,N102805,sa1,1
6841,N15956 /1 undetected,output,,N15956,N15956,1,undetected,N15956,N15956,N15956,sa1,1
6842,N102382 /1 undetected,output,,N102382,N102382,1,undetected,N102382,N102382,N102382,sa1,1
6843,N15098 /1 undetected,output,,N15098,N15098,1,undetected,N15098,N15098,N15098,sa1,1
6844,N102395 /1 undetected,output,,N102395,N102395,1,undetected,N102395,N102395,N102395,sa1,1
6845,N102389 /1 undetected,output,,N102389,N102389,1,undetected,N102389,N102389,N102389,sa1,1
6846,N102366 /1 undetected,output,,N102366,N102366,1,undetected,N102366,N102366,N102366,sa1,1
6847,N102803 /1 undetected,output,,N102803,N102803,1,undetected,N102803,N102803,N102803,sa1,1
6848,N94595 /1 undetected,output,,N94595,N94595,1,undetected,N94595,N94595,N94595,sa1,1
6849,N102579 /1 undetected,output,,N102579,N102579,1,undetected,N102579,N102579,N102579,sa1,1
6850,N102365 /1 undetected,output,,N102365,N102365,1,undetected,N102365,N102365,N102365,sa1,1
6851,N15934 /1 undetected,output,,N15934,N15934,1,undetected,N15934,N15934,N15934,sa1,1
6852,N102381 /1 undetected,output,,N102381,N102381,1,undetected,N102381,N102381,N102381,sa1,1
6853,N75047 /1 undetected,output,,N75047,N75047,1,undetected,N75047,N75047,N75047,sa1,1
6854,N92698 /1 undetected,output,,N92698,N92698,1,undetected,N92698,N92698,N92698,sa1,1
6855,N92688 /1 undetected,output,,N92688,N92688,1,undetected,N92688,N92688,N92688,sa1,1
6856,N84698 /1 undetected,output,,N84698,N84698,1,undetected,N84698,N84698,N84698,sa1,1
6857,N15863 /1 undetected,output,,N15863,N15863,1,undetected,N15863,N15863,N15863,sa1,1
6858,N85076 /1 undetected,output,,N85076,N85076,1,undetected,N85076,N85076,N85076,sa1,1
6859,N91772 /1 undetected,output,,N91772,N91772,1,undetected,N91772,N91772,N91772,sa1,1
6860,N85013 /1 undetected,output,,N85013,N85013,1,undetected,N85013,N85013,N85013,sa1,1
6861,N102294 /1 undetected,output,,N102294,N102294,1,undetected,N102294,N102294,N102294,sa1,1
6862,N91606 /1 undetected,output,,N91606,N91606,1,undetected,N91606,N91606,N91606,sa1,1
6863,N75046 /1 undetected,output,,N75046,N75046,1,undetected,N75046,N75046,N75046,sa1,1
6864,N85012 /1 undetected,output,,N85012,N85012,1,undetected,N85012,N85012,N85012,sa1,1
6865,N85075 /1 undetected,output,,N85075,N85075,1,undetected,N85075,N85075,N85075,sa1,1
6866,N100145 /1 undetected,output,,N100145,N100145,1,undetected,N100145,N100145,N100145,sa1,1
6867,N74585 /1 undetected,output,,N74585,N74585,1,undetected,N74585,N74585,N74585,sa1,1
6868,N102761 /1 undetected,output,,N102761,N102761,1,undetected,N102761,N102761,N102761,sa1,1
6869,N92469 /1 undetected,output,,N92469,N92469,1,undetected,N92469,N92469,N92469,sa1,1
6870,N15768 /1 undetected,output,,N15768,N15768,1,undetected,N15768,N15768,N15768,sa1,1
6871,N21986 /0 undetected,output,,N21986,N21986,0,undetected,N21986,N21986,N21986,sa0,1
6872,N94784 /1 undetected,output,,N94784,N94784,1,undetected,N94784,N94784,N94784,sa1,1
6873,N91483 /1 undetected,output,,N91483,N91483,1,undetected,N91483,N91483,N91483,sa1,1
6874,N21982 /1 undetected,output,,N21982,N21982,1,undetected,N21982,N21982,N21982,sa1,1
6875,N92796 /1 undetected,output,,N92796,N92796,1,undetected,N92796,N92796,N92796,sa1,1
6876,N21978 /1 undetected,output,,N21978,N21978,1,undetected,N21978,N21978,N21978,sa1,1
6877,N91450 /1 undetected,output,,N91450,N91450,1,undetected,N91450,N91450,N91450,sa1,1
6878,N21977 /1 undetected,output,,N21977,N21977,1,undetected,N21977,N21977,N21977,sa1,1
6879,N102843 /1 undetected,output,,N102843,N102843,1,undetected,N102843,N102843,N102843,sa1,1
6880,N21974 /1 undetected,output,,N21974,N21974,1,undetected,N21974,N21974,N21974,sa1,1
6881,N92795 /1 undetected,output,,N92795,N92795,1,undetected,N92795,N92795,N92795,sa1,1
6882,N21970 /1 undetected,output,,N21970,N21970,1,undetected,N21970,N21970,N21970,sa1,1
6883,N76780 /1 undetected,output,,N76780,N76780,1,undetected,N76780,N76780,N76780,sa1,1
6884,N21968 /1 undetected,output,,N21968,N21968,1,undetected,N21968,N21968,N21968,sa1,1
6885,N21964 /1 undetected,output,,N21964,N21964,1,undetected,N21964,N21964,N21964,sa1,1
6886,N84867 /1 undetected,output,,N84867,N84867,1,undetected,N84867,N84867,N84867,sa1,1
6887,N21963 /1 undetected,output,,N21963,N21963,1,undetected,N21963,N21963,N21963,sa1,1
6888,N94770 /1 undetected,output,,N94770,N94770,1,undetected,N94770,N94770,N94770,sa1,1
6889,N21961 /1 undetected,output,,N21961,N21961,1,undetected,N21961,N21961,N21961,sa1,1
6890,N21958 /1 undetected,output,,N21958,N21958,1,undetected,N21958,N21958,N21958,sa1,1
6891,N91594 /1 undetected,output,,N91594,N91594,1,undetected,N91594,N91594,N91594,sa1,1
6892,N86477 /1 undetected,output,,N86477,N86477,1,undetected,N86477,N86477,N86477,sa1,1
6893,N21954 /1 undetected,output,,N21954,N21954,1,undetected,N21954,N21954,N21954,sa1,1
6894,N84946 /1 undetected,output,,N84946,N84946,1,undetected,N84946,N84946,N84946,sa1,1
6895,N21952 /1 undetected,output,,N21952,N21952,1,undetected,N21952,N21952,N21952,sa1,1
6896,N76779 /1 undetected,output,,N76779,N76779,1,undetected,N76779,N76779,N76779,sa1,1
6897,N21948 /1 undetected,output,,N21948,N21948,1,undetected,N21948,N21948,N21948,sa1,1
6898,N85034 /1 undetected,output,,N85034,N85034,1,undetected,N85034,N85034,N85034,sa1,1
6899,N91684 /1 undetected,output,,N91684,N91684,1,undetected,N91684,N91684,N91684,sa1,1
6900,N21943 /1 undetected,output,,N21943,N21943,1,undetected,N21943,N21943,N21943,sa1,1
6901,N21941 /1 undetected,output,,N21941,N21941,1,undetected,N21941,N21941,N21941,sa1,1
6902,N92634 /1 undetected,output,,N92634,N92634,1,undetected,N92634,N92634,N92634,sa1,1
6903,N12403 /1 undetected,output,,N12403,N12403,1,undetected,N12403,N12403,N12403,sa1,1
6904,N21937 /1 undetected,output,,N21937,N21937,1,undetected,N21937,N21937,N21937,sa1,1
6905,N91680 /1 undetected,output,,N91680,N91680,1,undetected,N91680,N91680,N91680,sa1,1
6906,N21936 /1 undetected,output,,N21936,N21936,1,undetected,N21936,N21936,N21936,sa1,1
6907,N21934 /1 undetected,output,,N21934,N21934,1,undetected,N21934,N21934,N21934,sa1,1
6908,N105035 /1 undetected,output,,N105035,N105035,1,undetected,N105035,N105035,N105035,sa1,1
6909,N97794 /1 undetected,output,,N97794,N97794,1,undetected,N97794,N97794,N97794,sa1,1
6910,N21930 /1 undetected,output,,N21930,N21930,1,undetected,N21930,N21930,N21930,sa1,1
6911,N21926 /1 undetected,output,,N21926,N21926,1,undetected,N21926,N21926,N21926,sa1,1
6912,N92387 /1 undetected,output,,N92387,N92387,1,undetected,N92387,N92387,N92387,sa1,1
6913,N76778 /1 undetected,output,,N76778,N76778,1,undetected,N76778,N76778,N76778,sa1,1
6914,N21925 /1 undetected,output,,N21925,N21925,1,undetected,N21925,N21925,N21925,sa1,1
6915,N92193 /1 undetected,output,,N92193,N92193,1,undetected,N92193,N92193,N92193,sa1,1
6916,N21923 /1 undetected,output,,N21923,N21923,1,undetected,N21923,N21923,N21923,sa1,1
6917,N92997 /1 undetected,output,,N92997,N92997,1,undetected,N92997,N92997,N92997,sa1,1
6918,N21921 /1 undetected,output,,N21921,N21921,1,undetected,N21921,N21921,N21921,sa1,1
6919,N96501 /1 undetected,output,,N96501,N96501,1,undetected,N96501,N96501,N96501,sa1,1
6920,N21919 /1 undetected,output,,N21919,N21919,1,undetected,N21919,N21919,N21919,sa1,1
6921,N96178 /1 undetected,output,,N96178,N96178,1,undetected,N96178,N96178,N96178,sa1,1
6922,N21917 /1 undetected,output,,N21917,N21917,1,undetected,N21917,N21917,N21917,sa1,1
6923,N105028 /1 undetected,output,,N105028,N105028,1,undetected,N105028,N105028,N105028,sa1,1
6924,N21914 /1 undetected,output,,N21914,N21914,1,undetected,N21914,N21914,N21914,sa1,1
6925,N105026 /1 undetected,output,,N105026,N105026,1,undetected,N105026,N105026,N105026,sa1,1
6926,N21911 /1 undetected,output,,N21911,N21911,1,undetected,N21911,N21911,N21911,sa1,1
6927,N92096 /1 undetected,output,,N92096,N92096,1,undetected,N92096,N92096,N92096,sa1,1
6928,N21909 /1 undetected,output,,N21909,N21909,1,undetected,N21909,N21909,N21909,sa1,1
6929,N96205 /1 undetected,output,,N96205,N96205,1,undetected,N96205,N96205,N96205,sa1,1
6930,N21907 /1 undetected,output,,N21907,N21907,1,undetected,N21907,N21907,N21907,sa1,1
6931,N96215 /1 undetected,output,,N96215,N96215,1,undetected,N96215,N96215,N96215,sa1,1
6932,N21905 /1 undetected,output,,N21905,N21905,1,undetected,N21905,N21905,N21905,sa1,1
6933,N96228 /1 undetected,output,,N96228,N96228,1,undetected,N96228,N96228,N96228,sa1,1
6934,N21903 /1 undetected,output,,N21903,N21903,1,undetected,N21903,N21903,N21903,sa1,1
6935,N96325 /1 undetected,output,,N96325,N96325,1,undetected,N96325,N96325,N96325,sa1,1
6936,N21901 /1 undetected,output,,N21901,N21901,1,undetected,N21901,N21901,N21901,sa1,1
6937,N105024 /1 undetected,output,,N105024,N105024,1,undetected,N105024,N105024,N105024,sa1,1
6938,N21898 /1 undetected,output,,N21898,N21898,1,undetected,N21898,N21898,N21898,sa1,1
6939,N21896 /1 undetected,output,,N21896,N21896,1,undetected,N21896,N21896,N21896,sa1,1
6940,N21894 /1 undetected,output,,N21894,N21894,1,undetected,N21894,N21894,N21894,sa1,1
6941,N92057 /1 undetected,output,,N92057,N92057,1,undetected,N92057,N92057,N92057,sa1,1
6942,N21892 /1 undetected,output,,N21892,N21892,1,undetected,N21892,N21892,N21892,sa1,1
6943,N21891 /1 undetected,output,,N21891,N21891,1,undetected,N21891,N21891,N21891,sa1,1
6944,N21887 /1 undetected,output,,N21887,N21887,1,undetected,N21887,N21887,N21887,sa1,1
6945,N979 /1 undetected,output,,N979,N979,1,undetected,N979,N979,N979,sa1,1
6946,N21889 /1 undetected,output,,N21889,N21889,1,undetected,N21889,N21889,N21889,sa1,1
6947,N105023 /1 undetected,output,,N105023,N105023,1,undetected,N105023,N105023,N105023,sa1,1
6948,N91408 /1 undetected,output,,N91408,N91408,1,undetected,N91408,N91408,N91408,sa1,1
6949,N3329 /1 undetected,output,,N3329,N3329,1,undetected,N3329,N3329,N3329,sa1,1
6950,N21884 /1 undetected,output,,N21884,N21884,1,undetected,N21884,N21884,N21884,sa1,1
6951,N96237 /1 undetected,output,,N96237,N96237,1,undetected,N96237,N96237,N96237,sa1,1
6952,N21882 /1 undetected,output,,N21882,N21882,1,undetected,N21882,N21882,N21882,sa1,1
6953,N93135 /1 undetected,output,,N93135,N93135,1,undetected,N93135,N93135,N93135,sa1,1
6954,N21880 /1 undetected,output,,N21880,N21880,1,undetected,N21880,N21880,N21880,sa1,1
6955,N93078 /1 undetected,output,,N93078,N93078,1,undetected,N93078,N93078,N93078,sa1,1
6956,N3309 /1 undetected,output,,N3309,N3309,1,undetected,N3309,N3309,N3309,sa1,1
6957,N95307 /1 undetected,output,,N95307,N95307,1,undetected,N95307,N95307,N95307,sa1,1
6958,N21876 /1 undetected,output,,N21876,N21876,1,undetected,N21876,N21876,N21876,sa1,1
6959,N21874 /1 undetected,output,,N21874,N21874,1,undetected,N21874,N21874,N21874,sa1,1
6960,N102708 /1 undetected,output,,N102708,N102708,1,undetected,N102708,N102708,N102708,sa1,1
6961,N84837 /1 undetected,output,,N84837,N84837,1,undetected,N84837,N84837,N84837,sa1,1
6962,N8645 /0 undetected,output,,N8645,N8645,0,undetected,N8645,N8645,N8645,sa0,1
6963,N8643 /1 undetected,output,,N8643,N8643,1,undetected,N8643,N8643,N8643,sa1,1
6964,N8641 /1 undetected,output,,N8641,N8641,1,undetected,N8641,N8641,N8641,sa1,1
6965,N98563 /1 undetected,output,,N98563,N98563,1,undetected,N98563,N98563,N98563,sa1,1
6966,N8630 /1 undetected,output,,N8630,N8630,1,undetected,N8630,N8630,N8630,sa1,1
6967,N84850 /1 undetected,output,,N84850,N84850,1,undetected,N84850,N84850,N84850,sa1,1
6968,N8623 /1 undetected,output,,N8623,N8623,1,undetected,N8623,N8623,N8623,sa1,1
6969,N91589 /1 undetected,output,,N91589,N91589,1,undetected,N91589,N91589,N91589,sa1,1
6970,N94755 /1 undetected,output,,N94755,N94755,1,undetected,N94755,N94755,N94755,sa1,1
6971,N8615 /1 undetected,output,,N8615,N8615,1,undetected,N8615,N8615,N8615,sa1,1
6972,N84485 /1 undetected,output,,N84485,N84485,1,undetected,N84485,N84485,N84485,sa1,1
6973,N8611 /1 undetected,output,,N8611,N8611,1,undetected,N8611,N8611,N8611,sa1,1
6974,N8608 /1 undetected,output,,N8608,N8608,1,undetected,N8608,N8608,N8608,sa1,1
6975,N74740 /1 undetected,output,,N74740,N74740,1,undetected,N74740,N74740,N74740,sa1,1
6976,N8606 /1 undetected,output,,N8606,N8606,1,undetected,N8606,N8606,N8606,sa1,1
6977,N8604 /1 undetected,output,,N8604,N8604,1,undetected,N8604,N8604,N8604,sa1,1
6978,N98530 /1 undetected,output,,N98530,N98530,1,undetected,N98530,N98530,N98530,sa1,1
6979,N8602 /1 undetected,output,,N8602,N8602,1,undetected,N8602,N8602,N8602,sa1,1
6980,N8600 /1 undetected,output,,N8600,N8600,1,undetected,N8600,N8600,N8600,sa1,1
6981,N93920 /1 undetected,output,,N93920,N93920,1,undetected,N93920,N93920,N93920,sa1,1
6982,N75161 /1 undetected,output,,N75161,N75161,1,undetected,N75161,N75161,N75161,sa1,1
6983,N8598 /1 undetected,output,,N8598,N8598,1,undetected,N8598,N8598,N8598,sa1,1
6984,N97151 /1 undetected,output,,N97151,N97151,1,undetected,N97151,N97151,N97151,sa1,1
6985,N94478 /1 undetected,output,,N94478,N94478,1,undetected,N94478,N94478,N94478,sa1,1
6986,N8592 /1 undetected,output,,N8592,N8592,1,undetected,N8592,N8592,N8592,sa1,1
6987,N98523 /1 undetected,output,,N98523,N98523,1,undetected,N98523,N98523,N98523,sa1,1
6988,N98491 /1 undetected,output,,N98491,N98491,1,undetected,N98491,N98491,N98491,sa1,1
6989,N98446 /1 undetected,output,,N98446,N98446,1,undetected,N98446,N98446,N98446,sa1,1
6990,N8569 /1 undetected,output,,N8569,N8569,1,undetected,N8569,N8569,N8569,sa1,1
6991,N84296 /1 undetected,output,,N84296,N84296,1,undetected,N84296,N84296,N84296,sa1,1
6992,N96163 /1 undetected,output,,N96163,N96163,1,undetected,N96163,N96163,N96163,sa1,1
6993,N8549 /1 undetected,output,,N8549,N8549,1,undetected,N8549,N8549,N8549,sa1,1
6994,N98462 /1 undetected,output,,N98462,N98462,1,undetected,N98462,N98462,N98462,sa1,1
6995,N8544 /1 undetected,output,,N8544,N8544,1,undetected,N8544,N8544,N8544,sa1,1
6996,N8542 /1 undetected,output,,N8542,N8542,1,undetected,N8542,N8542,N8542,sa1,1
6997,N98460 /1 undetected,output,,N98460,N98460,1,undetected,N98460,N98460,N98460,sa1,1
6998,N96176 /1 undetected,output,,N96176,N96176,1,undetected,N96176,N96176,N96176,sa1,1
6999,N98458 /1 undetected,output,,N98458,N98458,1,undetected,N98458,N98458,N98458,sa1,1
7000,N8535 /1 undetected,output,,N8535,N8535,1,undetected,N8535,N8535,N8535,sa1,1
7001,N96201 /1 undetected,output,,N96201,N96201,1,undetected,N96201,N96201,N96201,sa1,1
7002,N98451 /1 undetected,output,,N98451,N98451,1,undetected,N98451,N98451,N98451,sa1,1
7003,N8531 /1 undetected,output,,N8531,N8531,1,undetected,N8531,N8531,N8531,sa1,1
7004,N98456 /1 undetected,output,,N98456,N98456,1,undetected,N98456,N98456,N98456,sa1,1
7005,N84046 /1 undetected,output,,N84046,N84046,1,undetected,N84046,N84046,N84046,sa1,1
7006,N8527 /1 undetected,output,,N8527,N8527,1,undetected,N8527,N8527,N8527,sa1,1
7007,N8525 /1 undetected,output,,N8525,N8525,1,undetected,N8525,N8525,N8525,sa1,1
7008,N95197 /1 undetected,output,,N95197,N95197,1,undetected,N95197,N95197,N95197,sa1,1
7009,N93042 /1 undetected,output,,N93042,N93042,1,undetected,N93042,N93042,N93042,sa1,1
7010,N8522 /1 undetected,output,,N8522,N8522,1,undetected,N8522,N8522,N8522,sa1,1
7011,N93201 /1 undetected,output,,N93201,N93201,1,undetected,N93201,N93201,N93201,sa1,1
7012,N84063 /1 undetected,output,,N84063,N84063,1,undetected,N84063,N84063,N84063,sa1,1
7013,N8521 /1 undetected,output,,N8521,N8521,1,undetected,N8521,N8521,N8521,sa1,1
7014,N96307 /1 undetected,output,,N96307,N96307,1,undetected,N96307,N96307,N96307,sa1,1
7015,N96289 /1 undetected,output,,N96289,N96289,1,undetected,N96289,N96289,N96289,sa1,1
7016,N8517 /1 undetected,output,,N8517,N8517,1,undetected,N8517,N8517,N8517,sa1,1
7017,N93190 /1 undetected,output,,N93190,N93190,1,undetected,N93190,N93190,N93190,sa1,1
7018,N96274 /1 undetected,output,,N96274,N96274,1,undetected,N96274,N96274,N96274,sa1,1
7019,N8513 /1 undetected,output,,N8513,N8513,1,undetected,N8513,N8513,N8513,sa1,1
7020,N96286 /1 undetected,output,,N96286,N96286,1,undetected,N96286,N96286,N96286,sa1,1
7021,N96276 /1 undetected,output,,N96276,N96276,1,undetected,N96276,N96276,N96276,sa1,1
7022,N91601 /1 undetected,output,,N91601,N91601,1,undetected,N91601,N91601,N91601,sa1,1
7023,N75042 /1 undetected,output,,N75042,N75042,1,undetected,N75042,N75042,N75042,sa1,1
7024,N85006 /1 undetected,output,,N85006,N85006,1,undetected,N85006,N85006,N85006,sa1,1
7025,N15148 /1 undetected,output,,N15148,N15148,1,undetected,N15148,N15148,N15148,sa1,1
7026,N102391 /1 undetected,output,,N102391,N102391,1,undetected,N102391,N102391,N102391,sa1,1
7027,N15041 /1 undetected,output,,N15041,N15041,1,undetected,N15041,N15041,N15041,sa1,1
7028,N85068 /1 undetected,output,,N85068,N85068,1,undetected,N85068,N85068,N85068,sa1,1
7029,N15144 /1 undetected,output,,N15144,N15144,1,undetected,N15144,N15144,N15144,sa1,1
7030,N102416 /1 undetected,output,,N102416,N102416,1,undetected,N102416,N102416,N102416,sa1,1
7031,N15142 /1 undetected,output,,N15142,N15142,1,undetected,N15142,N15142,N15142,sa1,1
7032,N102379 /1 undetected,output,,N102379,N102379,1,undetected,N102379,N102379,N102379,sa1,1
7033,N102252 /1 undetected,output,,N102252,N102252,1,undetected,N102252,N102252,N102252,sa1,1
7034,N94589 /1 undetected,output,,N94589,N94589,1,undetected,N94589,N94589,N94589,sa1,1
7035,N15135 /1 undetected,output,,N15135,N15135,1,undetected,N15135,N15135,N15135,sa1,1
7036,N91623 /1 undetected,output,,N91623,N91623,1,undetected,N91623,N91623,N91623,sa1,1
7037,N102327 /1 undetected,output,,N102327,N102327,1,undetected,N102327,N102327,N102327,sa1,1
7038,N75041 /1 undetected,output,,N75041,N75041,1,undetected,N75041,N75041,N75041,sa1,1
7039,N85005 /1 undetected,output,,N85005,N85005,1,undetected,N85005,N85005,N85005,sa1,1
7040,N92465 /1 undetected,output,,N92465,N92465,1,undetected,N92465,N92465,N92465,sa1,1
7041,N94588 /1 undetected,output,,N94588,N94588,1,undetected,N94588,N94588,N94588,sa1,1
7042,N102085 /1 undetected,output,,N102085,N102085,1,undetected,N102085,N102085,N102085,sa1,1
7043,N91600 /1 undetected,output,,N91600,N91600,1,undetected,N91600,N91600,N91600,sa1,1
7044,N75040 /1 undetected,output,,N75040,N75040,1,undetected,N75040,N75040,N75040,sa1,1
7045,N85004 /1 undetected,output,,N85004,N85004,1,undetected,N85004,N85004,N85004,sa1,1
7046,N85069 /1 undetected,output,,N85069,N85069,1,undetected,N85069,N85069,N85069,sa1,1
7047,N15036 /1 undetected,output,,N15036,N15036,1,undetected,N15036,N15036,N15036,sa1,1
7048,N92464 /1 undetected,output,,N92464,N92464,1,undetected,N92464,N92464,N92464,sa1,1
7049,N15032 /1 undetected,output,,N15032,N15032,1,undetected,N15032,N15032,N15032,sa1,1
7050,N102347 /1 undetected,output,,N102347,N102347,1,undetected,N102347,N102347,N102347,sa1,1
7051,N15028 /1 undetected,output,,N15028,N15028,1,undetected,N15028,N15028,N15028,sa1,1
7052,N14777 /1 undetected,output,,N14777,N14777,1,undetected,N14777,N14777,N14777,sa1,1
7053,N94587 /1 undetected,output,,N94587,N94587,1,undetected,N94587,N94587,N94587,sa1,1
7054,N15024 /1 undetected,output,,N15024,N15024,1,undetected,N15024,N15024,N15024,sa1,1
7055,N102239 /1 undetected,output,,N102239,N102239,1,undetected,N102239,N102239,N102239,sa1,1
7056,N102326 /1 undetected,output,,N102326,N102326,1,undetected,N102326,N102326,N102326,sa1,1
7057,N75039 /1 undetected,output,,N75039,N75039,1,undetected,N75039,N75039,N75039,sa1,1
7058,N85003 /1 undetected,output,,N85003,N85003,1,undetected,N85003,N85003,N85003,sa1,1
7059,N92463 /1 undetected,output,,N92463,N92463,1,undetected,N92463,N92463,N92463,sa1,1
7060,N94586 /1 undetected,output,,N94586,N94586,1,undetected,N94586,N94586,N94586,sa1,1
7061,N91621 /1 undetected,output,,N91621,N91621,1,undetected,N91621,N91621,N91621,sa1,1
7062,N49003 /1 undetected,output,,N49003,N49003,1,undetected,N49003,N49003,N49003,sa1,1
7063,N118776 /1 undetected,output,,N118776,N118776,1,undetected,N118776,N118776,N118776,sa1,1
7064,N48996 /1 undetected,output,,N48996,N48996,1,undetected,N48996,N48996,N48996,sa1,1
7065,N118778 /1 undetected,output,,N118778,N118778,1,undetected,N118778,N118778,N118778,sa1,1
7066,N118770 /1 undetected,output,,N118770,N118770,1,undetected,N118770,N118770,N118770,sa1,1
7067,N118775 /1 undetected,output,,N118775,N118775,1,undetected,N118775,N118775,N118775,sa1,1
7068,N78631 /1 undetected,output,,N78631,N78631,1,undetected,N78631,N78631,N78631,sa1,1
7069,N23482 /1 undetected,output,,N23482,N23482,1,undetected,N23482,N23482,N23482,sa1,1
7070,N23478 /1 undetected,output,,N23478,N23478,1,undetected,N23478,N23478,N23478,sa1,1
7071,N23474 /1 undetected,output,,N23474,N23474,1,undetected,N23474,N23474,N23474,sa1,1
7072,N87488 /1 undetected,output,,N87488,N87488,1,undetected,N87488,N87488,N87488,sa1,1
7073,N23398 /1 undetected,output,,N23398,N23398,1,undetected,N23398,N23398,N23398,sa1,1
7074,N23393 /1 undetected,output,,N23393,N23393,1,undetected,N23393,N23393,N23393,sa1,1
7075,N23388 /1 undetected,output,,N23388,N23388,1,undetected,N23388,N23388,N23388,sa1,1
7076,N87483 /1 undetected,output,,N87483,N87483,1,undetected,N87483,N87483,N87483,sa1,1
7077,N95328 /1 undetected,output,,N95328,N95328,1,undetected,N95328,N95328,N95328,sa1,1
7078,N95323 /1 undetected,output,,N95323,N95323,1,undetected,N95323,N95323,N95323,sa1,1
7079,N75057 /1 undetected,output,,N75057,N75057,1,undetected,N75057,N75057,N75057,sa1,1
7080,N92703 /1 undetected,output,,N92703,N92703,1,undetected,N92703,N92703,N92703,sa1,1
7081,N92694 /1 undetected,output,,N92694,N92694,1,undetected,N92694,N92694,N92694,sa1,1
7082,N18683 /1 undetected,output,,N18683,N18683,1,undetected,N18683,N18683,N18683,sa1,1
7083,N101829 /1 undetected,output,,N101829,N101829,1,undetected,N101829,N101829,N101829,sa1,1
7084,N18680 /1 undetected,output,,N18680,N18680,1,undetected,N18680,N18680,N18680,sa1,1
7085,N103738 /1 undetected,output,,N103738,N103738,1,undetected,N103738,N103738,N103738,sa1,1
7086,N99909 /1 undetected,output,,N99909,N99909,1,undetected,N99909,N99909,N99909,sa1,1
7087,N102588 /1 undetected,output,,N102588,N102588,1,undetected,N102588,N102588,N102588,sa1,1
7088,N76769 /1 undetected,output,,N76769,N76769,1,undetected,N76769,N76769,N76769,sa1,1
7089,N85028 /1 undetected,output,,N85028,N85028,1,undetected,N85028,N85028,N85028,sa1,1
7090,N92502 /1 undetected,output,,N92502,N92502,1,undetected,N92502,N92502,N92502,sa1,1
7091,N92477 /1 undetected,output,,N92477,N92477,1,undetected,N92477,N92477,N92477,sa1,1
7092,N14951 /1 undetected,output,,N14951,N14951,1,undetected,N14951,N14951,N14951,sa1,1
7093,N94695 /1 undetected,output,,N94695,N94695,1,undetected,N94695,N94695,N94695,sa1,1
7094,N14943 /1 undetected,output,,N14943,N14943,1,undetected,N14943,N14943,N14943,sa1,1
7095,N100441 /1 undetected,output,,N100441,N100441,1,undetected,N100441,N100441,N100441,sa1,1
7096,N94600 /1 undetected,output,,N94600,N94600,1,undetected,N94600,N94600,N94600,sa1,1
7097,N101828 /1 undetected,output,,N101828,N101828,1,undetected,N101828,N101828,N101828,sa1,1
7098,N76768 /1 undetected,output,,N76768,N76768,1,undetected,N76768,N76768,N76768,sa1,1
7099,N18647 /1 undetected,output,,N18647,N18647,1,undetected,N18647,N18647,N18647,sa1,1
7100,N92476 /1 undetected,output,,N92476,N92476,1,undetected,N92476,N92476,N92476,sa1,1
7101,N102552 /1 undetected,output,,N102552,N102552,1,undetected,N102552,N102552,N102552,sa1,1
7102,N76766 /1 undetected,output,,N76766,N76766,1,undetected,N76766,N76766,N76766,sa1,1
7103,N95327 /1 undetected,output,,N95327,N95327,1,undetected,N95327,N95327,N95327,sa1,1
7104,N95322 /1 undetected,output,,N95322,N95322,1,undetected,N95322,N95322,N95322,sa1,1
7105,N75056 /1 undetected,output,,N75056,N75056,1,undetected,N75056,N75056,N75056,sa1,1
7106,N92702 /1 undetected,output,,N92702,N92702,1,undetected,N92702,N92702,N92702,sa1,1
7107,N92693 /1 undetected,output,,N92693,N92693,1,undetected,N92693,N92693,N92693,sa1,1
7108,N102207 /1 undetected,output,,N102207,N102207,1,undetected,N102207,N102207,N102207,sa1,1
7109,N18610 /1 undetected,output,,N18610,N18610,1,undetected,N18610,N18610,N18610,sa1,1
7110,N76762 /1 undetected,output,,N76762,N76762,1,undetected,N76762,N76762,N76762,sa1,1
7111,N14975 /1 undetected,output,,N14975,N14975,1,undetected,N14975,N14975,N14975,sa1,1
7112,N85027 /1 undetected,output,,N85027,N85027,1,undetected,N85027,N85027,N85027,sa1,1
7113,N92501 /1 undetected,output,,N92501,N92501,1,undetected,N92501,N92501,N92501,sa1,1
7114,N18596 /1 undetected,output,,N18596,N18596,1,undetected,N18596,N18596,N18596,sa1,1
7115,N86468 /1 undetected,output,,N86468,N86468,1,undetected,N86468,N86468,N86468,sa1,1
7116,N92475 /1 undetected,output,,N92475,N92475,1,undetected,N92475,N92475,N92475,sa1,1
7117,N14947 /1 undetected,output,,N14947,N14947,1,undetected,N14947,N14947,N14947,sa1,1
7118,N100440 /1 undetected,output,,N100440,N100440,1,undetected,N100440,N100440,N100440,sa1,1
7119,N94599 /1 undetected,output,,N94599,N94599,1,undetected,N94599,N94599,N94599,sa1,1
7120,N18577 /1 undetected,output,,N18577,N18577,1,undetected,N18577,N18577,N18577,sa1,1
7121,N102206 /1 undetected,output,,N102206,N102206,1,undetected,N102206,N102206,N102206,sa1,1
7122,N14973 /1 undetected,output,,N14973,N14973,1,undetected,N14973,N14973,N14973,sa1,1
7123,N18576 /1 undetected,output,,N18576,N18576,1,undetected,N18576,N18576,N18576,sa1,1
7124,N76761 /1 undetected,output,,N76761,N76761,1,undetected,N76761,N76761,N76761,sa1,1
7125,N92474 /1 undetected,output,,N92474,N92474,1,undetected,N92474,N92474,N92474,sa1,1
7126,N76765 /1 undetected,output,,N76765,N76765,1,undetected,N76765,N76765,N76765,sa1,1
7127,N86474 /1 undetected,output,,N86474,N86474,1,undetected,N86474,N86474,N86474,sa1,1
7128,N102551 /1 undetected,output,,N102551,N102551,1,undetected,N102551,N102551,N102551,sa1,1
7129,N18557 /1 undetected,output,,N18557,N18557,1,undetected,N18557,N18557,N18557,sa1,1
7130,N76759 /1 undetected,output,,N76759,N76759,1,undetected,N76759,N76759,N76759,sa1,1
7131,N101638 /1 undetected,output,,N101638,N101638,1,undetected,N101638,N101638,N101638,sa1,1
7132,N52783 /1 undetected,output,,N52783,N52783,1,undetected,N52783,N52783,N52783,sa1,1
7133,N120171 /1 undetected,output,,N120171,N120171,1,undetected,N120171,N120171,N120171,sa1,1
7134,N106220 /1 undetected,output,,N106220,N106220,1,undetected,N106220,N106220,N106220,sa1,1
7135,N84630 /1 undetected,output,,N84630,N84630,1,undetected,N84630,N84630,N84630,sa1,1
7136,N84784 /1 undetected,output,,N84784,N84784,1,undetected,N84784,N84784,N84784,sa1,1
7137,N75634 /1 undetected,output,,N75634,N75634,1,undetected,N75634,N75634,N75634,sa1,1
7138,N105486 /1 undetected,output,,N105486,N105486,1,undetected,N105486,N105486,N105486,sa1,1
7139,N85566 /1 undetected,output,,N85566,N85566,1,undetected,N85566,N85566,N85566,sa1,1
7140,N52763 /1 undetected,output,,N52763,N52763,1,undetected,N52763,N52763,N52763,sa1,1
7141,N120173 /1 undetected,output,,N120173,N120173,1,undetected,N120173,N120173,N120173,sa1,1
7142,N105492 /1 undetected,output,,N105492,N105492,1,undetected,N105492,N105492,N105492,sa1,1
7143,N23613 /1 undetected,output,,N23613,N23613,1,undetected,N23613,N23613,N23613,sa1,1
7144,N74859 /1 undetected,output,,N74859,N74859,1,undetected,N74859,N74859,N74859,sa1,1
7145,N52756 /1 undetected,output,,N52756,N52756,1,undetected,N52756,N52756,N52756,sa1,1
7146,N85565 /1 undetected,output,,N85565,N85565,1,undetected,N85565,N85565,N85565,sa1,1
7147,N52755 /1 undetected,output,,N52755,N52755,1,undetected,N52755,N52755,N52755,sa1,1
7148,N96033 /1 undetected,output,,N96033,N96033,1,undetected,N96033,N96033,N96033,sa1,1
7149,N76128 /1 undetected,output,,N76128,N76128,1,undetected,N76128,N76128,N76128,sa1,1
7150,N52748 /1 undetected,output,,N52748,N52748,1,undetected,N52748,N52748,N52748,sa1,1
7151,N120155 /1 undetected,output,,N120155,N120155,1,undetected,N120155,N120155,N120155,sa1,1
7152,N52747 /1 undetected,output,,N52747,N52747,1,undetected,N52747,N52747,N52747,sa1,1
7153,N94433 /1 undetected,output,,N94433,N94433,1,undetected,N94433,N94433,N94433,sa1,1
7154,N52746 /1 undetected,output,,N52746,N52746,1,undetected,N52746,N52746,N52746,sa1,1
7155,N85845 /1 undetected,output,,N85845,N85845,1,undetected,N85845,N85845,N85845,sa1,1
7156,N52744 /1 undetected,output,,N52744,N52744,1,undetected,N52744,N52744,N52744,sa1,1
7157,N94344 /1 undetected,output,,N94344,N94344,1,undetected,N94344,N94344,N94344,sa1,1
7158,N52741 /1 undetected,output,,N52741,N52741,1,undetected,N52741,N52741,N52741,sa1,1
7159,N120143 /1 undetected,output,,N120143,N120143,1,undetected,N120143,N120143,N120143,sa1,1
7160,N52739 /1 undetected,output,,N52739,N52739,1,undetected,N52739,N52739,N52739,sa1,1
7161,N120177 /1 undetected,output,,N120177,N120177,1,undetected,N120177,N120177,N120177,sa1,1
7162,N52737 /1 undetected,output,,N52737,N52737,1,undetected,N52737,N52737,N52737,sa1,1
7163,N93414 /1 undetected,output,,N93414,N93414,1,undetected,N93414,N93414,N93414,sa1,1
7164,N52612 /1 undetected,output,,N52612,N52612,1,undetected,N52612,N52612,N52612,sa1,1
7165,N52735 /1 undetected,output,,N52735,N52735,1,undetected,N52735,N52735,N52735,sa1,1
7166,N85844 /1 undetected,output,,N85844,N85844,1,undetected,N85844,N85844,N85844,sa1,1
7167,N52733 /1 undetected,output,,N52733,N52733,1,undetected,N52733,N52733,N52733,sa1,1
7168,N52732 /1 undetected,output,,N52732,N52732,1,undetected,N52732,N52732,N52732,sa1,1
7169,N120179 /1 undetected,output,,N120179,N120179,1,undetected,N120179,N120179,N120179,sa1,1
7170,N52730 /1 undetected,output,,N52730,N52730,1,undetected,N52730,N52730,N52730,sa1,1
7171,N93713 /1 undetected,output,,N93713,N93713,1,undetected,N93713,N93713,N93713,sa1,1
7172,N52626 /1 undetected,output,,N52626,N52626,1,undetected,N52626,N52626,N52626,sa1,1
7173,N52728 /1 undetected,output,,N52728,N52728,1,undetected,N52728,N52728,N52728,sa1,1
7174,N120130 /1 undetected,output,,N120130,N120130,1,undetected,N120130,N120130,N120130,sa1,1
7175,N85827 /1 undetected,output,,N85827,N85827,1,undetected,N85827,N85827,N85827,sa1,1
7176,N52724 /1 undetected,output,,N52724,N52724,1,undetected,N52724,N52724,N52724,sa1,1
7177,N103884 /1 undetected,output,,N103884,N103884,1,undetected,N103884,N103884,N103884,sa1,1
7178,N52720 /1 undetected,output,,N52720,N52720,1,undetected,N52720,N52720,N52720,sa1,1
7179,N52718 /1 undetected,output,,N52718,N52718,1,undetected,N52718,N52718,N52718,sa1,1
7180,N94343 /1 undetected,output,,N94343,N94343,1,undetected,N94343,N94343,N94343,sa1,1
7181,N52713 /1 undetected,output,,N52713,N52713,1,undetected,N52713,N52713,N52713,sa1,1
7182,N52711 /1 undetected,output,,N52711,N52711,1,undetected,N52711,N52711,N52711,sa1,1
7183,N85842 /1 undetected,output,,N85842,N85842,1,undetected,N85842,N85842,N85842,sa1,1
7184,N52710 /1 undetected,output,,N52710,N52710,1,undetected,N52710,N52710,N52710,sa1,1
7185,N120178 /1 undetected,output,,N120178,N120178,1,undetected,N120178,N120178,N120178,sa1,1
7186,N52708 /1 undetected,output,,N52708,N52708,1,undetected,N52708,N52708,N52708,sa1,1
7187,N120159 /1 undetected,output,,N120159,N120159,1,undetected,N120159,N120159,N120159,sa1,1
7188,N93712 /1 undetected,output,,N93712,N93712,1,undetected,N93712,N93712,N93712,sa1,1
7189,N52703 /1 undetected,output,,N52703,N52703,1,undetected,N52703,N52703,N52703,sa1,1
7190,N120163 /1 undetected,output,,N120163,N120163,1,undetected,N120163,N120163,N120163,sa1,1
7191,N85826 /1 undetected,output,,N85826,N85826,1,undetected,N85826,N85826,N85826,sa1,1
7192,N52701 /1 undetected,output,,N52701,N52701,1,undetected,N52701,N52701,N52701,sa1,1
7193,N120142 /1 undetected,output,,N120142,N120142,1,undetected,N120142,N120142,N120142,sa1,1
7194,N52699 /1 undetected,output,,N52699,N52699,1,undetected,N52699,N52699,N52699,sa1,1
7195,N120176 /1 undetected,output,,N120176,N120176,1,undetected,N120176,N120176,N120176,sa1,1
7196,N52694 /1 undetected,output,,N52694,N52694,1,undetected,N52694,N52694,N52694,sa1,1
7197,N120167 /1 undetected,output,,N120167,N120167,1,undetected,N120167,N120167,N120167,sa1,1
7198,N93413 /1 undetected,output,,N93413,N93413,1,undetected,N93413,N93413,N93413,sa1,1
7199,N94432 /1 undetected,output,,N94432,N94432,1,undetected,N94432,N94432,N94432,sa1,1
7200,N52717 /1 undetected,output,,N52717,N52717,1,undetected,N52717,N52717,N52717,sa1,1
7201,N85843 /1 undetected,output,,N85843,N85843,1,undetected,N85843,N85843,N85843,sa1,1
7202,N120165 /1 undetected,output,,N120165,N120165,1,undetected,N120165,N120165,N120165,sa1,1
7203,N120161 /1 undetected,output,,N120161,N120161,1,undetected,N120161,N120161,N120161,sa1,1
7204,N85192 /1 undetected,output,,N85192,N85192,1,undetected,N85192,N85192,N85192,sa1,1
7205,N52687 /1 undetected,output,,N52687,N52687,1,undetected,N52687,N52687,N52687,sa1,1
7206,N120175 /1 undetected,output,,N120175,N120175,1,undetected,N120175,N120175,N120175,sa1,1
7207,N95805 /1 undetected,output,,N95805,N95805,1,undetected,N95805,N95805,N95805,sa1,1
7208,N95841 /1 undetected,output,,N95841,N95841,1,undetected,N95841,N95841,N95841,sa1,1
7209,N85841 /1 undetected,output,,N85841,N85841,1,undetected,N85841,N85841,N85841,sa1,1
7210,N52662 /1 undetected,output,,N52662,N52662,1,undetected,N52662,N52662,N52662,sa1,1
7211,N120164 /1 undetected,output,,N120164,N120164,1,undetected,N120164,N120164,N120164,sa1,1
7212,N93736 /1 undetected,output,,N93736,N93736,1,undetected,N93736,N93736,N93736,sa1,1
7213,N52655 /1 undetected,output,,N52655,N52655,1,undetected,N52655,N52655,N52655,sa1,1
7214,N120162 /1 undetected,output,,N120162,N120162,1,undetected,N120162,N120162,N120162,sa1,1
7215,N93732 /1 undetected,output,,N93732,N93732,1,undetected,N93732,N93732,N93732,sa1,1
7216,N95752 /1 undetected,output,,N95752,N95752,1,undetected,N95752,N95752,N95752,sa1,1
7217,N52637 /1 undetected,output,,N52637,N52637,1,undetected,N52637,N52637,N52637,sa1,1
7218,N120154 /1 undetected,output,,N120154,N120154,1,undetected,N120154,N120154,N120154,sa1,1
7219,N75633 /1 undetected,output,,N75633,N75633,1,undetected,N75633,N75633,N75633,sa1,1
7220,N93874 /1 undetected,output,,N93874,N93874,1,undetected,N93874,N93874,N93874,sa1,1
7221,N120135 /1 undetected,output,,N120135,N120135,1,undetected,N120135,N120135,N120135,sa1,1
7222,N93744 /1 undetected,output,,N93744,N93744,1,undetected,N93744,N93744,N93744,sa1,1
7223,N52597 /1 undetected,output,,N52597,N52597,1,undetected,N52597,N52597,N52597,sa1,1
7224,N120129 /1 undetected,output,,N120129,N120129,1,undetected,N120129,N120129,N120129,sa1,1
7225,N93731 /1 undetected,output,,N93731,N93731,1,undetected,N93731,N93731,N93731,sa1,1
7226,N101670 /1 undetected,output,,N101670,N101670,1,undetected,N101670,N101670,N101670,sa1,1
7227,N48898 /1 undetected,output,,N48898,N48898,1,undetected,N48898,N48898,N48898,sa1,1
7228,N48895 /1 undetected,output,,N48895,N48895,1,undetected,N48895,N48895,N48895,sa1,1
7229,N101705 /1 undetected,output,,N101705,N101705,1,undetected,N101705,N101705,N101705,sa1,1
7230,N48875 /1 undetected,output,,N48875,N48875,1,undetected,N48875,N48875,N48875,sa1,1
7231,N84781 /1 undetected,output,,N84781,N84781,1,undetected,N84781,N84781,N84781,sa1,1
7232,N48892 /1 undetected,output,,N48892,N48892,1,undetected,N48892,N48892,N48892,sa1,1
7233,N105242 /1 undetected,output,,N105242,N105242,1,undetected,N105242,N105242,N105242,sa1,1
7234,N105383 /1 undetected,output,,N105383,N105383,1,undetected,N105383,N105383,N105383,sa1,1
7235,N48888 /1 undetected,output,,N48888,N48888,1,undetected,N48888,N48888,N48888,sa1,1
7236,N48885 /1 undetected,output,,N48885,N48885,1,undetected,N48885,N48885,N48885,sa1,1
7237,N76490 /1 undetected,output,,N76490,N76490,1,undetected,N76490,N76490,N76490,sa1,1
7238,N48884 /1 undetected,output,,N48884,N48884,1,undetected,N48884,N48884,N48884,sa1,1
7239,N105236 /1 undetected,output,,N105236,N105236,1,undetected,N105236,N105236,N105236,sa1,1
7240,N93724 /1 undetected,output,,N93724,N93724,1,undetected,N93724,N93724,N93724,sa1,1
7241,N105389 /1 undetected,output,,N105389,N105389,1,undetected,N105389,N105389,N105389,sa1,1
7242,N48880 /1 undetected,output,,N48880,N48880,1,undetected,N48880,N48880,N48880,sa1,1
7243,N101217 /1 undetected,output,,N101217,N101217,1,undetected,N101217,N101217,N101217,sa1,1
7244,N88390 /1 undetected,output,,N88390,N88390,1,undetected,N88390,N88390,N88390,sa1,1
7245,N84949 /1 undetected,output,,N84949,N84949,1,undetected,N84949,N84949,N84949,sa1,1
7246,N85093 /1 undetected,output,,N85093,N85093,1,undetected,N85093,N85093,N85093,sa1,1
7247,N105359 /1 undetected,output,,N105359,N105359,1,undetected,N105359,N105359,N105359,sa1,1
7248,N48851 /1 undetected,output,,N48851,N48851,1,undetected,N48851,N48851,N48851,sa1,1
7249,N79445 /1 undetected,output,,N79445,N79445,1,undetected,N79445,N79445,N79445,sa1,1
7250,N48847 /1 undetected,output,,N48847,N48847,1,undetected,N48847,N48847,N48847,sa1,1
7251,N94182 /1 undetected,output,,N94182,N94182,1,undetected,N94182,N94182,N94182,sa1,1
7252,N105363 /1 undetected,output,,N105363,N105363,1,undetected,N105363,N105363,N105363,sa1,1
7253,N48843 /1 undetected,output,,N48843,N48843,1,undetected,N48843,N48843,N48843,sa1,1
7254,N101084 /1 undetected,output,,N101084,N101084,1,undetected,N101084,N101084,N101084,sa1,1
7255,N86883 /1 undetected,output,,N86883,N86883,1,undetected,N86883,N86883,N86883,sa1,1
7256,N105345 /1 undetected,output,,N105345,N105345,1,undetected,N105345,N105345,N105345,sa1,1
7257,N76489 /1 undetected,output,,N76489,N76489,1,undetected,N76489,N76489,N76489,sa1,1
7258,N48835 /1 undetected,output,,N48835,N48835,1,undetected,N48835,N48835,N48835,sa1,1
7259,N88389 /1 undetected,output,,N88389,N88389,1,undetected,N88389,N88389,N88389,sa1,1
7260,N48831 /1 undetected,output,,N48831,N48831,1,undetected,N48831,N48831,N48831,sa1,1
7261,N75619 /1 undetected,output,,N75619,N75619,1,undetected,N75619,N75619,N75619,sa1,1
7262,N48828 /1 undetected,output,,N48828,N48828,1,undetected,N48828,N48828,N48828,sa1,1
7263,N105215 /1 undetected,output,,N105215,N105215,1,undetected,N105215,N105215,N105215,sa1,1
7264,N100928 /1 undetected,output,,N100928,N100928,1,undetected,N100928,N100928,N100928,sa1,1
7265,N48830 /1 undetected,output,,N48830,N48830,1,undetected,N48830,N48830,N48830,sa1,1
7266,N105219 /1 undetected,output,,N105219,N105219,1,undetected,N105219,N105219,N105219,sa1,1
7267,N105349 /1 undetected,output,,N105349,N105349,1,undetected,N105349,N105349,N105349,sa1,1
7268,N79444 /1 undetected,output,,N79444,N79444,1,undetected,N79444,N79444,N79444,sa1,1
7269,N103944 /1 undetected,output,,N103944,N103944,1,undetected,N103944,N103944,N103944,sa1,1
7270,N104009 /1 undetected,output,,N104009,N104009,1,undetected,N104009,N104009,N104009,sa1,1
7271,N91614 /1 undetected,output,,N91614,N91614,1,undetected,N91614,N91614,N91614,sa1,1
7272,N19922 /1 undetected,output,,N19922,N19922,1,undetected,N19922,N19922,N19922,sa1,1
7273,N104001 /1 undetected,output,,N104001,N104001,1,undetected,N104001,N104001,N104001,sa1,1
7274,N85033 /1 undetected,output,,N85033,N85033,1,undetected,N85033,N85033,N85033,sa1,1
7275,N104003 /1 undetected,output,,N104003,N104003,1,undetected,N104003,N104003,N104003,sa1,1
7276,N19917 /1 undetected,output,,N19917,N19917,1,undetected,N19917,N19917,N19917,sa1,1
7277,N104056 /1 undetected,output,,N104056,N104056,1,undetected,N104056,N104056,N104056,sa1,1
7278,N19915 /1 undetected,output,,N19915,N19915,1,undetected,N19915,N19915,N19915,sa1,1
7279,N104064 /1 undetected,output,,N104064,N104064,1,undetected,N104064,N104064,N104064,sa1,1
7280,N104054 /1 undetected,output,,N104054,N104054,1,undetected,N104054,N104054,N104054,sa1,1
7281,N75062 /1 undetected,output,,N75062,N75062,1,undetected,N75062,N75062,N75062,sa1,1
7282,N92548 /1 undetected,output,,N92548,N92548,1,undetected,N92548,N92548,N92548,sa1,1
7283,N19908 /1 undetected,output,,N19908,N19908,1,undetected,N19908,N19908,N19908,sa1,1
7284,N92535 /1 undetected,output,,N92535,N92535,1,undetected,N92535,N92535,N92535,sa1,1
7285,N19904 /1 undetected,output,,N19904,N19904,1,undetected,N19904,N19904,N19904,sa1,1
7286,N19902 /1 undetected,output,,N19902,N19902,1,undetected,N19902,N19902,N19902,sa1,1
7287,N88359 /1 undetected,output,,N88359,N88359,1,undetected,N88359,N88359,N88359,sa1,1
7288,N19900 /1 undetected,output,,N19900,N19900,1,undetected,N19900,N19900,N19900,sa1,1
7289,N104063 /1 undetected,output,,N104063,N104063,1,undetected,N104063,N104063,N104063,sa1,1
7290,N104035 /1 undetected,output,,N104035,N104035,1,undetected,N104035,N104035,N104035,sa1,1
7291,N19898 /1 undetected,output,,N19898,N19898,1,undetected,N19898,N19898,N19898,sa1,1
7292,N104071 /1 undetected,output,,N104071,N104071,1,undetected,N104071,N104071,N104071,sa1,1
7293,N99876 /1 undetected,output,,N99876,N99876,1,undetected,N99876,N99876,N99876,sa1,1
7294,N91736 /1 undetected,output,,N91736,N91736,1,undetected,N91736,N91736,N91736,sa1,1
7295,N19891 /1 undetected,output,,N19891,N19891,1,undetected,N19891,N19891,N19891,sa1,1
7296,N100146 /1 undetected,output,,N100146,N100146,1,undetected,N100146,N100146,N100146,sa1,1
7297,N74590 /1 undetected,output,,N74590,N74590,1,undetected,N74590,N74590,N74590,sa1,1
7298,N92449 /1 undetected,output,,N92449,N92449,1,undetected,N92449,N92449,N92449,sa1,1
7299,N92385 /1 undetected,output,,N92385,N92385,1,undetected,N92385,N92385,N92385,sa1,1
7300,N19881 /1 undetected,output,,N19881,N19881,1,undetected,N19881,N19881,N19881,sa1,1
7301,N99978 /1 undetected,output,,N99978,N99978,1,undetected,N99978,N99978,N99978,sa1,1
7302,N99973 /1 undetected,output,,N99973,N99973,1,undetected,N99973,N99973,N99973,sa1,1
7303,N19877 /1 undetected,output,,N19877,N19877,1,undetected,N19877,N19877,N19877,sa1,1
7304,N19875 /1 undetected,output,,N19875,N19875,1,undetected,N19875,N19875,N19875,sa1,1
7305,N88358 /1 undetected,output,,N88358,N88358,1,undetected,N88358,N88358,N88358,sa1,1
7306,N19873 /1 undetected,output,,N19873,N19873,1,undetected,N19873,N19873,N19873,sa1,1
7307,N104062 /1 undetected,output,,N104062,N104062,1,undetected,N104062,N104062,N104062,sa1,1
7308,N104042 /1 undetected,output,,N104042,N104042,1,undetected,N104042,N104042,N104042,sa1,1
7309,N92480 /1 undetected,output,,N92480,N92480,1,undetected,N92480,N92480,N92480,sa1,1
7310,N74785 /1 undetected,output,,N74785,N74785,1,undetected,N74785,N74785,N74785,sa1,1
7311,N19862 /1 undetected,output,,N19862,N19862,1,undetected,N19862,N19862,N19862,sa1,1
7312,N103995 /1 undetected,output,,N103995,N103995,1,undetected,N103995,N103995,N103995,sa1,1
7313,N19859 /1 undetected,output,,N19859,N19859,1,undetected,N19859,N19859,N19859,sa1,1
7314,N19857 /1 undetected,output,,N19857,N19857,1,undetected,N19857,N19857,N19857,sa1,1
7315,N94516 /1 undetected,output,,N94516,N94516,1,undetected,N94516,N94516,N94516,sa1,1
7316,N19856 /1 undetected,output,,N19856,N19856,1,undetected,N19856,N19856,N19856,sa1,1
7317,N104078 /1 undetected,output,,N104078,N104078,1,undetected,N104078,N104078,N104078,sa1,1
7318,N94311 /1 undetected,output,,N94311,N94311,1,undetected,N94311,N94311,N94311,sa1,1
7319,N19854 /1 undetected,output,,N19854,N19854,1,undetected,N19854,N19854,N19854,sa1,1
7320,N104076 /1 undetected,output,,N104076,N104076,1,undetected,N104076,N104076,N104076,sa1,1
7321,N94398 /1 undetected,output,,N94398,N94398,1,undetected,N94398,N94398,N94398,sa1,1
7322,N100101 /1 undetected,output,,N100101,N100101,1,undetected,N100101,N100101,N100101,sa1,1
7323,N19849 /1 undetected,output,,N19849,N19849,1,undetected,N19849,N19849,N19849,sa1,1
7324,N19847 /1 undetected,output,,N19847,N19847,1,undetected,N19847,N19847,N19847,sa1,1
7325,N94138 /1 undetected,output,,N94138,N94138,1,undetected,N94138,N94138,N94138,sa1,1
7326,N19846 /1 undetected,output,,N19846,N19846,1,undetected,N19846,N19846,N19846,sa1,1
7327,N104077 /1 undetected,output,,N104077,N104077,1,undetected,N104077,N104077,N104077,sa1,1
7328,N93765 /1 undetected,output,,N93765,N93765,1,undetected,N93765,N93765,N93765,sa1,1
7329,N19839 /1 undetected,output,,N19839,N19839,1,undetected,N19839,N19839,N19839,sa1,1
7330,N104075 /1 undetected,output,,N104075,N104075,1,undetected,N104075,N104075,N104075,sa1,1
7331,N93841 /1 undetected,output,,N93841,N93841,1,undetected,N93841,N93841,N93841,sa1,1
7332,N19863 /1 undetected,output,,N19863,N19863,1,undetected,N19863,N19863,N19863,sa1,1
7333,N84725 /1 undetected,output,,N84725,N84725,1,undetected,N84725,N84725,N84725,sa1,1
7334,N19821 /1 undetected,output,,N19821,N19821,1,undetected,N19821,N19821,N19821,sa1,1
7335,N88356 /1 undetected,output,,N88356,N88356,1,undetected,N88356,N88356,N88356,sa1,1
7336,N104040 /1 undetected,output,,N104040,N104040,1,undetected,N104040,N104040,N104040,sa1,1
7337,N19817 /1 undetected,output,,N19817,N19817,1,undetected,N19817,N19817,N19817,sa1,1
7338,N104038 /1 undetected,output,,N104038,N104038,1,undetected,N104038,N104038,N104038,sa1,1
7339,N19619 /1 undetected,output,,N19619,N19619,1,undetected,N19619,N19619,N19619,sa1,1
7340,N91613 /1 undetected,output,,N91613,N91613,1,undetected,N91613,N91613,N91613,sa1,1
7341,N19809 /1 undetected,output,,N19809,N19809,1,undetected,N19809,N19809,N19809,sa1,1
7342,N19805 /1 undetected,output,,N19805,N19805,1,undetected,N19805,N19805,N19805,sa1,1
7343,N19804 /1 undetected,output,,N19804,N19804,1,undetected,N19804,N19804,N19804,sa1,1
7344,N85032 /1 undetected,output,,N85032,N85032,1,undetected,N85032,N85032,N85032,sa1,1
7345,N19803 /1 undetected,output,,N19803,N19803,1,undetected,N19803,N19803,N19803,sa1,1
7346,N19801 /1 undetected,output,,N19801,N19801,1,undetected,N19801,N19801,N19801,sa1,1
7347,N19799 /1 undetected,output,,N19799,N19799,1,undetected,N19799,N19799,N19799,sa1,1
7348,N19795 /1 undetected,output,,N19795,N19795,1,undetected,N19795,N19795,N19795,sa1,1
7349,N19780 /1 undetected,output,,N19780,N19780,1,undetected,N19780,N19780,N19780,sa1,1
7350,N85084 /1 undetected,output,,N85084,N85084,1,undetected,N85084,N85084,N85084,sa1,1
7351,N19776 /1 undetected,output,,N19776,N19776,1,undetected,N19776,N19776,N19776,sa1,1
7352,N102383 /1 undetected,output,,N102383,N102383,1,undetected,N102383,N102383,N102383,sa1,1
7353,N19772 /1 undetected,output,,N19772,N19772,1,undetected,N19772,N19772,N19772,sa1,1
7354,N19770 /1 undetected,output,,N19770,N19770,1,undetected,N19770,N19770,N19770,sa1,1
7355,N19768 /1 undetected,output,,N19768,N19768,1,undetected,N19768,N19768,N19768,sa1,1
7356,N94515 /1 undetected,output,,N94515,N94515,1,undetected,N94515,N94515,N94515,sa1,1
7357,N19765 /1 undetected,output,,N19765,N19765,1,undetected,N19765,N19765,N19765,sa1,1
7358,N104048 /1 undetected,output,,N104048,N104048,1,undetected,N104048,N104048,N104048,sa1,1
7359,N94397 /1 undetected,output,,N94397,N94397,1,undetected,N94397,N94397,N94397,sa1,1
7360,N19767 /1 undetected,output,,N19767,N19767,1,undetected,N19767,N19767,N19767,sa1,1
7361,N104046 /1 undetected,output,,N104046,N104046,1,undetected,N104046,N104046,N104046,sa1,1
7362,N94310 /1 undetected,output,,N94310,N94310,1,undetected,N94310,N94310,N94310,sa1,1
7363,N19760 /1 undetected,output,,N19760,N19760,1,undetected,N19760,N19760,N19760,sa1,1
7364,N19758 /1 undetected,output,,N19758,N19758,1,undetected,N19758,N19758,N19758,sa1,1
7365,N19756 /1 undetected,output,,N19756,N19756,1,undetected,N19756,N19756,N19756,sa1,1
7366,N94137 /1 undetected,output,,N94137,N94137,1,undetected,N94137,N94137,N94137,sa1,1
7367,N19755 /1 undetected,output,,N19755,N19755,1,undetected,N19755,N19755,N19755,sa1,1
7368,N104047 /1 undetected,output,,N104047,N104047,1,undetected,N104047,N104047,N104047,sa1,1
7369,N93840 /1 undetected,output,,N93840,N93840,1,undetected,N93840,N93840,N93840,sa1,1
7370,N19752 /1 undetected,output,,N19752,N19752,1,undetected,N19752,N19752,N19752,sa1,1
7371,N104045 /1 undetected,output,,N104045,N104045,1,undetected,N104045,N104045,N104045,sa1,1
7372,N93764 /1 undetected,output,,N93764,N93764,1,undetected,N93764,N93764,N93764,sa1,1
7373,N19746 /1 undetected,output,,N19746,N19746,1,undetected,N19746,N19746,N19746,sa1,1
7374,N92505 /1 undetected,output,,N92505,N92505,1,undetected,N92505,N92505,N92505,sa1,1
7375,N19742 /1 undetected,output,,N19742,N19742,1,undetected,N19742,N19742,N19742,sa1,1
7376,N103927 /1 undetected,output,,N103927,N103927,1,undetected,N103927,N103927,N103927,sa1,1
7377,N11568 /1 undetected,output,,N11568,N11568,1,undetected,N11568,N11568,N11568,sa1,1
7378,N19740 /1 undetected,output,,N19740,N19740,1,undetected,N19740,N19740,N19740,sa1,1
7379,N100009 /1 undetected,output,,N100009,N100009,1,undetected,N100009,N100009,N100009,sa1,1
7380,N79409 /1 undetected,output,,N79409,N79409,1,undetected,N79409,N79409,N79409,sa1,1
7381,N19738 /1 undetected,output,,N19738,N19738,1,undetected,N19738,N19738,N19738,sa1,1
7382,N104041 /1 undetected,output,,N104041,N104041,1,undetected,N104041,N104041,N104041,sa1,1
7383,N19736 /1 undetected,output,,N19736,N19736,1,undetected,N19736,N19736,N19736,sa1,1
7384,N104027 /1 undetected,output,,N104027,N104027,1,undetected,N104027,N104027,N104027,sa1,1
7385,N99990 /1 undetected,output,,N99990,N99990,1,undetected,N99990,N99990,N99990,sa1,1
7386,N19731 /1 undetected,output,,N19731,N19731,1,undetected,N19731,N19731,N19731,sa1,1
7387,N92534 /1 undetected,output,,N92534,N92534,1,undetected,N92534,N92534,N92534,sa1,1
7388,N104039 /1 undetected,output,,N104039,N104039,1,undetected,N104039,N104039,N104039,sa1,1
7389,N19726 /1 undetected,output,,N19726,N19726,1,undetected,N19726,N19726,N19726,sa1,1
7390,N88353 /1 undetected,output,,N88353,N88353,1,undetected,N88353,N88353,N88353,sa1,1
7391,N19725 /1 undetected,output,,N19725,N19725,1,undetected,N19725,N19725,N19725,sa1,1
7392,N104037 /1 undetected,output,,N104037,N104037,1,undetected,N104037,N104037,N104037,sa1,1
7393,N19702 /1 undetected,output,,N19702,N19702,1,undetected,N19702,N19702,N19702,sa1,1
7394,N104011 /1 undetected,output,,N104011,N104011,1,undetected,N104011,N104011,N104011,sa1,1
7395,N79408 /1 undetected,output,,N79408,N79408,1,undetected,N79408,N79408,N79408,sa1,1
7396,N19698 /1 undetected,output,,N19698,N19698,1,undetected,N19698,N19698,N19698,sa1,1
7397,N75061 /1 undetected,output,,N75061,N75061,1,undetected,N75061,N75061,N75061,sa1,1
7398,N19697 /1 undetected,output,,N19697,N19697,1,undetected,N19697,N19697,N19697,sa1,1
7399,N92547 /1 undetected,output,,N92547,N92547,1,undetected,N92547,N92547,N92547,sa1,1
7400,N19695 /1 undetected,output,,N19695,N19695,1,undetected,N19695,N19695,N19695,sa1,1
7401,N19693 /1 undetected,output,,N19693,N19693,1,undetected,N19693,N19693,N19693,sa1,1
7402,N92533 /1 undetected,output,,N92533,N92533,1,undetected,N92533,N92533,N92533,sa1,1
7403,N19692 /1 undetected,output,,N19692,N19692,1,undetected,N19692,N19692,N19692,sa1,1
7404,N103926 /1 undetected,output,,N103926,N103926,1,undetected,N103926,N103926,N103926,sa1,1
7405,N99875 /1 undetected,output,,N99875,N99875,1,undetected,N99875,N99875,N99875,sa1,1
7406,N19690 /1 undetected,output,,N19690,N19690,1,undetected,N19690,N19690,N19690,sa1,1
7407,N99882 /1 undetected,output,,N99882,N99882,1,undetected,N99882,N99882,N99882,sa1,1
7408,N19688 /1 undetected,output,,N19688,N19688,1,undetected,N19688,N19688,N19688,sa1,1
7409,N19686 /1 undetected,output,,N19686,N19686,1,undetected,N19686,N19686,N19686,sa1,1
7410,N104034 /1 undetected,output,,N104034,N104034,1,undetected,N104034,N104034,N104034,sa1,1
7411,N104026 /1 undetected,output,,N104026,N104026,1,undetected,N104026,N104026,N104026,sa1,1
7412,N19670 /1 undetected,output,,N19670,N19670,1,undetected,N19670,N19670,N19670,sa1,1
7413,N99914 /1 undetected,output,,N99914,N99914,1,undetected,N99914,N99914,N99914,sa1,1
7414,N79407 /1 undetected,output,,N79407,N79407,1,undetected,N79407,N79407,N79407,sa1,1
7415,N103951 /1 undetected,output,,N103951,N103951,1,undetected,N103951,N103951,N103951,sa1,1
7416,N19662 /1 undetected,output,,N19662,N19662,1,undetected,N19662,N19662,N19662,sa1,1
7417,N91634 /1 undetected,output,,N91634,N91634,1,undetected,N91634,N91634,N91634,sa1,1
7418,N19592 /1 undetected,output,,N19592,N19592,1,undetected,N19592,N19592,N19592,sa1,1
7419,N94832 /1 undetected,output,,N94832,N94832,1,undetected,N94832,N94832,N94832,sa1,1
7420,N91612 /1 undetected,output,,N91612,N91612,1,undetected,N91612,N91612,N91612,sa1,1
7421,N104005 /1 undetected,output,,N104005,N104005,1,undetected,N104005,N104005,N104005,sa1,1
7422,N75060 /1 undetected,output,,N75060,N75060,1,undetected,N75060,N75060,N75060,sa1,1
7423,N92546 /1 undetected,output,,N92546,N92546,1,undetected,N92546,N92546,N92546,sa1,1
7424,N19565 /1 undetected,output,,N19565,N19565,1,undetected,N19565,N19565,N19565,sa1,1
7425,N92532 /1 undetected,output,,N92532,N92532,1,undetected,N92532,N92532,N92532,sa1,1
7426,N19561 /1 undetected,output,,N19561,N19561,1,undetected,N19561,N19561,N19561,sa1,1
7427,N19559 /1 undetected,output,,N19559,N19559,1,undetected,N19559,N19559,N19559,sa1,1
7428,N103987 /1 undetected,output,,N103987,N103987,1,undetected,N103987,N103987,N103987,sa1,1
7429,N11502 /1 undetected,output,,N11502,N11502,1,undetected,N11502,N11502,N11502,sa1,1
7430,N19554 /1 undetected,output,,N19554,N19554,1,undetected,N19554,N19554,N19554,sa1,1
7431,N103909 /1 undetected,output,,N103909,N103909,1,undetected,N103909,N103909,N103909,sa1,1
7432,N99874 /1 undetected,output,,N99874,N99874,1,undetected,N99874,N99874,N99874,sa1,1
7433,N91735 /1 undetected,output,,N91735,N91735,1,undetected,N91735,N91735,N91735,sa1,1
7434,N103996 /1 undetected,output,,N103996,N103996,1,undetected,N103996,N103996,N103996,sa1,1
7435,N84514 /1 undetected,output,,N84514,N84514,1,undetected,N84514,N84514,N84514,sa1,1
7436,N74784 /1 undetected,output,,N74784,N74784,1,undetected,N74784,N74784,N74784,sa1,1
7437,N75541 /1 undetected,output,,N75541,N75541,1,undetected,N75541,N75541,N75541,sa1,1
7438,N94149 /1 undetected,output,,N94149,N94149,1,undetected,N94149,N94149,N94149,sa1,1
7439,N94135 /1 undetected,output,,N94135,N94135,1,undetected,N94135,N94135,N94135,sa1,1
7440,N19528 /1 undetected,output,,N19528,N19528,1,undetected,N19528,N19528,N19528,sa1,1
7441,N93838 /1 undetected,output,,N93838,N93838,1,undetected,N93838,N93838,N93838,sa1,1
7442,N19526 /1 undetected,output,,N19526,N19526,1,undetected,N19526,N19526,N19526,sa1,1
7443,N103993 /1 undetected,output,,N103993,N103993,1,undetected,N103993,N103993,N103993,sa1,1
7444,N93762 /1 undetected,output,,N93762,N93762,1,undetected,N93762,N93762,N93762,sa1,1
7445,N19524 /1 undetected,output,,N19524,N19524,1,undetected,N19524,N19524,N19524,sa1,1
7446,N103994 /1 undetected,output,,N103994,N103994,1,undetected,N103994,N103994,N103994,sa1,1
7447,N85495 /1 undetected,output,,N85495,N85495,1,undetected,N85495,N85495,N85495,sa1,1
7448,N19519 /1 undetected,output,,N19519,N19519,1,undetected,N19519,N19519,N19519,sa1,1
7449,N19517 /1 undetected,output,,N19517,N19517,1,undetected,N19517,N19517,N19517,sa1,1
7450,N94513 /1 undetected,output,,N94513,N94513,1,undetected,N94513,N94513,N94513,sa1,1
7451,N19516 /1 undetected,output,,N19516,N19516,1,undetected,N19516,N19516,N19516,sa1,1
7452,N103990 /1 undetected,output,,N103990,N103990,1,undetected,N103990,N103990,N103990,sa1,1
7453,N94395 /1 undetected,output,,N94395,N94395,1,undetected,N94395,N94395,N94395,sa1,1
7454,N19514 /1 undetected,output,,N19514,N19514,1,undetected,N19514,N19514,N19514,sa1,1
7455,N103992 /1 undetected,output,,N103992,N103992,1,undetected,N103992,N103992,N103992,sa1,1
7456,N94308 /1 undetected,output,,N94308,N94308,1,undetected,N94308,N94308,N94308,sa1,1
7457,N19493 /1 undetected,output,,N19493,N19493,1,undetected,N19493,N19493,N19493,sa1,1
7458,N103982 /1 undetected,output,,N103982,N103982,1,undetected,N103982,N103982,N103982,sa1,1
7459,N103972 /1 undetected,output,,N103972,N103972,1,undetected,N103972,N103972,N103972,sa1,1
7460,N103958 /1 undetected,output,,N103958,N103958,1,undetected,N103958,N103958,N103958,sa1,1
7461,N19481 /1 undetected,output,,N19481,N19481,1,undetected,N19481,N19481,N19481,sa1,1
7462,N91611 /1 undetected,output,,N91611,N91611,1,undetected,N91611,N91611,N91611,sa1,1
7463,N103898 /1 undetected,output,,N103898,N103898,1,undetected,N103898,N103898,N103898,sa1,1
7464,N99916 /1 undetected,output,,N99916,N99916,1,undetected,N99916,N99916,N99916,sa1,1
7465,N19472 /1 undetected,output,,N19472,N19472,1,undetected,N19472,N19472,N19472,sa1,1
7466,N91734 /1 undetected,output,,N91734,N91734,1,undetected,N91734,N91734,N91734,sa1,1
7467,N19470 /1 undetected,output,,N19470,N19470,1,undetected,N19470,N19470,N19470,sa1,1
7468,N19468 /1 undetected,output,,N19468,N19468,1,undetected,N19468,N19468,N19468,sa1,1
7469,N103975 /1 undetected,output,,N103975,N103975,1,undetected,N103975,N103975,N103975,sa1,1
7470,N19463 /1 undetected,output,,N19463,N19463,1,undetected,N19463,N19463,N19463,sa1,1
7471,N84513 /1 undetected,output,,N84513,N84513,1,undetected,N84513,N84513,N84513,sa1,1
7472,N19461 /1 undetected,output,,N19461,N19461,1,undetected,N19461,N19461,N19461,sa1,1
7473,N19459 /1 undetected,output,,N19459,N19459,1,undetected,N19459,N19459,N19459,sa1,1
7474,N19457 /1 undetected,output,,N19457,N19457,1,undetected,N19457,N19457,N19457,sa1,1
7475,N74783 /1 undetected,output,,N74783,N74783,1,undetected,N74783,N74783,N74783,sa1,1
7476,N19456 /1 undetected,output,,N19456,N19456,1,undetected,N19456,N19456,N19456,sa1,1
7477,N19454 /1 undetected,output,,N19454,N19454,1,undetected,N19454,N19454,N19454,sa1,1
7478,N103897 /1 undetected,output,,N103897,N103897,1,undetected,N103897,N103897,N103897,sa1,1
7479,N75540 /1 undetected,output,,N75540,N75540,1,undetected,N75540,N75540,N75540,sa1,1
7480,N19453 /1 undetected,output,,N19453,N19453,1,undetected,N19453,N19453,N19453,sa1,1
7481,N100041 /1 undetected,output,,N100041,N100041,1,undetected,N100041,N100041,N100041,sa1,1
7482,N19451 /1 undetected,output,,N19451,N19451,1,undetected,N19451,N19451,N19451,sa1,1
7483,N19450 /1 undetected,output,,N19450,N19450,1,undetected,N19450,N19450,N19450,sa1,1
7484,N94134 /1 undetected,output,,N94134,N94134,1,undetected,N94134,N94134,N94134,sa1,1
7485,N19449 /1 undetected,output,,N19449,N19449,1,undetected,N19449,N19449,N19449,sa1,1
7486,N100107 /1 undetected,output,,N100107,N100107,1,undetected,N100107,N100107,N100107,sa1,1
7487,N93837 /1 undetected,output,,N93837,N93837,1,undetected,N93837,N93837,N93837,sa1,1
7488,N19447 /1 undetected,output,,N19447,N19447,1,undetected,N19447,N19447,N19447,sa1,1
7489,N103974 /1 undetected,output,,N103974,N103974,1,undetected,N103974,N103974,N103974,sa1,1
7490,N93761 /1 undetected,output,,N93761,N93761,1,undetected,N93761,N93761,N93761,sa1,1
7491,N19445 /1 undetected,output,,N19445,N19445,1,undetected,N19445,N19445,N19445,sa1,1
7492,N19443 /1 undetected,output,,N19443,N19443,1,undetected,N19443,N19443,N19443,sa1,1
7493,N100040 /1 undetected,output,,N100040,N100040,1,undetected,N100040,N100040,N100040,sa1,1
7494,N19441 /1 undetected,output,,N19441,N19441,1,undetected,N19441,N19441,N19441,sa1,1
7495,N19440 /1 undetected,output,,N19440,N19440,1,undetected,N19440,N19440,N19440,sa1,1
7496,N94512 /1 undetected,output,,N94512,N94512,1,undetected,N94512,N94512,N94512,sa1,1
7497,N19439 /1 undetected,output,,N19439,N19439,1,undetected,N19439,N19439,N19439,sa1,1
7498,N100106 /1 undetected,output,,N100106,N100106,1,undetected,N100106,N100106,N100106,sa1,1
7499,N94394 /1 undetected,output,,N94394,N94394,1,undetected,N94394,N94394,N94394,sa1,1
7500,N19437 /1 undetected,output,,N19437,N19437,1,undetected,N19437,N19437,N19437,sa1,1
7501,N103973 /1 undetected,output,,N103973,N103973,1,undetected,N103973,N103973,N103973,sa1,1
7502,N94307 /1 undetected,output,,N94307,N94307,1,undetected,N94307,N94307,N94307,sa1,1
7503,N19434 /1 undetected,output,,N19434,N19434,1,undetected,N19434,N19434,N19434,sa1,1
7504,N103896 /1 undetected,output,,N103896,N103896,1,undetected,N103896,N103896,N103896,sa1,1
7505,N85494 /1 undetected,output,,N85494,N85494,1,undetected,N85494,N85494,N85494,sa1,1
7506,N19433 /1 undetected,output,,N19433,N19433,1,undetected,N19433,N19433,N19433,sa1,1
7507,N103971 /1 undetected,output,,N103971,N103971,1,undetected,N103971,N103971,N103971,sa1,1
7508,N103965 /1 undetected,output,,N103965,N103965,1,undetected,N103965,N103965,N103965,sa1,1
7509,N19407 /1 undetected,output,,N19407,N19407,1,undetected,N19407,N19407,N19407,sa1,1
7510,N103957 /1 undetected,output,,N103957,N103957,1,undetected,N103957,N103957,N103957,sa1,1
7511,N103895 /1 undetected,output,,N103895,N103895,1,undetected,N103895,N103895,N103895,sa1,1
7512,N88349 /1 undetected,output,,N88349,N88349,1,undetected,N88349,N88349,N88349,sa1,1
7513,N21013 /1 undetected,output,,N21013,N21013,1,undetected,N21013,N21013,N21013,sa1,1
7514,N84447 /1 undetected,output,,N84447,N84447,1,undetected,N84447,N84447,N84447,sa1,1
7515,N104255 /1 undetected,output,,N104255,N104255,1,undetected,N104255,N104255,N104255,sa1,1
7516,N92506 /1 undetected,output,,N92506,N92506,1,undetected,N92506,N92506,N92506,sa1,1
7517,N84520 /1 undetected,output,,N84520,N84520,1,undetected,N84520,N84520,N84520,sa1,1
7518,N21339 /1 undetected,output,,N21339,N21339,1,undetected,N21339,N21339,N21339,sa1,1
7519,N21337 /1 undetected,output,,N21337,N21337,1,undetected,N21337,N21337,N21337,sa1,1
7520,N76458 /1 undetected,output,,N76458,N76458,1,undetected,N76458,N76458,N76458,sa1,1
7521,N21336 /1 undetected,output,,N21336,N21336,1,undetected,N21336,N21336,N21336,sa1,1
7522,N94187 /1 undetected,output,,N94187,N94187,1,undetected,N94187,N94187,N94187,sa1,1
7523,N21334 /1 undetected,output,,N21334,N21334,1,undetected,N21334,N21334,N21334,sa1,1
7524,N104685 /1 undetected,output,,N104685,N104685,1,undetected,N104685,N104685,N104685,sa1,1
7525,N104150 /1 undetected,output,,N104150,N104150,1,undetected,N104150,N104150,N104150,sa1,1
7526,N21330 /1 undetected,output,,N21330,N21330,1,undetected,N21330,N21330,N21330,sa1,1
7527,N21328 /1 undetected,output,,N21328,N21328,1,undetected,N21328,N21328,N21328,sa1,1
7528,N21326 /1 undetected,output,,N21326,N21326,1,undetected,N21326,N21326,N21326,sa1,1
7529,N94167 /1 undetected,output,,N94167,N94167,1,undetected,N94167,N94167,N94167,sa1,1
7530,N21325 /1 undetected,output,,N21325,N21325,1,undetected,N21325,N21325,N21325,sa1,1
7531,N104564 /1 undetected,output,,N104564,N104564,1,undetected,N104564,N104564,N104564,sa1,1
7532,N21323 /1 undetected,output,,N21323,N21323,1,undetected,N21323,N21323,N21323,sa1,1
7533,N104682 /1 undetected,output,,N104682,N104682,1,undetected,N104682,N104682,N104682,sa1,1
7534,N76683 /1 undetected,output,,N76683,N76683,1,undetected,N76683,N76683,N76683,sa1,1
7535,N21322 /1 undetected,output,,N21322,N21322,1,undetected,N21322,N21322,N21322,sa1,1
7536,N104834 /1 undetected,output,,N104834,N104834,1,undetected,N104834,N104834,N104834,sa1,1
7537,N104547 /1 undetected,output,,N104547,N104547,1,undetected,N104547,N104547,N104547,sa1,1
7538,N21320 /1 undetected,output,,N21320,N21320,1,undetected,N21320,N21320,N21320,sa1,1
7539,N21318 /1 undetected,output,,N21318,N21318,1,undetected,N21318,N21318,N21318,sa1,1
7540,N21316 /1 undetected,output,,N21316,N21316,1,undetected,N21316,N21316,N21316,sa1,1
7541,N21315 /1 undetected,output,,N21315,N21315,1,undetected,N21315,N21315,N21315,sa1,1
7542,N94166 /1 undetected,output,,N94166,N94166,1,undetected,N94166,N94166,N94166,sa1,1
7543,N21314 /1 undetected,output,,N21314,N21314,1,undetected,N21314,N21314,N21314,sa1,1
7544,N104515 /1 undetected,output,,N104515,N104515,1,undetected,N104515,N104515,N104515,sa1,1
7545,N100960 /1 undetected,output,,N100960,N100960,1,undetected,N100960,N100960,N100960,sa1,1
7546,N21312 /1 undetected,output,,N21312,N21312,1,undetected,N21312,N21312,N21312,sa1,1
7547,N104553 /1 undetected,output,,N104553,N104553,1,undetected,N104553,N104553,N104553,sa1,1
7548,N100980 /1 undetected,output,,N100980,N100980,1,undetected,N100980,N100980,N100980,sa1,1
7549,N21310 /1 undetected,output,,N21310,N21310,1,undetected,N21310,N21310,N21310,sa1,1
7550,N86848 /1 undetected,output,,N86848,N86848,1,undetected,N86848,N86848,N86848,sa1,1
7551,N21308 /1 undetected,output,,N21308,N21308,1,undetected,N21308,N21308,N21308,sa1,1
7552,N21306 /1 undetected,output,,N21306,N21306,1,undetected,N21306,N21306,N21306,sa1,1
7553,N104523 /1 undetected,output,,N104523,N104523,1,undetected,N104523,N104523,N104523,sa1,1
7554,N101091 /1 undetected,output,,N101091,N101091,1,undetected,N101091,N101091,N101091,sa1,1
7555,N21304 /1 undetected,output,,N21304,N21304,1,undetected,N21304,N21304,N21304,sa1,1
7556,N104208 /1 undetected,output,,N104208,N104208,1,undetected,N104208,N104208,N104208,sa1,1
7557,N101094 /1 undetected,output,,N101094,N101094,1,undetected,N101094,N101094,N101094,sa1,1
7558,N100518 /1 undetected,output,,N100518,N100518,1,undetected,N100518,N100518,N100518,sa1,1
7559,N21285 /1 undetected,output,,N21285,N21285,1,undetected,N21285,N21285,N21285,sa1,1
7560,N87634 /1 undetected,output,,N87634,N87634,1,undetected,N87634,N87634,N87634,sa1,1
7561,N21246 /1 undetected,output,,N21246,N21246,1,undetected,N21246,N21246,N21246,sa1,1
7562,N104895 /1 undetected,output,,N104895,N104895,1,undetected,N104895,N104895,N104895,sa1,1
7563,N76531 /1 undetected,output,,N76531,N76531,1,undetected,N76531,N76531,N76531,sa1,1
7564,N21242 /1 undetected,output,,N21242,N21242,1,undetected,N21242,N21242,N21242,sa1,1
7565,N76332 /1 undetected,output,,N76332,N76332,1,undetected,N76332,N76332,N76332,sa1,1
7566,N104891 /1 undetected,output,,N104891,N104891,1,undetected,N104891,N104891,N104891,sa1,1
7567,N21238 /1 undetected,output,,N21238,N21238,1,undetected,N21238,N21238,N21238,sa1,1
7568,N86250 /1 undetected,output,,N86250,N86250,1,undetected,N86250,N86250,N86250,sa1,1
7569,N21237 /1 undetected,output,,N21237,N21237,1,undetected,N21237,N21237,N21237,sa1,1
7570,N104541 /1 undetected,output,,N104541,N104541,1,undetected,N104541,N104541,N104541,sa1,1
7571,N76331 /1 undetected,output,,N76331,N76331,1,undetected,N76331,N76331,N76331,sa1,1
7572,N78752 /1 undetected,output,,N78752,N78752,1,undetected,N78752,N78752,N78752,sa1,1
7573,N21280 /1 undetected,output,,N21280,N21280,1,undetected,N21280,N21280,N21280,sa1,1
7574,N76532 /1 undetected,output,,N76532,N76532,1,undetected,N76532,N76532,N76532,sa1,1
7575,N21276 /1 undetected,output,,N21276,N21276,1,undetected,N21276,N21276,N21276,sa1,1
7576,N104908 /1 undetected,output,,N104908,N104908,1,undetected,N104908,N104908,N104908,sa1,1
7577,N76334 /1 undetected,output,,N76334,N76334,1,undetected,N76334,N76334,N76334,sa1,1
7578,N21274 /1 undetected,output,,N21274,N21274,1,undetected,N21274,N21274,N21274,sa1,1
7579,N86105 /1 undetected,output,,N86105,N86105,1,undetected,N86105,N86105,N86105,sa1,1
7580,N21272 /1 undetected,output,,N21272,N21272,1,undetected,N21272,N21272,N21272,sa1,1
7581,N86251 /1 undetected,output,,N86251,N86251,1,undetected,N86251,N86251,N86251,sa1,1
7582,N104918 /1 undetected,output,,N104918,N104918,1,undetected,N104918,N104918,N104918,sa1,1
7583,N86104 /1 undetected,output,,N86104,N86104,1,undetected,N86104,N86104,N86104,sa1,1
7584,N21267 /1 undetected,output,,N21267,N21267,1,undetected,N21267,N21267,N21267,sa1,1
7585,N104914 /1 undetected,output,,N104914,N104914,1,undetected,N104914,N104914,N104914,sa1,1
7586,N76333 /1 undetected,output,,N76333,N76333,1,undetected,N76333,N76333,N76333,sa1,1
7587,N94568 /1 undetected,output,,N94568,N94568,1,undetected,N94568,N94568,N94568,sa1,1
7588,N84519 /1 undetected,output,,N84519,N84519,1,undetected,N84519,N84519,N84519,sa1,1
7589,N101487 /1 undetected,output,,N101487,N101487,1,undetected,N101487,N101487,N101487,sa1,1
7590,N21204 /1 undetected,output,,N21204,N21204,1,undetected,N21204,N21204,N21204,sa1,1
7591,N87633 /1 undetected,output,,N87633,N87633,1,undetected,N87633,N87633,N87633,sa1,1
7592,N21202 /1 undetected,output,,N21202,N21202,1,undetected,N21202,N21202,N21202,sa1,1
7593,N21200 /1 undetected,output,,N21200,N21200,1,undetected,N21200,N21200,N21200,sa1,1
7594,N104851 /1 undetected,output,,N104851,N104851,1,undetected,N104851,N104851,N104851,sa1,1
7595,N76530 /1 undetected,output,,N76530,N76530,1,undetected,N76530,N76530,N76530,sa1,1
7596,N21198 /1 undetected,output,,N21198,N21198,1,undetected,N21198,N21198,N21198,sa1,1
7597,N104885 /1 undetected,output,,N104885,N104885,1,undetected,N104885,N104885,N104885,sa1,1
7598,N21195 /1 undetected,output,,N21195,N21195,1,undetected,N21195,N21195,N21195,sa1,1
7599,N104883 /1 undetected,output,,N104883,N104883,1,undetected,N104883,N104883,N104883,sa1,1
7600,N21193 /1 undetected,output,,N21193,N21193,1,undetected,N21193,N21193,N21193,sa1,1
7601,N104119 /1 undetected,output,,N104119,N104119,1,undetected,N104119,N104119,N104119,sa1,1
7602,N76311 /1 undetected,output,,N76311,N76311,1,undetected,N76311,N76311,N76311,sa1,1
7603,N21214 /1 undetected,output,,N21214,N21214,1,undetected,N21214,N21214,N21214,sa1,1
7604,N78751 /1 undetected,output,,N78751,N78751,1,undetected,N78751,N78751,N78751,sa1,1
7605,N21211 /1 undetected,output,,N21211,N21211,1,undetected,N21211,N21211,N21211,sa1,1
7606,N104884 /1 undetected,output,,N104884,N104884,1,undetected,N104884,N104884,N104884,sa1,1
7607,N21209 /1 undetected,output,,N21209,N21209,1,undetected,N21209,N21209,N21209,sa1,1
7608,N21208 /1 undetected,output,,N21208,N21208,1,undetected,N21208,N21208,N21208,sa1,1
7609,N104828 /1 undetected,output,,N104828,N104828,1,undetected,N104828,N104828,N104828,sa1,1
7610,N104644 /1 undetected,output,,N104644,N104644,1,undetected,N104644,N104644,N104644,sa1,1
7611,N21206 /1 undetected,output,,N21206,N21206,1,undetected,N21206,N21206,N21206,sa1,1
7612,N104237 /1 undetected,output,,N104237,N104237,1,undetected,N104237,N104237,N104237,sa1,1
7613,N76312 /1 undetected,output,,N76312,N76312,1,undetected,N76312,N76312,N76312,sa1,1
7614,N21152 /1 undetected,output,,N21152,N21152,1,undetected,N21152,N21152,N21152,sa1,1
7615,N101509 /1 undetected,output,,N101509,N101509,1,undetected,N101509,N101509,N101509,sa1,1
7616,N21149 /1 undetected,output,,N21149,N21149,1,undetected,N21149,N21149,N21149,sa1,1
7617,N21147 /1 undetected,output,,N21147,N21147,1,undetected,N21147,N21147,N21147,sa1,1
7618,N21146 /1 undetected,output,,N21146,N21146,1,undetected,N21146,N21146,N21146,sa1,1
7619,N21145 /1 undetected,output,,N21145,N21145,1,undetected,N21145,N21145,N21145,sa1,1
7620,N104848 /1 undetected,output,,N104848,N104848,1,undetected,N104848,N104848,N104848,sa1,1
7621,N76218 /1 undetected,output,,N76218,N76218,1,undetected,N76218,N76218,N76218,sa1,1
7622,N21144 /1 undetected,output,,N21144,N21144,1,undetected,N21144,N21144,N21144,sa1,1
7623,N104875 /1 undetected,output,,N104875,N104875,1,undetected,N104875,N104875,N104875,sa1,1
7624,N100918 /1 undetected,output,,N100918,N100918,1,undetected,N100918,N100918,N100918,sa1,1
7625,N21136 /1 undetected,output,,N21136,N21136,1,undetected,N21136,N21136,N21136,sa1,1
7626,N104864 /1 undetected,output,,N104864,N104864,1,undetected,N104864,N104864,N104864,sa1,1
7627,N100959 /1 undetected,output,,N100959,N100959,1,undetected,N100959,N100959,N100959,sa1,1
7628,N21132 /1 undetected,output,,N21132,N21132,1,undetected,N21132,N21132,N21132,sa1,1
7629,N104862 /1 undetected,output,,N104862,N104862,1,undetected,N104862,N104862,N104862,sa1,1
7630,N86375 /1 undetected,output,,N86375,N86375,1,undetected,N86375,N86375,N86375,sa1,1
7631,N21128 /1 undetected,output,,N21128,N21128,1,undetected,N21128,N21128,N21128,sa1,1
7632,N85993 /1 undetected,output,,N85993,N85993,1,undetected,N85993,N85993,N85993,sa1,1
7633,N21126 /1 undetected,output,,N21126,N21126,1,undetected,N21126,N21126,N21126,sa1,1
7634,N21124 /1 undetected,output,,N21124,N21124,1,undetected,N21124,N21124,N21124,sa1,1
7635,N21123 /1 undetected,output,,N21123,N21123,1,undetected,N21123,N21123,N21123,sa1,1
7636,N104857 /1 undetected,output,,N104857,N104857,1,undetected,N104857,N104857,N104857,sa1,1
7637,N100979 /1 undetected,output,,N100979,N100979,1,undetected,N100979,N100979,N100979,sa1,1
7638,N21120 /1 undetected,output,,N21120,N21120,1,undetected,N21120,N21120,N21120,sa1,1
7639,N104854 /1 undetected,output,,N104854,N104854,1,undetected,N104854,N104854,N104854,sa1,1
7640,N100958 /1 undetected,output,,N100958,N100958,1,undetected,N100958,N100958,N100958,sa1,1
7641,N21116 /1 undetected,output,,N21116,N21116,1,undetected,N21116,N21116,N21116,sa1,1
7642,N21114 /1 undetected,output,,N21114,N21114,1,undetected,N21114,N21114,N21114,sa1,1
7643,N86847 /1 undetected,output,,N86847,N86847,1,undetected,N86847,N86847,N86847,sa1,1
7644,N21111 /1 undetected,output,,N21111,N21111,1,undetected,N21111,N21111,N21111,sa1,1
7645,N104303 /1 undetected,output,,N104303,N104303,1,undetected,N104303,N104303,N104303,sa1,1
7646,N101093 /1 undetected,output,,N101093,N101093,1,undetected,N101093,N101093,N101093,sa1,1
7647,N21113 /1 undetected,output,,N21113,N21113,1,undetected,N21113,N21113,N21113,sa1,1
7648,N104325 /1 undetected,output,,N104325,N104325,1,undetected,N104325,N104325,N104325,sa1,1
7649,N101090 /1 undetected,output,,N101090,N101090,1,undetected,N101090,N101090,N101090,sa1,1
7650,N101483 /1 undetected,output,,N101483,N101483,1,undetected,N101483,N101483,N101483,sa1,1
7651,N21184 /1 undetected,output,,N21184,N21184,1,undetected,N21184,N21184,N21184,sa1,1
7652,N21182 /1 undetected,output,,N21182,N21182,1,undetected,N21182,N21182,N21182,sa1,1
7653,N87632 /1 undetected,output,,N87632,N87632,1,undetected,N87632,N87632,N87632,sa1,1
7654,N21181 /1 undetected,output,,N21181,N21181,1,undetected,N21181,N21181,N21181,sa1,1
7655,N76529 /1 undetected,output,,N76529,N76529,1,undetected,N76529,N76529,N76529,sa1,1
7656,N21163 /1 undetected,output,,N21163,N21163,1,undetected,N21163,N21163,N21163,sa1,1
7657,N21177 /1 undetected,output,,N21177,N21177,1,undetected,N21177,N21177,N21177,sa1,1
7658,N86248 /1 undetected,output,,N86248,N86248,1,undetected,N86248,N86248,N86248,sa1,1
7659,N21159 /1 undetected,output,,N21159,N21159,1,undetected,N21159,N21159,N21159,sa1,1
7660,N84177 /1 undetected,output,,N84177,N84177,1,undetected,N84177,N84177,N84177,sa1,1
7661,N21176 /1 undetected,output,,N21176,N21176,1,undetected,N21176,N21176,N21176,sa1,1
7662,N20889 /1 undetected,output,,N20889,N20889,1,undetected,N20889,N20889,N20889,sa1,1
7663,N104324 /1 undetected,output,,N104324,N104324,1,undetected,N104324,N104324,N104324,sa1,1
7664,N93337 /1 undetected,output,,N93337,N93337,1,undetected,N93337,N93337,N93337,sa1,1
7665,N21174 /1 undetected,output,,N21174,N21174,1,undetected,N21174,N21174,N21174,sa1,1
7666,N21172 /1 undetected,output,,N21172,N21172,1,undetected,N21172,N21172,N21172,sa1,1
7667,N78750 /1 undetected,output,,N78750,N78750,1,undetected,N78750,N78750,N78750,sa1,1
7668,N21168 /1 undetected,output,,N21168,N21168,1,undetected,N21168,N21168,N21168,sa1,1
7669,N21166 /1 undetected,output,,N21166,N21166,1,undetected,N21166,N21166,N21166,sa1,1
7670,N76528 /1 undetected,output,,N76528,N76528,1,undetected,N76528,N76528,N76528,sa1,1
7671,N21165 /1 undetected,output,,N21165,N21165,1,undetected,N21165,N21165,N21165,sa1,1
7672,N104882 /1 undetected,output,,N104882,N104882,1,undetected,N104882,N104882,N104882,sa1,1
7673,N92210 /1 undetected,output,,N92210,N92210,1,undetected,N92210,N92210,N92210,sa1,1
7674,N21118 /1 undetected,output,,N21118,N21118,1,undetected,N21118,N21118,N21118,sa1,1
7675,N21171 /1 undetected,output,,N21171,N21171,1,undetected,N21171,N21171,N21171,sa1,1
7676,N21169 /1 undetected,output,,N21169,N21169,1,undetected,N21169,N21169,N21169,sa1,1
7677,N86247 /1 undetected,output,,N86247,N86247,1,undetected,N86247,N86247,N86247,sa1,1
7678,N21157 /1 undetected,output,,N21157,N21157,1,undetected,N21157,N21157,N21157,sa1,1
7679,N21155 /1 undetected,output,,N21155,N21155,1,undetected,N21155,N21155,N21155,sa1,1
7680,N104877 /1 undetected,output,,N104877,N104877,1,undetected,N104877,N104877,N104877,sa1,1
7681,N104627 /1 undetected,output,,N104627,N104627,1,undetected,N104627,N104627,N104627,sa1,1
7682,N104836 /1 undetected,output,,N104836,N104836,1,undetected,N104836,N104836,N104836,sa1,1
7683,N21104 /1 undetected,output,,N21104,N21104,1,undetected,N21104,N21104,N21104,sa1,1
7684,N76217 /1 undetected,output,,N76217,N76217,1,undetected,N76217,N76217,N76217,sa1,1
7685,N21103 /1 undetected,output,,N21103,N21103,1,undetected,N21103,N21103,N21103,sa1,1
7686,N104228 /1 undetected,output,,N104228,N104228,1,undetected,N104228,N104228,N104228,sa1,1
7687,N104408 /1 undetected,output,,N104408,N104408,1,undetected,N104408,N104408,N104408,sa1,1
7688,N104156 /1 undetected,output,,N104156,N104156,1,undetected,N104156,N104156,N104156,sa1,1
7689,N21095 /1 undetected,output,,N21095,N21095,1,undetected,N21095,N21095,N21095,sa1,1
7690,N100943 /1 undetected,output,,N100943,N100943,1,undetected,N100943,N100943,N100943,sa1,1
7691,N21093 /1 undetected,output,,N21093,N21093,1,undetected,N21093,N21093,N21093,sa1,1
7692,N85992 /1 undetected,output,,N85992,N85992,1,undetected,N85992,N85992,N85992,sa1,1
7693,N21091 /1 undetected,output,,N21091,N21091,1,undetected,N21091,N21091,N21091,sa1,1
7694,N21089 /1 undetected,output,,N21089,N21089,1,undetected,N21089,N21089,N21089,sa1,1
7695,N21084 /1 undetected,output,,N21084,N21084,1,undetected,N21084,N21084,N21084,sa1,1
7696,N104845 /1 undetected,output,,N104845,N104845,1,undetected,N104845,N104845,N104845,sa1,1
7697,N21082 /1 undetected,output,,N21082,N21082,1,undetected,N21082,N21082,N21082,sa1,1
7698,N104847 /1 undetected,output,,N104847,N104847,1,undetected,N104847,N104847,N104847,sa1,1
7699,N86374 /1 undetected,output,,N86374,N86374,1,undetected,N86374,N86374,N86374,sa1,1
7700,N21077 /1 undetected,output,,N21077,N21077,1,undetected,N21077,N21077,N21077,sa1,1
7701,N104842 /1 undetected,output,,N104842,N104842,1,undetected,N104842,N104842,N104842,sa1,1
7702,N100956 /1 undetected,output,,N100956,N100956,1,undetected,N100956,N100956,N100956,sa1,1
7703,N21088 /1 undetected,output,,N21088,N21088,1,undetected,N21088,N21088,N21088,sa1,1
7704,N104850 /1 undetected,output,,N104850,N104850,1,undetected,N104850,N104850,N104850,sa1,1
7705,N100917 /1 undetected,output,,N100917,N100917,1,undetected,N100917,N100917,N100917,sa1,1
7706,N20721 /1 undetected,output,,N20721,N20721,1,undetected,N20721,N20721,N20721,sa1,1
7707,N104758 /1 undetected,output,,N104758,N104758,1,undetected,N104758,N104758,N104758,sa1,1
7708,N84518 /1 undetected,output,,N84518,N84518,1,undetected,N84518,N84518,N84518,sa1,1
7709,N20873 /1 undetected,output,,N20873,N20873,1,undetected,N20873,N20873,N20873,sa1,1
7710,N20868 /1 undetected,output,,N20868,N20868,1,undetected,N20868,N20868,N20868,sa1,1
7711,N76457 /1 undetected,output,,N76457,N76457,1,undetected,N76457,N76457,N76457,sa1,1
7712,N20773 /1 undetected,output,,N20773,N20773,1,undetected,N20773,N20773,N20773,sa1,1
7713,N20771 /1 undetected,output,,N20771,N20771,1,undetected,N20771,N20771,N20771,sa1,1
7714,N20770 /1 undetected,output,,N20770,N20770,1,undetected,N20770,N20770,N20770,sa1,1
7715,N94139 /1 undetected,output,,N94139,N94139,1,undetected,N94139,N94139,N94139,sa1,1
7716,N20769 /1 undetected,output,,N20769,N20769,1,undetected,N20769,N20769,N20769,sa1,1
7717,N20767 /1 undetected,output,,N20767,N20767,1,undetected,N20767,N20767,N20767,sa1,1
7718,N104216 /1 undetected,output,,N104216,N104216,1,undetected,N104216,N104216,N104216,sa1,1
7719,N86370 /1 undetected,output,,N86370,N86370,1,undetected,N86370,N86370,N86370,sa1,1
7720,N20765 /1 undetected,output,,N20765,N20765,1,undetected,N20765,N20765,N20765,sa1,1
7721,N104711 /1 undetected,output,,N104711,N104711,1,undetected,N104711,N104711,N104711,sa1,1
7722,N76681 /1 undetected,output,,N76681,N76681,1,undetected,N76681,N76681,N76681,sa1,1
7723,N20804 /1 undetected,output,,N20804,N20804,1,undetected,N20804,N20804,N20804,sa1,1
7724,N20800 /1 undetected,output,,N20800,N20800,1,undetected,N20800,N20800,N20800,sa1,1
7725,N76299 /1 undetected,output,,N76299,N76299,1,undetected,N76299,N76299,N76299,sa1,1
7726,N20799 /1 undetected,output,,N20799,N20799,1,undetected,N20799,N20799,N20799,sa1,1
7727,N98511 /1 undetected,output,,N98511,N98511,1,undetected,N98511,N98511,N98511,sa1,1
7728,N20797 /1 undetected,output,,N20797,N20797,1,undetected,N20797,N20797,N20797,sa1,1
7729,N94164 /1 undetected,output,,N94164,N94164,1,undetected,N94164,N94164,N94164,sa1,1
7730,N20795 /1 undetected,output,,N20795,N20795,1,undetected,N20795,N20795,N20795,sa1,1
7731,N20793 /1 undetected,output,,N20793,N20793,1,undetected,N20793,N20793,N20793,sa1,1
7732,N104726 /1 undetected,output,,N104726,N104726,1,undetected,N104726,N104726,N104726,sa1,1
7733,N100953 /1 undetected,output,,N100953,N100953,1,undetected,N100953,N100953,N100953,sa1,1
7734,N20789 /1 undetected,output,,N20789,N20789,1,undetected,N20789,N20789,N20789,sa1,1
7735,N20788 /1 undetected,output,,N20788,N20788,1,undetected,N20788,N20788,N20788,sa1,1
7736,N20787 /1 undetected,output,,N20787,N20787,1,undetected,N20787,N20787,N20787,sa1,1
7737,N104721 /1 undetected,output,,N104721,N104721,1,undetected,N104721,N104721,N104721,sa1,1
7738,N100977 /1 undetected,output,,N100977,N100977,1,undetected,N100977,N100977,N100977,sa1,1
7739,N20779 /1 undetected,output,,N20779,N20779,1,undetected,N20779,N20779,N20779,sa1,1
7740,N104649 /1 undetected,output,,N104649,N104649,1,undetected,N104649,N104649,N104649,sa1,1
7741,N100914 /1 undetected,output,,N100914,N100914,1,undetected,N100914,N100914,N100914,sa1,1
7742,N20781 /1 undetected,output,,N20781,N20781,1,undetected,N20781,N20781,N20781,sa1,1
7743,N104502 /1 undetected,output,,N104502,N104502,1,undetected,N104502,N104502,N104502,sa1,1
7744,N100941 /1 undetected,output,,N100941,N100941,1,undetected,N100941,N100941,N100941,sa1,1
7745,N100908 /1 undetected,output,,N100908,N100908,1,undetected,N100908,N100908,N100908,sa1,1
7746,N20775 /1 undetected,output,,N20775,N20775,1,undetected,N20775,N20775,N20775,sa1,1
7747,N94151 /1 undetected,output,,N94151,N94151,1,undetected,N94151,N94151,N94151,sa1,1
7748,N100517 /1 undetected,output,,N100517,N100517,1,undetected,N100517,N100517,N100517,sa1,1
7749,N20865 /1 undetected,output,,N20865,N20865,1,undetected,N20865,N20865,N20865,sa1,1
7750,N20861 /1 undetected,output,,N20861,N20861,1,undetected,N20861,N20861,N20861,sa1,1
7751,N20860 /1 undetected,output,,N20860,N20860,1,undetected,N20860,N20860,N20860,sa1,1
7752,N104691 /1 undetected,output,,N104691,N104691,1,undetected,N104691,N104691,N104691,sa1,1
7753,N86103 /1 undetected,output,,N86103,N86103,1,undetected,N86103,N86103,N86103,sa1,1
7754,N20859 /1 undetected,output,,N20859,N20859,1,undetected,N20859,N20859,N20859,sa1,1
7755,N104755 /1 undetected,output,,N104755,N104755,1,undetected,N104755,N104755,N104755,sa1,1
7756,N76523 /1 undetected,output,,N76523,N76523,1,undetected,N76523,N76523,N76523,sa1,1
7757,N20853 /1 undetected,output,,N20853,N20853,1,undetected,N20853,N20853,N20853,sa1,1
7758,N86243 /1 undetected,output,,N86243,N86243,1,undetected,N86243,N86243,N86243,sa1,1
7759,N20849 /1 undetected,output,,N20849,N20849,1,undetected,N20849,N20849,N20849,sa1,1
7760,N76330 /1 undetected,output,,N76330,N76330,1,undetected,N76330,N76330,N76330,sa1,1
7761,N20847 /1 undetected,output,,N20847,N20847,1,undetected,N20847,N20847,N20847,sa1,1
7762,N20846 /1 undetected,output,,N20846,N20846,1,undetected,N20846,N20846,N20846,sa1,1
7763,N86242 /1 undetected,output,,N86242,N86242,1,undetected,N86242,N86242,N86242,sa1,1
7764,N20844 /1 undetected,output,,N20844,N20844,1,undetected,N20844,N20844,N20844,sa1,1
7765,N20843 /1 undetected,output,,N20843,N20843,1,undetected,N20843,N20843,N20843,sa1,1
7766,N104748 /1 undetected,output,,N104748,N104748,1,undetected,N104748,N104748,N104748,sa1,1
7767,N78745 /1 undetected,output,,N78745,N78745,1,undetected,N78745,N78745,N78745,sa1,1
7768,N20841 /1 undetected,output,,N20841,N20841,1,undetected,N20841,N20841,N20841,sa1,1
7769,N104736 /1 undetected,output,,N104736,N104736,1,undetected,N104736,N104736,N104736,sa1,1
7770,N87627 /1 undetected,output,,N87627,N87627,1,undetected,N87627,N87627,N87627,sa1,1
7771,N20839 /1 undetected,output,,N20839,N20839,1,undetected,N20839,N20839,N20839,sa1,1
7772,N20837 /1 undetected,output,,N20837,N20837,1,undetected,N20837,N20837,N20837,sa1,1
7773,N76522 /1 undetected,output,,N76522,N76522,1,undetected,N76522,N76522,N76522,sa1,1
7774,N20834 /1 undetected,output,,N20834,N20834,1,undetected,N20834,N20834,N20834,sa1,1
7775,N87626 /1 undetected,output,,N87626,N87626,1,undetected,N87626,N87626,N87626,sa1,1
7776,N20808 /1 undetected,output,,N20808,N20808,1,undetected,N20808,N20808,N20808,sa1,1
7777,N20836 /1 undetected,output,,N20836,N20836,1,undetected,N20836,N20836,N20836,sa1,1
7778,N104742 /1 undetected,output,,N104742,N104742,1,undetected,N104742,N104742,N104742,sa1,1
7779,N78744 /1 undetected,output,,N78744,N78744,1,undetected,N78744,N78744,N78744,sa1,1
7780,N84448 /1 undetected,output,,N84448,N84448,1,undetected,N84448,N84448,N84448,sa1,1
7781,N74658 /1 undetected,output,,N74658,N74658,1,undetected,N74658,N74658,N74658,sa1,1
7782,N94567 /1 undetected,output,,N94567,N94567,1,undetected,N94567,N94567,N94567,sa1,1
7783,N21046 /1 undetected,output,,N21046,N21046,1,undetected,N21046,N21046,N21046,sa1,1
7784,N104835 /1 undetected,output,,N104835,N104835,1,undetected,N104835,N104835,N104835,sa1,1
7785,N21043 /1 undetected,output,,N21043,N21043,1,undetected,N21043,N21043,N21043,sa1,1
7786,N85991 /1 undetected,output,,N85991,N85991,1,undetected,N85991,N85991,N85991,sa1,1
7787,N21034 /1 undetected,output,,N21034,N21034,1,undetected,N21034,N21034,N21034,sa1,1
7788,N21033 /1 undetected,output,,N21033,N21033,1,undetected,N21033,N21033,N21033,sa1,1
7789,N21032 /1 undetected,output,,N21032,N21032,1,undetected,N21032,N21032,N21032,sa1,1
7790,N21031 /1 undetected,output,,N21031,N21031,1,undetected,N21031,N21031,N21031,sa1,1
7791,N104800 /1 undetected,output,,N104800,N104800,1,undetected,N104800,N104800,N104800,sa1,1
7792,N100978 /1 undetected,output,,N100978,N100978,1,undetected,N100978,N100978,N100978,sa1,1
7793,N21029 /1 undetected,output,,N21029,N21029,1,undetected,N21029,N21029,N21029,sa1,1
7794,N104791 /1 undetected,output,,N104791,N104791,1,undetected,N104791,N104791,N104791,sa1,1
7795,N100942 /1 undetected,output,,N100942,N100942,1,undetected,N100942,N100942,N100942,sa1,1
7796,N21027 /1 undetected,output,,N21027,N21027,1,undetected,N21027,N21027,N21027,sa1,1
7797,N104788 /1 undetected,output,,N104788,N104788,1,undetected,N104788,N104788,N104788,sa1,1
7798,N100955 /1 undetected,output,,N100955,N100955,1,undetected,N100955,N100955,N100955,sa1,1
7799,N21025 /1 undetected,output,,N21025,N21025,1,undetected,N21025,N21025,N21025,sa1,1
7800,N104784 /1 undetected,output,,N104784,N104784,1,undetected,N104784,N104784,N104784,sa1,1
7801,N100916 /1 undetected,output,,N100916,N100916,1,undetected,N100916,N100916,N100916,sa1,1
7802,N21041 /1 undetected,output,,N21041,N21041,1,undetected,N21041,N21041,N21041,sa1,1
7803,N21039 /1 undetected,output,,N21039,N21039,1,undetected,N21039,N21039,N21039,sa1,1
7804,N21023 /1 undetected,output,,N21023,N21023,1,undetected,N21023,N21023,N21023,sa1,1
7805,N104833 /1 undetected,output,,N104833,N104833,1,undetected,N104833,N104833,N104833,sa1,1
7806,N104810 /1 undetected,output,,N104810,N104810,1,undetected,N104810,N104810,N104810,sa1,1
7807,N21018 /1 undetected,output,,N21018,N21018,1,undetected,N21018,N21018,N21018,sa1,1
7808,N104775 /1 undetected,output,,N104775,N104775,1,undetected,N104775,N104775,N104775,sa1,1
7809,N100915 /1 undetected,output,,N100915,N100915,1,undetected,N100915,N100915,N100915,sa1,1
7810,N21038 /1 undetected,output,,N21038,N21038,1,undetected,N21038,N21038,N21038,sa1,1
7811,N76216 /1 undetected,output,,N76216,N76216,1,undetected,N76216,N76216,N76216,sa1,1
7812,N21020 /1 undetected,output,,N21020,N21020,1,undetected,N21020,N21020,N21020,sa1,1
7813,N104780 /1 undetected,output,,N104780,N104780,1,undetected,N104780,N104780,N104780,sa1,1
7814,N100954 /1 undetected,output,,N100954,N100954,1,undetected,N100954,N100954,N100954,sa1,1
7815,N84517 /1 undetected,output,,N84517,N84517,1,undetected,N84517,N84517,N84517,sa1,1
7816,N21011 /1 undetected,output,,N21011,N21011,1,undetected,N21011,N21011,N21011,sa1,1
7817,N101482 /1 undetected,output,,N101482,N101482,1,undetected,N101482,N101482,N101482,sa1,1
7818,N21006 /1 undetected,output,,N21006,N21006,1,undetected,N21006,N21006,N21006,sa1,1
7819,N21004 /1 undetected,output,,N21004,N21004,1,undetected,N21004,N21004,N21004,sa1,1
7820,N87631 /1 undetected,output,,N87631,N87631,1,undetected,N87631,N87631,N87631,sa1,1
7821,N21002 /1 undetected,output,,N21002,N21002,1,undetected,N21002,N21002,N21002,sa1,1
7822,N21000 /1 undetected,output,,N21000,N21000,1,undetected,N21000,N21000,N21000,sa1,1
7823,N20999 /1 undetected,output,,N20999,N20999,1,undetected,N20999,N20999,N20999,sa1,1
7824,N20997 /1 undetected,output,,N20997,N20997,1,undetected,N20997,N20997,N20997,sa1,1
7825,N86246 /1 undetected,output,,N86246,N86246,1,undetected,N86246,N86246,N86246,sa1,1
7826,N20996 /1 undetected,output,,N20996,N20996,1,undetected,N20996,N20996,N20996,sa1,1
7827,N104831 /1 undetected,output,,N104831,N104831,1,undetected,N104831,N104831,N104831,sa1,1
7828,N86079 /1 undetected,output,,N86079,N86079,1,undetected,N86079,N86079,N86079,sa1,1
7829,N20994 /1 undetected,output,,N20994,N20994,1,undetected,N20994,N20994,N20994,sa1,1
7830,N104821 /1 undetected,output,,N104821,N104821,1,undetected,N104821,N104821,N104821,sa1,1
7831,N76309 /1 undetected,output,,N76309,N76309,1,undetected,N76309,N76309,N76309,sa1,1
7832,N20990 /1 undetected,output,,N20990,N20990,1,undetected,N20990,N20990,N20990,sa1,1
7833,N104827 /1 undetected,output,,N104827,N104827,1,undetected,N104827,N104827,N104827,sa1,1
7834,N103014 /1 undetected,output,,N103014,N103014,1,undetected,N103014,N103014,N103014,sa1,1
7835,N20987 /1 undetected,output,,N20987,N20987,1,undetected,N20987,N20987,N20987,sa1,1
7836,N104826 /1 undetected,output,,N104826,N104826,1,undetected,N104826,N104826,N104826,sa1,1
7837,N104814 /1 undetected,output,,N104814,N104814,1,undetected,N104814,N104814,N104814,sa1,1
7838,N20983 /1 undetected,output,,N20983,N20983,1,undetected,N20983,N20983,N20983,sa1,1
7839,N104825 /1 undetected,output,,N104825,N104825,1,undetected,N104825,N104825,N104825,sa1,1
7840,N104438 /1 undetected,output,,N104438,N104438,1,undetected,N104438,N104438,N104438,sa1,1
7841,N20980 /1 undetected,output,,N20980,N20980,1,undetected,N20980,N20980,N20980,sa1,1
7842,N20979 /1 undetected,output,,N20979,N20979,1,undetected,N20979,N20979,N20979,sa1,1
7843,N78749 /1 undetected,output,,N78749,N78749,1,undetected,N78749,N78749,N78749,sa1,1
7844,N20978 /1 undetected,output,,N20978,N20978,1,undetected,N20978,N20978,N20978,sa1,1
7845,N104374 /1 undetected,output,,N104374,N104374,1,undetected,N104374,N104374,N104374,sa1,1
7846,N76525 /1 undetected,output,,N76525,N76525,1,undetected,N76525,N76525,N76525,sa1,1
7847,N20976 /1 undetected,output,,N20976,N20976,1,undetected,N20976,N20976,N20976,sa1,1
7848,N86245 /1 undetected,output,,N86245,N86245,1,undetected,N86245,N86245,N86245,sa1,1
7849,N20973 /1 undetected,output,,N20973,N20973,1,undetected,N20973,N20973,N20973,sa1,1
7850,N104469 /1 undetected,output,,N104469,N104469,1,undetected,N104469,N104469,N104469,sa1,1
7851,N20972 /1 undetected,output,,N20972,N20972,1,undetected,N20972,N20972,N20972,sa1,1
7852,N104466 /1 undetected,output,,N104466,N104466,1,undetected,N104466,N104466,N104466,sa1,1
7853,N86077 /1 undetected,output,,N86077,N86077,1,undetected,N86077,N86077,N86077,sa1,1
7854,N101508 /1 undetected,output,,N101508,N101508,1,undetected,N101508,N101508,N101508,sa1,1
7855,N20968 /1 undetected,output,,N20968,N20968,1,undetected,N20968,N20968,N20968,sa1,1
7856,N104680 /1 undetected,output,,N104680,N104680,1,undetected,N104680,N104680,N104680,sa1,1
7857,N20964 /1 undetected,output,,N20964,N20964,1,undetected,N20964,N20964,N20964,sa1,1
7858,N20960 /1 undetected,output,,N20960,N20960,1,undetected,N20960,N20960,N20960,sa1,1
7859,N85990 /1 undetected,output,,N85990,N85990,1,undetected,N85990,N85990,N85990,sa1,1
7860,N20959 /1 undetected,output,,N20959,N20959,1,undetected,N20959,N20959,N20959,sa1,1
7861,N101092 /1 undetected,output,,N101092,N101092,1,undetected,N101092,N101092,N101092,sa1,1
7862,N20957 /1 undetected,output,,N20957,N20957,1,undetected,N20957,N20957,N20957,sa1,1
7863,N104474 /1 undetected,output,,N104474,N104474,1,undetected,N104474,N104474,N104474,sa1,1
7864,N86372 /1 undetected,output,,N86372,N86372,1,undetected,N86372,N86372,N86372,sa1,1
7865,N20955 /1 undetected,output,,N20955,N20955,1,undetected,N20955,N20955,N20955,sa1,1
7866,N104822 /1 undetected,output,,N104822,N104822,1,undetected,N104822,N104822,N104822,sa1,1
7867,N20953 /1 undetected,output,,N20953,N20953,1,undetected,N20953,N20953,N20953,sa1,1
7868,N86371 /1 undetected,output,,N86371,N86371,1,undetected,N86371,N86371,N86371,sa1,1
7869,N76215 /1 undetected,output,,N76215,N76215,1,undetected,N76215,N76215,N76215,sa1,1
7870,N20950 /1 undetected,output,,N20950,N20950,1,undetected,N20950,N20950,N20950,sa1,1
7871,N20948 /1 undetected,output,,N20948,N20948,1,undetected,N20948,N20948,N20948,sa1,1
7872,N20947 /1 undetected,output,,N20947,N20947,1,undetected,N20947,N20947,N20947,sa1,1
7873,N76682 /1 undetected,output,,N76682,N76682,1,undetected,N76682,N76682,N76682,sa1,1
7874,N76214 /1 undetected,output,,N76214,N76214,1,undetected,N76214,N76214,N76214,sa1,1
7875,N20946 /1 undetected,output,,N20946,N20946,1,undetected,N20946,N20946,N20946,sa1,1
7876,N104818 /1 undetected,output,,N104818,N104818,1,undetected,N104818,N104818,N104818,sa1,1
7877,N77340 /1 undetected,output,,N77340,N77340,1,undetected,N77340,N77340,N77340,sa1,1
7878,N20942 /1 undetected,output,,N20942,N20942,1,undetected,N20942,N20942,N20942,sa1,1
7879,N104812 /1 undetected,output,,N104812,N104812,1,undetected,N104812,N104812,N104812,sa1,1
7880,N86845 /1 undetected,output,,N86845,N86845,1,undetected,N86845,N86845,N86845,sa1,1
7881,N20938 /1 undetected,output,,N20938,N20938,1,undetected,N20938,N20938,N20938,sa1,1
7882,N20936 /1 undetected,output,,N20936,N20936,1,undetected,N20936,N20936,N20936,sa1,1
7883,N101486 /1 undetected,output,,N101486,N101486,1,undetected,N101486,N101486,N101486,sa1,1
7884,N20935 /1 undetected,output,,N20935,N20935,1,undetected,N20935,N20935,N20935,sa1,1
7885,N20933 /1 undetected,output,,N20933,N20933,1,undetected,N20933,N20933,N20933,sa1,1
7886,N86244 /1 undetected,output,,N86244,N86244,1,undetected,N86244,N86244,N86244,sa1,1
7887,N20932 /1 undetected,output,,N20932,N20932,1,undetected,N20932,N20932,N20932,sa1,1
7888,N104809 /1 undetected,output,,N104809,N104809,1,undetected,N104809,N104809,N104809,sa1,1
7889,N20930 /1 undetected,output,,N20930,N20930,1,undetected,N20930,N20930,N20930,sa1,1
7890,N104692 /1 undetected,output,,N104692,N104692,1,undetected,N104692,N104692,N104692,sa1,1
7891,N76307 /1 undetected,output,,N76307,N76307,1,undetected,N76307,N76307,N76307,sa1,1
7892,N20924 /1 undetected,output,,N20924,N20924,1,undetected,N20924,N20924,N20924,sa1,1
7893,N20922 /1 undetected,output,,N20922,N20922,1,undetected,N20922,N20922,N20922,sa1,1
7894,N86076 /1 undetected,output,,N86076,N86076,1,undetected,N86076,N86076,N86076,sa1,1
7895,N20921 /1 undetected,output,,N20921,N20921,1,undetected,N20921,N20921,N20921,sa1,1
7896,N104798 /1 undetected,output,,N104798,N104798,1,undetected,N104798,N104798,N104798,sa1,1
7897,N78748 /1 undetected,output,,N78748,N78748,1,undetected,N78748,N78748,N78748,sa1,1
7898,N20915 /1 undetected,output,,N20915,N20915,1,undetected,N20915,N20915,N20915,sa1,1
7899,N104793 /1 undetected,output,,N104793,N104793,1,undetected,N104793,N104793,N104793,sa1,1
7900,N87630 /1 undetected,output,,N87630,N87630,1,undetected,N87630,N87630,N87630,sa1,1
7901,N20911 /1 undetected,output,,N20911,N20911,1,undetected,N20911,N20911,N20911,sa1,1
7902,N76524 /1 undetected,output,,N76524,N76524,1,undetected,N76524,N76524,N76524,sa1,1
7903,N20909 /1 undetected,output,,N20909,N20909,1,undetected,N20909,N20909,N20909,sa1,1
7904,N20907 /1 undetected,output,,N20907,N20907,1,undetected,N20907,N20907,N20907,sa1,1
7905,N20905 /1 undetected,output,,N20905,N20905,1,undetected,N20905,N20905,N20905,sa1,1
7906,N86075 /1 undetected,output,,N86075,N86075,1,undetected,N86075,N86075,N86075,sa1,1
7907,N20902 /1 undetected,output,,N20902,N20902,1,undetected,N20902,N20902,N20902,sa1,1
7908,N104787 /1 undetected,output,,N104787,N104787,1,undetected,N104787,N104787,N104787,sa1,1
7909,N78747 /1 undetected,output,,N78747,N78747,1,undetected,N78747,N78747,N78747,sa1,1
7910,N20904 /1 undetected,output,,N20904,N20904,1,undetected,N20904,N20904,N20904,sa1,1
7911,N104783 /1 undetected,output,,N104783,N104783,1,undetected,N104783,N104783,N104783,sa1,1
7912,N87629 /1 undetected,output,,N87629,N87629,1,undetected,N87629,N87629,N87629,sa1,1
7913,N20900 /1 undetected,output,,N20900,N20900,1,undetected,N20900,N20900,N20900,sa1,1
7914,N20898 /1 undetected,output,,N20898,N20898,1,undetected,N20898,N20898,N20898,sa1,1
7915,N76306 /1 undetected,output,,N76306,N76306,1,undetected,N76306,N76306,N76306,sa1,1
7916,N20893 /1 undetected,output,,N20893,N20893,1,undetected,N20893,N20893,N20893,sa1,1
7917,N104779 /1 undetected,output,,N104779,N104779,1,undetected,N104779,N104779,N104779,sa1,1
7918,N78746 /1 undetected,output,,N78746,N78746,1,undetected,N78746,N78746,N78746,sa1,1
7919,N20887 /1 undetected,output,,N20887,N20887,1,undetected,N20887,N20887,N20887,sa1,1
7920,N104774 /1 undetected,output,,N104774,N104774,1,undetected,N104774,N104774,N104774,sa1,1
7921,N87628 /1 undetected,output,,N87628,N87628,1,undetected,N87628,N87628,N87628,sa1,1
7922,N20435 /1 undetected,output,,N20435,N20435,1,undetected,N20435,N20435,N20435,sa1,1
7923,N20606 /1 undetected,output,,N20606,N20606,1,undetected,N20606,N20606,N20606,sa1,1
7924,N20601 /1 undetected,output,,N20601,N20601,1,undetected,N20601,N20601,N20601,sa1,1
7925,N92386 /1 undetected,output,,N92386,N92386,1,undetected,N92386,N92386,N92386,sa1,1
7926,N88259 /1 undetected,output,,N88259,N88259,1,undetected,N88259,N88259,N88259,sa1,1
7927,N20600 /1 undetected,output,,N20600,N20600,1,undetected,N20600,N20600,N20600,sa1,1
7928,N76454 /1 undetected,output,,N76454,N76454,1,undetected,N76454,N76454,N76454,sa1,1
7929,N104247 /1 undetected,output,,N104247,N104247,1,undetected,N104247,N104247,N104247,sa1,1
7930,N100907 /1 undetected,output,,N100907,N100907,1,undetected,N100907,N100907,N100907,sa1,1
7931,N20595 /1 undetected,output,,N20595,N20595,1,undetected,N20595,N20595,N20595,sa1,1
7932,N93451 /1 undetected,output,,N93451,N93451,1,undetected,N93451,N93451,N93451,sa1,1
7933,N20593 /1 undetected,output,,N20593,N20593,1,undetected,N20593,N20593,N20593,sa1,1
7934,N20591 /1 undetected,output,,N20591,N20591,1,undetected,N20591,N20591,N20591,sa1,1
7935,N20590 /1 undetected,output,,N20590,N20590,1,undetected,N20590,N20590,N20590,sa1,1
7936,N104638 /1 undetected,output,,N104638,N104638,1,undetected,N104638,N104638,N104638,sa1,1
7937,N101462 /1 undetected,output,,N101462,N101462,1,undetected,N101462,N101462,N101462,sa1,1
7938,N20586 /1 undetected,output,,N20586,N20586,1,undetected,N20586,N20586,N20586,sa1,1
7939,N104443 /1 undetected,output,,N104443,N104443,1,undetected,N104443,N104443,N104443,sa1,1
7940,N104243 /1 undetected,output,,N104243,N104243,1,undetected,N104243,N104243,N104243,sa1,1
7941,N20588 /1 undetected,output,,N20588,N20588,1,undetected,N20588,N20588,N20588,sa1,1
7942,N104642 /1 undetected,output,,N104642,N104642,1,undetected,N104642,N104642,N104642,sa1,1
7943,N101453 /1 undetected,output,,N101453,N101453,1,undetected,N101453,N101453,N101453,sa1,1
7944,N20582 /1 undetected,output,,N20582,N20582,1,undetected,N20582,N20582,N20582,sa1,1
7945,N84516 /1 undetected,output,,N84516,N84516,1,undetected,N84516,N84516,N84516,sa1,1
7946,N20581 /1 undetected,output,,N20581,N20581,1,undetected,N20581,N20581,N20581,sa1,1
7947,N104246 /1 undetected,output,,N104246,N104246,1,undetected,N104246,N104246,N104246,sa1,1
7948,N101475 /1 undetected,output,,N101475,N101475,1,undetected,N101475,N101475,N101475,sa1,1
7949,N20573 /1 undetected,output,,N20573,N20573,1,undetected,N20573,N20573,N20573,sa1,1
7950,N85500 /1 undetected,output,,N85500,N85500,1,undetected,N85500,N85500,N85500,sa1,1
7951,N20572 /1 undetected,output,,N20572,N20572,1,undetected,N20572,N20572,N20572,sa1,1
7952,N86143 /1 undetected,output,,N86143,N86143,1,undetected,N86143,N86143,N86143,sa1,1
7953,N20570 /1 undetected,output,,N20570,N20570,1,undetected,N20570,N20570,N20570,sa1,1
7954,N76369 /1 undetected,output,,N76369,N76369,1,undetected,N76369,N76369,N76369,sa1,1
7955,N104111 /1 undetected,output,,N104111,N104111,1,undetected,N104111,N104111,N104111,sa1,1
7956,N20560 /1 undetected,output,,N20560,N20560,1,undetected,N20560,N20560,N20560,sa1,1
7957,N98829 /1 undetected,output,,N98829,N98829,1,undetected,N98829,N98829,N98829,sa1,1
7958,N20558 /1 undetected,output,,N20558,N20558,1,undetected,N20558,N20558,N20558,sa1,1
7959,N104653 /1 undetected,output,,N104653,N104653,1,undetected,N104653,N104653,N104653,sa1,1
7960,N104165 /1 undetected,output,,N104165,N104165,1,undetected,N104165,N104165,N104165,sa1,1
7961,N20567 /1 undetected,output,,N20567,N20567,1,undetected,N20567,N20567,N20567,sa1,1
7962,N104654 /1 undetected,output,,N104654,N104654,1,undetected,N104654,N104654,N104654,sa1,1
7963,N20565 /1 undetected,output,,N20565,N20565,1,undetected,N20565,N20565,N20565,sa1,1
7964,N104169 /1 undetected,output,,N104169,N104169,1,undetected,N104169,N104169,N104169,sa1,1
7965,N86226 /1 undetected,output,,N86226,N86226,1,undetected,N86226,N86226,N86226,sa1,1
7966,N20555 /1 undetected,output,,N20555,N20555,1,undetected,N20555,N20555,N20555,sa1,1
7967,N20553 /1 undetected,output,,N20553,N20553,1,undetected,N20553,N20553,N20553,sa1,1
7968,N93441 /1 undetected,output,,N93441,N93441,1,undetected,N93441,N93441,N93441,sa1,1
7969,N20552 /1 undetected,output,,N20552,N20552,1,undetected,N20552,N20552,N20552,sa1,1
7970,N104250 /1 undetected,output,,N104250,N104250,1,undetected,N104250,N104250,N104250,sa1,1
7971,N94186 /1 undetected,output,,N94186,N94186,1,undetected,N94186,N94186,N94186,sa1,1
7972,N20550 /1 undetected,output,,N20550,N20550,1,undetected,N20550,N20550,N20550,sa1,1
7973,N20548 /1 undetected,output,,N20548,N20548,1,undetected,N20548,N20548,N20548,sa1,1
7974,N94163 /1 undetected,output,,N94163,N94163,1,undetected,N94163,N94163,N94163,sa1,1
7975,N20545 /1 undetected,output,,N20545,N20545,1,undetected,N20545,N20545,N20545,sa1,1
7976,N104650 /1 undetected,output,,N104650,N104650,1,undetected,N104650,N104650,N104650,sa1,1
7977,N104242 /1 undetected,output,,N104242,N104242,1,undetected,N104242,N104242,N104242,sa1,1
7978,N20547 /1 undetected,output,,N20547,N20547,1,undetected,N20547,N20547,N20547,sa1,1
7979,N104505 /1 undetected,output,,N104505,N104505,1,undetected,N104505,N104505,N104505,sa1,1
7980,N104472 /1 undetected,output,,N104472,N104472,1,undetected,N104472,N104472,N104472,sa1,1
7981,N20539 /1 undetected,output,,N20539,N20539,1,undetected,N20539,N20539,N20539,sa1,1
7982,N79336 /1 undetected,output,,N79336,N79336,1,undetected,N79336,N79336,N79336,sa1,1
7983,N20534 /1 undetected,output,,N20534,N20534,1,undetected,N20534,N20534,N20534,sa1,1
7984,N100906 /1 undetected,output,,N100906,N100906,1,undetected,N100906,N100906,N100906,sa1,1
7985,N20529 /1 undetected,output,,N20529,N20529,1,undetected,N20529,N20529,N20529,sa1,1
7986,N20527 /1 undetected,output,,N20527,N20527,1,undetected,N20527,N20527,N20527,sa1,1
7987,N104480 /1 undetected,output,,N104480,N104480,1,undetected,N104480,N104480,N104480,sa1,1
7988,N86349 /1 undetected,output,,N86349,N86349,1,undetected,N86349,N86349,N86349,sa1,1
7989,N104384 /1 undetected,output,,N104384,N104384,1,undetected,N104384,N104384,N104384,sa1,1
7990,N104241 /1 undetected,output,,N104241,N104241,1,undetected,N104241,N104241,N104241,sa1,1
7991,N20523 /1 undetected,output,,N20523,N20523,1,undetected,N20523,N20523,N20523,sa1,1
7992,N93450 /1 undetected,output,,N93450,N93450,1,undetected,N93450,N93450,N93450,sa1,1
7993,N20521 /1 undetected,output,,N20521,N20521,1,undetected,N20521,N20521,N20521,sa1,1
7994,N20519 /1 undetected,output,,N20519,N20519,1,undetected,N20519,N20519,N20519,sa1,1
7995,N20518 /1 undetected,output,,N20518,N20518,1,undetected,N20518,N20518,N20518,sa1,1
7996,N104632 /1 undetected,output,,N104632,N104632,1,undetected,N104632,N104632,N104632,sa1,1
7997,N101452 /1 undetected,output,,N101452,N101452,1,undetected,N101452,N101452,N101452,sa1,1
7998,N20516 /1 undetected,output,,N20516,N20516,1,undetected,N20516,N20516,N20516,sa1,1
7999,N101461 /1 undetected,output,,N101461,N101461,1,undetected,N101461,N101461,N101461,sa1,1
8000,N20463 /1 undetected,output,,N20463,N20463,1,undetected,N20463,N20463,N20463,sa1,1
8001,N20514 /1 undetected,output,,N20514,N20514,1,undetected,N20514,N20514,N20514,sa1,1
8002,N104625 /1 undetected,output,,N104625,N104625,1,undetected,N104625,N104625,N104625,sa1,1
8003,N104240 /1 undetected,output,,N104240,N104240,1,undetected,N104240,N104240,N104240,sa1,1
8004,N85499 /1 undetected,output,,N85499,N85499,1,undetected,N85499,N85499,N85499,sa1,1
8005,N20510 /1 undetected,output,,N20510,N20510,1,undetected,N20510,N20510,N20510,sa1,1
8006,N88247 /1 undetected,output,,N88247,N88247,1,undetected,N88247,N88247,N88247,sa1,1
8007,N20497 /1 undetected,output,,N20497,N20497,1,undetected,N20497,N20497,N20497,sa1,1
8008,N20496 /1 undetected,output,,N20496,N20496,1,undetected,N20496,N20496,N20496,sa1,1
8009,N76328 /1 undetected,output,,N76328,N76328,1,undetected,N76328,N76328,N76328,sa1,1
8010,N20493 /1 undetected,output,,N20493,N20493,1,undetected,N20493,N20493,N20493,sa1,1
8011,N104442 /1 undetected,output,,N104442,N104442,1,undetected,N104442,N104442,N104442,sa1,1
8012,N104110 /1 undetected,output,,N104110,N104110,1,undetected,N104110,N104110,N104110,sa1,1
8013,N20491 /1 undetected,output,,N20491,N20491,1,undetected,N20491,N20491,N20491,sa1,1
8014,N20489 /1 undetected,output,,N20489,N20489,1,undetected,N20489,N20489,N20489,sa1,1
8015,N86225 /1 undetected,output,,N86225,N86225,1,undetected,N86225,N86225,N86225,sa1,1
8016,N20488 /1 undetected,output,,N20488,N20488,1,undetected,N20488,N20488,N20488,sa1,1
8017,N104637 /1 undetected,output,,N104637,N104637,1,undetected,N104637,N104637,N104637,sa1,1
8018,N86304 /1 undetected,output,,N86304,N86304,1,undetected,N86304,N86304,N86304,sa1,1
8019,N20486 /1 undetected,output,,N20486,N20486,1,undetected,N20486,N20486,N20486,sa1,1
8020,N104641 /1 undetected,output,,N104641,N104641,1,undetected,N104641,N104641,N104641,sa1,1
8021,N76597 /1 undetected,output,,N76597,N76597,1,undetected,N76597,N76597,N76597,sa1,1
8022,N20476 /1 undetected,output,,N20476,N20476,1,undetected,N20476,N20476,N20476,sa1,1
8023,N86101 /1 undetected,output,,N86101,N86101,1,undetected,N86101,N86101,N86101,sa1,1
8024,N20504 /1 undetected,output,,N20504,N20504,1,undetected,N20504,N20504,N20504,sa1,1
8025,N20502 /1 undetected,output,,N20502,N20502,1,undetected,N20502,N20502,N20502,sa1,1
8026,N76329 /1 undetected,output,,N76329,N76329,1,undetected,N76329,N76329,N76329,sa1,1
8027,N20470 /1 undetected,output,,N20470,N20470,1,undetected,N20470,N20470,N20470,sa1,1
8028,N20468 /1 undetected,output,,N20468,N20468,1,undetected,N20468,N20468,N20468,sa1,1
8029,N86223 /1 undetected,output,,N86223,N86223,1,undetected,N86223,N86223,N86223,sa1,1
8030,N20465 /1 undetected,output,,N20465,N20465,1,undetected,N20465,N20465,N20465,sa1,1
8031,N104635 /1 undetected,output,,N104635,N104635,1,undetected,N104635,N104635,N104635,sa1,1
8032,N86303 /1 undetected,output,,N86303,N86303,1,undetected,N86303,N86303,N86303,sa1,1
8033,N20467 /1 undetected,output,,N20467,N20467,1,undetected,N20467,N20467,N20467,sa1,1
8034,N104631 /1 undetected,output,,N104631,N104631,1,undetected,N104631,N104631,N104631,sa1,1
8035,N76596 /1 undetected,output,,N76596,N76596,1,undetected,N76596,N76596,N76596,sa1,1
8036,N20450 /1 undetected,output,,N20450,N20450,1,undetected,N20450,N20450,N20450,sa1,1
8037,N104624 /1 undetected,output,,N104624,N104624,1,undetected,N104624,N104624,N104624,sa1,1
8038,N104108 /1 undetected,output,,N104108,N104108,1,undetected,N104108,N104108,N104108,sa1,1
8039,N20501 /1 undetected,output,,N20501,N20501,1,undetected,N20501,N20501,N20501,sa1,1
8040,N79324 /1 undetected,output,,N79324,N79324,1,undetected,N79324,N79324,N79324,sa1,1
8041,N20500 /1 undetected,output,,N20500,N20500,1,undetected,N20500,N20500,N20500,sa1,1
8042,N20498 /1 undetected,output,,N20498,N20498,1,undetected,N20498,N20498,N20498,sa1,1
8043,N86102 /1 undetected,output,,N86102,N86102,1,undetected,N86102,N86102,N86102,sa1,1
8044,N20474 /1 undetected,output,,N20474,N20474,1,undetected,N20474,N20474,N20474,sa1,1
8045,N104434 /1 undetected,output,,N104434,N104434,1,undetected,N104434,N104434,N104434,sa1,1
8046,N86224 /1 undetected,output,,N86224,N86224,1,undetected,N86224,N86224,N86224,sa1,1
8047,N104383 /1 undetected,output,,N104383,N104383,1,undetected,N104383,N104383,N104383,sa1,1
8048,N104109 /1 undetected,output,,N104109,N104109,1,undetected,N104109,N104109,N104109,sa1,1
8049,N84515 /1 undetected,output,,N84515,N84515,1,undetected,N84515,N84515,N84515,sa1,1
8050,N74786 /1 undetected,output,,N74786,N74786,1,undetected,N74786,N74786,N74786,sa1,1
8051,N20393 /1 undetected,output,,N20393,N20393,1,undetected,N20393,N20393,N20393,sa1,1
8052,N20390 /1 undetected,output,,N20390,N20390,1,undetected,N20390,N20390,N20390,sa1,1
8053,N104196 /1 undetected,output,,N104196,N104196,1,undetected,N104196,N104196,N104196,sa1,1
8054,N20388 /1 undetected,output,,N20388,N20388,1,undetected,N20388,N20388,N20388,sa1,1
8055,N98510 /1 undetected,output,,N98510,N98510,1,undetected,N98510,N98510,N98510,sa1,1
8056,N8576 /1 undetected,output,,N8576,N8576,1,undetected,N8576,N8576,N8576,sa1,1
8057,N76452 /1 undetected,output,,N76452,N76452,1,undetected,N76452,N76452,N76452,sa1,1
8058,N98509 /1 undetected,output,,N98509,N98509,1,undetected,N98509,N98509,N98509,sa1,1
8059,N104245 /1 undetected,output,,N104245,N104245,1,undetected,N104245,N104245,N104245,sa1,1
8060,N104148 /1 undetected,output,,N104148,N104148,1,undetected,N104148,N104148,N104148,sa1,1
8061,N20376 /1 undetected,output,,N20376,N20376,1,undetected,N20376,N20376,N20376,sa1,1
8062,N94119 /1 undetected,output,,N94119,N94119,1,undetected,N94119,N94119,N94119,sa1,1
8063,N20373 /1 undetected,output,,N20373,N20373,1,undetected,N20373,N20373,N20373,sa1,1
8064,N20367 /1 undetected,output,,N20367,N20367,1,undetected,N20367,N20367,N20367,sa1,1
8065,N20366 /1 undetected,output,,N20366,N20366,1,undetected,N20366,N20366,N20366,sa1,1
8066,N20365 /1 undetected,output,,N20365,N20365,1,undetected,N20365,N20365,N20365,sa1,1
8067,N104549 /1 undetected,output,,N104549,N104549,1,undetected,N104549,N104549,N104549,sa1,1
8068,N101460 /1 undetected,output,,N101460,N101460,1,undetected,N101460,N101460,N101460,sa1,1
8069,N20363 /1 undetected,output,,N20363,N20363,1,undetected,N20363,N20363,N20363,sa1,1
8070,N76663 /1 undetected,output,,N76663,N76663,1,undetected,N76663,N76663,N76663,sa1,1
8071,N20361 /1 undetected,output,,N20361,N20361,1,undetected,N20361,N20361,N20361,sa1,1
8072,N104206 /1 undetected,output,,N104206,N104206,1,undetected,N104206,N104206,N104206,sa1,1
8073,N104177 /1 undetected,output,,N104177,N104177,1,undetected,N104177,N104177,N104177,sa1,1
8074,N20359 /1 undetected,output,,N20359,N20359,1,undetected,N20359,N20359,N20359,sa1,1
8075,N104534 /1 undetected,output,,N104534,N104534,1,undetected,N104534,N104534,N104534,sa1,1
8076,N101451 /1 undetected,output,,N101451,N101451,1,undetected,N101451,N101451,N101451,sa1,1
8077,N20351 /1 undetected,output,,N20351,N20351,1,undetected,N20351,N20351,N20351,sa1,1
8078,N20371 /1 undetected,output,,N20371,N20371,1,undetected,N20371,N20371,N20371,sa1,1
8079,N104558 /1 undetected,output,,N104558,N104558,1,undetected,N104558,N104558,N104558,sa1,1
8080,N20369 /1 undetected,output,,N20369,N20369,1,undetected,N20369,N20369,N20369,sa1,1
8081,N20357 /1 undetected,output,,N20357,N20357,1,undetected,N20357,N20357,N20357,sa1,1
8082,N104562 /1 undetected,output,,N104562,N104562,1,undetected,N104562,N104562,N104562,sa1,1
8083,N104239 /1 undetected,output,,N104239,N104239,1,undetected,N104239,N104239,N104239,sa1,1
8084,N20349 /1 undetected,output,,N20349,N20349,1,undetected,N20349,N20349,N20349,sa1,1
8085,N104546 /1 undetected,output,,N104546,N104546,1,undetected,N104546,N104546,N104546,sa1,1
8086,N104471 /1 undetected,output,,N104471,N104471,1,undetected,N104471,N104471,N104471,sa1,1
8087,N85498 /1 undetected,output,,N85498,N85498,1,undetected,N85498,N85498,N85498,sa1,1
8088,N86222 /1 undetected,output,,N86222,N86222,1,undetected,N86222,N86222,N86222,sa1,1
8089,N20340 /1 undetected,output,,N20340,N20340,1,undetected,N20340,N20340,N20340,sa1,1
8090,N104555 /1 undetected,output,,N104555,N104555,1,undetected,N104555,N104555,N104555,sa1,1
8091,N104520 /1 undetected,output,,N104520,N104520,1,undetected,N104520,N104520,N104520,sa1,1
8092,N20337 /1 undetected,output,,N20337,N20337,1,undetected,N20337,N20337,N20337,sa1,1
8093,N20333 /1 undetected,output,,N20333,N20333,1,undetected,N20333,N20333,N20333,sa1,1
8094,N20331 /1 undetected,output,,N20331,N20331,1,undetected,N20331,N20331,N20331,sa1,1
8095,N94495 /1 undetected,output,,N94495,N94495,1,undetected,N94495,N94495,N94495,sa1,1
8096,N20330 /1 undetected,output,,N20330,N20330,1,undetected,N20330,N20330,N20330,sa1,1
8097,N104552 /1 undetected,output,,N104552,N104552,1,undetected,N104552,N104552,N104552,sa1,1
8098,N86302 /1 undetected,output,,N86302,N86302,1,undetected,N86302,N86302,N86302,sa1,1
8099,N20326 /1 undetected,output,,N20326,N20326,1,undetected,N20326,N20326,N20326,sa1,1
8100,N104536 /1 undetected,output,,N104536,N104536,1,undetected,N104536,N104536,N104536,sa1,1
8101,N76595 /1 undetected,output,,N76595,N76595,1,undetected,N76595,N76595,N76595,sa1,1
8102,N20293 /1 undetected,output,,N20293,N20293,1,undetected,N20293,N20293,N20293,sa1,1
8103,N20324 /1 undetected,output,,N20324,N20324,1,undetected,N20324,N20324,N20324,sa1,1
8104,N104545 /1 undetected,output,,N104545,N104545,1,undetected,N104545,N104545,N104545,sa1,1
8105,N20322 /1 undetected,output,,N20322,N20322,1,undetected,N20322,N20322,N20322,sa1,1
8106,N104508 /1 undetected,output,,N104508,N104508,1,undetected,N104508,N104508,N104508,sa1,1
8107,N104104 /1 undetected,output,,N104104,N104104,1,undetected,N104104,N104104,N104104,sa1,1
8108,N20311 /1 undetected,output,,N20311,N20311,1,undetected,N20311,N20311,N20311,sa1,1
8109,N76501 /1 undetected,output,,N76501,N76501,1,undetected,N76501,N76501,N76501,sa1,1
8110,N20303 /1 undetected,output,,N20303,N20303,1,undetected,N20303,N20303,N20303,sa1,1
8111,N104517 /1 undetected,output,,N104517,N104517,1,undetected,N104517,N104517,N104517,sa1,1
8112,N20301 /1 undetected,output,,N20301,N20301,1,undetected,N20301,N20301,N20301,sa1,1
8113,N104164 /1 undetected,output,,N104164,N104164,1,undetected,N104164,N104164,N104164,sa1,1
8114,N94494 /1 undetected,output,,N94494,N94494,1,undetected,N94494,N94494,N94494,sa1,1
8115,N20296 /1 undetected,output,,N20296,N20296,1,undetected,N20296,N20296,N20296,sa1,1
8116,N20294 /1 undetected,output,,N20294,N20294,1,undetected,N20294,N20294,N20294,sa1,1
8117,N104510 /1 undetected,output,,N104510,N104510,1,undetected,N104510,N104510,N104510,sa1,1
8118,N104116 /1 undetected,output,,N104116,N104116,1,undetected,N104116,N104116,N104116,sa1,1
8119,N20290 /1 undetected,output,,N20290,N20290,1,undetected,N20290,N20290,N20290,sa1,1
8120,N104504 /1 undetected,output,,N104504,N104504,1,undetected,N104504,N104504,N104504,sa1,1
8121,N104168 /1 undetected,output,,N104168,N104168,1,undetected,N104168,N104168,N104168,sa1,1
8122,N94566 /1 undetected,output,,N94566,N94566,1,undetected,N94566,N94566,N94566,sa1,1
8123,N20274 /1 undetected,output,,N20274,N20274,1,undetected,N20274,N20274,N20274,sa1,1
8124,N20271 /1 undetected,output,,N20271,N20271,1,undetected,N20271,N20271,N20271,sa1,1
8125,N20269 /1 undetected,output,,N20269,N20269,1,undetected,N20269,N20269,N20269,sa1,1
8126,N88258 /1 undetected,output,,N88258,N88258,1,undetected,N88258,N88258,N88258,sa1,1
8127,N20246 /1 undetected,output,,N20246,N20246,1,undetected,N20246,N20246,N20246,sa1,1
8128,N20244 /1 undetected,output,,N20244,N20244,1,undetected,N20244,N20244,N20244,sa1,1
8129,N76662 /1 undetected,output,,N76662,N76662,1,undetected,N76662,N76662,N76662,sa1,1
8130,N20243 /1 undetected,output,,N20243,N20243,1,undetected,N20243,N20243,N20243,sa1,1
8131,N104310 /1 undetected,output,,N104310,N104310,1,undetected,N104310,N104310,N104310,sa1,1
8132,N20241 /1 undetected,output,,N20241,N20241,1,undetected,N20241,N20241,N20241,sa1,1
8133,N104176 /1 undetected,output,,N104176,N104176,1,undetected,N104176,N104176,N104176,sa1,1
8134,N100904 /1 undetected,output,,N100904,N100904,1,undetected,N100904,N100904,N100904,sa1,1
8135,N20240 /1 undetected,output,,N20240,N20240,1,undetected,N20240,N20240,N20240,sa1,1
8136,N93448 /1 undetected,output,,N93448,N93448,1,undetected,N93448,N93448,N93448,sa1,1
8137,N20238 /1 undetected,output,,N20238,N20238,1,undetected,N20238,N20238,N20238,sa1,1
8138,N104401 /1 undetected,output,,N104401,N104401,1,undetected,N104401,N104401,N104401,sa1,1
8139,N20236 /1 undetected,output,,N20236,N20236,1,undetected,N20236,N20236,N20236,sa1,1
8140,N104479 /1 undetected,output,,N104479,N104479,1,undetected,N104479,N104479,N104479,sa1,1
8141,N104421 /1 undetected,output,,N104421,N104421,1,undetected,N104421,N104421,N104421,sa1,1
8142,N20264 /1 undetected,output,,N20264,N20264,1,undetected,N20264,N20264,N20264,sa1,1
8143,N20262 /1 undetected,output,,N20262,N20262,1,undetected,N20262,N20262,N20262,sa1,1
8144,N86348 /1 undetected,output,,N86348,N86348,1,undetected,N86348,N86348,N86348,sa1,1
8145,N20261 /1 undetected,output,,N20261,N20261,1,undetected,N20261,N20261,N20261,sa1,1
8146,N93449 /1 undetected,output,,N93449,N93449,1,undetected,N93449,N93449,N93449,sa1,1
8147,N20259 /1 undetected,output,,N20259,N20259,1,undetected,N20259,N20259,N20259,sa1,1
8148,N20257 /1 undetected,output,,N20257,N20257,1,undetected,N20257,N20257,N20257,sa1,1
8149,N104395 /1 undetected,output,,N104395,N104395,1,undetected,N104395,N104395,N104395,sa1,1
8150,N76642 /1 undetected,output,,N76642,N76642,1,undetected,N76642,N76642,N76642,sa1,1
8151,N20255 /1 undetected,output,,N20255,N20255,1,undetected,N20255,N20255,N20255,sa1,1
8152,N104369 /1 undetected,output,,N104369,N104369,1,undetected,N104369,N104369,N104369,sa1,1
8153,N86333 /1 undetected,output,,N86333,N86333,1,undetected,N86333,N86333,N86333,sa1,1
8154,N20253 /1 undetected,output,,N20253,N20253,1,undetected,N20253,N20253,N20253,sa1,1
8155,N20251 /1 undetected,output,,N20251,N20251,1,undetected,N20251,N20251,N20251,sa1,1
8156,N100905 /1 undetected,output,,N100905,N100905,1,undetected,N100905,N100905,N100905,sa1,1
8157,N20250 /1 undetected,output,,N20250,N20250,1,undetected,N20250,N20250,N20250,sa1,1
8158,N104478 /1 undetected,output,,N104478,N104478,1,undetected,N104478,N104478,N104478,sa1,1
8159,N104349 /1 undetected,output,,N104349,N104349,1,undetected,N104349,N104349,N104349,sa1,1
8160,N20248 /1 undetected,output,,N20248,N20248,1,undetected,N20248,N20248,N20248,sa1,1
8161,N104340 /1 undetected,output,,N104340,N104340,1,undetected,N104340,N104340,N104340,sa1,1
8162,N76641 /1 undetected,output,,N76641,N76641,1,undetected,N76641,N76641,N76641,sa1,1
8163,N20188 /1 undetected,output,,N20188,N20188,1,undetected,N20188,N20188,N20188,sa1,1
8164,N85497 /1 undetected,output,,N85497,N85497,1,undetected,N85497,N85497,N85497,sa1,1
8165,N20187 /1 undetected,output,,N20187,N20187,1,undetected,N20187,N20187,N20187,sa1,1
8166,N20185 /1 undetected,output,,N20185,N20185,1,undetected,N20185,N20185,N20185,sa1,1
8167,N20184 /1 undetected,output,,N20184,N20184,1,undetected,N20184,N20184,N20184,sa1,1
8168,N79323 /1 undetected,output,,N79323,N79323,1,undetected,N79323,N79323,N79323,sa1,1
8169,N20176 /1 undetected,output,,N20176,N20176,1,undetected,N20176,N20176,N20176,sa1,1
8170,N104392 /1 undetected,output,,N104392,N104392,1,undetected,N104392,N104392,N104392,sa1,1
8171,N20174 /1 undetected,output,,N20174,N20174,1,undetected,N20174,N20174,N20174,sa1,1
8172,N104102 /1 undetected,output,,N104102,N104102,1,undetected,N104102,N104102,N104102,sa1,1
8173,N20173 /1 undetected,output,,N20173,N20173,1,undetected,N20173,N20173,N20173,sa1,1
8174,N86221 /1 undetected,output,,N86221,N86221,1,undetected,N86221,N86221,N86221,sa1,1
8175,N76327 /1 undetected,output,,N76327,N76327,1,undetected,N76327,N76327,N76327,sa1,1
8176,N20183 /1 undetected,output,,N20183,N20183,1,undetected,N20183,N20183,N20183,sa1,1
8177,N104107 /1 undetected,output,,N104107,N104107,1,undetected,N104107,N104107,N104107,sa1,1
8178,N20181 /1 undetected,output,,N20181,N20181,1,undetected,N20181,N20181,N20181,sa1,1
8179,N104458 /1 undetected,output,,N104458,N104458,1,undetected,N104458,N104458,N104458,sa1,1
8180,N20179 /1 undetected,output,,N20179,N20179,1,undetected,N20179,N20179,N20179,sa1,1
8181,N104286 /1 undetected,output,,N104286,N104286,1,undetected,N104286,N104286,N104286,sa1,1
8182,N86100 /1 undetected,output,,N86100,N86100,1,undetected,N86100,N86100,N86100,sa1,1
8183,N20172 /1 undetected,output,,N20172,N20172,1,undetected,N20172,N20172,N20172,sa1,1
8184,N20170 /1 undetected,output,,N20170,N20170,1,undetected,N20170,N20170,N20170,sa1,1
8185,N20169 /1 undetected,output,,N20169,N20169,1,undetected,N20169,N20169,N20169,sa1,1
8186,N86220 /1 undetected,output,,N86220,N86220,1,undetected,N86220,N86220,N86220,sa1,1
8187,N86099 /1 undetected,output,,N86099,N86099,1,undetected,N86099,N86099,N86099,sa1,1
8188,N20168 /1 undetected,output,,N20168,N20168,1,undetected,N20168,N20168,N20168,sa1,1
8189,N104454 /1 undetected,output,,N104454,N104454,1,undetected,N104454,N104454,N104454,sa1,1
8190,N104356 /1 undetected,output,,N104356,N104356,1,undetected,N104356,N104356,N104356,sa1,1
8191,N20158 /1 undetected,output,,N20158,N20158,1,undetected,N20158,N20158,N20158,sa1,1
8192,N104448 /1 undetected,output,,N104448,N104448,1,undetected,N104448,N104448,N104448,sa1,1
8193,N76594 /1 undetected,output,,N76594,N76594,1,undetected,N76594,N76594,N76594,sa1,1
8194,N20149 /1 undetected,output,,N20149,N20149,1,undetected,N20149,N20149,N20149,sa1,1
8195,N20147 /1 undetected,output,,N20147,N20147,1,undetected,N20147,N20147,N20147,sa1,1
8196,N88246 /1 undetected,output,,N88246,N88246,1,undetected,N88246,N88246,N88246,sa1,1
8197,N20146 /1 undetected,output,,N20146,N20146,1,undetected,N20146,N20146,N20146,sa1,1
8198,N20144 /1 undetected,output,,N20144,N20144,1,undetected,N20144,N20144,N20144,sa1,1
8199,N76326 /1 undetected,output,,N76326,N76326,1,undetected,N76326,N76326,N76326,sa1,1
8200,N20143 /1 undetected,output,,N20143,N20143,1,undetected,N20143,N20143,N20143,sa1,1
8201,N20141 /1 undetected,output,,N20141,N20141,1,undetected,N20141,N20141,N20141,sa1,1
8202,N104400 /1 undetected,output,,N104400,N104400,1,undetected,N104400,N104400,N104400,sa1,1
8203,N76500 /1 undetected,output,,N76500,N76500,1,undetected,N76500,N76500,N76500,sa1,1
8204,N20140 /1 undetected,output,,N20140,N20140,1,undetected,N20140,N20140,N20140,sa1,1
8205,N104433 /1 undetected,output,,N104433,N104433,1,undetected,N104433,N104433,N104433,sa1,1
8206,N104420 /1 undetected,output,,N104420,N104420,1,undetected,N104420,N104420,N104420,sa1,1
8207,N20119 /1 undetected,output,,N20119,N20119,1,undetected,N20119,N20119,N20119,sa1,1
8208,N20117 /1 undetected,output,,N20117,N20117,1,undetected,N20117,N20117,N20117,sa1,1
8209,N86219 /1 undetected,output,,N86219,N86219,1,undetected,N86219,N86219,N86219,sa1,1
8210,N20114 /1 undetected,output,,N20114,N20114,1,undetected,N20114,N20114,N20114,sa1,1
8211,N104394 /1 undetected,output,,N104394,N104394,1,undetected,N104394,N104394,N104394,sa1,1
8212,N76592 /1 undetected,output,,N76592,N76592,1,undetected,N76592,N76592,N76592,sa1,1
8213,N20116 /1 undetected,output,,N20116,N20116,1,undetected,N20116,N20116,N20116,sa1,1
8214,N104368 /1 undetected,output,,N104368,N104368,1,undetected,N104368,N104368,N104368,sa1,1
8215,N86300 /1 undetected,output,,N86300,N86300,1,undetected,N86300,N86300,N86300,sa1,1
8216,N86098 /1 undetected,output,,N86098,N86098,1,undetected,N86098,N86098,N86098,sa1,1
8217,N20088 /1 undetected,output,,N20088,N20088,1,undetected,N20088,N20088,N20088,sa1,1
8218,N20086 /1 undetected,output,,N20086,N20086,1,undetected,N20086,N20086,N20086,sa1,1
8219,N104309 /1 undetected,output,,N104309,N104309,1,undetected,N104309,N104309,N104309,sa1,1
8220,N104106 /1 undetected,output,,N104106,N104106,1,undetected,N104106,N104106,N104106,sa1,1
8221,N20082 /1 undetected,output,,N20082,N20082,1,undetected,N20082,N20082,N20082,sa1,1
8222,N86218 /1 undetected,output,,N86218,N86218,1,undetected,N86218,N86218,N86218,sa1,1
8223,N20081 /1 undetected,output,,N20081,N20081,1,undetected,N20081,N20081,N20081,sa1,1
8224,N104348 /1 undetected,output,,N104348,N104348,1,undetected,N104348,N104348,N104348,sa1,1
8225,N20068 /1 undetected,output,,N20068,N20068,1,undetected,N20068,N20068,N20068,sa1,1
8226,N104339 /1 undetected,output,,N104339,N104339,1,undetected,N104339,N104339,N104339,sa1,1
8227,N76591 /1 undetected,output,,N76591,N76591,1,undetected,N76591,N76591,N76591,sa1,1
8228,N79335 /1 undetected,output,,N79335,N79335,1,undetected,N79335,N79335,N79335,sa1,1
8229,N20266 /1 undetected,output,,N20266,N20266,1,undetected,N20266,N20266,N20266,sa1,1
8230,N20229 /1 undetected,output,,N20229,N20229,1,undetected,N20229,N20229,N20229,sa1,1
8231,N93447 /1 undetected,output,,N93447,N93447,1,undetected,N93447,N93447,N93447,sa1,1
8232,N20227 /1 undetected,output,,N20227,N20227,1,undetected,N20227,N20227,N20227,sa1,1
8233,N20225 /1 undetected,output,,N20225,N20225,1,undetected,N20225,N20225,N20225,sa1,1
8234,N20223 /1 undetected,output,,N20223,N20223,1,undetected,N20223,N20223,N20223,sa1,1
8235,N76661 /1 undetected,output,,N76661,N76661,1,undetected,N76661,N76661,N76661,sa1,1
8236,N20220 /1 undetected,output,,N20220,N20220,1,undetected,N20220,N20220,N20220,sa1,1
8237,N104477 /1 undetected,output,,N104477,N104477,1,undetected,N104477,N104477,N104477,sa1,1
8238,N104475 /1 undetected,output,,N104475,N104475,1,undetected,N104475,N104475,N104475,sa1,1
8239,N20222 /1 undetected,output,,N20222,N20222,1,undetected,N20222,N20222,N20222,sa1,1
8240,N104459 /1 undetected,output,,N104459,N104459,1,undetected,N104459,N104459,N104459,sa1,1
8241,N76639 /1 undetected,output,,N76639,N76639,1,undetected,N76639,N76639,N76639,sa1,1
8242,N20215 /1 undetected,output,,N20215,N20215,1,undetected,N20215,N20215,N20215,sa1,1
8243,N104470 /1 undetected,output,,N104470,N104470,1,undetected,N104470,N104470,N104470,sa1,1
8244,N104393 /1 undetected,output,,N104393,N104393,1,undetected,N104393,N104393,N104393,sa1,1
8245,N100903 /1 undetected,output,,N100903,N100903,1,undetected,N100903,N100903,N100903,sa1,1
8246,N20210 /1 undetected,output,,N20210,N20210,1,undetected,N20210,N20210,N20210,sa1,1
8247,N104315 /1 undetected,output,,N104315,N104315,1,undetected,N104315,N104315,N104315,sa1,1
8248,N20206 /1 undetected,output,,N20206,N20206,1,undetected,N20206,N20206,N20206,sa1,1
8249,N20204 /1 undetected,output,,N20204,N20204,1,undetected,N20204,N20204,N20204,sa1,1
8250,N20203 /1 undetected,output,,N20203,N20203,1,undetected,N20203,N20203,N20203,sa1,1
8251,N104146 /1 undetected,output,,N104146,N104146,1,undetected,N104146,N104146,N104146,sa1,1
8252,N101467 /1 undetected,output,,N101467,N101467,1,undetected,N101467,N101467,N101467,sa1,1
8253,N20201 /1 undetected,output,,N20201,N20201,1,undetected,N20201,N20201,N20201,sa1,1
8254,N104467 /1 undetected,output,,N104467,N104467,1,undetected,N104467,N104467,N104467,sa1,1
8255,N19987 /1 undetected,output,,N19987,N19987,1,undetected,N19987,N19987,N19987,sa1,1
8256,N104088 /1 undetected,output,,N104088,N104088,1,undetected,N104088,N104088,N104088,sa1,1
8257,N76659 /1 undetected,output,,N76659,N76659,1,undetected,N76659,N76659,N76659,sa1,1
8258,N104456 /1 undetected,output,,N104456,N104456,1,undetected,N104456,N104456,N104456,sa1,1
8259,N101459 /1 undetected,output,,N101459,N101459,1,undetected,N101459,N101459,N101459,sa1,1
8260,N20192 /1 undetected,output,,N20192,N20192,1,undetected,N20192,N20192,N20192,sa1,1
8261,N101450 /1 undetected,output,,N101450,N101450,1,undetected,N101450,N101450,N101450,sa1,1
8262,N20156 /1 undetected,output,,N20156,N20156,1,undetected,N20156,N20156,N20156,sa1,1
8263,N104256 /1 undetected,output,,N104256,N104256,1,undetected,N104256,N104256,N104256,sa1,1
8264,N95324 /1 undetected,output,,N95324,N95324,1,undetected,N95324,N95324,N95324,sa1,1
8265,N75058 /1 undetected,output,,N75058,N75058,1,undetected,N75058,N75058,N75058,sa1,1
8266,N92704 /1 undetected,output,,N92704,N92704,1,undetected,N92704,N92704,N92704,sa1,1
8267,N103713 /1 undetected,output,,N103713,N103713,1,undetected,N103713,N103713,N103713,sa1,1
8268,N14983 /1 undetected,output,,N14983,N14983,1,undetected,N14983,N14983,N14983,sa1,1
8269,N86456 /1 undetected,output,,N86456,N86456,1,undetected,N86456,N86456,N86456,sa1,1
8270,N18678 /1 undetected,output,,N18678,N18678,1,undetected,N18678,N18678,N18678,sa1,1
8271,N102221 /1 undetected,output,,N102221,N102221,1,undetected,N102221,N102221,N102221,sa1,1
8272,N99908 /1 undetected,output,,N99908,N99908,1,undetected,N99908,N99908,N99908,sa1,1
8273,N85029 /1 undetected,output,,N85029,N85029,1,undetected,N85029,N85029,N85029,sa1,1
8274,N92503 /1 undetected,output,,N92503,N92503,1,undetected,N92503,N92503,N92503,sa1,1
8275,N92479 /1 undetected,output,,N92479,N92479,1,undetected,N92479,N92479,N92479,sa1,1
8276,N18754 /1 undetected,output,,N18754,N18754,1,undetected,N18754,N18754,N18754,sa1,1
8277,N86461 /1 undetected,output,,N86461,N86461,1,undetected,N86461,N86461,N86461,sa1,1
8278,N18598 /1 undetected,output,,N18598,N18598,1,undetected,N18598,N18598,N18598,sa1,1
8279,N94698 /1 undetected,output,,N94698,N94698,1,undetected,N94698,N94698,N94698,sa1,1
8280,N85081 /1 undetected,output,,N85081,N85081,1,undetected,N85081,N85081,N85081,sa1,1
8281,N74652 /1 undetected,output,,N74652,N74652,1,undetected,N74652,N74652,N74652,sa1,1
8282,N94601 /1 undetected,output,,N94601,N94601,1,undetected,N94601,N94601,N94601,sa1,1
8283,N103712 /1 undetected,output,,N103712,N103712,1,undetected,N103712,N103712,N103712,sa1,1
8284,N18734 /1 undetected,output,,N18734,N18734,1,undetected,N18734,N18734,N18734,sa1,1
8285,N86460 /1 undetected,output,,N86460,N86460,1,undetected,N86460,N86460,N86460,sa1,1
8286,N14890 /1 undetected,output,,N14890,N14890,1,undetected,N14890,N14890,N14890,sa1,1
8287,N92478 /1 undetected,output,,N92478,N92478,1,undetected,N92478,N92478,N92478,sa1,1
8288,N18723 /1 undetected,output,,N18723,N18723,1,undetected,N18723,N18723,N18723,sa1,1
8289,N102198 /1 undetected,output,,N102198,N102198,1,undetected,N102198,N102198,N102198,sa1,1
8290,N86646 /1 undetected,output,,N86646,N86646,1,undetected,N86646,N86646,N86646,sa1,1
8291,N18720 /1 undetected,output,,N18720,N18720,1,undetected,N18720,N18720,N18720,sa1,1
8292,N77093 /1 undetected,output,,N77093,N77093,1,undetected,N77093,N77093,N77093,sa1,1
8293,N18719 /1 undetected,output,,N18719,N18719,1,undetected,N18719,N18719,N18719,sa1,1
8294,N102181 /1 undetected,output,,N102181,N102181,1,undetected,N102181,N102181,N102181,sa1,1
8295,N94240 /1 undetected,output,,N94240,N94240,1,undetected,N94240,N94240,N94240,sa1,1
8296,N102167 /1 undetected,output,,N102167,N102167,1,undetected,N102167,N102167,N102167,sa1,1
8297,N94222 /1 undetected,output,,N94222,N94222,1,undetected,N94222,N94222,N94222,sa1,1
8298,N18710 /1 undetected,output,,N18710,N18710,1,undetected,N18710,N18710,N18710,sa1,1
8299,N102153 /1 undetected,output,,N102153,N102153,1,undetected,N102153,N102153,N102153,sa1,1
8300,N94221 /1 undetected,output,,N94221,N94221,1,undetected,N94221,N94221,N94221,sa1,1
8301,N18708 /1 undetected,output,,N18708,N18708,1,undetected,N18708,N18708,N18708,sa1,1
8302,N94239 /1 undetected,output,,N94239,N94239,1,undetected,N94239,N94239,N94239,sa1,1
8303,N95329 /1 undetected,output,,N95329,N95329,1,undetected,N95329,N95329,N95329,sa1,1
8304,N91629 /1 undetected,output,,N91629,N91629,1,undetected,N91629,N91629,N91629,sa1,1
8305,N91609 /1 undetected,output,,N91609,N91609,1,undetected,N91609,N91609,N91609,sa1,1
8306,N85025 /1 undetected,output,,N85025,N85025,1,undetected,N85025,N85025,N85025,sa1,1
8307,N92596 /1 undetected,output,,N92596,N92596,1,undetected,N92596,N92596,N92596,sa1,1
8308,N18189 /1 undetected,output,,N18189,N18189,1,undetected,N18189,N18189,N18189,sa1,1
8309,N77090 /1 undetected,output,,N77090,N77090,1,undetected,N77090,N77090,N77090,sa1,1
8310,N14941 /1 undetected,output,,N14941,N14941,1,undetected,N14941,N14941,N14941,sa1,1
8311,N75100 /1 undetected,output,,N75100,N75100,1,undetected,N75100,N75100,N75100,sa1,1
8312,N11518 /1 undetected,output,,N11518,N11518,1,undetected,N11518,N11518,N11518,sa1,1
8313,N103648 /1 undetected,output,,N103648,N103648,1,undetected,N103648,N103648,N103648,sa1,1
8314,N94596 /1 undetected,output,,N94596,N94596,1,undetected,N94596,N94596,N94596,sa1,1
8315,N18173 /1 undetected,output,,N18173,N18173,1,undetected,N18173,N18173,N18173,sa1,1
8316,N101962 /1 undetected,output,,N101962,N101962,1,undetected,N101962,N101962,N101962,sa1,1
8317,N18169 /1 undetected,output,,N18169,N18169,1,undetected,N18169,N18169,N18169,sa1,1
8318,N18167 /1 undetected,output,,N18167,N18167,1,undetected,N18167,N18167,N18167,sa1,1
8319,N14682 /1 undetected,output,,N14682,N14682,1,undetected,N14682,N14682,N14682,sa1,1
8320,N85078 /1 undetected,output,,N85078,N85078,1,undetected,N85078,N85078,N85078,sa1,1
8321,N74649 /1 undetected,output,,N74649,N74649,1,undetected,N74649,N74649,N74649,sa1,1
8322,N92471 /1 undetected,output,,N92471,N92471,1,undetected,N92471,N92471,N92471,sa1,1
8323,N102634 /1 undetected,output,,N102634,N102634,1,undetected,N102634,N102634,N102634,sa1,1
8324,N102549 /1 undetected,output,,N102549,N102549,1,undetected,N102549,N102549,N102549,sa1,1
8325,N77089 /1 undetected,output,,N77089,N77089,1,undetected,N77089,N77089,N77089,sa1,1
8326,N18148 /1 undetected,output,,N18148,N18148,1,undetected,N18148,N18148,N18148,sa1,1
8327,N102543 /1 undetected,output,,N102543,N102543,1,undetected,N102543,N102543,N102543,sa1,1
8328,N18144 /1 undetected,output,,N18144,N18144,1,undetected,N18144,N18144,N18144,sa1,1
8329,N102545 /1 undetected,output,,N102545,N102545,1,undetected,N102545,N102545,N102545,sa1,1
8330,N18140 /1 undetected,output,,N18140,N18140,1,undetected,N18140,N18140,N18140,sa1,1
8331,N101934 /1 undetected,output,,N101934,N101934,1,undetected,N101934,N101934,N101934,sa1,1
8332,N75053 /1 undetected,output,,N75053,N75053,1,undetected,N75053,N75053,N75053,sa1,1
8333,N92699 /1 undetected,output,,N92699,N92699,1,undetected,N92699,N92699,N92699,sa1,1
8334,N92691 /1 undetected,output,,N92691,N92691,1,undetected,N92691,N92691,N92691,sa1,1
8335,N103646 /1 undetected,output,,N103646,N103646,1,undetected,N103646,N103646,N103646,sa1,1
8336,N101961 /1 undetected,output,,N101961,N101961,1,undetected,N101961,N101961,N101961,sa1,1
8337,N18111 /1 undetected,output,,N18111,N18111,1,undetected,N18111,N18111,N18111,sa1,1
8338,N101840 /1 undetected,output,,N101840,N101840,1,undetected,N101840,N101840,N101840,sa1,1
8339,N94727 /1 undetected,output,,N94727,N94727,1,undetected,N94727,N94727,N94727,sa1,1
8340,N14506 /1 undetected,output,,N14506,N14506,1,undetected,N14506,N14506,N14506,sa1,1
8341,N91630 /1 undetected,output,,N91630,N91630,1,undetected,N91630,N91630,N91630,sa1,1
8342,N91610 /1 undetected,output,,N91610,N91610,1,undetected,N91610,N91610,N91610,sa1,1
8343,N85026 /1 undetected,output,,N85026,N85026,1,undetected,N85026,N85026,N85026,sa1,1
8344,N75101 /1 undetected,output,,N75101,N75101,1,undetected,N75101,N75101,N75101,sa1,1
8345,N84712 /1 undetected,output,,N84712,N84712,1,undetected,N84712,N84712,N84712,sa1,1
8346,N18340 /1 undetected,output,,N18340,N18340,1,undetected,N18340,N18340,N18340,sa1,1
8347,N102624 /1 undetected,output,,N102624,N102624,1,undetected,N102624,N102624,N102624,sa1,1
8348,N18338 /1 undetected,output,,N18338,N18338,1,undetected,N18338,N18338,N18338,sa1,1
8349,N86431 /1 undetected,output,,N86431,N86431,1,undetected,N86431,N86431,N86431,sa1,1
8350,N85079 /1 undetected,output,,N85079,N85079,1,undetected,N85079,N85079,N85079,sa1,1
8351,N74650 /1 undetected,output,,N74650,N74650,1,undetected,N74650,N74650,N74650,sa1,1
8352,N18328 /1 undetected,output,,N18328,N18328,1,undetected,N18328,N18328,N18328,sa1,1
8353,N103680 /1 undetected,output,,N103680,N103680,1,undetected,N103680,N103680,N103680,sa1,1
8354,N94597 /1 undetected,output,,N94597,N94597,1,undetected,N94597,N94597,N94597,sa1,1
8355,N103670 /1 undetected,output,,N103670,N103670,1,undetected,N103670,N103670,N103670,sa1,1
8356,N101846 /1 undetected,output,,N101846,N101846,1,undetected,N101846,N101846,N101846,sa1,1
8357,N15843 /1 undetected,output,,N15843,N15843,1,undetected,N15843,N15843,N15843,sa1,1
8358,N18314 /1 undetected,output,,N18314,N18314,1,undetected,N18314,N18314,N18314,sa1,1
8359,N92472 /1 undetected,output,,N92472,N92472,1,undetected,N92472,N92472,N92472,sa1,1
8360,N18313 /1 undetected,output,,N18313,N18313,1,undetected,N18313,N18313,N18313,sa1,1
8361,N102635 /1 undetected,output,,N102635,N102635,1,undetected,N102635,N102635,N102635,sa1,1
8362,N86644 /1 undetected,output,,N86644,N86644,1,undetected,N86644,N86644,N86644,sa1,1
8363,N101896 /1 undetected,output,,N101896,N101896,1,undetected,N101896,N101896,N101896,sa1,1
8364,N77091 /1 undetected,output,,N77091,N77091,1,undetected,N77091,N77091,N77091,sa1,1
8365,N18296 /1 undetected,output,,N18296,N18296,1,undetected,N18296,N18296,N18296,sa1,1
8366,N101944 /1 undetected,output,,N101944,N101944,1,undetected,N101944,N101944,N101944,sa1,1
8367,N94219 /1 undetected,output,,N94219,N94219,1,undetected,N94219,N94219,N94219,sa1,1
8368,N101949 /1 undetected,output,,N101949,N101949,1,undetected,N101949,N101949,N101949,sa1,1
8369,N94238 /1 undetected,output,,N94238,N94238,1,undetected,N94238,N94238,N94238,sa1,1
8370,N76731 /1 undetected,output,,N76731,N76731,1,undetected,N76731,N76731,N76731,sa1,1
8371,N75054 /1 undetected,output,,N75054,N75054,1,undetected,N75054,N75054,N75054,sa1,1
8372,N92700 /1 undetected,output,,N92700,N92700,1,undetected,N92700,N92700,N92700,sa1,1
8373,N92692 /1 undetected,output,,N92692,N92692,1,undetected,N92692,N92692,N92692,sa1,1
8374,N84709 /1 undetected,output,,N84709,N84709,1,undetected,N84709,N84709,N84709,sa1,1
8375,N18255 /1 undetected,output,,N18255,N18255,1,undetected,N18255,N18255,N18255,sa1,1
8376,N103669 /1 undetected,output,,N103669,N103669,1,undetected,N103669,N103669,N103669,sa1,1
8377,N101848 /1 undetected,output,,N101848,N101848,1,undetected,N101848,N101848,N101848,sa1,1
8378,N18251 /1 undetected,output,,N18251,N18251,1,undetected,N18251,N18251,N18251,sa1,1
8379,N14504 /1 undetected,output,,N14504,N14504,1,undetected,N14504,N14504,N14504,sa1,1
8380,N95326 /1 undetected,output,,N95326,N95326,1,undetected,N95326,N95326,N95326,sa1,1
8381,N95321 /1 undetected,output,,N95321,N95321,1,undetected,N95321,N95321,N95321,sa1,1
8382,N75055 /1 undetected,output,,N75055,N75055,1,undetected,N75055,N75055,N75055,sa1,1
8383,N92701 /1 undetected,output,,N92701,N92701,1,undetected,N92701,N92701,N92701,sa1,1
8384,N18538 /1 undetected,output,,N18538,N18538,1,undetected,N18538,N18538,N18538,sa1,1
8385,N103715 /1 undetected,output,,N103715,N103715,1,undetected,N103715,N103715,N103715,sa1,1
8386,N99907 /1 undetected,output,,N99907,N99907,1,undetected,N99907,N99907,N99907,sa1,1
8387,N18534 /1 undetected,output,,N18534,N18534,1,undetected,N18534,N18534,N18534,sa1,1
8388,N101827 /1 undetected,output,,N101827,N101827,1,undetected,N101827,N101827,N101827,sa1,1
8389,N94716 /1 undetected,output,,N94716,N94716,1,undetected,N94716,N94716,N94716,sa1,1
8390,N14979 /1 undetected,output,,N14979,N14979,1,undetected,N14979,N14979,N14979,sa1,1
8391,N96999 /1 undetected,output,,N96999,N96999,1,undetected,N96999,N96999,N96999,sa1,1
8392,N92500 /1 undetected,output,,N92500,N92500,1,undetected,N92500,N92500,N92500,sa1,1
8393,N18521 /1 undetected,output,,N18521,N18521,1,undetected,N18521,N18521,N18521,sa1,1
8394,N86459 /1 undetected,output,,N86459,N86459,1,undetected,N86459,N86459,N86459,sa1,1
8395,N14945 /1 undetected,output,,N14945,N14945,1,undetected,N14945,N14945,N14945,sa1,1
8396,N91733 /1 undetected,output,,N91733,N91733,1,undetected,N91733,N91733,N91733,sa1,1
8397,N94598 /1 undetected,output,,N94598,N94598,1,undetected,N94598,N94598,N94598,sa1,1
8398,N18509 /1 undetected,output,,N18509,N18509,1,undetected,N18509,N18509,N18509,sa1,1
8399,N18507 /1 undetected,output,,N18507,N18507,1,undetected,N18507,N18507,N18507,sa1,1
8400,N101826 /1 undetected,output,,N101826,N101826,1,undetected,N101826,N101826,N101826,sa1,1
8401,N18505 /1 undetected,output,,N18505,N18505,1,undetected,N18505,N18505,N18505,sa1,1
8402,N94715 /1 undetected,output,,N94715,N94715,1,undetected,N94715,N94715,N94715,sa1,1
8403,N15845 /1 undetected,output,,N15845,N15845,1,undetected,N15845,N15845,N15845,sa1,1
8404,N18503 /1 undetected,output,,N18503,N18503,1,undetected,N18503,N18503,N18503,sa1,1
8405,N84715 /1 undetected,output,,N84715,N84715,1,undetected,N84715,N84715,N84715,sa1,1
8406,N74651 /1 undetected,output,,N74651,N74651,1,undetected,N74651,N74651,N74651,sa1,1
8407,N92473 /1 undetected,output,,N92473,N92473,1,undetected,N92473,N92473,N92473,sa1,1
8408,N86645 /1 undetected,output,,N86645,N86645,1,undetected,N86645,N86645,N86645,sa1,1
8409,N14864 /1 undetected,output,,N14864,N14864,1,undetected,N14864,N14864,N14864,sa1,1
8410,N86455 /1 undetected,output,,N86455,N86455,1,undetected,N86455,N86455,N86455,sa1,1
8411,N18485 /1 undetected,output,,N18485,N18485,1,undetected,N18485,N18485,N18485,sa1,1
8412,N77092 /1 undetected,output,,N77092,N77092,1,undetected,N77092,N77092,N77092,sa1,1
8413,N18481 /1 undetected,output,,N18481,N18481,1,undetected,N18481,N18481,N18481,sa1,1
8414,N86457 /1 undetected,output,,N86457,N86457,1,undetected,N86457,N86457,N86457,sa1,1
8415,N18477 /1 undetected,output,,N18477,N18477,1,undetected,N18477,N18477,N18477,sa1,1
8416,N86419 /1 undetected,output,,N86419,N86419,1,undetected,N86419,N86419,N86419,sa1,1
8417,N91598 /1 undetected,output,,N91598,N91598,1,undetected,N91598,N91598,N91598,sa1,1
8418,N85002 /1 undetected,output,,N85002,N85002,1,undetected,N85002,N85002,N85002,sa1,1
8419,N75092 /1 undetected,output,,N75092,N75092,1,undetected,N75092,N75092,N75092,sa1,1
8420,N92495 /1 undetected,output,,N92495,N92495,1,undetected,N92495,N92495,N92495,sa1,1
8421,N86638 /1 undetected,output,,N86638,N86638,1,undetected,N86638,N86638,N86638,sa1,1
8422,N77078 /1 undetected,output,,N77078,N77078,1,undetected,N77078,N77078,N77078,sa1,1
8423,N14483 /1 undetected,output,,N14483,N14483,1,undetected,N14483,N14483,N14483,sa1,1
8424,N85066 /1 undetected,output,,N85066,N85066,1,undetected,N85066,N85066,N85066,sa1,1
8425,N94585 /1 undetected,output,,N94585,N94585,1,undetected,N94585,N94585,N94585,sa1,1
8426,N74641 /1 undetected,output,,N74641,N74641,1,undetected,N74641,N74641,N74641,sa1,1
8427,N101855 /1 undetected,output,,N101855,N101855,1,undetected,N101855,N101855,N101855,sa1,1
8428,N14672 /1 undetected,output,,N14672,N14672,1,undetected,N14672,N14672,N14672,sa1,1
8429,N14670 /1 undetected,output,,N14670,N14670,1,undetected,N14670,N14670,N14670,sa1,1
8430,N14493 /1 undetected,output,,N14493,N14493,1,undetected,N14493,N14493,N14493,sa1,1
8431,N101845 /1 undetected,output,,N101845,N101845,1,undetected,N101845,N101845,N101845,sa1,1
8432,N77077 /1 undetected,output,,N77077,N77077,1,undetected,N77077,N77077,N77077,sa1,1
8433,N101948 /1 undetected,output,,N101948,N101948,1,undetected,N101948,N101948,N101948,sa1,1
8434,N101943 /1 undetected,output,,N101943,N101943,1,undetected,N101943,N101943,N101943,sa1,1
8435,N99981 /1 undetected,output,,N99981,N99981,1,undetected,N99981,N99981,N99981,sa1,1
8436,N101895 /1 undetected,output,,N101895,N101895,1,undetected,N101895,N101895,N101895,sa1,1
8437,N92462 /1 undetected,output,,N92462,N92462,1,undetected,N92462,N92462,N92462,sa1,1
8438,N14532 /1 undetected,output,,N14532,N14532,1,undetected,N14532,N14532,N14532,sa1,1
8439,N101809 /1 undetected,output,,N101809,N101809,1,undetected,N101809,N101809,N101809,sa1,1
8440,N75038 /1 undetected,output,,N75038,N75038,1,undetected,N75038,N75038,N75038,sa1,1
8441,N92695 /1 undetected,output,,N92695,N92695,1,undetected,N92695,N92695,N92695,sa1,1
8442,N92684 /1 undetected,output,,N92684,N92684,1,undetected,N92684,N92684,N92684,sa1,1
8443,N14508 /1 undetected,output,,N14508,N14508,1,undetected,N14508,N14508,N14508,sa1,1
8444,N101853 /1 undetected,output,,N101853,N101853,1,undetected,N101853,N101853,N101853,sa1,1
8445,N101847 /1 undetected,output,,N101847,N101847,1,undetected,N101847,N101847,N101847,sa1,1
8446,N91620 /1 undetected,output,,N91620,N91620,1,undetected,N91620,N91620,N91620,sa1,1
8447,N104945 /1 undetected,output,,N104945,N104945,1,undetected,N104945,N104945,N104945,sa1,1
8448,N92507 /1 undetected,output,,N92507,N92507,1,undetected,N92507,N92507,N92507,sa1,1
8449,N92481 /1 undetected,output,,N92481,N92481,1,undetected,N92481,N92481,N92481,sa1,1
8450,N104944 /1 undetected,output,,N104944,N104944,1,undetected,N104944,N104944,N104944,sa1,1
8451,N76463 /1 undetected,output,,N76463,N76463,1,undetected,N76463,N76463,N76463,sa1,1
8452,N103285 /1 undetected,output,,N103285,N103285,1,undetected,N103285,N103285,N103285,sa1,1
8453,N21817 /1 undetected,output,,N21817,N21817,1,undetected,N21817,N21817,N21817,sa1,1
8454,N21813 /1 undetected,output,,N21813,N21813,1,undetected,N21813,N21813,N21813,sa1,1
8455,N104899 /1 undetected,output,,N104899,N104899,1,undetected,N104899,N104899,N104899,sa1,1
8456,N76567 /1 undetected,output,,N76567,N76567,1,undetected,N76567,N76567,N76567,sa1,1
8457,N21812 /1 undetected,output,,N21812,N21812,1,undetected,N21812,N21812,N21812,sa1,1
8458,N104568 /1 undetected,output,,N104568,N104568,1,undetected,N104568,N104568,N104568,sa1,1
8459,N76352 /1 undetected,output,,N76352,N76352,1,undetected,N76352,N76352,N76352,sa1,1
8460,N104892 /1 undetected,output,,N104892,N104892,1,undetected,N104892,N104892,N104892,sa1,1
8461,N21808 /1 undetected,output,,N21808,N21808,1,undetected,N21808,N21808,N21808,sa1,1
8462,N86276 /1 undetected,output,,N86276,N86276,1,undetected,N86276,N86276,N86276,sa1,1
8463,N21807 /1 undetected,output,,N21807,N21807,1,undetected,N21807,N21807,N21807,sa1,1
8464,N104542 /1 undetected,output,,N104542,N104542,1,undetected,N104542,N104542,N104542,sa1,1
8465,N76351 /1 undetected,output,,N76351,N76351,1,undetected,N76351,N76351,N76351,sa1,1
8466,N21773 /1 undetected,output,,N21773,N21773,1,undetected,N21773,N21773,N21773,sa1,1
8467,N21771 /1 undetected,output,,N21771,N21771,1,undetected,N21771,N21771,N21771,sa1,1
8468,N103279 /1 undetected,output,,N103279,N103279,1,undetected,N103279,N103279,N103279,sa1,1
8469,N21763 /1 undetected,output,,N21763,N21763,1,undetected,N21763,N21763,N21763,sa1,1
8470,N21761 /1 undetected,output,,N21761,N21761,1,undetected,N21761,N21761,N21761,sa1,1
8471,N76566 /1 undetected,output,,N76566,N76566,1,undetected,N76566,N76566,N76566,sa1,1
8472,N21760 /1 undetected,output,,N21760,N21760,1,undetected,N21760,N21760,N21760,sa1,1
8473,N104909 /1 undetected,output,,N104909,N104909,1,undetected,N104909,N104909,N104909,sa1,1
8474,N76349 /1 undetected,output,,N76349,N76349,1,undetected,N76349,N76349,N76349,sa1,1
8475,N21758 /1 undetected,output,,N21758,N21758,1,undetected,N21758,N21758,N21758,sa1,1
8476,N104921 /1 undetected,output,,N104921,N104921,1,undetected,N104921,N104921,N104921,sa1,1
8477,N86122 /1 undetected,output,,N86122,N86122,1,undetected,N86122,N86122,N86122,sa1,1
8478,N21770 /1 undetected,output,,N21770,N21770,1,undetected,N21770,N21770,N21770,sa1,1
8479,N21768 /1 undetected,output,,N21768,N21768,1,undetected,N21768,N21768,N21768,sa1,1
8480,N86275 /1 undetected,output,,N86275,N86275,1,undetected,N86275,N86275,N86275,sa1,1
8481,N21767 /1 undetected,output,,N21767,N21767,1,undetected,N21767,N21767,N21767,sa1,1
8482,N104917 /1 undetected,output,,N104917,N104917,1,undetected,N104917,N104917,N104917,sa1,1
8483,N86123 /1 undetected,output,,N86123,N86123,1,undetected,N86123,N86123,N86123,sa1,1
8484,N21765 /1 undetected,output,,N21765,N21765,1,undetected,N21765,N21765,N21765,sa1,1
8485,N104913 /1 undetected,output,,N104913,N104913,1,undetected,N104913,N104913,N104913,sa1,1
8486,N76350 /1 undetected,output,,N76350,N76350,1,undetected,N76350,N76350,N76350,sa1,1
8487,N21803 /1 undetected,output,,N21803,N21803,1,undetected,N21803,N21803,N21803,sa1,1
8488,N75550 /1 undetected,output,,N75550,N75550,1,undetected,N75550,N75550,N75550,sa1,1
8489,N21802 /1 undetected,output,,N21802,N21802,1,undetected,N21802,N21802,N21802,sa1,1
8490,N94188 /1 undetected,output,,N94188,N94188,1,undetected,N94188,N94188,N94188,sa1,1
8491,N21798 /1 undetected,output,,N21798,N21798,1,undetected,N21798,N21798,N21798,sa1,1
8492,N21796 /1 undetected,output,,N21796,N21796,1,undetected,N21796,N21796,N21796,sa1,1
8493,N21795 /1 undetected,output,,N21795,N21795,1,undetected,N21795,N21795,N21795,sa1,1
8494,N104567 /1 undetected,output,,N104567,N104567,1,undetected,N104567,N104567,N104567,sa1,1
8495,N76706 /1 undetected,output,,N76706,N76706,1,undetected,N76706,N76706,N76706,sa1,1
8496,N21791 /1 undetected,output,,N21791,N21791,1,undetected,N21791,N21791,N21791,sa1,1
8497,N104967 /1 undetected,output,,N104967,N104967,1,undetected,N104967,N104967,N104967,sa1,1
8498,N76205 /1 undetected,output,,N76205,N76205,1,undetected,N76205,N76205,N76205,sa1,1
8499,N21793 /1 undetected,output,,N21793,N21793,1,undetected,N21793,N21793,N21793,sa1,1
8500,N86397 /1 undetected,output,,N86397,N86397,1,undetected,N86397,N86397,N86397,sa1,1
8501,N20321 /1 undetected,output,,N20321,N20321,1,undetected,N20321,N20321,N20321,sa1,1
8502,N21785 /1 undetected,output,,N21785,N21785,1,undetected,N21785,N21785,N21785,sa1,1
8503,N21783 /1 undetected,output,,N21783,N21783,1,undetected,N21783,N21783,N21783,sa1,1
8504,N86679 /1 undetected,output,,N86679,N86679,1,undetected,N86679,N86679,N86679,sa1,1
8505,N21782 /1 undetected,output,,N21782,N21782,1,undetected,N21782,N21782,N21782,sa1,1
8506,N104200 /1 undetected,output,,N104200,N104200,1,undetected,N104200,N104200,N104200,sa1,1
8507,N101789 /1 undetected,output,,N101789,N101789,1,undetected,N101789,N101789,N101789,sa1,1
8508,N21780 /1 undetected,output,,N21780,N21780,1,undetected,N21780,N21780,N21780,sa1,1
8509,N104963 /1 undetected,output,,N104963,N104963,1,undetected,N104963,N104963,N104963,sa1,1
8510,N98833 /1 undetected,output,,N98833,N98833,1,undetected,N98833,N98833,N98833,sa1,1
8511,N94169 /1 undetected,output,,N94169,N94169,1,undetected,N94169,N94169,N94169,sa1,1
8512,N21777 /1 undetected,output,,N21777,N21777,1,undetected,N21777,N21777,N21777,sa1,1
8513,N104516 /1 undetected,output,,N104516,N104516,1,undetected,N104516,N104516,N104516,sa1,1
8514,N21775 /1 undetected,output,,N21775,N21775,1,undetected,N21775,N21775,N21775,sa1,1
8515,N103248 /1 undetected,output,,N103248,N103248,1,undetected,N103248,N103248,N103248,sa1,1
8516,N21559 /1 undetected,output,,N21559,N21559,1,undetected,N21559,N21559,N21559,sa1,1
8517,N76462 /1 undetected,output,,N76462,N76462,1,undetected,N76462,N76462,N76462,sa1,1
8518,N21752 /1 undetected,output,,N21752,N21752,1,undetected,N21752,N21752,N21752,sa1,1
8519,N21683 /1 undetected,output,,N21683,N21683,1,undetected,N21683,N21683,N21683,sa1,1
8520,N103278 /1 undetected,output,,N103278,N103278,1,undetected,N103278,N103278,N103278,sa1,1
8521,N21682 /1 undetected,output,,N21682,N21682,1,undetected,N21682,N21682,N21682,sa1,1
8522,N21679 /1 undetected,output,,N21679,N21679,1,undetected,N21679,N21679,N21679,sa1,1
8523,N76373 /1 undetected,output,,N76373,N76373,1,undetected,N76373,N76373,N76373,sa1,1
8524,N21678 /1 undetected,output,,N21678,N21678,1,undetected,N21678,N21678,N21678,sa1,1
8525,N104179 /1 undetected,output,,N104179,N104179,1,undetected,N104179,N104179,N104179,sa1,1
8526,N21676 /1 undetected,output,,N21676,N21676,1,undetected,N21676,N21676,N21676,sa1,1
8527,N103269 /1 undetected,output,,N103269,N103269,1,undetected,N103269,N103269,N103269,sa1,1
8528,N78705 /1 undetected,output,,N78705,N78705,1,undetected,N78705,N78705,N78705,sa1,1
8529,N21675 /1 undetected,output,,N21675,N21675,1,undetected,N21675,N21675,N21675,sa1,1
8530,N21673 /1 undetected,output,,N21673,N21673,1,undetected,N21673,N21673,N21673,sa1,1
8531,N87576 /1 undetected,output,,N87576,N87576,1,undetected,N87576,N87576,N87576,sa1,1
8532,N21672 /1 undetected,output,,N21672,N21672,1,undetected,N21672,N21672,N21672,sa1,1
8533,N104432 /1 undetected,output,,N104432,N104432,1,undetected,N104432,N104432,N104432,sa1,1
8534,N76565 /1 undetected,output,,N76565,N76565,1,undetected,N76565,N76565,N76565,sa1,1
8535,N21617 /1 undetected,output,,N21617,N21617,1,undetected,N21617,N21617,N21617,sa1,1
8536,N104387 /1 undetected,output,,N104387,N104387,1,undetected,N104387,N104387,N104387,sa1,1
8537,N86272 /1 undetected,output,,N86272,N86272,1,undetected,N86272,N86272,N86272,sa1,1
8538,N21670 /1 undetected,output,,N21670,N21670,1,undetected,N21670,N21670,N21670,sa1,1
8539,N86146 /1 undetected,output,,N86146,N86146,1,undetected,N86146,N86146,N86146,sa1,1
8540,N21667 /1 undetected,output,,N21667,N21667,1,undetected,N21667,N21667,N21667,sa1,1
8541,N105006 /1 undetected,output,,N105006,N105006,1,undetected,N105006,N105006,N105006,sa1,1
8542,N21665 /1 undetected,output,,N21665,N21665,1,undetected,N21665,N21665,N21665,sa1,1
8543,N104843 /1 undetected,output,,N104843,N104843,1,undetected,N104843,N104843,N104843,sa1,1
8544,N76564 /1 undetected,output,,N76564,N76564,1,undetected,N76564,N76564,N76564,sa1,1
8545,N21663 /1 undetected,output,,N21663,N21663,1,undetected,N21663,N21663,N21663,sa1,1
8546,N21661 /1 undetected,output,,N21661,N21661,1,undetected,N21661,N21661,N21661,sa1,1
8547,N87575 /1 undetected,output,,N87575,N87575,1,undetected,N87575,N87575,N87575,sa1,1
8548,N21658 /1 undetected,output,,N21658,N21658,1,undetected,N21658,N21658,N21658,sa1,1
8549,N104855 /1 undetected,output,,N104855,N104855,1,undetected,N104855,N104855,N104855,sa1,1
8550,N76563 /1 undetected,output,,N76563,N76563,1,undetected,N76563,N76563,N76563,sa1,1
8551,N21660 /1 undetected,output,,N21660,N21660,1,undetected,N21660,N21660,N21660,sa1,1
8552,N104858 /1 undetected,output,,N104858,N104858,1,undetected,N104858,N104858,N104858,sa1,1
8553,N86274 /1 undetected,output,,N86274,N86274,1,undetected,N86274,N86274,N86274,sa1,1
8554,N21654 /1 undetected,output,,N21654,N21654,1,undetected,N21654,N21654,N21654,sa1,1
8555,N103284 /1 undetected,output,,N103284,N103284,1,undetected,N103284,N103284,N103284,sa1,1
8556,N21653 /1 undetected,output,,N21653,N21653,1,undetected,N21653,N21653,N21653,sa1,1
8557,N21651 /1 undetected,output,,N21651,N21651,1,undetected,N21651,N21651,N21651,sa1,1
8558,N76372 /1 undetected,output,,N76372,N76372,1,undetected,N76372,N76372,N76372,sa1,1
8559,N21630 /1 undetected,output,,N21630,N21630,1,undetected,N21630,N21630,N21630,sa1,1
8560,N105004 /1 undetected,output,,N105004,N105004,1,undetected,N105004,N105004,N105004,sa1,1
8561,N21628 /1 undetected,output,,N21628,N21628,1,undetected,N21628,N21628,N21628,sa1,1
8562,N104419 /1 undetected,output,,N104419,N104419,1,undetected,N104419,N104419,N104419,sa1,1
8563,N76561 /1 undetected,output,,N76561,N76561,1,undetected,N76561,N76561,N76561,sa1,1
8564,N21624 /1 undetected,output,,N21624,N21624,1,undetected,N21624,N21624,N21624,sa1,1
8565,N21622 /1 undetected,output,,N21622,N21622,1,undetected,N21622,N21622,N21622,sa1,1
8566,N87573 /1 undetected,output,,N87573,N87573,1,undetected,N87573,N87573,N87573,sa1,1
8567,N21621 /1 undetected,output,,N21621,N21621,1,undetected,N21621,N21621,N21621,sa1,1
8568,N104874 /1 undetected,output,,N104874,N104874,1,undetected,N104874,N104874,N104874,sa1,1
8569,N76560 /1 undetected,output,,N76560,N76560,1,undetected,N76560,N76560,N76560,sa1,1
8570,N21619 /1 undetected,output,,N21619,N21619,1,undetected,N21619,N21619,N21619,sa1,1
8571,N104990 /1 undetected,output,,N104990,N104990,1,undetected,N104990,N104990,N104990,sa1,1
8572,N104388 /1 undetected,output,,N104388,N104388,1,undetected,N104388,N104388,N104388,sa1,1
8573,N21650 /1 undetected,output,,N21650,N21650,1,undetected,N21650,N21650,N21650,sa1,1
8574,N21648 /1 undetected,output,,N21648,N21648,1,undetected,N21648,N21648,N21648,sa1,1
8575,N86145 /1 undetected,output,,N86145,N86145,1,undetected,N86145,N86145,N86145,sa1,1
8576,N21640 /1 undetected,output,,N21640,N21640,1,undetected,N21640,N21640,N21640,sa1,1
8577,N21638 /1 undetected,output,,N21638,N21638,1,undetected,N21638,N21638,N21638,sa1,1
8578,N21636 /1 undetected,output,,N21636,N21636,1,undetected,N21636,N21636,N21636,sa1,1
8579,N21626 /1 undetected,output,,N21626,N21626,1,undetected,N21626,N21626,N21626,sa1,1
8580,N21632 /1 undetected,output,,N21632,N21632,1,undetected,N21632,N21632,N21632,sa1,1
8581,N104852 /1 undetected,output,,N104852,N104852,1,undetected,N104852,N104852,N104852,sa1,1
8582,N76562 /1 undetected,output,,N76562,N76562,1,undetected,N76562,N76562,N76562,sa1,1
8583,N21645 /1 undetected,output,,N21645,N21645,1,undetected,N21645,N21645,N21645,sa1,1
8584,N87574 /1 undetected,output,,N87574,N87574,1,undetected,N87574,N87574,N87574,sa1,1
8585,N21644 /1 undetected,output,,N21644,N21644,1,undetected,N21644,N21644,N21644,sa1,1
8586,N101805 /1 undetected,output,,N101805,N101805,1,undetected,N101805,N101805,N101805,sa1,1
8587,N21642 /1 undetected,output,,N21642,N21642,1,undetected,N21642,N21642,N21642,sa1,1
8588,N104322 /1 undetected,output,,N104322,N104322,1,undetected,N104322,N104322,N104322,sa1,1
8589,N101802 /1 undetected,output,,N101802,N101802,1,undetected,N101802,N101802,N101802,sa1,1
8590,N21748 /1 undetected,output,,N21748,N21748,1,undetected,N21748,N21748,N21748,sa1,1
8591,N21746 /1 undetected,output,,N21746,N21746,1,undetected,N21746,N21746,N21746,sa1,1
8592,N101477 /1 undetected,output,,N101477,N101477,1,undetected,N101477,N101477,N101477,sa1,1
8593,N21745 /1 undetected,output,,N21745,N21745,1,undetected,N21745,N21745,N21745,sa1,1
8594,N21743 /1 undetected,output,,N21743,N21743,1,undetected,N21743,N21743,N21743,sa1,1
8595,N21742 /1 undetected,output,,N21742,N21742,1,undetected,N21742,N21742,N21742,sa1,1
8596,N78655 /1 undetected,output,,N78655,N78655,1,undetected,N78655,N78655,N78655,sa1,1
8597,N21741 /1 undetected,output,,N21741,N21741,1,undetected,N21741,N21741,N21741,sa1,1
8598,N86396 /1 undetected,output,,N86396,N86396,1,undetected,N86396,N86396,N86396,sa1,1
8599,N21079 /1 undetected,output,,N21079,N21079,1,undetected,N21079,N21079,N21079,sa1,1
8600,N21739 /1 undetected,output,,N21739,N21739,1,undetected,N21739,N21739,N21739,sa1,1
8601,N104983 /1 undetected,output,,N104983,N104983,1,undetected,N104983,N104983,N104983,sa1,1
8602,N21075 /1 undetected,output,,N21075,N21075,1,undetected,N21075,N21075,N21075,sa1,1
8603,N21737 /1 undetected,output,,N21737,N21737,1,undetected,N21737,N21737,N21737,sa1,1
8604,N86678 /1 undetected,output,,N86678,N86678,1,undetected,N86678,N86678,N86678,sa1,1
8605,N21735 /1 undetected,output,,N21735,N21735,1,undetected,N21735,N21735,N21735,sa1,1
8606,N105008 /1 undetected,output,,N105008,N105008,1,undetected,N105008,N105008,N105008,sa1,1
8607,N21733 /1 undetected,output,,N21733,N21733,1,undetected,N21733,N21733,N21733,sa1,1
8608,N76705 /1 undetected,output,,N76705,N76705,1,undetected,N76705,N76705,N76705,sa1,1
8609,N21086 /1 undetected,output,,N21086,N21086,1,undetected,N21086,N21086,N21086,sa1,1
8610,N21731 /1 undetected,output,,N21731,N21731,1,undetected,N21731,N21731,N21731,sa1,1
8611,N87513 /1 undetected,output,,N87513,N87513,1,undetected,N87513,N87513,N87513,sa1,1
8612,N21729 /1 undetected,output,,N21729,N21729,1,undetected,N21729,N21729,N21729,sa1,1
8613,N21727 /1 undetected,output,,N21727,N21727,1,undetected,N21727,N21727,N21727,sa1,1
8614,N21726 /1 undetected,output,,N21726,N21726,1,undetected,N21726,N21726,N21726,sa1,1
8615,N104859 /1 undetected,output,,N104859,N104859,1,undetected,N104859,N104859,N104859,sa1,1
8616,N103247 /1 undetected,output,,N103247,N103247,1,undetected,N103247,N103247,N103247,sa1,1
8617,N21724 /1 undetected,output,,N21724,N21724,1,undetected,N21724,N21724,N21724,sa1,1
8618,N104982 /1 undetected,output,,N104982,N104982,1,undetected,N104982,N104982,N104982,sa1,1
8619,N104856 /1 undetected,output,,N104856,N104856,1,undetected,N104856,N104856,N104856,sa1,1
8620,N21722 /1 undetected,output,,N21722,N21722,1,undetected,N21722,N21722,N21722,sa1,1
8621,N21720 /1 undetected,output,,N21720,N21720,1,undetected,N21720,N21720,N21720,sa1,1
8622,N86677 /1 undetected,output,,N86677,N86677,1,undetected,N86677,N86677,N86677,sa1,1
8623,N21717 /1 undetected,output,,N21717,N21717,1,undetected,N21717,N21717,N21717,sa1,1
8624,N104304 /1 undetected,output,,N104304,N104304,1,undetected,N104304,N104304,N104304,sa1,1
8625,N101788 /1 undetected,output,,N101788,N101788,1,undetected,N101788,N101788,N101788,sa1,1
8626,N21719 /1 undetected,output,,N21719,N21719,1,undetected,N21719,N21719,N21719,sa1,1
8627,N104326 /1 undetected,output,,N104326,N104326,1,undetected,N104326,N104326,N104326,sa1,1
8628,N101786 /1 undetected,output,,N101786,N101786,1,undetected,N101786,N101786,N101786,sa1,1
8629,N21715 /1 undetected,output,,N21715,N21715,1,undetected,N21715,N21715,N21715,sa1,1
8630,N21713 /1 undetected,output,,N21713,N21713,1,undetected,N21713,N21713,N21713,sa1,1
8631,N93443 /1 undetected,output,,N93443,N93443,1,undetected,N93443,N93443,N93443,sa1,1
8632,N21712 /1 undetected,output,,N21712,N21712,1,undetected,N21712,N21712,N21712,sa1,1
8633,N21710 /1 undetected,output,,N21710,N21710,1,undetected,N21710,N21710,N21710,sa1,1
8634,N21709 /1 undetected,output,,N21709,N21709,1,undetected,N21709,N21709,N21709,sa1,1
8635,N78654 /1 undetected,output,,N78654,N78654,1,undetected,N78654,N78654,N78654,sa1,1
8636,N21708 /1 undetected,output,,N21708,N21708,1,undetected,N21708,N21708,N21708,sa1,1
8637,N104981 /1 undetected,output,,N104981,N104981,1,undetected,N104981,N104981,N104981,sa1,1
8638,N104229 /1 undetected,output,,N104229,N104229,1,undetected,N104229,N104229,N104229,sa1,1
8639,N21706 /1 undetected,output,,N21706,N21706,1,undetected,N21706,N21706,N21706,sa1,1
8640,N104403 /1 undetected,output,,N104403,N104403,1,undetected,N104403,N104403,N104403,sa1,1
8641,N77130 /1 undetected,output,,N77130,N77130,1,undetected,N77130,N77130,N77130,sa1,1
8642,N21704 /1 undetected,output,,N21704,N21704,1,undetected,N21704,N21704,N21704,sa1,1
8643,N104422 /1 undetected,output,,N104422,N104422,1,undetected,N104422,N104422,N104422,sa1,1
8644,N21702 /1 undetected,output,,N21702,N21702,1,undetected,N21702,N21702,N21702,sa1,1
8645,N105000 /1 undetected,output,,N105000,N105000,1,undetected,N105000,N105000,N105000,sa1,1
8646,N86676 /1 undetected,output,,N86676,N86676,1,undetected,N86676,N86676,N86676,sa1,1
8647,N21701 /1 undetected,output,,N21701,N21701,1,undetected,N21701,N21701,N21701,sa1,1
8648,N21699 /1 undetected,output,,N21699,N21699,1,undetected,N21699,N21699,N21699,sa1,1
8649,N87512 /1 undetected,output,,N87512,N87512,1,undetected,N87512,N87512,N87512,sa1,1
8650,N21698 /1 undetected,output,,N21698,N21698,1,undetected,N21698,N21698,N21698,sa1,1
8651,N21697 /1 undetected,output,,N21697,N21697,1,undetected,N21697,N21697,N21697,sa1,1
8652,N86675 /1 undetected,output,,N86675,N86675,1,undetected,N86675,N86675,N86675,sa1,1
8653,N21695 /1 undetected,output,,N21695,N21695,1,undetected,N21695,N21695,N21695,sa1,1
8654,N105007 /1 undetected,output,,N105007,N105007,1,undetected,N105007,N105007,N105007,sa1,1
8655,N21693 /1 undetected,output,,N21693,N21693,1,undetected,N21693,N21693,N21693,sa1,1
8656,N104876 /1 undetected,output,,N104876,N104876,1,undetected,N104876,N104876,N104876,sa1,1
8657,N76704 /1 undetected,output,,N76704,N76704,1,undetected,N76704,N76704,N76704,sa1,1
8658,N21689 /1 undetected,output,,N21689,N21689,1,undetected,N21689,N21689,N21689,sa1,1
8659,N104980 /1 undetected,output,,N104980,N104980,1,undetected,N104980,N104980,N104980,sa1,1
8660,N104865 /1 undetected,output,,N104865,N104865,1,undetected,N104865,N104865,N104865,sa1,1
8661,N21687 /1 undetected,output,,N21687,N21687,1,undetected,N21687,N21687,N21687,sa1,1
8662,N104863 /1 undetected,output,,N104863,N104863,1,undetected,N104863,N104863,N104863,sa1,1
8663,N86395 /1 undetected,output,,N86395,N86395,1,undetected,N86395,N86395,N86395,sa1,1
8664,N76461 /1 undetected,output,,N76461,N76461,1,undetected,N76461,N76461,N76461,sa1,1
8665,N21603 /1 undetected,output,,N21603,N21603,1,undetected,N21603,N21603,N21603,sa1,1
8666,N21599 /1 undetected,output,,N21599,N21599,1,undetected,N21599,N21599,N21599,sa1,1
8667,N76348 /1 undetected,output,,N76348,N76348,1,undetected,N76348,N76348,N76348,sa1,1
8668,N21598 /1 undetected,output,,N21598,N21598,1,undetected,N21598,N21598,N21598,sa1,1
8669,N104730 /1 undetected,output,,N104730,N104730,1,undetected,N104730,N104730,N104730,sa1,1
8670,N76559 /1 undetected,output,,N76559,N76559,1,undetected,N76559,N76559,N76559,sa1,1
8671,N21596 /1 undetected,output,,N21596,N21596,1,undetected,N21596,N21596,N21596,sa1,1
8672,N86271 /1 undetected,output,,N86271,N86271,1,undetected,N86271,N86271,N86271,sa1,1
8673,N21591 /1 undetected,output,,N21591,N21591,1,undetected,N21591,N21591,N21591,sa1,1
8674,N21588 /1 undetected,output,,N21588,N21588,1,undetected,N21588,N21588,N21588,sa1,1
8675,N104218 /1 undetected,output,,N104218,N104218,1,undetected,N104218,N104218,N104218,sa1,1
8676,N86394 /1 undetected,output,,N86394,N86394,1,undetected,N86394,N86394,N86394,sa1,1
8677,N21586 /1 undetected,output,,N21586,N21586,1,undetected,N21586,N21586,N21586,sa1,1
8678,N104998 /1 undetected,output,,N104998,N104998,1,undetected,N104998,N104998,N104998,sa1,1
8679,N94140 /1 undetected,output,,N94140,N94140,1,undetected,N94140,N94140,N94140,sa1,1
8680,N21585 /1 undetected,output,,N21585,N21585,1,undetected,N21585,N21585,N21585,sa1,1
8681,N104713 /1 undetected,output,,N104713,N104713,1,undetected,N104713,N104713,N104713,sa1,1
8682,N76703 /1 undetected,output,,N76703,N76703,1,undetected,N76703,N76703,N76703,sa1,1
8683,N21581 /1 undetected,output,,N21581,N21581,1,undetected,N21581,N21581,N21581,sa1,1
8684,N21579 /1 undetected,output,,N21579,N21579,1,undetected,N21579,N21579,N21579,sa1,1
8685,N85977 /1 undetected,output,,N85977,N85977,1,undetected,N85977,N85977,N85977,sa1,1
8686,N75392 /1 undetected,output,,N75392,N75392,1,undetected,N75392,N75392,N75392,sa1,1
8687,N21573 /1 undetected,output,,N21573,N21573,1,undetected,N21573,N21573,N21573,sa1,1
8688,N104996 /1 undetected,output,,N104996,N104996,1,undetected,N104996,N104996,N104996,sa1,1
8689,N21571 /1 undetected,output,,N21571,N21571,1,undetected,N21571,N21571,N21571,sa1,1
8690,N21569 /1 undetected,output,,N21569,N21569,1,undetected,N21569,N21569,N21569,sa1,1
8691,N21568 /1 undetected,output,,N21568,N21568,1,undetected,N21568,N21568,N21568,sa1,1
8692,N104988 /1 undetected,output,,N104988,N104988,1,undetected,N104988,N104988,N104988,sa1,1
8693,N104503 /1 undetected,output,,N104503,N104503,1,undetected,N104503,N104503,N104503,sa1,1
8694,N21564 /1 undetected,output,,N21564,N21564,1,undetected,N21564,N21564,N21564,sa1,1
8695,N104727 /1 undetected,output,,N104727,N104727,1,undetected,N104727,N104727,N104727,sa1,1
8696,N21562 /1 undetected,output,,N21562,N21562,1,undetected,N21562,N21562,N21562,sa1,1
8697,N104997 /1 undetected,output,,N104997,N104997,1,undetected,N104997,N104997,N104997,sa1,1
8698,N76702 /1 undetected,output,,N76702,N76702,1,undetected,N76702,N76702,N76702,sa1,1
8699,N21566 /1 undetected,output,,N21566,N21566,1,undetected,N21566,N21566,N21566,sa1,1
8700,N104722 /1 undetected,output,,N104722,N104722,1,undetected,N104722,N104722,N104722,sa1,1
8701,N103246 /1 undetected,output,,N103246,N103246,1,undetected,N103246,N103246,N103246,sa1,1
8702,N103277 /1 undetected,output,,N103277,N103277,1,undetected,N103277,N103277,N103277,sa1,1
8703,N76347 /1 undetected,output,,N76347,N76347,1,undetected,N76347,N76347,N76347,sa1,1
8704,N21550 /1 undetected,output,,N21550,N21550,1,undetected,N21550,N21550,N21550,sa1,1
8705,N104747 /1 undetected,output,,N104747,N104747,1,undetected,N104747,N104747,N104747,sa1,1
8706,N86270 /1 undetected,output,,N86270,N86270,1,undetected,N86270,N86270,N86270,sa1,1
8707,N21548 /1 undetected,output,,N21548,N21548,1,undetected,N21548,N21548,N21548,sa1,1
8708,N76558 /1 undetected,output,,N76558,N76558,1,undetected,N76558,N76558,N76558,sa1,1
8709,N21546 /1 undetected,output,,N21546,N21546,1,undetected,N21546,N21546,N21546,sa1,1
8710,N104994 /1 undetected,output,,N104994,N104994,1,undetected,N104994,N104994,N104994,sa1,1
8711,N76460 /1 undetected,output,,N76460,N76460,1,undetected,N76460,N76460,N76460,sa1,1
8712,N21526 /1 undetected,output,,N21526,N21526,1,undetected,N21526,N21526,N21526,sa1,1
8713,N21524 /1 undetected,output,,N21524,N21524,1,undetected,N21524,N21524,N21524,sa1,1
8714,N21522 /1 undetected,output,,N21522,N21522,1,undetected,N21522,N21522,N21522,sa1,1
8715,N78702 /1 undetected,output,,N78702,N78702,1,undetected,N78702,N78702,N78702,sa1,1
8716,N21521 /1 undetected,output,,N21521,N21521,1,undetected,N21521,N21521,N21521,sa1,1
8717,N104799 /1 undetected,output,,N104799,N104799,1,undetected,N104799,N104799,N104799,sa1,1
8718,N86268 /1 undetected,output,,N86268,N86268,1,undetected,N86268,N86268,N86268,sa1,1
8719,N21519 /1 undetected,output,,N21519,N21519,1,undetected,N21519,N21519,N21519,sa1,1
8720,N76556 /1 undetected,output,,N76556,N76556,1,undetected,N76556,N76556,N76556,sa1,1
8721,N20897 /1 undetected,output,,N20897,N20897,1,undetected,N20897,N20897,N20897,sa1,1
8722,N21517 /1 undetected,output,,N21517,N21517,1,undetected,N21517,N21517,N21517,sa1,1
8723,N76371 /1 undetected,output,,N76371,N76371,1,undetected,N76371,N76371,N76371,sa1,1
8724,N87572 /1 undetected,output,,N87572,N87572,1,undetected,N87572,N87572,N87572,sa1,1
8725,N21512 /1 undetected,output,,N21512,N21512,1,undetected,N21512,N21512,N21512,sa1,1
8726,N21510 /1 undetected,output,,N21510,N21510,1,undetected,N21510,N21510,N21510,sa1,1
8727,N104974 /1 undetected,output,,N104974,N104974,1,undetected,N104974,N104974,N104974,sa1,1
8728,N104097 /1 undetected,output,,N104097,N104097,1,undetected,N104097,N104097,N104097,sa1,1
8729,N104817 /1 undetected,output,,N104817,N104817,1,undetected,N104817,N104817,N104817,sa1,1
8730,N76555 /1 undetected,output,,N76555,N76555,1,undetected,N76555,N76555,N76555,sa1,1
8731,N21506 /1 undetected,output,,N21506,N21506,1,undetected,N21506,N21506,N21506,sa1,1
8732,N104972 /1 undetected,output,,N104972,N104972,1,undetected,N104972,N104972,N104972,sa1,1
8733,N21504 /1 undetected,output,,N21504,N21504,1,undetected,N21504,N21504,N21504,sa1,1
8734,N104991 /1 undetected,output,,N104991,N104991,1,undetected,N104991,N104991,N104991,sa1,1
8735,N104778 /1 undetected,output,,N104778,N104778,1,undetected,N104778,N104778,N104778,sa1,1
8736,N21500 /1 undetected,output,,N21500,N21500,1,undetected,N21500,N21500,N21500,sa1,1
8737,N101476 /1 undetected,output,,N101476,N101476,1,undetected,N101476,N101476,N101476,sa1,1
8738,N21498 /1 undetected,output,,N21498,N21498,1,undetected,N21498,N21498,N21498,sa1,1
8739,N21496 /1 undetected,output,,N21496,N21496,1,undetected,N21496,N21496,N21496,sa1,1
8740,N78653 /1 undetected,output,,N78653,N78653,1,undetected,N78653,N78653,N78653,sa1,1
8741,N21494 /1 undetected,output,,N21494,N21494,1,undetected,N21494,N21494,N21494,sa1,1
8742,N21492 /1 undetected,output,,N21492,N21492,1,undetected,N21492,N21492,N21492,sa1,1
8743,N21491 /1 undetected,output,,N21491,N21491,1,undetected,N21491,N21491,N21491,sa1,1
8744,N21490 /1 undetected,output,,N21490,N21490,1,undetected,N21490,N21490,N21490,sa1,1
8745,N104987 /1 undetected,output,,N104987,N104987,1,undetected,N104987,N104987,N104987,sa1,1
8746,N104792 /1 undetected,output,,N104792,N104792,1,undetected,N104792,N104792,N104792,sa1,1
8747,N21487 /1 undetected,output,,N21487,N21487,1,undetected,N21487,N21487,N21487,sa1,1
8748,N104801 /1 undetected,output,,N104801,N104801,1,undetected,N104801,N104801,N104801,sa1,1
8749,N103245 /1 undetected,output,,N103245,N103245,1,undetected,N103245,N103245,N103245,sa1,1
8750,N21485 /1 undetected,output,,N21485,N21485,1,undetected,N21485,N21485,N21485,sa1,1
8751,N104979 /1 undetected,output,,N104979,N104979,1,undetected,N104979,N104979,N104979,sa1,1
8752,N104789 /1 undetected,output,,N104789,N104789,1,undetected,N104789,N104789,N104789,sa1,1
8753,N21483 /1 undetected,output,,N21483,N21483,1,undetected,N21483,N21483,N21483,sa1,1
8754,N104785 /1 undetected,output,,N104785,N104785,1,undetected,N104785,N104785,N104785,sa1,1
8755,N21481 /1 undetected,output,,N21481,N21481,1,undetected,N21481,N21481,N21481,sa1,1
8756,N86672 /1 undetected,output,,N86672,N86672,1,undetected,N86672,N86672,N86672,sa1,1
8757,N76701 /1 undetected,output,,N76701,N76701,1,undetected,N76701,N76701,N76701,sa1,1
8758,N21480 /1 undetected,output,,N21480,N21480,1,undetected,N21480,N21480,N21480,sa1,1
8759,N21478 /1 undetected,output,,N21478,N21478,1,undetected,N21478,N21478,N21478,sa1,1
8760,N104986 /1 undetected,output,,N104986,N104986,1,undetected,N104986,N104986,N104986,sa1,1
8761,N21477 /1 undetected,output,,N21477,N21477,1,undetected,N21477,N21477,N21477,sa1,1
8762,N103007 /1 undetected,output,,N103007,N103007,1,undetected,N103007,N103007,N103007,sa1,1
8763,N101787 /1 undetected,output,,N101787,N101787,1,undetected,N101787,N101787,N101787,sa1,1
8764,N21475 /1 undetected,output,,N21475,N21475,1,undetected,N21475,N21475,N21475,sa1,1
8765,N104962 /1 undetected,output,,N104962,N104962,1,undetected,N104962,N104962,N104962,sa1,1
8766,N104463 /1 undetected,output,,N104463,N104463,1,undetected,N104463,N104463,N104463,sa1,1
8767,N93442 /1 undetected,output,,N93442,N93442,1,undetected,N93442,N93442,N93442,sa1,1
8768,N86392 /1 undetected,output,,N86392,N86392,1,undetected,N86392,N86392,N86392,sa1,1
8769,N104985 /1 undetected,output,,N104985,N104985,1,undetected,N104985,N104985,N104985,sa1,1
8770,N104824 /1 undetected,output,,N104824,N104824,1,undetected,N104824,N104824,N104824,sa1,1
8771,N21464 /1 undetected,output,,N21464,N21464,1,undetected,N21464,N21464,N21464,sa1,1
8772,N21462 /1 undetected,output,,N21462,N21462,1,undetected,N21462,N21462,N21462,sa1,1
8773,N104965 /1 undetected,output,,N104965,N104965,1,undetected,N104965,N104965,N104965,sa1,1
8774,N78652 /1 undetected,output,,N78652,N78652,1,undetected,N78652,N78652,N78652,sa1,1
8775,N21459 /1 undetected,output,,N21459,N21459,1,undetected,N21459,N21459,N21459,sa1,1
8776,N21457 /1 undetected,output,,N21457,N21457,1,undetected,N21457,N21457,N21457,sa1,1
8777,N104773 /1 undetected,output,,N104773,N104773,1,undetected,N104773,N104773,N104773,sa1,1
8778,N86671 /1 undetected,output,,N86671,N86671,1,undetected,N86671,N86671,N86671,sa1,1
8779,N78651 /1 undetected,output,,N78651,N78651,1,undetected,N78651,N78651,N78651,sa1,1
8780,N21454 /1 undetected,output,,N21454,N21454,1,undetected,N21454,N21454,N21454,sa1,1
8781,N104777 /1 undetected,output,,N104777,N104777,1,undetected,N104777,N104777,N104777,sa1,1
8782,N77129 /1 undetected,output,,N77129,N77129,1,undetected,N77129,N77129,N77129,sa1,1
8783,N76700 /1 undetected,output,,N76700,N76700,1,undetected,N76700,N76700,N76700,sa1,1
8784,N21451 /1 undetected,output,,N21451,N21451,1,undetected,N21451,N21451,N21451,sa1,1
8785,N104819 /1 undetected,output,,N104819,N104819,1,undetected,N104819,N104819,N104819,sa1,1
8786,N77128 /1 undetected,output,,N77128,N77128,1,undetected,N77128,N77128,N77128,sa1,1
8787,N21446 /1 undetected,output,,N21446,N21446,1,undetected,N21446,N21446,N21446,sa1,1
8788,N87510 /1 undetected,output,,N87510,N87510,1,undetected,N87510,N87510,N87510,sa1,1
8789,N21445 /1 undetected,output,,N21445,N21445,1,undetected,N21445,N21445,N21445,sa1,1
8790,N104813 /1 undetected,output,,N104813,N104813,1,undetected,N104813,N104813,N104813,sa1,1
8791,N86670 /1 undetected,output,,N86670,N86670,1,undetected,N86670,N86670,N86670,sa1,1
8792,N21443 /1 undetected,output,,N21443,N21443,1,undetected,N21443,N21443,N21443,sa1,1
8793,N21440 /1 undetected,output,,N21440,N21440,1,undetected,N21440,N21440,N21440,sa1,1
8794,N21438 /1 undetected,output,,N21438,N21438,1,undetected,N21438,N21438,N21438,sa1,1
8795,N104977 /1 undetected,output,,N104977,N104977,1,undetected,N104977,N104977,N104977,sa1,1
8796,N21431 /1 undetected,output,,N21431,N21431,1,undetected,N21431,N21431,N21431,sa1,1
8797,N104975 /1 undetected,output,,N104975,N104975,1,undetected,N104975,N104975,N104975,sa1,1
8798,N104830 /1 undetected,output,,N104830,N104830,1,undetected,N104830,N104830,N104830,sa1,1
8799,N21426 /1 undetected,output,,N21426,N21426,1,undetected,N21426,N21426,N21426,sa1,1
8800,N21424 /1 undetected,output,,N21424,N21424,1,undetected,N21424,N21424,N21424,sa1,1
8801,N78701 /1 undetected,output,,N78701,N78701,1,undetected,N78701,N78701,N78701,sa1,1
8802,N21423 /1 undetected,output,,N21423,N21423,1,undetected,N21423,N21423,N21423,sa1,1
8803,N104794 /1 undetected,output,,N104794,N104794,1,undetected,N104794,N104794,N104794,sa1,1
8804,N86265 /1 undetected,output,,N86265,N86265,1,undetected,N86265,N86265,N86265,sa1,1
8805,N21421 /1 undetected,output,,N21421,N21421,1,undetected,N21421,N21421,N21421,sa1,1
8806,N104782 /1 undetected,output,,N104782,N104782,1,undetected,N104782,N104782,N104782,sa1,1
8807,N76553 /1 undetected,output,,N76553,N76553,1,undetected,N76553,N76553,N76553,sa1,1
8808,N21419 /1 undetected,output,,N21419,N21419,1,undetected,N21419,N21419,N21419,sa1,1
8809,N21417 /1 undetected,output,,N21417,N21417,1,undetected,N21417,N21417,N21417,sa1,1
8810,N76370 /1 undetected,output,,N76370,N76370,1,undetected,N76370,N76370,N76370,sa1,1
8811,N21416 /1 undetected,output,,N21416,N21416,1,undetected,N21416,N21416,N21416,sa1,1
8812,N87570 /1 undetected,output,,N87570,N87570,1,undetected,N87570,N87570,N87570,sa1,1
8813,N21414 /1 undetected,output,,N21414,N21414,1,undetected,N21414,N21414,N21414,sa1,1
8814,N21412 /1 undetected,output,,N21412,N21412,1,undetected,N21412,N21412,N21412,sa1,1
8815,N104815 /1 undetected,output,,N104815,N104815,1,undetected,N104815,N104815,N104815,sa1,1
8816,N76552 /1 undetected,output,,N76552,N76552,1,undetected,N76552,N76552,N76552,sa1,1
8817,N21410 /1 undetected,output,,N21410,N21410,1,undetected,N21410,N21410,N21410,sa1,1
8818,N21408 /1 undetected,output,,N21408,N21408,1,undetected,N21408,N21408,N21408,sa1,1
8819,N104971 /1 undetected,output,,N104971,N104971,1,undetected,N104971,N104971,N104971,sa1,1
8820,N21406 /1 undetected,output,,N21406,N21406,1,undetected,N21406,N21406,N21406,sa1,1
8821,N104772 /1 undetected,output,,N104772,N104772,1,undetected,N104772,N104772,N104772,sa1,1
8822,N76551 /1 undetected,output,,N76551,N76551,1,undetected,N76551,N76551,N76551,sa1,1
8823,N76459 /1 undetected,output,,N76459,N76459,1,undetected,N76459,N76459,N76459,sa1,1
8824,N84451 /1 undetected,output,,N84451,N84451,1,undetected,N84451,N84451,N84451,sa1,1
8825,N105284 /1 undetected,output,,N105284,N105284,1,undetected,N105284,N105284,N105284,sa1,1
8826,N22955 /1 undetected,output,,N22955,N22955,1,undetected,N22955,N22955,N22955,sa1,1
8827,N94177 /1 undetected,output,,N94177,N94177,1,undetected,N94177,N94177,N94177,sa1,1
8828,N22954 /1 undetected,output,,N22954,N22954,1,undetected,N22954,N22954,N22954,sa1,1
8829,N104905 /1 undetected,output,,N104905,N104905,1,undetected,N104905,N104905,N104905,sa1,1
8830,N86912 /1 undetected,output,,N86912,N86912,1,undetected,N86912,N86912,N86912,sa1,1
8831,N77449 /1 undetected,output,,N77449,N77449,1,undetected,N77449,N77449,N77449,sa1,1
8832,N105020 /1 undetected,output,,N105020,N105020,1,undetected,N105020,N105020,N105020,sa1,1
8833,N22947 /1 undetected,output,,N22947,N22947,1,undetected,N22947,N22947,N22947,sa1,1
8834,N94176 /1 undetected,output,,N94176,N94176,1,undetected,N94176,N94176,N94176,sa1,1
8835,N22944 /1 undetected,output,,N22944,N22944,1,undetected,N22944,N22944,N22944,sa1,1
8836,N105264 /1 undetected,output,,N105264,N105264,1,undetected,N105264,N105264,N105264,sa1,1
8837,N104499 /1 undetected,output,,N104499,N104499,1,undetected,N104499,N104499,N104499,sa1,1
8838,N22942 /1 undetected,output,,N22942,N22942,1,undetected,N22942,N22942,N22942,sa1,1
8839,N105259 /1 undetected,output,,N105259,N105259,1,undetected,N105259,N105259,N105259,sa1,1
8840,N92299 /1 undetected,output,,N92299,N92299,1,undetected,N92299,N92299,N92299,sa1,1
8841,N76478 /1 undetected,output,,N76478,N76478,1,undetected,N76478,N76478,N76478,sa1,1
8842,N105263 /1 undetected,output,,N105263,N105263,1,undetected,N105263,N105263,N105263,sa1,1
8843,N100519 /1 undetected,output,,N100519,N100519,1,undetected,N100519,N100519,N100519,sa1,1
8844,N22931 /1 undetected,output,,N22931,N22931,1,undetected,N22931,N22931,N22931,sa1,1
8845,N105076 /1 undetected,output,,N105076,N105076,1,undetected,N105076,N105076,N105076,sa1,1
8846,N22929 /1 undetected,output,,N22929,N22929,1,undetected,N22929,N22929,N22929,sa1,1
8847,N22928 /1 undetected,output,,N22928,N22928,1,undetected,N22928,N22928,N22928,sa1,1
8848,N105072 /1 undetected,output,,N105072,N105072,1,undetected,N105072,N105072,N105072,sa1,1
8849,N88287 /1 undetected,output,,N88287,N88287,1,undetected,N88287,N88287,N88287,sa1,1
8850,N22926 /1 undetected,output,,N22926,N22926,1,undetected,N22926,N22926,N22926,sa1,1
8851,N22918 /1 undetected,output,,N22918,N22918,1,undetected,N22918,N22918,N22918,sa1,1
8852,N22916 /1 undetected,output,,N22916,N22916,1,undetected,N22916,N22916,N22916,sa1,1
8853,N104490 /1 undetected,output,,N104490,N104490,1,undetected,N104490,N104490,N104490,sa1,1
8854,N79357 /1 undetected,output,,N79357,N79357,1,undetected,N79357,N79357,N79357,sa1,1
8855,N22914 /1 undetected,output,,N22914,N22914,1,undetected,N22914,N22914,N22914,sa1,1
8856,N22882 /1 undetected,output,,N22882,N22882,1,undetected,N22882,N22882,N22882,sa1,1
8857,N84452 /1 undetected,output,,N84452,N84452,1,undetected,N84452,N84452,N84452,sa1,1
8858,N104959 /1 undetected,output,,N104959,N104959,1,undetected,N104959,N104959,N104959,sa1,1
8859,N23067 /1 undetected,output,,N23067,N23067,1,undetected,N23067,N23067,N23067,sa1,1
8860,N84525 /1 undetected,output,,N84525,N84525,1,undetected,N84525,N84525,N84525,sa1,1
8861,N105103 /1 undetected,output,,N105103,N105103,1,undetected,N105103,N105103,N105103,sa1,1
8862,N23055 /1 undetected,output,,N23055,N23055,1,undetected,N23055,N23055,N23055,sa1,1
8863,N105301 /1 undetected,output,,N105301,N105301,1,undetected,N105301,N105301,N105301,sa1,1
8864,N23054 /1 undetected,output,,N23054,N23054,1,undetected,N23054,N23054,N23054,sa1,1
8865,N105120 /1 undetected,output,,N105120,N105120,1,undetected,N105120,N105120,N105120,sa1,1
8866,N105018 /1 undetected,output,,N105018,N105018,1,undetected,N105018,N105018,N105018,sa1,1
8867,N105295 /1 undetected,output,,N105295,N105295,1,undetected,N105295,N105295,N105295,sa1,1
8868,N105129 /1 undetected,output,,N105129,N105129,1,undetected,N105129,N105129,N105129,sa1,1
8869,N105293 /1 undetected,output,,N105293,N105293,1,undetected,N105293,N105293,N105293,sa1,1
8870,N105139 /1 undetected,output,,N105139,N105139,1,undetected,N105139,N105139,N105139,sa1,1
8871,N100520 /1 undetected,output,,N100520,N100520,1,undetected,N100520,N100520,N100520,sa1,1
8872,N84524 /1 undetected,output,,N84524,N84524,1,undetected,N84524,N84524,N84524,sa1,1
8873,N23036 /1 undetected,output,,N23036,N23036,1,undetected,N23036,N23036,N23036,sa1,1
8874,N105112 /1 undetected,output,,N105112,N105112,1,undetected,N105112,N105112,N105112,sa1,1
8875,N105017 /1 undetected,output,,N105017,N105017,1,undetected,N105017,N105017,N105017,sa1,1
8876,N22999 /1 undetected,output,,N22999,N22999,1,undetected,N22999,N22999,N22999,sa1,1
8877,N105294 /1 undetected,output,,N105294,N105294,1,undetected,N105294,N105294,N105294,sa1,1
8878,N105107 /1 undetected,output,,N105107,N105107,1,undetected,N105107,N105107,N105107,sa1,1
8879,N22994 /1 undetected,output,,N22994,N22994,1,undetected,N22994,N22994,N22994,sa1,1
8880,N104336 /1 undetected,output,,N104336,N104336,1,undetected,N104336,N104336,N104336,sa1,1
8881,N85512 /1 undetected,output,,N85512,N85512,1,undetected,N85512,N85512,N85512,sa1,1
8882,N104958 /1 undetected,output,,N104958,N104958,1,undetected,N104958,N104958,N104958,sa1,1
8883,N22980 /1 undetected,output,,N22980,N22980,1,undetected,N22980,N22980,N22980,sa1,1
8884,N20636 /1 undetected,output,,N20636,N20636,1,undetected,N20636,N20636,N20636,sa1,1
8885,N94834 /1 undetected,output,,N94834,N94834,1,undetected,N94834,N94834,N94834,sa1,1
8886,N20635 /1 undetected,output,,N20635,N20635,1,undetected,N20635,N20635,N20635,sa1,1
8887,N91635 /1 undetected,output,,N91635,N91635,1,undetected,N91635,N91635,N91635,sa1,1
8888,N91605 /1 undetected,output,,N91605,N91605,1,undetected,N91605,N91605,N91605,sa1,1
8889,N75045 /1 undetected,output,,N75045,N75045,1,undetected,N75045,N75045,N75045,sa1,1
8890,N92697 /1 undetected,output,,N92697,N92697,1,undetected,N92697,N92697,N92697,sa1,1
8891,N92686 /1 undetected,output,,N92686,N92686,1,undetected,N92686,N92686,N92686,sa1,1
8892,N102632 /1 undetected,output,,N102632,N102632,1,undetected,N102632,N102632,N102632,sa1,1
8893,N14502 /1 undetected,output,,N14502,N14502,1,undetected,N14502,N14502,N14502,sa1,1
8894,N14481 /1 undetected,output,,N14481,N14481,1,undetected,N14481,N14481,N14481,sa1,1
8895,N100439 /1 undetected,output,,N100439,N100439,1,undetected,N100439,N100439,N100439,sa1,1
8896,N85074 /1 undetected,output,,N85074,N85074,1,undetected,N85074,N85074,N85074,sa1,1
8897,N15549 /1 undetected,output,,N15549,N15549,1,undetected,N15549,N15549,N15549,sa1,1
8898,N102630 /1 undetected,output,,N102630,N102630,1,undetected,N102630,N102630,N102630,sa1,1
8899,N94593 /1 undetected,output,,N94593,N94593,1,undetected,N94593,N94593,N94593,sa1,1
8900,N15535 /1 undetected,output,,N15535,N15535,1,undetected,N15535,N15535,N15535,sa1,1
8901,N14479 /1 undetected,output,,N14479,N14479,1,undetected,N14479,N14479,N14479,sa1,1
8902,N15528 /1 undetected,output,,N15528,N15528,1,undetected,N15528,N15528,N15528,sa1,1
8903,N92468 /1 undetected,output,,N92468,N92468,1,undetected,N92468,N92468,N92468,sa1,1
8904,N15527 /1 undetected,output,,N15527,N15527,1,undetected,N15527,N15527,N15527,sa1,1
8905,N102633 /1 undetected,output,,N102633,N102633,1,undetected,N102633,N102633,N102633,sa1,1
8906,N15518 /1 undetected,output,,N15518,N15518,1,undetected,N15518,N15518,N15518,sa1,1
8907,N86642 /1 undetected,output,,N86642,N86642,1,undetected,N86642,N86642,N86642,sa1,1
8908,N14559 /1 undetected,output,,N14559,N14559,1,undetected,N14559,N14559,N14559,sa1,1
8909,N77087 /1 undetected,output,,N77087,N77087,1,undetected,N77087,N77087,N77087,sa1,1
8910,N15509 /1 undetected,output,,N15509,N15509,1,undetected,N15509,N15509,N15509,sa1,1
8911,N94213 /1 undetected,output,,N94213,N94213,1,undetected,N94213,N94213,N94213,sa1,1
8912,N14632 /1 undetected,output,,N14632,N14632,1,undetected,N14632,N14632,N14632,sa1,1
8913,N101928 /1 undetected,output,,N101928,N101928,1,undetected,N101928,N101928,N101928,sa1,1
8914,N94230 /1 undetected,output,,N94230,N94230,1,undetected,N94230,N94230,N94230,sa1,1
8915,N14640 /1 undetected,output,,N14640,N14640,1,undetected,N14640,N14640,N14640,sa1,1
8916,N91771 /1 undetected,output,,N91771,N91771,1,undetected,N91771,N91771,N91771,sa1,1
8917,N85011 /1 undetected,output,,N85011,N85011,1,undetected,N85011,N85011,N85011,sa1,1
8918,N15490 /1 undetected,output,,N15490,N15490,1,undetected,N15490,N15490,N15490,sa1,1
8919,N15486 /1 undetected,output,,N15486,N15486,1,undetected,N15486,N15486,N15486,sa1,1
8920,N102622 /1 undetected,output,,N102622,N102622,1,undetected,N102622,N102622,N102622,sa1,1
8921,N91625 /1 undetected,output,,N91625,N91625,1,undetected,N91625,N91625,N91625,sa1,1
8922,N105145 /1 undetected,output,,N105145,N105145,1,undetected,N105145,N105145,N105145,sa1,1
8923,N92483 /1 undetected,output,,N92483,N92483,1,undetected,N92483,N92483,N92483,sa1,1
8924,N74791 /1 undetected,output,,N74791,N74791,1,undetected,N74791,N74791,N74791,sa1,1
8925,N22093 /1 undetected,output,,N22093,N22093,1,undetected,N22093,N22093,N22093,sa1,1
8926,N86205 /1 undetected,output,,N86205,N86205,1,undetected,N86205,N86205,N86205,sa1,1
8927,N22526 /1 undetected,output,,N22526,N22526,1,undetected,N22526,N22526,N22526,sa1,1
8928,N22520 /1 undetected,output,,N22520,N22520,1,undetected,N22520,N22520,N22520,sa1,1
8929,N105184 /1 undetected,output,,N105184,N105184,1,undetected,N105184,N105184,N105184,sa1,1
8930,N104901 /1 undetected,output,,N104901,N104901,1,undetected,N104901,N104901,N104901,sa1,1
8931,N22518 /1 undetected,output,,N22518,N22518,1,undetected,N22518,N22518,N22518,sa1,1
8932,N78689 /1 undetected,output,,N78689,N78689,1,undetected,N78689,N78689,N78689,sa1,1
8933,N22514 /1 undetected,output,,N22514,N22514,1,undetected,N22514,N22514,N22514,sa1,1
8934,N94173 /1 undetected,output,,N94173,N94173,1,undetected,N94173,N94173,N94173,sa1,1
8935,N22511 /1 undetected,output,,N22511,N22511,1,undetected,N22511,N22511,N22511,sa1,1
8936,N22509 /1 undetected,output,,N22509,N22509,1,undetected,N22509,N22509,N22509,sa1,1
8937,N22508 /1 undetected,output,,N22508,N22508,1,undetected,N22508,N22508,N22508,sa1,1
8938,N87523 /1 undetected,output,,N87523,N87523,1,undetected,N87523,N87523,N87523,sa1,1
8939,N22495 /1 undetected,output,,N22495,N22495,1,undetected,N22495,N22495,N22495,sa1,1
8940,N104518 /1 undetected,output,,N104518,N104518,1,undetected,N104518,N104518,N104518,sa1,1
8941,N103802 /1 undetected,output,,N103802,N103802,1,undetected,N103802,N103802,N103802,sa1,1
8942,N22493 /1 undetected,output,,N22493,N22493,1,undetected,N22493,N22493,N22493,sa1,1
8943,N104551 /1 undetected,output,,N104551,N104551,1,undetected,N104551,N104551,N104551,sa1,1
8944,N103813 /1 undetected,output,,N103813,N103813,1,undetected,N103813,N103813,N103813,sa1,1
8945,N22491 /1 undetected,output,,N22491,N22491,1,undetected,N22491,N22491,N22491,sa1,1
8946,N22489 /1 undetected,output,,N22489,N22489,1,undetected,N22489,N22489,N22489,sa1,1
8947,N104528 /1 undetected,output,,N104528,N104528,1,undetected,N104528,N104528,N104528,sa1,1
8948,N103822 /1 undetected,output,,N103822,N103822,1,undetected,N103822,N103822,N103822,sa1,1
8949,N22487 /1 undetected,output,,N22487,N22487,1,undetected,N22487,N22487,N22487,sa1,1
8950,N86782 /1 undetected,output,,N86782,N86782,1,undetected,N86782,N86782,N86782,sa1,1
8951,N22486 /1 undetected,output,,N22486,N22486,1,undetected,N22486,N22486,N22486,sa1,1
8952,N104210 /1 undetected,output,,N104210,N104210,1,undetected,N104210,N104210,N104210,sa1,1
8953,N103826 /1 undetected,output,,N103826,N103826,1,undetected,N103826,N103826,N103826,sa1,1
8954,N78665 /1 undetected,output,,N78665,N78665,1,undetected,N78665,N78665,N78665,sa1,1
8955,N22505 /1 undetected,output,,N22505,N22505,1,undetected,N22505,N22505,N22505,sa1,1
8956,N104565 /1 undetected,output,,N104565,N104565,1,undetected,N104565,N104565,N104565,sa1,1
8957,N22501 /1 undetected,output,,N22501,N22501,1,undetected,N22501,N22501,N22501,sa1,1
8958,N87015 /1 undetected,output,,N87015,N87015,1,undetected,N87015,N87015,N87015,sa1,1
8959,N22277 /1 undetected,output,,N22277,N22277,1,undetected,N22277,N22277,N22277,sa1,1
8960,N22500 /1 undetected,output,,N22500,N22500,1,undetected,N22500,N22500,N22500,sa1,1
8961,N104538 /1 undetected,output,,N104538,N104538,1,undetected,N104538,N104538,N104538,sa1,1
8962,N22498 /1 undetected,output,,N22498,N22498,1,undetected,N22498,N22498,N22498,sa1,1
8963,N77621 /1 undetected,output,,N77621,N77621,1,undetected,N77621,N77621,N77621,sa1,1
8964,N22497 /1 undetected,output,,N22497,N22497,1,undetected,N22497,N22497,N22497,sa1,1
8965,N105149 /1 undetected,output,,N105149,N105149,1,undetected,N105149,N105149,N105149,sa1,1
8966,N104728 /1 undetected,output,,N104728,N104728,1,undetected,N104728,N104728,N104728,sa1,1
8967,N22484 /1 undetected,output,,N22484,N22484,1,undetected,N22484,N22484,N22484,sa1,1
8968,N105157 /1 undetected,output,,N105157,N105157,1,undetected,N105157,N105157,N105157,sa1,1
8969,N104153 /1 undetected,output,,N104153,N104153,1,undetected,N104153,N104153,N104153,sa1,1
8970,N8584 /1 undetected,output,,N8584,N8584,1,undetected,N8584,N8584,N8584,sa1,1
8971,N103837 /1 undetected,output,,N103837,N103837,1,undetected,N103837,N103837,N103837,sa1,1
8972,N22478 /1 undetected,output,,N22478,N22478,1,undetected,N22478,N22478,N22478,sa1,1
8973,N22476 /1 undetected,output,,N22476,N22476,1,undetected,N22476,N22476,N22476,sa1,1
8974,N22474 /1 undetected,output,,N22474,N22474,1,undetected,N22474,N22474,N22474,sa1,1
8975,N79382 /1 undetected,output,,N79382,N79382,1,undetected,N79382,N79382,N79382,sa1,1
8976,N22473 /1 undetected,output,,N22473,N22473,1,undetected,N22473,N22473,N22473,sa1,1
8977,N104919 /1 undetected,output,,N104919,N104919,1,undetected,N104919,N104919,N104919,sa1,1
8978,N87552 /1 undetected,output,,N87552,N87552,1,undetected,N87552,N87552,N87552,sa1,1
8979,N22471 /1 undetected,output,,N22471,N22471,1,undetected,N22471,N22471,N22471,sa1,1
8980,N104915 /1 undetected,output,,N104915,N104915,1,undetected,N104915,N104915,N104915,sa1,1
8981,N78688 /1 undetected,output,,N78688,N78688,1,undetected,N78688,N78688,N78688,sa1,1
8982,N104894 /1 undetected,output,,N104894,N104894,1,undetected,N104894,N104894,N104894,sa1,1
8983,N22467 /1 undetected,output,,N22467,N22467,1,undetected,N22467,N22467,N22467,sa1,1
8984,N88320 /1 undetected,output,,N88320,N88320,1,undetected,N88320,N88320,N88320,sa1,1
8985,N22466 /1 undetected,output,,N22466,N22466,1,undetected,N22466,N22466,N22466,sa1,1
8986,N104543 /1 undetected,output,,N104543,N104543,1,undetected,N104543,N104543,N104543,sa1,1
8987,N78687 /1 undetected,output,,N78687,N78687,1,undetected,N78687,N78687,N78687,sa1,1
8988,N84733 /1 undetected,output,,N84733,N84733,1,undetected,N84733,N84733,N84733,sa1,1
8989,N104289 /1 undetected,output,,N104289,N104289,1,undetected,N104289,N104289,N104289,sa1,1
8990,N22571 /1 undetected,output,,N22571,N22571,1,undetected,N22571,N22571,N22571,sa1,1
8991,N76471 /1 undetected,output,,N76471,N76471,1,undetected,N76471,N76471,N76471,sa1,1
8992,N22567 /1 undetected,output,,N22567,N22567,1,undetected,N22567,N22567,N22567,sa1,1
8993,N22565 /1 undetected,output,,N22565,N22565,1,undetected,N22565,N22565,N22565,sa1,1
8994,N105185 /1 undetected,output,,N105185,N105185,1,undetected,N105185,N105185,N105185,sa1,1
8995,N104296 /1 undetected,output,,N104296,N104296,1,undetected,N104296,N104296,N104296,sa1,1
8996,N22564 /1 undetected,output,,N22564,N22564,1,undetected,N22564,N22564,N22564,sa1,1
8997,N104871 /1 undetected,output,,N104871,N104871,1,undetected,N104871,N104871,N104871,sa1,1
8998,N76354 /1 undetected,output,,N76354,N76354,1,undetected,N76354,N76354,N76354,sa1,1
8999,N103838 /1 undetected,output,,N103838,N103838,1,undetected,N103838,N103838,N103838,sa1,1
9000,N22560 /1 undetected,output,,N22560,N22560,1,undetected,N22560,N22560,N22560,sa1,1
9001,N105178 /1 undetected,output,,N105178,N105178,1,undetected,N105178,N105178,N105178,sa1,1
9002,N22557 /1 undetected,output,,N22557,N22557,1,undetected,N22557,N22557,N22557,sa1,1
9003,N104440 /1 undetected,output,,N104440,N104440,1,undetected,N104440,N104440,N104440,sa1,1
9004,N86126 /1 undetected,output,,N86126,N86126,1,undetected,N86126,N86126,N86126,sa1,1
9005,N75556 /1 undetected,output,,N75556,N75556,1,undetected,N75556,N75556,N75556,sa1,1
9006,N22553 /1 undetected,output,,N22553,N22553,1,undetected,N22553,N22553,N22553,sa1,1
9007,N22549 /1 undetected,output,,N22549,N22549,1,undetected,N22549,N22549,N22549,sa1,1
9008,N85979 /1 undetected,output,,N85979,N85979,1,undetected,N85979,N85979,N85979,sa1,1
9009,N22537 /1 undetected,output,,N22537,N22537,1,undetected,N22537,N22537,N22537,sa1,1
9010,N22536 /1 undetected,output,,N22536,N22536,1,undetected,N22536,N22536,N22536,sa1,1
9011,N104645 /1 undetected,output,,N104645,N104645,1,undetected,N104645,N104645,N104645,sa1,1
9012,N22532 /1 undetected,output,,N22532,N22532,1,undetected,N22532,N22532,N22532,sa1,1
9013,N104446 /1 undetected,output,,N104446,N104446,1,undetected,N104446,N104446,N104446,sa1,1
9014,N105176 /1 undetected,output,,N105176,N105176,1,undetected,N105176,N105176,N105176,sa1,1
9015,N77622 /1 undetected,output,,N77622,N77622,1,undetected,N77622,N77622,N77622,sa1,1
9016,N22534 /1 undetected,output,,N22534,N22534,1,undetected,N22534,N22534,N22534,sa1,1
9017,N103808 /1 undetected,output,,N103808,N103808,1,undetected,N103808,N103808,N103808,sa1,1
9018,N22547 /1 undetected,output,,N22547,N22547,1,undetected,N22547,N22547,N22547,sa1,1
9019,N22545 /1 undetected,output,,N22545,N22545,1,undetected,N22545,N22545,N22545,sa1,1
9020,N76207 /1 undetected,output,,N76207,N76207,1,undetected,N76207,N76207,N76207,sa1,1
9021,N22544 /1 undetected,output,,N22544,N22544,1,undetected,N22544,N22544,N22544,sa1,1
9022,N104233 /1 undetected,output,,N104233,N104233,1,undetected,N104233,N104233,N104233,sa1,1
9023,N103804 /1 undetected,output,,N103804,N103804,1,undetected,N103804,N103804,N103804,sa1,1
9024,N22542 /1 undetected,output,,N22542,N22542,1,undetected,N22542,N22542,N22542,sa1,1
9025,N22540 /1 undetected,output,,N22540,N22540,1,undetected,N22540,N22540,N22540,sa1,1
9026,N105155 /1 undetected,output,,N105155,N105155,1,undetected,N105155,N105155,N105155,sa1,1
9027,N86783 /1 undetected,output,,N86783,N86783,1,undetected,N86783,N86783,N86783,sa1,1
9028,N21140 /1 undetected,output,,N21140,N21140,1,undetected,N21140,N21140,N21140,sa1,1
9029,N22458 /1 undetected,output,,N22458,N22458,1,undetected,N22458,N22458,N22458,sa1,1
9030,N92482 /1 undetected,output,,N92482,N92482,1,undetected,N92482,N92482,N92482,sa1,1
9031,N22454 /1 undetected,output,,N22454,N22454,1,undetected,N22454,N22454,N22454,sa1,1
9032,N22453 /1 undetected,output,,N22453,N22453,1,undetected,N22453,N22453,N22453,sa1,1
9033,N76469 /1 undetected,output,,N76469,N76469,1,undetected,N76469,N76469,N76469,sa1,1
9034,N22449 /1 undetected,output,,N22449,N22449,1,undetected,N22449,N22449,N22449,sa1,1
9035,N103836 /1 undetected,output,,N103836,N103836,1,undetected,N103836,N103836,N103836,sa1,1
9036,N22444 /1 undetected,output,,N22444,N22444,1,undetected,N22444,N22444,N22444,sa1,1
9037,N22441 /1 undetected,output,,N22441,N22441,1,undetected,N22441,N22441,N22441,sa1,1
9038,N22439 /1 undetected,output,,N22439,N22439,1,undetected,N22439,N22439,N22439,sa1,1
9039,N104749 /1 undetected,output,,N104749,N104749,1,undetected,N104749,N104749,N104749,sa1,1
9040,N79381 /1 undetected,output,,N79381,N79381,1,undetected,N79381,N79381,N79381,sa1,1
9041,N22438 /1 undetected,output,,N22438,N22438,1,undetected,N22438,N22438,N22438,sa1,1
9042,N104745 /1 undetected,output,,N104745,N104745,1,undetected,N104745,N104745,N104745,sa1,1
9043,N87551 /1 undetected,output,,N87551,N87551,1,undetected,N87551,N87551,N87551,sa1,1
9044,N105183 /1 undetected,output,,N105183,N105183,1,undetected,N105183,N105183,N105183,sa1,1
9045,N104162 /1 undetected,output,,N104162,N104162,1,undetected,N104162,N104162,N104162,sa1,1
9046,N22432 /1 undetected,output,,N22432,N22432,1,undetected,N22432,N22432,N22432,sa1,1
9047,N88319 /1 undetected,output,,N88319,N88319,1,undetected,N88319,N88319,N88319,sa1,1
9048,N22431 /1 undetected,output,,N22431,N22431,1,undetected,N22431,N22431,N22431,sa1,1
9049,N87550 /1 undetected,output,,N87550,N87550,1,undetected,N87550,N87550,N87550,sa1,1
9050,N22429 /1 undetected,output,,N22429,N22429,1,undetected,N22429,N22429,N22429,sa1,1
9051,N104738 /1 undetected,output,,N104738,N104738,1,undetected,N104738,N104738,N104738,sa1,1
9052,N78686 /1 undetected,output,,N78686,N78686,1,undetected,N78686,N78686,N78686,sa1,1
9053,N22394 /1 undetected,output,,N22394,N22394,1,undetected,N22394,N22394,N22394,sa1,1
9054,N105180 /1 undetected,output,,N105180,N105180,1,undetected,N105180,N105180,N105180,sa1,1
9055,N22393 /1 undetected,output,,N22393,N22393,1,undetected,N22393,N22393,N22393,sa1,1
9056,N22391 /1 undetected,output,,N22391,N22391,1,undetected,N22391,N22391,N22391,sa1,1
9057,N88318 /1 undetected,output,,N88318,N88318,1,undetected,N88318,N88318,N88318,sa1,1
9058,N22390 /1 undetected,output,,N22390,N22390,1,undetected,N22390,N22390,N22390,sa1,1
9059,N22388 /1 undetected,output,,N22388,N22388,1,undetected,N22388,N22388,N22388,sa1,1
9060,N22385 /1 undetected,output,,N22385,N22385,1,undetected,N22385,N22385,N22385,sa1,1
9061,N22383 /1 undetected,output,,N22383,N22383,1,undetected,N22383,N22383,N22383,sa1,1
9062,N104100 /1 undetected,output,,N104100,N104100,1,undetected,N104100,N104100,N104100,sa1,1
9063,N87548 /1 undetected,output,,N87548,N87548,1,undetected,N87548,N87548,N87548,sa1,1
9064,N20857 /1 undetected,output,,N20857,N20857,1,undetected,N20857,N20857,N20857,sa1,1
9065,N22382 /1 undetected,output,,N22382,N22382,1,undetected,N22382,N22382,N22382,sa1,1
9066,N104743 /1 undetected,output,,N104743,N104743,1,undetected,N104743,N104743,N104743,sa1,1
9067,N78685 /1 undetected,output,,N78685,N78685,1,undetected,N78685,N78685,N78685,sa1,1
9068,N22425 /1 undetected,output,,N22425,N22425,1,undetected,N22425,N22425,N22425,sa1,1
9069,N22424 /1 undetected,output,,N22424,N22424,1,undetected,N22424,N22424,N22424,sa1,1
9070,N22420 /1 undetected,output,,N22420,N22420,1,undetected,N22420,N22420,N22420,sa1,1
9071,N104725 /1 undetected,output,,N104725,N104725,1,undetected,N104725,N104725,N104725,sa1,1
9072,N103801 /1 undetected,output,,N103801,N103801,1,undetected,N103801,N103801,N103801,sa1,1
9073,N22413 /1 undetected,output,,N22413,N22413,1,undetected,N22413,N22413,N22413,sa1,1
9074,N104720 /1 undetected,output,,N104720,N104720,1,undetected,N104720,N104720,N104720,sa1,1
9075,N103812 /1 undetected,output,,N103812,N103812,1,undetected,N103812,N103812,N103812,sa1,1
9076,N22411 /1 undetected,output,,N22411,N22411,1,undetected,N22411,N22411,N22411,sa1,1
9077,N94172 /1 undetected,output,,N94172,N94172,1,undetected,N94172,N94172,N94172,sa1,1
9078,N78664 /1 undetected,output,,N78664,N78664,1,undetected,N78664,N78664,N78664,sa1,1
9079,N22416 /1 undetected,output,,N22416,N22416,1,undetected,N22416,N22416,N22416,sa1,1
9080,N104506 /1 undetected,output,,N104506,N104506,1,undetected,N104506,N104506,N104506,sa1,1
9081,N103795 /1 undetected,output,,N103795,N103795,1,undetected,N103795,N103795,N103795,sa1,1
9082,N22418 /1 undetected,output,,N22418,N22418,1,undetected,N22418,N22418,N22418,sa1,1
9083,N104651 /1 undetected,output,,N104651,N104651,1,undetected,N104651,N104651,N104651,sa1,1
9084,N103807 /1 undetected,output,,N103807,N103807,1,undetected,N103807,N103807,N103807,sa1,1
9085,N22404 /1 undetected,output,,N22404,N22404,1,undetected,N22404,N22404,N22404,sa1,1
9086,N22401 /1 undetected,output,,N22401,N22401,1,undetected,N22401,N22401,N22401,sa1,1
9087,N104219 /1 undetected,output,,N104219,N104219,1,undetected,N104219,N104219,N104219,sa1,1
9088,N77620 /1 undetected,output,,N77620,N77620,1,undetected,N77620,N77620,N77620,sa1,1
9089,N22397 /1 undetected,output,,N22397,N22397,1,undetected,N22397,N22397,N22397,sa1,1
9090,N105148 /1 undetected,output,,N105148,N105148,1,undetected,N105148,N105148,N105148,sa1,1
9091,N94142 /1 undetected,output,,N94142,N94142,1,undetected,N94142,N94142,N94142,sa1,1
9092,N22399 /1 undetected,output,,N22399,N22399,1,undetected,N22399,N22399,N22399,sa1,1
9093,N104714 /1 undetected,output,,N104714,N104714,1,undetected,N104714,N104714,N104714,sa1,1
9094,N87014 /1 undetected,output,,N87014,N87014,1,undetected,N87014,N87014,N87014,sa1,1
9095,N22410 /1 undetected,output,,N22410,N22410,1,undetected,N22410,N22410,N22410,sa1,1
9096,N22408 /1 undetected,output,,N22408,N22408,1,undetected,N22408,N22408,N22408,sa1,1
9097,N98506 /1 undetected,output,,N98506,N98506,1,undetected,N98506,N98506,N98506,sa1,1
9098,N22406 /1 undetected,output,,N22406,N22406,1,undetected,N22406,N22406,N22406,sa1,1
9099,N87522 /1 undetected,output,,N87522,N87522,1,undetected,N87522,N87522,N87522,sa1,1
9100,N75393 /1 undetected,output,,N75393,N75393,1,undetected,N75393,N75393,N75393,sa1,1
9101,N22380 /1 undetected,output,,N22380,N22380,1,undetected,N22380,N22380,N22380,sa1,1
9102,N98703 /1 undetected,output,,N98703,N98703,1,undetected,N98703,N98703,N98703,sa1,1
9103,N22378 /1 undetected,output,,N22378,N22378,1,undetected,N22378,N22378,N22378,sa1,1
9104,N22372 /1 undetected,output,,N22372,N22372,1,undetected,N22372,N22372,N22372,sa1,1
9105,N105179 /1 undetected,output,,N105179,N105179,1,undetected,N105179,N105179,N105179,sa1,1
9106,N22371 /1 undetected,output,,N22371,N22371,1,undetected,N22371,N22371,N22371,sa1,1
9107,N86125 /1 undetected,output,,N86125,N86125,1,undetected,N86125,N86125,N86125,sa1,1
9108,N104365 /1 undetected,output,,N104365,N104365,1,undetected,N104365,N104365,N104365,sa1,1
9109,N88317 /1 undetected,output,,N88317,N88317,1,undetected,N88317,N88317,N88317,sa1,1
9110,N22366 /1 undetected,output,,N22366,N22366,1,undetected,N22366,N22366,N22366,sa1,1
9111,N105171 /1 undetected,output,,N105171,N105171,1,undetected,N105171,N105171,N105171,sa1,1
9112,N79379 /1 undetected,output,,N79379,N79379,1,undetected,N79379,N79379,N79379,sa1,1
9113,N22364 /1 undetected,output,,N22364,N22364,1,undetected,N22364,N22364,N22364,sa1,1
9114,N105174 /1 undetected,output,,N105174,N105174,1,undetected,N105174,N105174,N105174,sa1,1
9115,N76353 /1 undetected,output,,N76353,N76353,1,undetected,N76353,N76353,N76353,sa1,1
9116,N22360 /1 undetected,output,,N22360,N22360,1,undetected,N22360,N22360,N22360,sa1,1
9117,N104347 /1 undetected,output,,N104347,N104347,1,undetected,N104347,N104347,N104347,sa1,1
9118,N103832 /1 undetected,output,,N103832,N103832,1,undetected,N103832,N103832,N103832,sa1,1
9119,N22358 /1 undetected,output,,N22358,N22358,1,undetected,N22358,N22358,N22358,sa1,1
9120,N104338 /1 undetected,output,,N104338,N104338,1,undetected,N104338,N104338,N104338,sa1,1
9121,N79378 /1 undetected,output,,N79378,N79378,1,undetected,N79378,N79378,N79378,sa1,1
9122,N22342 /1 undetected,output,,N22342,N22342,1,undetected,N22342,N22342,N22342,sa1,1
9123,N75555 /1 undetected,output,,N75555,N75555,1,undetected,N75555,N75555,N75555,sa1,1
9124,N22341 /1 undetected,output,,N22341,N22341,1,undetected,N22341,N22341,N22341,sa1,1
9125,N85978 /1 undetected,output,,N85978,N85978,1,undetected,N85978,N85978,N85978,sa1,1
9126,N22339 /1 undetected,output,,N22339,N22339,1,undetected,N22339,N22339,N22339,sa1,1
9127,N22337 /1 undetected,output,,N22337,N22337,1,undetected,N22337,N22337,N22337,sa1,1
9128,N22336 /1 undetected,output,,N22336,N22336,1,undetected,N22336,N22336,N22336,sa1,1
9129,N105173 /1 undetected,output,,N105173,N105173,1,undetected,N105173,N105173,N105173,sa1,1
9130,N22318 /1 undetected,output,,N22318,N22318,1,undetected,N22318,N22318,N22318,sa1,1
9131,N104796 /1 undetected,output,,N104796,N104796,1,undetected,N104796,N104796,N104796,sa1,1
9132,N103811 /1 undetected,output,,N103811,N103811,1,undetected,N103811,N103811,N103811,sa1,1
9133,N22315 /1 undetected,output,,N22315,N22315,1,undetected,N22315,N22315,N22315,sa1,1
9134,N22314 /1 undetected,output,,N22314,N22314,1,undetected,N22314,N22314,N22314,sa1,1
9135,N104361 /1 undetected,output,,N104361,N104361,1,undetected,N104361,N104361,N104361,sa1,1
9136,N22312 /1 undetected,output,,N22312,N22312,1,undetected,N22312,N22312,N22312,sa1,1
9137,N103825 /1 undetected,output,,N103825,N103825,1,undetected,N103825,N103825,N103825,sa1,1
9138,N86781 /1 undetected,output,,N86781,N86781,1,undetected,N86781,N86781,N86781,sa1,1
9139,N22311 /1 undetected,output,,N22311,N22311,1,undetected,N22311,N22311,N22311,sa1,1
9140,N104397 /1 undetected,output,,N104397,N104397,1,undetected,N104397,N104397,N104397,sa1,1
9141,N103794 /1 undetected,output,,N103794,N103794,1,undetected,N103794,N103794,N103794,sa1,1
9142,N22309 /1 undetected,output,,N22309,N22309,1,undetected,N22309,N22309,N22309,sa1,1
9143,N103799 /1 undetected,output,,N103799,N103799,1,undetected,N103799,N103799,N103799,sa1,1
9144,N22307 /1 undetected,output,,N22307,N22307,1,undetected,N22307,N22307,N22307,sa1,1
9145,N22334 /1 undetected,output,,N22334,N22334,1,undetected,N22334,N22334,N22334,sa1,1
9146,N22332 /1 undetected,output,,N22332,N22332,1,undetected,N22332,N22332,N22332,sa1,1
9147,N105172 /1 undetected,output,,N105172,N105172,1,undetected,N105172,N105172,N105172,sa1,1
9148,N76206 /1 undetected,output,,N76206,N76206,1,undetected,N76206,N76206,N76206,sa1,1
9149,N22329 /1 undetected,output,,N22329,N22329,1,undetected,N22329,N22329,N22329,sa1,1
9150,N22328 /1 undetected,output,,N22328,N22328,1,undetected,N22328,N22328,N22328,sa1,1
9151,N104806 /1 undetected,output,,N104806,N104806,1,undetected,N104806,N104806,N104806,sa1,1
9152,N22322 /1 undetected,output,,N22322,N22322,1,undetected,N22322,N22322,N22322,sa1,1
9153,N103806 /1 undetected,output,,N103806,N103806,1,undetected,N103806,N103806,N103806,sa1,1
9154,N22320 /1 undetected,output,,N22320,N22320,1,undetected,N22320,N22320,N22320,sa1,1
9155,N104334 /1 undetected,output,,N104334,N104334,1,undetected,N104334,N104334,N104334,sa1,1
9156,N103800 /1 undetected,output,,N103800,N103800,1,undetected,N103800,N103800,N103800,sa1,1
9157,N105169 /1 undetected,output,,N105169,N105169,1,undetected,N105169,N105169,N105169,sa1,1
9158,N22353 /1 undetected,output,,N22353,N22353,1,undetected,N22353,N22353,N22353,sa1,1
9159,N103835 /1 undetected,output,,N103835,N103835,1,undetected,N103835,N103835,N103835,sa1,1
9160,N22352 /1 undetected,output,,N22352,N22352,1,undetected,N22352,N22352,N22352,sa1,1
9161,N104312 /1 undetected,output,,N104312,N104312,1,undetected,N104312,N104312,N104312,sa1,1
9162,N105177 /1 undetected,output,,N105177,N105177,1,undetected,N105177,N105177,N105177,sa1,1
9163,N93342 /1 undetected,output,,N93342,N93342,1,undetected,N93342,N93342,N93342,sa1,1
9164,N22346 /1 undetected,output,,N22346,N22346,1,undetected,N22346,N22346,N22346,sa1,1
9165,N104280 /1 undetected,output,,N104280,N104280,1,undetected,N104280,N104280,N104280,sa1,1
9166,N86124 /1 undetected,output,,N86124,N86124,1,undetected,N86124,N86124,N86124,sa1,1
9167,N82588 /1 undetected,output,,N82588,N82588,1,undetected,N82588,N82588,N82588,sa1,1
9168,N82512 /1 undetected,output,,N82512,N82512,1,undetected,N82512,N82512,N82512,sa1,1
9169,N90527 /1 undetected,output,,N90527,N90527,1,undetected,N90527,N90527,N90527,sa1,1
9170,N123612 /1 undetected,output,,N123612,N123612,1,undetected,N123612,N123612,N123612,sa1,1
9171,N90526 /1 undetected,output,,N90526,N90526,1,undetected,N90526,N90526,N90526,sa1,1
9172,N90650 /1 undetected,output,,N90650,N90650,1,undetected,N90650,N90650,N90650,sa1,1
9173,N90581 /1 undetected,output,,N90581,N90581,1,undetected,N90581,N90581,N90581,sa1,1
9174,N90649 /1 undetected,output,,N90649,N90649,1,undetected,N90649,N90649,N90649,sa1,1
9175,N90528 /1 undetected,output,,N90528,N90528,1,undetected,N90528,N90528,N90528,sa1,1
9176,N82511 /1 undetected,output,,N82511,N82511,1,undetected,N82511,N82511,N82511,sa1,1
9177,N123613 /1 undetected,output,,N123613,N123613,1,undetected,N123613,N123613,N123613,sa1,1
9178,N124658 /1 undetected,output,,N124658,N124658,1,undetected,N124658,N124658,N124658,sa1,1
9179,N90606 /1 undetected,output,,N90606,N90606,1,undetected,N90606,N90606,N90606,sa1,1
9180,N90578 /1 undetected,output,,N90578,N90578,1,undetected,N90578,N90578,N90578,sa1,1
9181,N82505 /1 undetected,output,,N82505,N82505,1,undetected,N82505,N82505,N82505,sa1,1
9182,N90711 /1 undetected,output,,N90711,N90711,1,undetected,N90711,N90711,N90711,sa1,1
9183,N75251 /1 undetected,output,,N75251,N75251,1,undetected,N75251,N75251,N75251,sa1,1
9184,N90577 /1 undetected,output,,N90577,N90577,1,undetected,N90577,N90577,N90577,sa1,1
9185,N82453 /1 undetected,output,,N82453,N82453,1,undetected,N82453,N82453,N82453,sa1,1
9186,N90576 /1 undetected,output,,N90576,N90576,1,undetected,N90576,N90576,N90576,sa1,1
9187,N82504 /1 undetected,output,,N82504,N82504,1,undetected,N82504,N82504,N82504,sa1,1
9188,N90707 /1 undetected,output,,N90707,N90707,1,undetected,N90707,N90707,N90707,sa1,1
9189,N90710 /1 undetected,output,,N90710,N90710,1,undetected,N90710,N90710,N90710,sa1,1
9190,N105309 /1 undetected,output,,N105309,N105309,1,undetected,N105309,N105309,N105309,sa1,1
9191,N102388 /1 undetected,output,,N102388,N102388,1,undetected,N102388,N102388,N102388,sa1,1
9192,N98906 /1 undetected,output,,N98906,N98906,1,undetected,N98906,N98906,N98906,sa1,1
9193,N77504 /1 undetected,output,,N77504,N77504,1,undetected,N77504,N77504,N77504,sa1,1
9194,N93391 /1 undetected,output,,N93391,N93391,1,undetected,N93391,N93391,N93391,sa1,1
9195,N23213 /1 undetected,output,,N23213,N23213,1,undetected,N23213,N23213,N23213,sa1,1
9196,N94178 /1 undetected,output,,N94178,N94178,1,undetected,N94178,N94178,N94178,sa1,1
9197,N23211 /1 undetected,output,,N23211,N23211,1,undetected,N23211,N23211,N23211,sa1,1
9198,N23209 /1 undetected,output,,N23209,N23209,1,undetected,N23209,N23209,N23209,sa1,1
9199,N104186 /1 undetected,output,,N104186,N104186,1,undetected,N104186,N104186,N104186,sa1,1
9200,N86942 /1 undetected,output,,N86942,N86942,1,undetected,N86942,N86942,N86942,sa1,1
9201,N105320 /1 undetected,output,,N105320,N105320,1,undetected,N105320,N105320,N105320,sa1,1
9202,N23205 /1 undetected,output,,N23205,N23205,1,undetected,N23205,N23205,N23205,sa1,1
9203,N23203 /1 undetected,output,,N23203,N23203,1,undetected,N23203,N23203,N23203,sa1,1
9204,N104925 /1 undetected,output,,N104925,N104925,1,undetected,N104925,N104925,N104925,sa1,1
9205,N84196 /1 undetected,output,,N84196,N84196,1,undetected,N84196,N84196,N84196,sa1,1
9206,N84453 /1 undetected,output,,N84453,N84453,1,undetected,N84453,N84453,N84453,sa1,1
9207,N76483 /1 undetected,output,,N76483,N76483,1,undetected,N76483,N76483,N76483,sa1,1
9208,N105316 /1 undetected,output,,N105316,N105316,1,undetected,N105316,N105316,N105316,sa1,1
9209,N23195 /1 undetected,output,,N23195,N23195,1,undetected,N23195,N23195,N23195,sa1,1
9210,N104560 /1 undetected,output,,N104560,N104560,1,undetected,N104560,N104560,N104560,sa1,1
9211,N103183 /1 undetected,output,,N103183,N103183,1,undetected,N103183,N103183,N103183,sa1,1
9212,N101414 /1 undetected,output,,N101414,N101414,1,undetected,N101414,N101414,N101414,sa1,1
9213,N23191 /1 undetected,output,,N23191,N23191,1,undetected,N23191,N23191,N23191,sa1,1
9214,N23189 /1 undetected,output,,N23189,N23189,1,undetected,N23189,N23189,N23189,sa1,1
9215,N104492 /1 undetected,output,,N104492,N104492,1,undetected,N104492,N104492,N104492,sa1,1
9216,N79294 /1 undetected,output,,N79294,N79294,1,undetected,N79294,N79294,N79294,sa1,1
9217,N105307 /1 undetected,output,,N105307,N105307,1,undetected,N105307,N105307,N105307,sa1,1
9218,N92512 /1 undetected,output,,N92512,N92512,1,undetected,N92512,N92512,N92512,sa1,1
9219,N92487 /1 undetected,output,,N92487,N92487,1,undetected,N92487,N92487,N92487,sa1,1
9220,N76482 /1 undetected,output,,N76482,N76482,1,undetected,N76482,N76482,N76482,sa1,1
9221,N23172 /1 undetected,output,,N23172,N23172,1,undetected,N23172,N23172,N23172,sa1,1
9222,N23170 /1 undetected,output,,N23170,N23170,1,undetected,N23170,N23170,N23170,sa1,1
9223,N101421 /1 undetected,output,,N101421,N101421,1,undetected,N101421,N101421,N101421,sa1,1
9224,N23164 /1 undetected,output,,N23164,N23164,1,undetected,N23164,N23164,N23164,sa1,1
9225,N23161 /1 undetected,output,,N23161,N23161,1,undetected,N23161,N23161,N23161,sa1,1
9226,N23159 /1 undetected,output,,N23159,N23159,1,undetected,N23159,N23159,N23159,sa1,1
9227,N75561 /1 undetected,output,,N75561,N75561,1,undetected,N75561,N75561,N75561,sa1,1
9228,N23158 /1 undetected,output,,N23158,N23158,1,undetected,N23158,N23158,N23158,sa1,1
9229,N23156 /1 undetected,output,,N23156,N23156,1,undetected,N23156,N23156,N23156,sa1,1
9230,N86940 /1 undetected,output,,N86940,N86940,1,undetected,N86940,N86940,N86940,sa1,1
9231,N84195 /1 undetected,output,,N84195,N84195,1,undetected,N84195,N84195,N84195,sa1,1
9232,N23155 /1 undetected,output,,N23155,N23155,1,undetected,N23155,N23155,N23155,sa1,1
9233,N98831 /1 undetected,output,,N98831,N98831,1,undetected,N98831,N98831,N98831,sa1,1
9234,N23153 /1 undetected,output,,N23153,N23153,1,undetected,N23153,N23153,N23153,sa1,1
9235,N94123 /1 undetected,output,,N94123,N94123,1,undetected,N94123,N94123,N94123,sa1,1
9236,N23152 /1 undetected,output,,N23152,N23152,1,undetected,N23152,N23152,N23152,sa1,1
9237,N105319 /1 undetected,output,,N105319,N105319,1,undetected,N105319,N105319,N105319,sa1,1
9238,N75397 /1 undetected,output,,N75397,N75397,1,undetected,N75397,N75397,N75397,sa1,1
9239,N23148 /1 undetected,output,,N23148,N23148,1,undetected,N23148,N23148,N23148,sa1,1
9240,N23146 /1 undetected,output,,N23146,N23146,1,undetected,N23146,N23146,N23146,sa1,1
9241,N23145 /1 undetected,output,,N23145,N23145,1,undetected,N23145,N23145,N23145,sa1,1
9242,N77503 /1 undetected,output,,N77503,N77503,1,undetected,N77503,N77503,N77503,sa1,1
9243,N23144 /1 undetected,output,,N23144,N23144,1,undetected,N23144,N23144,N23144,sa1,1
9244,N104960 /1 undetected,output,,N104960,N104960,1,undetected,N104960,N104960,N104960,sa1,1
9245,N23142 /1 undetected,output,,N23142,N23142,1,undetected,N23142,N23142,N23142,sa1,1
9246,N94153 /1 undetected,output,,N94153,N94153,1,undetected,N94153,N94153,N94153,sa1,1
9247,N23139 /1 undetected,output,,N23139,N23139,1,undetected,N23139,N23139,N23139,sa1,1
9248,N23141 /1 undetected,output,,N23141,N23141,1,undetected,N23141,N23141,N23141,sa1,1
9249,N105318 /1 undetected,output,,N105318,N105318,1,undetected,N105318,N105318,N105318,sa1,1
9250,N22165 /1 undetected,output,,N22165,N22165,1,undetected,N22165,N22165,N22165,sa1,1
9251,N23137 /1 undetected,output,,N23137,N23137,1,undetected,N23137,N23137,N23137,sa1,1
9252,N94145 /1 undetected,output,,N94145,N94145,1,undetected,N94145,N94145,N94145,sa1,1
9253,N22156 /1 undetected,output,,N22156,N22156,1,undetected,N22156,N22156,N22156,sa1,1
9254,N88210 /1 undetected,output,,N88210,N88210,1,undetected,N88210,N88210,N88210,sa1,1
9255,N23133 /1 undetected,output,,N23133,N23133,1,undetected,N23133,N23133,N23133,sa1,1
9256,N23131 /1 undetected,output,,N23131,N23131,1,undetected,N23131,N23131,N23131,sa1,1
9257,N105315 /1 undetected,output,,N105315,N105315,1,undetected,N105315,N105315,N105315,sa1,1
9258,N105113 /1 undetected,output,,N105113,N105113,1,undetected,N105113,N105113,N105113,sa1,1
9259,N105121 /1 undetected,output,,N105121,N105121,1,undetected,N105121,N105121,N105121,sa1,1
9260,N101413 /1 undetected,output,,N101413,N101413,1,undetected,N101413,N101413,N101413,sa1,1
9261,N79293 /1 undetected,output,,N79293,N79293,1,undetected,N79293,N79293,N79293,sa1,1
9262,N23125 /1 undetected,output,,N23125,N23125,1,undetected,N23125,N23125,N23125,sa1,1
9263,N23123 /1 undetected,output,,N23123,N23123,1,undetected,N23123,N23123,N23123,sa1,1
9264,N105314 /1 undetected,output,,N105314,N105314,1,undetected,N105314,N105314,N105314,sa1,1
9265,N105108 /1 undetected,output,,N105108,N105108,1,undetected,N105108,N105108,N105108,sa1,1
9266,N105130 /1 undetected,output,,N105130,N105130,1,undetected,N105130,N105130,N105130,sa1,1
9267,N101412 /1 undetected,output,,N101412,N101412,1,undetected,N101412,N101412,N101412,sa1,1
9268,N105308 /1 undetected,output,,N105308,N105308,1,undetected,N105308,N105308,N105308,sa1,1
9269,N16574 /0 undetected,output,,N16574,N16574,0,undetected,N16574,N16574,N16574,sa0,1
9270,N95342 /1 undetected,output,,N95342,N95342,1,undetected,N95342,N95342,N95342,sa1,1
9271,N16570 /1 undetected,output,,N16570,N16570,1,undetected,N16570,N16570,N16570,sa1,1
9272,N99189 /1 undetected,output,,N99189,N99189,1,undetected,N99189,N99189,N99189,sa1,1
9273,N16566 /1 undetected,output,,N16566,N16566,1,undetected,N16566,N16566,N16566,sa1,1
9274,N16562 /1 undetected,output,,N16562,N16562,1,undetected,N16562,N16562,N16562,sa1,1
9275,N85478 /1 undetected,output,,N85478,N85478,1,undetected,N85478,N85478,N85478,sa1,1
9276,N16554 /1 undetected,output,,N16554,N16554,1,undetected,N16554,N16554,N16554,sa1,1
9277,N103116 /1 undetected,output,,N103116,N103116,1,undetected,N103116,N103116,N103116,sa1,1
9278,N86167 /1 undetected,output,,N86167,N86167,1,undetected,N86167,N86167,N86167,sa1,1
9279,N16549 /1 undetected,output,,N16549,N16549,1,undetected,N16549,N16549,N16549,sa1,1
9280,N103120 /1 undetected,output,,N103120,N103120,1,undetected,N103120,N103120,N103120,sa1,1
9281,N76387 /1 undetected,output,,N76387,N76387,1,undetected,N76387,N76387,N76387,sa1,1
9282,N16547 /1 undetected,output,,N16547,N16547,1,undetected,N16547,N16547,N16547,sa1,1
9283,N103038 /1 undetected,output,,N103038,N103038,1,undetected,N103038,N103038,N103038,sa1,1
9284,N94745 /1 undetected,output,,N94745,N94745,1,undetected,N94745,N94745,N94745,sa1,1
9285,N16561 /1 undetected,output,,N16561,N16561,1,undetected,N16561,N16561,N16561,sa1,1
9286,N103039 /1 undetected,output,,N103039,N103039,1,undetected,N103039,N103039,N103039,sa1,1
9287,N103125 /1 undetected,output,,N103125,N103125,1,undetected,N103125,N103125,N103125,sa1,1
9288,N16558 /1 undetected,output,,N16558,N16558,1,undetected,N16558,N16558,N16558,sa1,1
9289,N86168 /1 undetected,output,,N86168,N86168,1,undetected,N86168,N86168,N86168,sa1,1
9290,N16556 /1 undetected,output,,N16556,N16556,1,undetected,N16556,N16556,N16556,sa1,1
9291,N77172 /1 undetected,output,,N77172,N77172,1,undetected,N77172,N77172,N77172,sa1,1
9292,N16331 /1 undetected,output,,N16331,N16331,1,undetected,N16331,N16331,N16331,sa1,1
9293,N16543 /1 undetected,output,,N16543,N16543,1,undetected,N16543,N16543,N16543,sa1,1
9294,N75529 /1 undetected,output,,N75529,N75529,1,undetected,N75529,N75529,N75529,sa1,1
9295,N16542 /1 undetected,output,,N16542,N16542,1,undetected,N16542,N16542,N16542,sa1,1
9296,N102619 /1 undetected,output,,N102619,N102619,1,undetected,N102619,N102619,N102619,sa1,1
9297,N16533 /1 undetected,output,,N16533,N16533,1,undetected,N16533,N16533,N16533,sa1,1
9298,N16537 /1 undetected,output,,N16537,N16537,1,undetected,N16537,N16537,N16537,sa1,1
9299,N86711 /1 undetected,output,,N86711,N86711,1,undetected,N86711,N86711,N86711,sa1,1
9300,N86029 /1 undetected,output,,N86029,N86029,1,undetected,N86029,N86029,N86029,sa1,1
9301,N16530 /1 undetected,output,,N16530,N16530,1,undetected,N16530,N16530,N16530,sa1,1
9302,N16528 /1 undetected,output,,N16528,N16528,1,undetected,N16528,N16528,N16528,sa1,1
9303,N16527 /1 undetected,output,,N16527,N16527,1,undetected,N16527,N16527,N16527,sa1,1
9304,N103119 /1 undetected,output,,N103119,N103119,1,undetected,N103119,N103119,N103119,sa1,1
9305,N76242 /1 undetected,output,,N76242,N76242,1,undetected,N76242,N76242,N76242,sa1,1
9306,N16523 /1 undetected,output,,N16523,N16523,1,undetected,N16523,N16523,N16523,sa1,1
9307,N16521 /1 undetected,output,,N16521,N16521,1,undetected,N16521,N16521,N16521,sa1,1
9308,N103115 /1 undetected,output,,N103115,N103115,1,undetected,N103115,N103115,N103115,sa1,1
9309,N86027 /1 undetected,output,,N86027,N86027,1,undetected,N86027,N86027,N86027,sa1,1
9310,N16569 /1 undetected,output,,N16569,N16569,1,undetected,N16569,N16569,N16569,sa1,1
9311,N103126 /1 undetected,output,,N103126,N103126,1,undetected,N103126,N103126,N103126,sa1,1
9312,N16567 /1 undetected,output,,N16567,N16567,1,undetected,N16567,N16567,N16567,sa1,1
9313,N86196 /1 undetected,output,,N86196,N86196,1,undetected,N86196,N86196,N86196,sa1,1
9314,N77173 /1 undetected,output,,N77173,N77173,1,undetected,N77173,N77173,N77173,sa1,1
9315,N99203 /1 undetected,output,,N99203,N99203,1,undetected,N99203,N99203,N99203,sa1,1
9316,N16466 /1 undetected,output,,N16466,N16466,1,undetected,N16466,N16466,N16466,sa1,1
9317,N16465 /1 undetected,output,,N16465,N16465,1,undetected,N16465,N16465,N16465,sa1,1
9318,N16463 /1 undetected,output,,N16463,N16463,1,undetected,N16463,N16463,N16463,sa1,1
9319,N75527 /1 undetected,output,,N75527,N75527,1,undetected,N75527,N75527,N75527,sa1,1
9320,N16462 /1 undetected,output,,N16462,N16462,1,undetected,N16462,N16462,N16462,sa1,1
9321,N16460 /1 undetected,output,,N16460,N16460,1,undetected,N16460,N16460,N16460,sa1,1
9322,N102616 /1 undetected,output,,N102616,N102616,1,undetected,N102616,N102616,N102616,sa1,1
9323,N16459 /1 undetected,output,,N16459,N16459,1,undetected,N16459,N16459,N16459,sa1,1
9324,N103085 /1 undetected,output,,N103085,N103085,1,undetected,N103085,N103085,N103085,sa1,1
9325,N76241 /1 undetected,output,,N76241,N76241,1,undetected,N76241,N76241,N76241,sa1,1
9326,N16457 /1 undetected,output,,N16457,N16457,1,undetected,N16457,N16457,N16457,sa1,1
9327,N103093 /1 undetected,output,,N103093,N103093,1,undetected,N103093,N103093,N103093,sa1,1
9328,N86026 /1 undetected,output,,N86026,N86026,1,undetected,N86026,N86026,N86026,sa1,1
9329,N16453 /1 undetected,output,,N16453,N16453,1,undetected,N16453,N16453,N16453,sa1,1
9330,N102617 /1 undetected,output,,N102617,N102617,1,undetected,N102617,N102617,N102617,sa1,1
9331,N16452 /1 undetected,output,,N16452,N16452,1,undetected,N16452,N16452,N16452,sa1,1
9332,N86025 /1 undetected,output,,N86025,N86025,1,undetected,N86025,N86025,N86025,sa1,1
9333,N16450 /1 undetected,output,,N16450,N16450,1,undetected,N16450,N16450,N16450,sa1,1
9334,N76240 /1 undetected,output,,N76240,N76240,1,undetected,N76240,N76240,N76240,sa1,1
9335,N16448 /1 undetected,output,,N16448,N16448,1,undetected,N16448,N16448,N16448,sa1,1
9336,N85477 /1 undetected,output,,N85477,N85477,1,undetected,N85477,N85477,N85477,sa1,1
9337,N16445 /1 undetected,output,,N16445,N16445,1,undetected,N16445,N16445,N16445,sa1,1
9338,N16443 /1 undetected,output,,N16443,N16443,1,undetected,N16443,N16443,N16443,sa1,1
9339,N103036 /1 undetected,output,,N103036,N103036,1,undetected,N103036,N103036,N103036,sa1,1
9340,N16442 /1 undetected,output,,N16442,N16442,1,undetected,N16442,N16442,N16442,sa1,1
9341,N103084 /1 undetected,output,,N103084,N103084,1,undetected,N103084,N103084,N103084,sa1,1
9342,N76386 /1 undetected,output,,N76386,N76386,1,undetected,N76386,N76386,N76386,sa1,1
9343,N16440 /1 undetected,output,,N16440,N16440,1,undetected,N16440,N16440,N16440,sa1,1
9344,N103092 /1 undetected,output,,N103092,N103092,1,undetected,N103092,N103092,N103092,sa1,1
9345,N86166 /1 undetected,output,,N86166,N86166,1,undetected,N86166,N86166,N86166,sa1,1
9346,N16436 /1 undetected,output,,N16436,N16436,1,undetected,N16436,N16436,N16436,sa1,1
9347,N103037 /1 undetected,output,,N103037,N103037,1,undetected,N103037,N103037,N103037,sa1,1
9348,N16435 /1 undetected,output,,N16435,N16435,1,undetected,N16435,N16435,N16435,sa1,1
9349,N86165 /1 undetected,output,,N86165,N86165,1,undetected,N86165,N86165,N86165,sa1,1
9350,N16419 /1 undetected,output,,N16419,N16419,1,undetected,N16419,N16419,N16419,sa1,1
9351,N76385 /1 undetected,output,,N76385,N76385,1,undetected,N76385,N76385,N76385,sa1,1
9352,N65189 /1 undetected,output,,N65189,N65189,1,undetected,N65189,N65189,N65189,sa1,1
9353,N125519 /1 undetected,output,,N125519,N125519,1,undetected,N125519,N125519,N125519,sa1,1
9354,N82323 /1 undetected,output,,N82323,N82323,1,undetected,N82323,N82323,N82323,sa1,1
9355,N82322 /1 undetected,output,,N82322,N82322,1,undetected,N82322,N82322,N82322,sa1,1
9356,N90523 /1 undetected,output,,N90523,N90523,1,undetected,N90523,N90523,N90523,sa1,1
9357,N82321 /1 undetected,output,,N82321,N82321,1,undetected,N82321,N82321,N82321,sa1,1
9358,N82502 /1 undetected,output,,N82502,N82502,1,undetected,N82502,N82502,N82502,sa1,1
9359,N82320 /1 undetected,output,,N82320,N82320,1,undetected,N82320,N82320,N82320,sa1,1
9360,N90520 /1 undetected,output,,N90520,N90520,1,undetected,N90520,N90520,N90520,sa1,1
9361,N82319 /1 undetected,output,,N82319,N82319,1,undetected,N82319,N82319,N82319,sa1,1
9362,N90519 /1 undetected,output,,N90519,N90519,1,undetected,N90519,N90519,N90519,sa1,1
9363,N22686 /1 undetected,output,,N22686,N22686,1,undetected,N22686,N22686,N22686,sa1,1
9364,N105188 /1 undetected,output,,N105188,N105188,1,undetected,N105188,N105188,N105188,sa1,1
9365,N104576 /1 undetected,output,,N104576,N104576,1,undetected,N104576,N104576,N104576,sa1,1
9366,N84522 /1 undetected,output,,N84522,N84522,1,undetected,N84522,N84522,N84522,sa1,1
9367,N84736 /1 undetected,output,,N84736,N84736,1,undetected,N84736,N84736,N84736,sa1,1
9368,N22673 /1 undetected,output,,N22673,N22673,1,undetected,N22673,N22673,N22673,sa1,1
9369,N101151 /1 undetected,output,,N101151,N101151,1,undetected,N101151,N101151,N101151,sa1,1
9370,N76473 /1 undetected,output,,N76473,N76473,1,undetected,N76473,N76473,N76473,sa1,1
9371,N22667 /1 undetected,output,,N22667,N22667,1,undetected,N22667,N22667,N22667,sa1,1
9372,N104927 /1 undetected,output,,N104927,N104927,1,undetected,N104927,N104927,N104927,sa1,1
9373,N22663 /1 undetected,output,,N22663,N22663,1,undetected,N22663,N22663,N22663,sa1,1
9374,N105195 /1 undetected,output,,N105195,N105195,1,undetected,N105195,N105195,N105195,sa1,1
9375,N104142 /1 undetected,output,,N104142,N104142,1,undetected,N104142,N104142,N104142,sa1,1
9376,N104923 /1 undetected,output,,N104923,N104923,1,undetected,N104923,N104923,N104923,sa1,1
9377,N22659 /1 undetected,output,,N22659,N22659,1,undetected,N22659,N22659,N22659,sa1,1
9378,N76313 /1 undetected,output,,N76313,N76313,1,undetected,N76313,N76313,N76313,sa1,1
9379,N84445 /1 undetected,output,,N84445,N84445,1,undetected,N84445,N84445,N84445,sa1,1
9380,N104145 /1 undetected,output,,N104145,N104145,1,undetected,N104145,N104145,N104145,sa1,1
9381,N74656 /1 undetected,output,,N74656,N74656,1,undetected,N74656,N74656,N74656,sa1,1
9382,N22646 /1 undetected,output,,N22646,N22646,1,undetected,N22646,N22646,N22646,sa1,1
9383,N22642 /1 undetected,output,,N22642,N22642,1,undetected,N22642,N22642,N22642,sa1,1
9384,N92484 /1 undetected,output,,N92484,N92484,1,undetected,N92484,N92484,N92484,sa1,1
9385,N91645 /1 undetected,output,,N91645,N91645,1,undetected,N91645,N91645,N91645,sa1,1
9386,N74792 /1 undetected,output,,N74792,N74792,1,undetected,N74792,N74792,N74792,sa1,1
9387,N22639 /1 undetected,output,,N22639,N22639,1,undetected,N22639,N22639,N22639,sa1,1
9388,N22635 /1 undetected,output,,N22635,N22635,1,undetected,N22635,N22635,N22635,sa1,1
9389,N76472 /1 undetected,output,,N76472,N76472,1,undetected,N76472,N76472,N76472,sa1,1
9390,N22634 /1 undetected,output,,N22634,N22634,1,undetected,N22634,N22634,N22634,sa1,1
9391,N92279 /1 undetected,output,,N92279,N92279,1,undetected,N92279,N92279,N92279,sa1,1
9392,N22632 /1 undetected,output,,N22632,N22632,1,undetected,N22632,N22632,N22632,sa1,1
9393,N98507 /1 undetected,output,,N98507,N98507,1,undetected,N98507,N98507,N98507,sa1,1
9394,N22631 /1 undetected,output,,N22631,N22631,1,undetected,N22631,N22631,N22631,sa1,1
9395,N75394 /1 undetected,output,,N75394,N75394,1,undetected,N75394,N75394,N75394,sa1,1
9396,N22629 /1 undetected,output,,N22629,N22629,1,undetected,N22629,N22629,N22629,sa1,1
9397,N22627 /1 undetected,output,,N22627,N22627,1,undetected,N22627,N22627,N22627,sa1,1
9398,N22625 /1 undetected,output,,N22625,N22625,1,undetected,N22625,N22625,N22625,sa1,1
9399,N85508 /1 undetected,output,,N85508,N85508,1,undetected,N85508,N85508,N85508,sa1,1
9400,N22624 /1 undetected,output,,N22624,N22624,1,undetected,N22624,N22624,N22624,sa1,1
9401,N94529 /1 undetected,output,,N94529,N94529,1,undetected,N94529,N94529,N94529,sa1,1
9402,N86083 /1 undetected,output,,N86083,N86083,1,undetected,N86083,N86083,N86083,sa1,1
9403,N22612 /1 undetected,output,,N22612,N22612,1,undetected,N22612,N22612,N22612,sa1,1
9404,N22611 /1 undetected,output,,N22611,N22611,1,undetected,N22611,N22611,N22611,sa1,1
9405,N87615 /1 undetected,output,,N87615,N87615,1,undetected,N87615,N87615,N87615,sa1,1
9406,N84734 /1 undetected,output,,N84734,N84734,1,undetected,N84734,N84734,N84734,sa1,1
9407,N22610 /1 undetected,output,,N22610,N22610,1,undetected,N22610,N22610,N22610,sa1,1
9408,N22606 /1 undetected,output,,N22606,N22606,1,undetected,N22606,N22606,N22606,sa1,1
9409,N22608 /1 undetected,output,,N22608,N22608,1,undetected,N22608,N22608,N22608,sa1,1
9410,N105193 /1 undetected,output,,N105193,N105193,1,undetected,N105193,N105193,N105193,sa1,1
9411,N22620 /1 undetected,output,,N22620,N22620,1,undetected,N22620,N22620,N22620,sa1,1
9412,N22619 /1 undetected,output,,N22619,N22619,1,undetected,N22619,N22619,N22619,sa1,1
9413,N84735 /1 undetected,output,,N84735,N84735,1,undetected,N84735,N84735,N84735,sa1,1
9414,N78735 /1 undetected,output,,N78735,N78735,1,undetected,N78735,N78735,N78735,sa1,1
9415,N22618 /1 undetected,output,,N22618,N22618,1,undetected,N22618,N22618,N22618,sa1,1
9416,N104453 /1 undetected,output,,N104453,N104453,1,undetected,N104453,N104453,N104453,sa1,1
9417,N13203 /1 undetected,output,,N13203,N13203,1,undetected,N13203,N13203,N13203,sa1,1
9418,N22616 /1 undetected,output,,N22616,N22616,1,undetected,N22616,N22616,N22616,sa1,1
9419,N101147 /1 undetected,output,,N101147,N101147,1,undetected,N101147,N101147,N101147,sa1,1
9420,N105057 /1 undetected,output,,N105057,N105057,1,undetected,N105057,N105057,N105057,sa1,1
9421,N22124 /1 undetected,output,,N22124,N22124,1,undetected,N22124,N22124,N22124,sa1,1
9422,N22120 /1 undetected,output,,N22120,N22120,1,undetected,N22120,N22120,N22120,sa1,1
9423,N105096 /1 undetected,output,,N105096,N105096,1,undetected,N105096,N105096,N105096,sa1,1
9424,N100500 /1 undetected,output,,N100500,N100500,1,undetected,N100500,N100500,N100500,sa1,1
9425,N22117 /1 undetected,output,,N22117,N22117,1,undetected,N22117,N22117,N22117,sa1,1
9426,N22115 /1 undetected,output,,N22115,N22115,1,undetected,N22115,N22115,N22115,sa1,1
9427,N22114 /1 undetected,output,,N22114,N22114,1,undetected,N22114,N22114,N22114,sa1,1
9428,N100496 /1 undetected,output,,N100496,N100496,1,undetected,N100496,N100496,N100496,sa1,1
9429,N92298 /1 undetected,output,,N92298,N92298,1,undetected,N92298,N92298,N92298,sa1,1
9430,N22110 /1 undetected,output,,N22110,N22110,1,undetected,N22110,N22110,N22110,sa1,1
9431,N94171 /1 undetected,output,,N94171,N94171,1,undetected,N94171,N94171,N94171,sa1,1
9432,N87652 /1 undetected,output,,N87652,N87652,1,undetected,N87652,N87652,N87652,sa1,1
9433,N22112 /1 undetected,output,,N22112,N22112,1,undetected,N22112,N22112,N22112,sa1,1
9434,N104498 /1 undetected,output,,N104498,N104498,1,undetected,N104498,N104498,N104498,sa1,1
9435,N100499 /1 undetected,output,,N100499,N100499,1,undetected,N100499,N100499,N100499,sa1,1
9436,N22109 /1 undetected,output,,N22109,N22109,1,undetected,N22109,N22109,N22109,sa1,1
9437,N22107 /1 undetected,output,,N22107,N22107,1,undetected,N22107,N22107,N22107,sa1,1
9438,N105094 /1 undetected,output,,N105094,N105094,1,undetected,N105094,N105094,N105094,sa1,1
9439,N22106 /1 undetected,output,,N22106,N22106,1,undetected,N22106,N22106,N22106,sa1,1
9440,N104903 /1 undetected,output,,N104903,N104903,1,undetected,N104903,N104903,N104903,sa1,1
9441,N86977 /1 undetected,output,,N86977,N86977,1,undetected,N86977,N86977,N86977,sa1,1
9442,N22102 /1 undetected,output,,N22102,N22102,1,undetected,N22102,N22102,N22102,sa1,1
9443,N105090 /1 undetected,output,,N105090,N105090,1,undetected,N105090,N105090,N105090,sa1,1
9444,N77562 /1 undetected,output,,N77562,N77562,1,undetected,N77562,N77562,N77562,sa1,1
9445,N22087 /1 undetected,output,,N22087,N22087,1,undetected,N22087,N22087,N22087,sa1,1
9446,N22085 /1 undetected,output,,N22085,N22085,1,undetected,N22085,N22085,N22085,sa1,1
9447,N100543 /1 undetected,output,,N100543,N100543,1,undetected,N100543,N100543,N100543,sa1,1
9448,N22083 /1 undetected,output,,N22083,N22083,1,undetected,N22083,N22083,N22083,sa1,1
9449,N105080 /1 undetected,output,,N105080,N105080,1,undetected,N105080,N105080,N105080,sa1,1
9450,N22081 /1 undetected,output,,N22081,N22081,1,undetected,N22081,N22081,N22081,sa1,1
9451,N104487 /1 undetected,output,,N104487,N104487,1,undetected,N104487,N104487,N104487,sa1,1
9452,N78783 /1 undetected,output,,N78783,N78783,1,undetected,N78783,N78783,N78783,sa1,1
9453,N105074 /1 undetected,output,,N105074,N105074,1,undetected,N105074,N105074,N105074,sa1,1
9454,N22075 /1 undetected,output,,N22075,N22075,1,undetected,N22075,N22075,N22075,sa1,1
9455,N105077 /1 undetected,output,,N105077,N105077,1,undetected,N105077,N105077,N105077,sa1,1
9456,N22074 /1 undetected,output,,N22074,N22074,1,undetected,N22074,N22074,N22074,sa1,1
9457,N105071 /1 undetected,output,,N105071,N105071,1,undetected,N105071,N105071,N105071,sa1,1
9458,N87669 /1 undetected,output,,N87669,N87669,1,undetected,N87669,N87669,N87669,sa1,1
9459,N102387 /1 undetected,output,,N102387,N102387,1,undetected,N102387,N102387,N102387,sa1,1
9460,N91886 /1 undetected,output,,N91886,N91886,1,undetected,N91886,N91886,N91886,sa1,1
9461,N105060 /1 undetected,output,,N105060,N105060,1,undetected,N105060,N105060,N105060,sa1,1
9462,N84521 /1 undetected,output,,N84521,N84521,1,undetected,N84521,N84521,N84521,sa1,1
9463,N76467 /1 undetected,output,,N76467,N76467,1,undetected,N76467,N76467,N76467,sa1,1
9464,N104329 /1 undetected,output,,N104329,N104329,1,undetected,N104329,N104329,N104329,sa1,1
9465,N100546 /1 undetected,output,,N100546,N100546,1,undetected,N100546,N100546,N100546,sa1,1
9466,N22219 /1 undetected,output,,N22219,N22219,1,undetected,N22219,N22219,N22219,sa1,1
9467,N100548 /1 undetected,output,,N100548,N100548,1,undetected,N100548,N100548,N100548,sa1,1
9468,N22200 /1 undetected,output,,N22200,N22200,1,undetected,N22200,N22200,N22200,sa1,1
9469,N94141 /1 undetected,output,,N94141,N94141,1,undetected,N94141,N94141,N94141,sa1,1
9470,N22198 /1 undetected,output,,N22198,N22198,1,undetected,N22198,N22198,N22198,sa1,1
9471,N22197 /1 undetected,output,,N22197,N22197,1,undetected,N22197,N22197,N22197,sa1,1
9472,N104209 /1 undetected,output,,N104209,N104209,1,undetected,N104209,N104209,N104209,sa1,1
9473,N100497 /1 undetected,output,,N100497,N100497,1,undetected,N100497,N100497,N100497,sa1,1
9474,N22195 /1 undetected,output,,N22195,N22195,1,undetected,N22195,N22195,N22195,sa1,1
9475,N104527 /1 undetected,output,,N104527,N104527,1,undetected,N104527,N104527,N104527,sa1,1
9476,N100501 /1 undetected,output,,N100501,N100501,1,undetected,N100501,N100501,N100501,sa1,1
9477,N100048 /1 undetected,output,,N100048,N100048,1,undetected,N100048,N100048,N100048,sa1,1
9478,N22189 /1 undetected,output,,N22189,N22189,1,undetected,N22189,N22189,N22189,sa1,1
9479,N75553 /1 undetected,output,,N75553,N75553,1,undetected,N75553,N75553,N75553,sa1,1
9480,N22104 /1 undetected,output,,N22104,N22104,1,undetected,N22104,N22104,N22104,sa1,1
9481,N105062 /1 undetected,output,,N105062,N105062,1,undetected,N105062,N105062,N105062,sa1,1
9482,N22183 /1 undetected,output,,N22183,N22183,1,undetected,N22183,N22183,N22183,sa1,1
9483,N105095 /1 undetected,output,,N105095,N105095,1,undetected,N105095,N105095,N105095,sa1,1
9484,N75552 /1 undetected,output,,N75552,N75552,1,undetected,N75552,N75552,N75552,sa1,1
9485,N22182 /1 undetected,output,,N22182,N22182,1,undetected,N22182,N22182,N22182,sa1,1
9486,N77563 /1 undetected,output,,N77563,N77563,1,undetected,N77563,N77563,N77563,sa1,1
9487,N22180 /1 undetected,output,,N22180,N22180,1,undetected,N22180,N22180,N22180,sa1,1
9488,N105131 /1 undetected,output,,N105131,N105131,1,undetected,N105131,N105131,N105131,sa1,1
9489,N22150 /1 undetected,output,,N22150,N22150,1,undetected,N22150,N22150,N22150,sa1,1
9490,N105078 /1 undetected,output,,N105078,N105078,1,undetected,N105078,N105078,N105078,sa1,1
9491,N22149 /1 undetected,output,,N22149,N22149,1,undetected,N22149,N22149,N22149,sa1,1
9492,N87670 /1 undetected,output,,N87670,N87670,1,undetected,N87670,N87670,N87670,sa1,1
9493,N22145 /1 undetected,output,,N22145,N22145,1,undetected,N22145,N22145,N22145,sa1,1
9494,N78784 /1 undetected,output,,N78784,N78784,1,undetected,N78784,N78784,N78784,sa1,1
9495,N22143 /1 undetected,output,,N22143,N22143,1,undetected,N22143,N22143,N22143,sa1,1
9496,N100544 /1 undetected,output,,N100544,N100544,1,undetected,N100544,N100544,N100544,sa1,1
9497,N22173 /1 undetected,output,,N22173,N22173,1,undetected,N22173,N22173,N22173,sa1,1
9498,N78785 /1 undetected,output,,N78785,N78785,1,undetected,N78785,N78785,N78785,sa1,1
9499,N105118 /1 undetected,output,,N105118,N105118,1,undetected,N105118,N105118,N105118,sa1,1
9500,N87671 /1 undetected,output,,N87671,N87671,1,undetected,N87671,N87671,N87671,sa1,1
9501,N92509 /1 undetected,output,,N92509,N92509,1,undetected,N92509,N92509,N92509,sa1,1
9502,N104955 /1 undetected,output,,N104955,N104955,1,undetected,N104955,N104955,N104955,sa1,1
9503,N123287 /1 undetected,output,,N123287,N123287,1,undetected,N123287,N123287,N123287,sa1,1
9504,N82395 /1 undetected,output,,N82395,N82395,1,undetected,N82395,N82395,N82395,sa1,1
9505,N82462 /1 undetected,output,,N82462,N82462,1,undetected,N82462,N82462,N82462,sa1,1
9506,N123288 /1 undetected,output,,N123288,N123288,1,undetected,N123288,N123288,N123288,sa1,1
9507,N82396 /1 undetected,output,,N82396,N82396,1,undetected,N82396,N82396,N82396,sa1,1
9508,N82461 /1 undetected,output,,N82461,N82461,1,undetected,N82461,N82461,N82461,sa1,1
9509,N123286 /1 undetected,output,,N123286,N123286,1,undetected,N123286,N123286,N123286,sa1,1
9510,N82394 /1 undetected,output,,N82394,N82394,1,undetected,N82394,N82394,N82394,sa1,1
9511,N123285 /1 undetected,output,,N123285,N123285,1,undetected,N123285,N123285,N123285,sa1,1
9512,N82393 /1 undetected,output,,N82393,N82393,1,undetected,N82393,N82393,N82393,sa1,1
9513,N82460 /1 undetected,output,,N82460,N82460,1,undetected,N82460,N82460,N82460,sa1,1
9514,N90588 /1 undetected,output,,N90588,N90588,1,undetected,N90588,N90588,N90588,sa1,1
9515,N82233 /1 undetected,output,,N82233,N82233,1,undetected,N82233,N82233,N82233,sa1,1
9516,N82135 /1 undetected,output,,N82135,N82135,1,undetected,N82135,N82135,N82135,sa1,1
9517,N82133 /1 undetected,output,,N82133,N82133,1,undetected,N82133,N82133,N82133,sa1,1
9518,N82121 /1 undetected,output,,N82121,N82121,1,undetected,N82121,N82121,N82121,sa1,1
9519,N79058 /1 undetected,output,,N79058,N79058,1,undetected,N79058,N79058,N79058,sa1,1
9520,N87848 /1 undetected,output,,N87848,N87848,1,undetected,N87848,N87848,N87848,sa1,1
9521,N64195 /1 undetected,output,,N64195,N64195,1,undetected,N64195,N64195,N64195,sa1,1
9522,N124272 /1 undetected,output,,N124272,N124272,1,undetected,N124272,N124272,N124272,sa1,1
9523,N89338 /1 undetected,output,,N89338,N89338,1,undetected,N89338,N89338,N89338,sa1,1
9524,N125340 /1 undetected,output,,N125340,N125340,1,undetected,N125340,N125340,N125340,sa1,1
9525,N121924 /1 undetected,output,,N121924,N121924,1,undetected,N121924,N121924,N121924,sa1,1
9526,N64190 /1 undetected,output,,N64190,N64190,1,undetected,N64190,N64190,N64190,sa1,1
9527,N125245 /1 undetected,output,,N125245,N125245,1,undetected,N125245,N125245,N125245,sa1,1
9528,N81281 /1 undetected,output,,N81281,N81281,1,undetected,N81281,N81281,N81281,sa1,1
9529,N64188 /1 undetected,output,,N64188,N64188,1,undetected,N64188,N64188,N64188,sa1,1
9530,N121968 /1 undetected,output,,N121968,N121968,1,undetected,N121968,N121968,N121968,sa1,1
9531,N80923 /1 undetected,output,,N80923,N80923,1,undetected,N80923,N80923,N80923,sa1,1
9532,N64184 /1 undetected,output,,N64184,N64184,1,undetected,N64184,N64184,N64184,sa1,1
9533,N64183 /1 undetected,output,,N64183,N64183,1,undetected,N64183,N64183,N64183,sa1,1
9534,N64181 /1 undetected,output,,N64181,N64181,1,undetected,N64181,N64181,N64181,sa1,1
9535,N124147 /1 undetected,output,,N124147,N124147,1,undetected,N124147,N124147,N124147,sa1,1
9536,N89656 /1 undetected,output,,N89656,N89656,1,undetected,N89656,N89656,N89656,sa1,1
9537,N124258 /1 undetected,output,,N124258,N124258,1,undetected,N124258,N124258,N124258,sa1,1
9538,N61139 /1 undetected,output,,N61139,N61139,1,undetected,N61139,N61139,N61139,sa1,1
9539,N64177 /1 undetected,output,,N64177,N64177,1,undetected,N64177,N64177,N64177,sa1,1
9540,N124212 /1 undetected,output,,N124212,N124212,1,undetected,N124212,N124212,N124212,sa1,1
9541,N64175 /1 undetected,output,,N64175,N64175,1,undetected,N64175,N64175,N64175,sa1,1
9542,N121953 /1 undetected,output,,N121953,N121953,1,undetected,N121953,N121953,N121953,sa1,1
9543,N64173 /1 undetected,output,,N64173,N64173,1,undetected,N64173,N64173,N64173,sa1,1
9544,N124298 /1 undetected,output,,N124298,N124298,1,undetected,N124298,N124298,N124298,sa1,1
9545,N124153 /1 undetected,output,,N124153,N124153,1,undetected,N124153,N124153,N124153,sa1,1
9546,N78889 /1 undetected,output,,N78889,N78889,1,undetected,N78889,N78889,N78889,sa1,1
9547,N64227 /1 undetected,output,,N64227,N64227,1,undetected,N64227,N64227,N64227,sa1,1
9548,N64224 /1 undetected,output,,N64224,N64224,1,undetected,N64224,N64224,N64224,sa1,1
9549,N121965 /1 undetected,output,,N121965,N121965,1,undetected,N121965,N121965,N121965,sa1,1
9550,N64223 /1 undetected,output,,N64223,N64223,1,undetected,N64223,N64223,N64223,sa1,1
9551,N124055 /1 undetected,output,,N124055,N124055,1,undetected,N124055,N124055,N124055,sa1,1
9552,N89657 /1 undetected,output,,N89657,N89657,1,undetected,N89657,N89657,N89657,sa1,1
9553,N64212 /1 undetected,output,,N64212,N64212,1,undetected,N64212,N64212,N64212,sa1,1
9554,N124076 /1 undetected,output,,N124076,N124076,1,undetected,N124076,N124076,N124076,sa1,1
9555,N64219 /1 undetected,output,,N64219,N64219,1,undetected,N64219,N64219,N64219,sa1,1
9556,N124026 /1 undetected,output,,N124026,N124026,1,undetected,N124026,N124026,N124026,sa1,1
9557,N80925 /1 undetected,output,,N80925,N80925,1,undetected,N80925,N80925,N80925,sa1,1
9558,N64214 /1 undetected,output,,N64214,N64214,1,undetected,N64214,N64214,N64214,sa1,1
9559,N80924 /1 undetected,output,,N80924,N80924,1,undetected,N80924,N80924,N80924,sa1,1
9560,N64208 /1 undetected,output,,N64208,N64208,1,undetected,N64208,N64208,N64208,sa1,1
9561,N64206 /1 undetected,output,,N64206,N64206,1,undetected,N64206,N64206,N64206,sa1,1
9562,N125043 /1 undetected,output,,N125043,N125043,1,undetected,N125043,N125043,N125043,sa1,1
9563,N89135 /1 undetected,output,,N89135,N89135,1,undetected,N89135,N89135,N89135,sa1,1
9564,N90697 /1 undetected,output,,N90697,N90697,1,undetected,N90697,N90697,N90697,sa1,1
9565,N124317 /1 undetected,output,,N124317,N124317,1,undetected,N124317,N124317,N124317,sa1,1
9566,N64274 /1 undetected,output,,N64274,N64274,1,undetected,N64274,N64274,N64274,sa1,1
9567,N87849 /1 undetected,output,,N87849,N87849,1,undetected,N87849,N87849,N87849,sa1,1
9568,N81283 /1 undetected,output,,N81283,N81283,1,undetected,N81283,N81283,N81283,sa1,1
9569,N89343 /1 undetected,output,,N89343,N89343,1,undetected,N89343,N89343,N89343,sa1,1
9570,N64296 /1 undetected,output,,N64296,N64296,1,undetected,N64296,N64296,N64296,sa1,1
9571,N124159 /1 undetected,output,,N124159,N124159,1,undetected,N124159,N124159,N124159,sa1,1
9572,N89138 /1 undetected,output,,N89138,N89138,1,undetected,N89138,N89138,N89138,sa1,1
9573,N64292 /1 undetected,output,,N64292,N64292,1,undetected,N64292,N64292,N64292,sa1,1
9574,N125356 /1 undetected,output,,N125356,N125356,1,undetected,N125356,N125356,N125356,sa1,1
9575,N124233 /1 undetected,output,,N124233,N124233,1,undetected,N124233,N124233,N124233,sa1,1
9576,N64290 /1 undetected,output,,N64290,N64290,1,undetected,N64290,N64290,N64290,sa1,1
9577,N88008 /1 undetected,output,,N88008,N88008,1,undetected,N88008,N88008,N88008,sa1,1
9578,N64286 /1 undetected,output,,N64286,N64286,1,undetected,N64286,N64286,N64286,sa1,1
9579,N125354 /1 undetected,output,,N125354,N125354,1,undetected,N125354,N125354,N125354,sa1,1
9580,N124016 /1 undetected,output,,N124016,N124016,1,undetected,N124016,N124016,N124016,sa1,1
9581,N64254 /1 undetected,output,,N64254,N64254,1,undetected,N64254,N64254,N64254,sa1,1
9582,N64282 /1 undetected,output,,N64282,N64282,1,undetected,N64282,N64282,N64282,sa1,1
9583,N64281 /1 undetected,output,,N64281,N64281,1,undetected,N64281,N64281,N64281,sa1,1
9584,N64279 /1 undetected,output,,N64279,N64279,1,undetected,N64279,N64279,N64279,sa1,1
9585,N89342 /1 undetected,output,,N89342,N89342,1,undetected,N89342,N89342,N89342,sa1,1
9586,N64278 /1 undetected,output,,N64278,N64278,1,undetected,N64278,N64278,N64278,sa1,1
9587,N124141 /1 undetected,output,,N124141,N124141,1,undetected,N124141,N124141,N124141,sa1,1
9588,N80719 /1 undetected,output,,N80719,N80719,1,undetected,N80719,N80719,N80719,sa1,1
9589,N64276 /1 undetected,output,,N64276,N64276,1,undetected,N64276,N64276,N64276,sa1,1
9590,N125358 /1 undetected,output,,N125358,N125358,1,undetected,N125358,N125358,N125358,sa1,1
9591,N124253 /1 undetected,output,,N124253,N124253,1,undetected,N124253,N124253,N124253,sa1,1
9592,N64272 /1 undetected,output,,N64272,N64272,1,undetected,N64272,N64272,N64272,sa1,1
9593,N125355 /1 undetected,output,,N125355,N125355,1,undetected,N125355,N125355,N125355,sa1,1
9594,N125000 /1 undetected,output,,N125000,N125000,1,undetected,N125000,N125000,N125000,sa1,1
9595,N64269 /1 undetected,output,,N64269,N64269,1,undetected,N64269,N64269,N64269,sa1,1
9596,N89658 /1 undetected,output,,N89658,N89658,1,undetected,N89658,N89658,N89658,sa1,1
9597,N64268 /1 undetected,output,,N64268,N64268,1,undetected,N64268,N64268,N64268,sa1,1
9598,N88007 /1 undetected,output,,N88007,N88007,1,undetected,N88007,N88007,N88007,sa1,1
9599,N78890 /1 undetected,output,,N78890,N78890,1,undetected,N78890,N78890,N78890,sa1,1
9600,N64256 /1 undetected,output,,N64256,N64256,1,undetected,N64256,N64256,N64256,sa1,1
9601,N125350 /1 undetected,output,,N125350,N125350,1,undetected,N125350,N125350,N125350,sa1,1
9602,N121949 /1 undetected,output,,N121949,N121949,1,undetected,N121949,N121949,N121949,sa1,1
9603,N80926 /1 undetected,output,,N80926,N80926,1,undetected,N80926,N80926,N80926,sa1,1
9604,N64243 /1 undetected,output,,N64243,N64243,1,undetected,N64243,N64243,N64243,sa1,1
9605,N124201 /1 undetected,output,,N124201,N124201,1,undetected,N124201,N124201,N124201,sa1,1
9606,N64242 /1 undetected,output,,N64242,N64242,1,undetected,N64242,N64242,N64242,sa1,1
9607,N121966 /1 undetected,output,,N121966,N121966,1,undetected,N121966,N121966,N121966,sa1,1
9608,N64241 /1 undetected,output,,N64241,N64241,1,undetected,N64241,N64241,N64241,sa1,1
9609,N124020 /1 undetected,output,,N124020,N124020,1,undetected,N124020,N124020,N124020,sa1,1
9610,N81282 /1 undetected,output,,N81282,N81282,1,undetected,N81282,N81282,N81282,sa1,1
9611,N121962 /1 undetected,output,,N121962,N121962,1,undetected,N121962,N121962,N121962,sa1,1
9612,N64237 /1 undetected,output,,N64237,N64237,1,undetected,N64237,N64237,N64237,sa1,1
9613,N124085 /1 undetected,output,,N124085,N124085,1,undetected,N124085,N124085,N124085,sa1,1
9614,N64233 /1 undetected,output,,N64233,N64233,1,undetected,N64233,N64233,N64233,sa1,1
9615,N124102 /1 undetected,output,,N124102,N124102,1,undetected,N124102,N124102,N124102,sa1,1
9616,N80716 /1 undetected,output,,N80716,N80716,1,undetected,N80716,N80716,N80716,sa1,1
9617,N64169 /1 undetected,output,,N64169,N64169,1,undetected,N64169,N64169,N64169,sa1,1
9618,N95077 /1 undetected,output,,N95077,N95077,1,undetected,N95077,N95077,N95077,sa1,1
9619,N60800 /1 undetected,output,,N60800,N60800,1,undetected,N60800,N60800,N60800,sa1,1
9620,N123859 /1 undetected,output,,N123859,N123859,1,undetected,N123859,N123859,N123859,sa1,1
9621,N87800 /1 undetected,output,,N87800,N87800,1,undetected,N87800,N87800,N87800,sa1,1
9622,N61146 /1 undetected,output,,N61146,N61146,1,undetected,N61146,N61146,N61146,sa1,1
9623,N61143 /1 undetected,output,,N61143,N61143,1,undetected,N61143,N61143,N61143,sa1,1
9624,N61141 /1 undetected,output,,N61141,N61141,1,undetected,N61141,N61141,N61141,sa1,1
9625,N124300 /1 undetected,output,,N124300,N124300,1,undetected,N124300,N124300,N124300,sa1,1
9626,N124244 /1 undetected,output,,N124244,N124244,1,undetected,N124244,N124244,N124244,sa1,1
9627,N61136 /1 undetected,output,,N61136,N61136,1,undetected,N61136,N61136,N61136,sa1,1
9628,N124293 /1 undetected,output,,N124293,N124293,1,undetected,N124293,N124293,N124293,sa1,1
9629,N61135 /1 undetected,output,,N61135,N61135,1,undetected,N61135,N61135,N61135,sa1,1
9630,N124214 /1 undetected,output,,N124214,N124214,1,undetected,N124214,N124214,N124214,sa1,1
9631,N81274 /1 undetected,output,,N81274,N81274,1,undetected,N81274,N81274,N81274,sa1,1
9632,N61134 /1 undetected,output,,N61134,N61134,1,undetected,N61134,N61134,N61134,sa1,1
9633,N61132 /1 undetected,output,,N61132,N61132,1,undetected,N61132,N61132,N61132,sa1,1
9634,N61130 /1 undetected,output,,N61130,N61130,1,undetected,N61130,N61130,N61130,sa1,1
9635,N124278 /1 undetected,output,,N124278,N124278,1,undetected,N124278,N124278,N124278,sa1,1
9636,N61128 /1 undetected,output,,N61128,N61128,1,undetected,N61128,N61128,N61128,sa1,1
9637,N79047 /1 undetected,output,,N79047,N79047,1,undetected,N79047,N79047,N79047,sa1,1
9638,N61127 /1 undetected,output,,N61127,N61127,1,undetected,N61127,N61127,N61127,sa1,1
9639,N124294 /1 undetected,output,,N124294,N124294,1,undetected,N124294,N124294,N124294,sa1,1
9640,N123954 /1 undetected,output,,N123954,N123954,1,undetected,N123954,N123954,N123954,sa1,1
9641,N61124 /1 undetected,output,,N61124,N61124,1,undetected,N61124,N61124,N61124,sa1,1
9642,N87994 /1 undetected,output,,N87994,N87994,1,undetected,N87994,N87994,N87994,sa1,1
9643,N61122 /1 undetected,output,,N61122,N61122,1,undetected,N61122,N61122,N61122,sa1,1
9644,N80712 /1 undetected,output,,N80712,N80712,1,undetected,N80712,N80712,N80712,sa1,1
9645,N61120 /1 undetected,output,,N61120,N61120,1,undetected,N61120,N61120,N61120,sa1,1
9646,N124292 /1 undetected,output,,N124292,N124292,1,undetected,N124292,N124292,N124292,sa1,1
9647,N124283 /1 undetected,output,,N124283,N124283,1,undetected,N124283,N124283,N124283,sa1,1
9648,N61111 /1 undetected,output,,N61111,N61111,1,undetected,N61111,N61111,N61111,sa1,1
9649,N89647 /1 undetected,output,,N89647,N89647,1,undetected,N89647,N89647,N89647,sa1,1
9650,N61110 /1 undetected,output,,N61110,N61110,1,undetected,N61110,N61110,N61110,sa1,1
9651,N61108 /1 undetected,output,,N61108,N61108,1,undetected,N61108,N61108,N61108,sa1,1
9652,N124271 /1 undetected,output,,N124271,N124271,1,undetected,N124271,N124271,N124271,sa1,1
9653,N60961 /1 undetected,output,,N60961,N60961,1,undetected,N60961,N60961,N60961,sa1,1
9654,N61106 /1 undetected,output,,N61106,N61106,1,undetected,N61106,N61106,N61106,sa1,1
9655,N124269 /1 undetected,output,,N124269,N124269,1,undetected,N124269,N124269,N124269,sa1,1
9656,N82528 /1 undetected,output,,N82528,N82528,1,undetected,N82528,N82528,N82528,sa1,1
9657,N61104 /1 undetected,output,,N61104,N61104,1,undetected,N61104,N61104,N61104,sa1,1
9658,N61100 /1 undetected,output,,N61100,N61100,1,undetected,N61100,N61100,N61100,sa1,1
9659,N121942 /1 undetected,output,,N121942,N121942,1,undetected,N121942,N121942,N121942,sa1,1
9660,N124282 /1 undetected,output,,N124282,N124282,1,undetected,N124282,N124282,N124282,sa1,1
9661,N124276 /1 undetected,output,,N124276,N124276,1,undetected,N124276,N124276,N124276,sa1,1
9662,N61091 /1 undetected,output,,N61091,N61091,1,undetected,N61091,N61091,N61091,sa1,1
9663,N61089 /1 undetected,output,,N61089,N61089,1,undetected,N61089,N61089,N61089,sa1,1
9664,N122589 /1 undetected,output,,N122589,N122589,1,undetected,N122589,N122589,N122589,sa1,1
9665,N61088 /1 undetected,output,,N61088,N61088,1,undetected,N61088,N61088,N61088,sa1,1
9666,N124144 /1 undetected,output,,N124144,N124144,1,undetected,N124144,N124144,N124144,sa1,1
9667,N81273 /1 undetected,output,,N81273,N81273,1,undetected,N81273,N81273,N81273,sa1,1
9668,N61086 /1 undetected,output,,N61086,N61086,1,undetected,N61086,N61086,N61086,sa1,1
9669,N124277 /1 undetected,output,,N124277,N124277,1,undetected,N124277,N124277,N124277,sa1,1
9670,N124275 /1 undetected,output,,N124275,N124275,1,undetected,N124275,N124275,N124275,sa1,1
9671,N81272 /1 undetected,output,,N81272,N81272,1,undetected,N81272,N81272,N81272,sa1,1
9672,N61067 /1 undetected,output,,N61067,N61067,1,undetected,N61067,N61067,N61067,sa1,1
9673,N61065 /1 undetected,output,,N61065,N61065,1,undetected,N61065,N61065,N61065,sa1,1
9674,N89130 /1 undetected,output,,N89130,N89130,1,undetected,N89130,N89130,N89130,sa1,1
9675,N61063 /1 undetected,output,,N61063,N61063,1,undetected,N61063,N61063,N61063,sa1,1
9676,N61062 /1 undetected,output,,N61062,N61062,1,undetected,N61062,N61062,N61062,sa1,1
9677,N82525 /1 undetected,output,,N82525,N82525,1,undetected,N82525,N82525,N82525,sa1,1
9678,N61060 /1 undetected,output,,N61060,N61060,1,undetected,N61060,N61060,N61060,sa1,1
9679,N124265 /1 undetected,output,,N124265,N124265,1,undetected,N124265,N124265,N124265,sa1,1
9680,N124064 /1 undetected,output,,N124064,N124064,1,undetected,N124064,N124064,N124064,sa1,1
9681,N61058 /1 undetected,output,,N61058,N61058,1,undetected,N61058,N61058,N61058,sa1,1
9682,N90663 /1 undetected,output,,N90663,N90663,1,undetected,N90663,N90663,N90663,sa1,1
9683,N61054 /1 undetected,output,,N61054,N61054,1,undetected,N61054,N61054,N61054,sa1,1
9684,N124260 /1 undetected,output,,N124260,N124260,1,undetected,N124260,N124260,N124260,sa1,1
9685,N124110 /1 undetected,output,,N124110,N124110,1,undetected,N124110,N124110,N124110,sa1,1
9686,N61047 /1 undetected,output,,N61047,N61047,1,undetected,N61047,N61047,N61047,sa1,1
9687,N124257 /1 undetected,output,,N124257,N124257,1,undetected,N124257,N124257,N124257,sa1,1
9688,N60881 /1 undetected,output,,N60881,N60881,1,undetected,N60881,N60881,N60881,sa1,1
9689,N61040 /1 undetected,output,,N61040,N61040,1,undetected,N61040,N61040,N61040,sa1,1
9690,N124108 /1 undetected,output,,N124108,N124108,1,undetected,N124108,N124108,N124108,sa1,1
9691,N78863 /1 undetected,output,,N78863,N78863,1,undetected,N78863,N78863,N78863,sa1,1
9692,N89793 /1 undetected,output,,N89793,N89793,1,undetected,N89793,N89793,N89793,sa1,1
9693,N60994 /1 undetected,output,,N60994,N60994,1,undetected,N60994,N60994,N60994,sa1,1
9694,N60993 /1 undetected,output,,N60993,N60993,1,undetected,N60993,N60993,N60993,sa1,1
9695,N81270 /1 undetected,output,,N81270,N81270,1,undetected,N81270,N81270,N81270,sa1,1
9696,N124220 /1 undetected,output,,N124220,N124220,1,undetected,N124220,N124220,N124220,sa1,1
9697,N60986 /1 undetected,output,,N60986,N60986,1,undetected,N60986,N60986,N60986,sa1,1
9698,N124218 /1 undetected,output,,N124218,N124218,1,undetected,N124218,N124218,N124218,sa1,1
9699,N82523 /1 undetected,output,,N82523,N82523,1,undetected,N82523,N82523,N82523,sa1,1
9700,N60981 /1 undetected,output,,N60981,N60981,1,undetected,N60981,N60981,N60981,sa1,1
9701,N90660 /1 undetected,output,,N90660,N90660,1,undetected,N90660,N90660,N90660,sa1,1
9702,N60979 /1 undetected,output,,N60979,N60979,1,undetected,N60979,N60979,N60979,sa1,1
9703,N124213 /1 undetected,output,,N124213,N124213,1,undetected,N124213,N124213,N124213,sa1,1
9704,N124098 /1 undetected,output,,N124098,N124098,1,undetected,N124098,N124098,N124098,sa1,1
9705,N60990 /1 undetected,output,,N60990,N60990,1,undetected,N60990,N60990,N60990,sa1,1
9706,N89644 /1 undetected,output,,N89644,N89644,1,undetected,N89644,N89644,N89644,sa1,1
9707,N60969 /1 undetected,output,,N60969,N60969,1,undetected,N60969,N60969,N60969,sa1,1
9708,N124199 /1 undetected,output,,N124199,N124199,1,undetected,N124199,N124199,N124199,sa1,1
9709,N124169 /1 undetected,output,,N124169,N124169,1,undetected,N124169,N124169,N124169,sa1,1
9710,N124197 /1 undetected,output,,N124197,N124197,1,undetected,N124197,N124197,N124197,sa1,1
9711,N60963 /1 undetected,output,,N60963,N60963,1,undetected,N60963,N60963,N60963,sa1,1
9712,N82522 /1 undetected,output,,N82522,N82522,1,undetected,N82522,N82522,N82522,sa1,1
9713,N124185 /1 undetected,output,,N124185,N124185,1,undetected,N124185,N124185,N124185,sa1,1
9714,N124182 /1 undetected,output,,N124182,N124182,1,undetected,N124182,N124182,N124182,sa1,1
9715,N61028 /1 undetected,output,,N61028,N61028,1,undetected,N61028,N61028,N61028,sa1,1
9716,N122588 /1 undetected,output,,N122588,N122588,1,undetected,N122588,N122588,N122588,sa1,1
9717,N61026 /1 undetected,output,,N61026,N61026,1,undetected,N61026,N61026,N61026,sa1,1
9718,N61024 /1 undetected,output,,N61024,N61024,1,undetected,N61024,N61024,N61024,sa1,1
9719,N124119 /1 undetected,output,,N124119,N124119,1,undetected,N124119,N124119,N124119,sa1,1
9720,N61022 /1 undetected,output,,N61022,N61022,1,undetected,N61022,N61022,N61022,sa1,1
9721,N81271 /1 undetected,output,,N81271,N81271,1,undetected,N81271,N81271,N81271,sa1,1
9722,N61011 /1 undetected,output,,N61011,N61011,1,undetected,N61011,N61011,N61011,sa1,1
9723,N124222 /1 undetected,output,,N124222,N124222,1,undetected,N124222,N124222,N124222,sa1,1
9724,N61009 /1 undetected,output,,N61009,N61009,1,undetected,N61009,N61009,N61009,sa1,1
9725,N124238 /1 undetected,output,,N124238,N124238,1,undetected,N124238,N124238,N124238,sa1,1
9726,N61000 /1 undetected,output,,N61000,N61000,1,undetected,N61000,N61000,N61000,sa1,1
9727,N124070 /1 undetected,output,,N124070,N124070,1,undetected,N124070,N124070,N124070,sa1,1
9728,N82524 /1 undetected,output,,N82524,N82524,1,undetected,N82524,N82524,N82524,sa1,1
9729,N61021 /1 undetected,output,,N61021,N61021,1,undetected,N61021,N61021,N61021,sa1,1
9730,N61019 /1 undetected,output,,N61019,N61019,1,undetected,N61019,N61019,N61019,sa1,1
9731,N124162 /1 undetected,output,,N124162,N124162,1,undetected,N124162,N124162,N124162,sa1,1
9732,N61018 /1 undetected,output,,N61018,N61018,1,undetected,N61018,N61018,N61018,sa1,1
9733,N89645 /1 undetected,output,,N89645,N89645,1,undetected,N89645,N89645,N89645,sa1,1
9734,N61017 /1 undetected,output,,N61017,N61017,1,undetected,N61017,N61017,N61017,sa1,1
9735,N124235 /1 undetected,output,,N124235,N124235,1,undetected,N124235,N124235,N124235,sa1,1
9736,N124170 /1 undetected,output,,N124170,N124170,1,undetected,N124170,N124170,N124170,sa1,1
9737,N61015 /1 undetected,output,,N61015,N61015,1,undetected,N61015,N61015,N61015,sa1,1
9738,N124178 /1 undetected,output,,N124178,N124178,1,undetected,N124178,N124178,N124178,sa1,1
9739,N61013 /1 undetected,output,,N61013,N61013,1,undetected,N61013,N61013,N61013,sa1,1
9740,N124167 /1 undetected,output,,N124167,N124167,1,undetected,N124167,N124167,N124167,sa1,1
9741,N60951 /1 undetected,output,,N60951,N60951,1,undetected,N60951,N60951,N60951,sa1,1
9742,N121941 /1 undetected,output,,N121941,N121941,1,undetected,N121941,N121941,N121941,sa1,1
9743,N60937 /1 undetected,output,,N60937,N60937,1,undetected,N60937,N60937,N60937,sa1,1
9744,N89643 /1 undetected,output,,N89643,N89643,1,undetected,N89643,N89643,N89643,sa1,1
9745,N60936 /1 undetected,output,,N60936,N60936,1,undetected,N60936,N60936,N60936,sa1,1
9746,N124168 /1 undetected,output,,N124168,N124168,1,undetected,N124168,N124168,N124168,sa1,1
9747,N60853 /1 undetected,output,,N60853,N60853,1,undetected,N60853,N60853,N60853,sa1,1
9748,N60933 /1 undetected,output,,N60933,N60933,1,undetected,N60933,N60933,N60933,sa1,1
9749,N60931 /1 undetected,output,,N60931,N60931,1,undetected,N60931,N60931,N60931,sa1,1
9750,N124166 /1 undetected,output,,N124166,N124166,1,undetected,N124166,N124166,N124166,sa1,1
9751,N89126 /1 undetected,output,,N89126,N89126,1,undetected,N89126,N89126,N89126,sa1,1
9752,N60928 /1 undetected,output,,N60928,N60928,1,undetected,N60928,N60928,N60928,sa1,1
9753,N124163 /1 undetected,output,,N124163,N124163,1,undetected,N124163,N124163,N124163,sa1,1
9754,N90657 /1 undetected,output,,N90657,N90657,1,undetected,N90657,N90657,N90657,sa1,1
9755,N60924 /1 undetected,output,,N60924,N60924,1,undetected,N60924,N60924,N60924,sa1,1
9756,N81269 /1 undetected,output,,N81269,N81269,1,undetected,N81269,N81269,N81269,sa1,1
9757,N60920 /1 undetected,output,,N60920,N60920,1,undetected,N60920,N60920,N60920,sa1,1
9758,N89125 /1 undetected,output,,N89125,N89125,1,undetected,N89125,N89125,N89125,sa1,1
9759,N60918 /1 undetected,output,,N60918,N60918,1,undetected,N60918,N60918,N60918,sa1,1
9760,N124118 /1 undetected,output,,N124118,N124118,1,undetected,N124118,N124118,N124118,sa1,1
9761,N60916 /1 undetected,output,,N60916,N60916,1,undetected,N60916,N60916,N60916,sa1,1
9762,N124160 /1 undetected,output,,N124160,N124160,1,undetected,N124160,N124160,N124160,sa1,1
9763,N60909 /1 undetected,output,,N60909,N60909,1,undetected,N60909,N60909,N60909,sa1,1
9764,N60897 /1 undetected,output,,N60897,N60897,1,undetected,N60897,N60897,N60897,sa1,1
9765,N60895 /1 undetected,output,,N60895,N60895,1,undetected,N60895,N60895,N60895,sa1,1
9766,N124117 /1 undetected,output,,N124117,N124117,1,undetected,N124117,N124117,N124117,sa1,1
9767,N124081 /1 undetected,output,,N124081,N124081,1,undetected,N124081,N124081,N124081,sa1,1
9768,N82231 /1 undetected,output,,N82231,N82231,1,undetected,N82231,N82231,N82231,sa1,1
9769,N82141 /1 undetected,output,,N82141,N82141,1,undetected,N82141,N82141,N82141,sa1,1
9770,N82139 /1 undetected,output,,N82139,N82139,1,undetected,N82139,N82139,N82139,sa1,1
9771,N82137 /1 undetected,output,,N82137,N82137,1,undetected,N82137,N82137,N82137,sa1,1
9772,N105205 /1 undetected,output,,N105205,N105205,1,undetected,N105205,N105205,N105205,sa1,1
9773,N92486 /1 undetected,output,,N92486,N92486,1,undetected,N92486,N92486,N92486,sa1,1
9774,N22851 /1 undetected,output,,N22851,N22851,1,undetected,N22851,N22851,N22851,sa1,1
9775,N22847 /1 undetected,output,,N22847,N22847,1,undetected,N22847,N22847,N22847,sa1,1
9776,N78727 /1 undetected,output,,N78727,N78727,1,undetected,N78727,N78727,N78727,sa1,1
9777,N22807 /1 undetected,output,,N22807,N22807,1,undetected,N22807,N22807,N22807,sa1,1
9778,N105225 /1 undetected,output,,N105225,N105225,1,undetected,N105225,N105225,N105225,sa1,1
9779,N22809 /1 undetected,output,,N22809,N22809,1,undetected,N22809,N22809,N22809,sa1,1
9780,N105231 /1 undetected,output,,N105231,N105231,1,undetected,N105231,N105231,N105231,sa1,1
9781,N105106 /1 undetected,output,,N105106,N105106,1,undetected,N105106,N105106,N105106,sa1,1
9782,N76477 /1 undetected,output,,N76477,N76477,1,undetected,N76477,N76477,N76477,sa1,1
9783,N22843 /1 undetected,output,,N22843,N22843,1,undetected,N22843,N22843,N22843,sa1,1
9784,N22813 /1 undetected,output,,N22813,N22813,1,undetected,N22813,N22813,N22813,sa1,1
9785,N105232 /1 undetected,output,,N105232,N105232,1,undetected,N105232,N105232,N105232,sa1,1
9786,N105111 /1 undetected,output,,N105111,N105111,1,undetected,N105111,N105111,N105111,sa1,1
9787,N22734 /1 undetected,output,,N22734,N22734,1,undetected,N22734,N22734,N22734,sa1,1
9788,N22811 /1 undetected,output,,N22811,N22811,1,undetected,N22811,N22811,N22811,sa1,1
9789,N105226 /1 undetected,output,,N105226,N105226,1,undetected,N105226,N105226,N105226,sa1,1
9790,N105119 /1 undetected,output,,N105119,N105119,1,undetected,N105119,N105119,N105119,sa1,1
9791,N98903 /1 undetected,output,,N98903,N98903,1,undetected,N98903,N98903,N98903,sa1,1
9792,N22835 /1 undetected,output,,N22835,N22835,1,undetected,N22835,N22835,N22835,sa1,1
9793,N22833 /1 undetected,output,,N22833,N22833,1,undetected,N22833,N22833,N22833,sa1,1
9794,N87534 /1 undetected,output,,N87534,N87534,1,undetected,N87534,N87534,N87534,sa1,1
9795,N75395 /1 undetected,output,,N75395,N75395,1,undetected,N75395,N75395,N75395,sa1,1
9796,N22715 /1 undetected,output,,N22715,N22715,1,undetected,N22715,N22715,N22715,sa1,1
9797,N22821 /1 undetected,output,,N22821,N22821,1,undetected,N22821,N22821,N22821,sa1,1
9798,N94175 /1 undetected,output,,N94175,N94175,1,undetected,N94175,N94175,N94175,sa1,1
9799,N22818 /1 undetected,output,,N22818,N22818,1,undetected,N22818,N22818,N22818,sa1,1
9800,N105132 /1 undetected,output,,N105132,N105132,1,undetected,N105132,N105132,N105132,sa1,1
9801,N86878 /1 undetected,output,,N86878,N86878,1,undetected,N86878,N86878,N86878,sa1,1
9802,N22816 /1 undetected,output,,N22816,N22816,1,undetected,N22816,N22816,N22816,sa1,1
9803,N78671 /1 undetected,output,,N78671,N78671,1,undetected,N78671,N78671,N78671,sa1,1
9804,N22815 /1 undetected,output,,N22815,N22815,1,undetected,N22815,N22815,N22815,sa1,1
9805,N105125 /1 undetected,output,,N105125,N105125,1,undetected,N105125,N105125,N105125,sa1,1
9806,N77394 /1 undetected,output,,N77394,N77394,1,undetected,N77394,N77394,N77394,sa1,1
9807,N22829 /1 undetected,output,,N22829,N22829,1,undetected,N22829,N22829,N22829,sa1,1
9808,N94143 /1 undetected,output,,N94143,N94143,1,undetected,N94143,N94143,N94143,sa1,1
9809,N22827 /1 undetected,output,,N22827,N22827,1,undetected,N22827,N22827,N22827,sa1,1
9810,N22825 /1 undetected,output,,N22825,N22825,1,undetected,N22825,N22825,N22825,sa1,1
9811,N105218 /1 undetected,output,,N105218,N105218,1,undetected,N105218,N105218,N105218,sa1,1
9812,N104529 /1 undetected,output,,N104529,N104529,1,undetected,N104529,N104529,N104529,sa1,1
9813,N22823 /1 undetected,output,,N22823,N22823,1,undetected,N22823,N22823,N22823,sa1,1
9814,N105214 /1 undetected,output,,N105214,N105214,1,undetected,N105214,N105214,N105214,sa1,1
9815,N104211 /1 undetected,output,,N104211,N104211,1,undetected,N104211,N104211,N104211,sa1,1
9816,N84738 /1 undetected,output,,N84738,N84738,1,undetected,N84738,N84738,N84738,sa1,1
9817,N22767 /1 undetected,output,,N22767,N22767,1,undetected,N22767,N22767,N22767,sa1,1
9818,N22856 /1 undetected,output,,N22856,N22856,1,undetected,N22856,N22856,N22856,sa1,1
9819,N92485 /1 undetected,output,,N92485,N92485,1,undetected,N92485,N92485,N92485,sa1,1
9820,N74796 /1 undetected,output,,N74796,N74796,1,undetected,N74796,N74796,N74796,sa1,1
9821,N22782 /1 undetected,output,,N22782,N22782,1,undetected,N22782,N22782,N22782,sa1,1
9822,N94174 /1 undetected,output,,N94174,N94174,1,undetected,N94174,N94174,N94174,sa1,1
9823,N22778 /1 undetected,output,,N22778,N22778,1,undetected,N22778,N22778,N22778,sa1,1
9824,N87533 /1 undetected,output,,N87533,N87533,1,undetected,N87533,N87533,N87533,sa1,1
9825,N22776 /1 undetected,output,,N22776,N22776,1,undetected,N22776,N22776,N22776,sa1,1
9826,N105247 /1 undetected,output,,N105247,N105247,1,undetected,N105247,N105247,N105247,sa1,1
9827,N22761 /1 undetected,output,,N22761,N22761,1,undetected,N22761,N22761,N22761,sa1,1
9828,N22759 /1 undetected,output,,N22759,N22759,1,undetected,N22759,N22759,N22759,sa1,1
9829,N105217 /1 undetected,output,,N105217,N105217,1,undetected,N105217,N105217,N105217,sa1,1
9830,N104496 /1 undetected,output,,N104496,N104496,1,undetected,N104496,N104496,N104496,sa1,1
9831,N22757 /1 undetected,output,,N22757,N22757,1,undetected,N22757,N22757,N22757,sa1,1
9832,N105213 /1 undetected,output,,N105213,N105213,1,undetected,N105213,N105213,N105213,sa1,1
9833,N92280 /1 undetected,output,,N92280,N92280,1,undetected,N92280,N92280,N92280,sa1,1
9834,N22775 /1 undetected,output,,N22775,N22775,1,undetected,N22775,N22775,N22775,sa1,1
9835,N22755 /1 undetected,output,,N22755,N22755,1,undetected,N22755,N22755,N22755,sa1,1
9836,N104904 /1 undetected,output,,N104904,N104904,1,undetected,N104904,N104904,N104904,sa1,1
9837,N86877 /1 undetected,output,,N86877,N86877,1,undetected,N86877,N86877,N86877,sa1,1
9838,N105091 /1 undetected,output,,N105091,N105091,1,undetected,N105091,N105091,N105091,sa1,1
9839,N77392 /1 undetected,output,,N77392,N77392,1,undetected,N77392,N77392,N77392,sa1,1
9840,N74795 /1 undetected,output,,N74795,N74795,1,undetected,N74795,N74795,N74795,sa1,1
9841,N22749 /1 undetected,output,,N22749,N22749,1,undetected,N22749,N22749,N22749,sa1,1
9842,N105216 /1 undetected,output,,N105216,N105216,1,undetected,N105216,N105216,N105216,sa1,1
9843,N22741 /1 undetected,output,,N22741,N22741,1,undetected,N22741,N22741,N22741,sa1,1
9844,N87602 /1 undetected,output,,N87602,N87602,1,undetected,N87602,N87602,N87602,sa1,1
9845,N74794 /1 undetected,output,,N74794,N74794,1,undetected,N74794,N74794,N74794,sa1,1
9846,N22740 /1 undetected,output,,N22740,N22740,1,undetected,N22740,N22740,N22740,sa1,1
9847,N105230 /1 undetected,output,,N105230,N105230,1,undetected,N105230,N105230,N105230,sa1,1
9848,N22069 /1 undetected,output,,N22069,N22069,1,undetected,N22069,N22069,N22069,sa1,1
9849,N105234 /1 undetected,output,,N105234,N105234,1,undetected,N105234,N105234,N105234,sa1,1
9850,N22732 /1 undetected,output,,N22732,N22732,1,undetected,N22732,N22732,N22732,sa1,1
9851,N22729 /1 undetected,output,,N22729,N22729,1,undetected,N22729,N22729,N22729,sa1,1
9852,N105224 /1 undetected,output,,N105224,N105224,1,undetected,N105224,N105224,N105224,sa1,1
9853,N104489 /1 undetected,output,,N104489,N104489,1,undetected,N104489,N104489,N104489,sa1,1
9854,N105229 /1 undetected,output,,N105229,N105229,1,undetected,N105229,N105229,N105229,sa1,1
9855,N105075 /1 undetected,output,,N105075,N105075,1,undetected,N105075,N105075,N105075,sa1,1
9856,N87470 /1 undetected,output,,N87470,N87470,1,undetected,N87470,N87470,N87470,sa1,1
9857,N95010 /1 undetected,output,,N95010,N95010,1,undetected,N95010,N95010,N95010,sa1,1
9858,N99205 /1 undetected,output,,N99205,N99205,1,undetected,N99205,N99205,N99205,sa1,1
9859,N17849 /1 undetected,output,,N17849,N17849,1,undetected,N17849,N17849,N17849,sa1,1
9860,N17847 /1 undetected,output,,N17847,N17847,1,undetected,N17847,N17847,N17847,sa1,1
9861,N99751 /1 undetected,output,,N99751,N99751,1,undetected,N99751,N99751,N99751,sa1,1
9862,N17845 /1 undetected,output,,N17845,N17845,1,undetected,N17845,N17845,N17845,sa1,1
9863,N99737 /1 undetected,output,,N99737,N99737,1,undetected,N99737,N99737,N99737,sa1,1
9864,N17844 /1 undetected,output,,N17844,N17844,1,undetected,N17844,N17844,N17844,sa1,1
9865,N99701 /1 undetected,output,,N99701,N99701,1,undetected,N99701,N99701,N99701,sa1,1
9866,N78080 /1 undetected,output,,N78080,N78080,1,undetected,N78080,N78080,N78080,sa1,1
9867,N99589 /1 undetected,output,,N99589,N99589,1,undetected,N99589,N99589,N99589,sa1,1
9868,N99466 /1 undetected,output,,N99466,N99466,1,undetected,N99466,N99466,N99466,sa1,1
9869,N99461 /1 undetected,output,,N99461,N99461,1,undetected,N99461,N99461,N99461,sa1,1
9870,N77896 /1 undetected,output,,N77896,N77896,1,undetected,N77896,N77896,N77896,sa1,1
9871,N17812 /1 undetected,output,,N17812,N17812,1,undetected,N17812,N17812,N17812,sa1,1
9872,N99360 /1 undetected,output,,N99360,N99360,1,undetected,N99360,N99360,N99360,sa1,1
9873,N99204 /1 undetected,output,,N99204,N99204,1,undetected,N99204,N99204,N99204,sa1,1
9874,N17668 /1 undetected,output,,N17668,N17668,1,undetected,N17668,N17668,N17668,sa1,1
9875,N99665 /1 undetected,output,,N99665,N99665,1,undetected,N99665,N99665,N99665,sa1,1
9876,N17667 /1 undetected,output,,N17667,N17667,1,undetected,N17667,N17667,N17667,sa1,1
9877,N103538 /1 undetected,output,,N103538,N103538,1,undetected,N103538,N103538,N103538,sa1,1
9878,N17663 /1 undetected,output,,N17663,N17663,1,undetected,N17663,N17663,N17663,sa1,1
9879,N17659 /1 undetected,output,,N17659,N17659,1,undetected,N17659,N17659,N17659,sa1,1
9880,N17656 /1 undetected,output,,N17656,N17656,1,undetected,N17656,N17656,N17656,sa1,1
9881,N99664 /1 undetected,output,,N99664,N99664,1,undetected,N99664,N99664,N99664,sa1,1
9882,N77984 /1 undetected,output,,N77984,N77984,1,undetected,N77984,N77984,N77984,sa1,1
9883,N87264 /1 undetected,output,,N87264,N87264,1,undetected,N87264,N87264,N87264,sa1,1
9884,N103528 /1 undetected,output,,N103528,N103528,1,undetected,N103528,N103528,N103528,sa1,1
9885,N99469 /1 undetected,output,,N99469,N99469,1,undetected,N99469,N99469,N99469,sa1,1
9886,N17606 /1 undetected,output,,N17606,N17606,1,undetected,N17606,N17606,N17606,sa1,1
9887,N99464 /1 undetected,output,,N99464,N99464,1,undetected,N99464,N99464,N99464,sa1,1
9888,N99459 /1 undetected,output,,N99459,N99459,1,undetected,N99459,N99459,N99459,sa1,1
9889,N17565 /1 undetected,output,,N17565,N17565,1,undetected,N17565,N17565,N17565,sa1,1
9890,N17562 /1 undetected,output,,N17562,N17562,1,undetected,N17562,N17562,N17562,sa1,1
9891,N100261 /1 undetected,output,,N100261,N100261,1,undetected,N100261,N100261,N100261,sa1,1
9892,N99786 /1 undetected,output,,N99786,N99786,1,undetected,N99786,N99786,N99786,sa1,1
9893,N17531 /1 undetected,output,,N17531,N17531,1,undetected,N17531,N17531,N17531,sa1,1
9894,N17561 /1 undetected,output,,N17561,N17561,1,undetected,N17561,N17561,N17561,sa1,1
9895,N85020 /1 undetected,output,,N85020,N85020,1,undetected,N85020,N85020,N85020,sa1,1
9896,N17559 /1 undetected,output,,N17559,N17559,1,undetected,N17559,N17559,N17559,sa1,1
9897,N17557 /1 undetected,output,,N17557,N17557,1,undetected,N17557,N17557,N17557,sa1,1
9898,N77967 /1 undetected,output,,N77967,N77967,1,undetected,N77967,N77967,N77967,sa1,1
9899,N17555 /1 undetected,output,,N17555,N17555,1,undetected,N17555,N17555,N17555,sa1,1
9900,N103509 /1 undetected,output,,N103509,N103509,1,undetected,N103509,N103509,N103509,sa1,1
9901,N17553 /1 undetected,output,,N17553,N17553,1,undetected,N17553,N17553,N17553,sa1,1
9902,N103474 /1 undetected,output,,N103474,N103474,1,undetected,N103474,N103474,N103474,sa1,1
9903,N17551 /1 undetected,output,,N17551,N17551,1,undetected,N17551,N17551,N17551,sa1,1
9904,N103506 /1 undetected,output,,N103506,N103506,1,undetected,N103506,N103506,N103506,sa1,1
9905,N103468 /1 undetected,output,,N103468,N103468,1,undetected,N103468,N103468,N103468,sa1,1
9906,N17496 /1 undetected,output,,N17496,N17496,1,undetected,N17496,N17496,N17496,sa1,1
9907,N77894 /1 undetected,output,,N77894,N77894,1,undetected,N77894,N77894,N77894,sa1,1
9908,N103457 /1 undetected,output,,N103457,N103457,1,undetected,N103457,N103457,N103457,sa1,1
9909,N17536 /1 undetected,output,,N17536,N17536,1,undetected,N17536,N17536,N17536,sa1,1
9910,N103493 /1 undetected,output,,N103493,N103493,1,undetected,N103493,N103493,N103493,sa1,1
9911,N103513 /1 undetected,output,,N103513,N103513,1,undetected,N103513,N103513,N103513,sa1,1
9912,N103445 /1 undetected,output,,N103445,N103445,1,undetected,N103445,N103445,N103445,sa1,1
9913,N17525 /1 undetected,output,,N17525,N17525,1,undetected,N17525,N17525,N17525,sa1,1
9914,N85019 /1 undetected,output,,N85019,N85019,1,undetected,N85019,N85019,N85019,sa1,1
9915,N17523 /1 undetected,output,,N17523,N17523,1,undetected,N17523,N17523,N17523,sa1,1
9916,N17521 /1 undetected,output,,N17521,N17521,1,undetected,N17521,N17521,N17521,sa1,1
9917,N17519 /1 undetected,output,,N17519,N17519,1,undetected,N17519,N17519,N17519,sa1,1
9918,N103442 /1 undetected,output,,N103442,N103442,1,undetected,N103442,N103442,N103442,sa1,1
9919,N17518 /1 undetected,output,,N17518,N17518,1,undetected,N17518,N17518,N17518,sa1,1
9920,N103499 /1 undetected,output,,N103499,N103499,1,undetected,N103499,N103499,N103499,sa1,1
9921,N87214 /1 undetected,output,,N87214,N87214,1,undetected,N87214,N87214,N87214,sa1,1
9922,N17516 /1 undetected,output,,N17516,N17516,1,undetected,N17516,N17516,N17516,sa1,1
9923,N17514 /1 undetected,output,,N17514,N17514,1,undetected,N17514,N17514,N17514,sa1,1
9924,N17512 /1 undetected,output,,N17512,N17512,1,undetected,N17512,N17512,N17512,sa1,1
9925,N103478 /1 undetected,output,,N103478,N103478,1,undetected,N103478,N103478,N103478,sa1,1
9926,N99289 /1 undetected,output,,N99289,N99289,1,undetected,N99289,N99289,N99289,sa1,1
9927,N17510 /1 undetected,output,,N17510,N17510,1,undetected,N17510,N17510,N17510,sa1,1
9928,N17504 /1 undetected,output,,N17504,N17504,1,undetected,N17504,N17504,N17504,sa1,1
9929,N103473 /1 undetected,output,,N103473,N103473,1,undetected,N103473,N103473,N103473,sa1,1
9930,N17502 /1 undetected,output,,N17502,N17502,1,undetected,N17502,N17502,N17502,sa1,1
9931,N103467 /1 undetected,output,,N103467,N103467,1,undetected,N103467,N103467,N103467,sa1,1
9932,N17500 /1 undetected,output,,N17500,N17500,1,undetected,N17500,N17500,N17500,sa1,1
9933,N103487 /1 undetected,output,,N103487,N103487,1,undetected,N103487,N103487,N103487,sa1,1
9934,N99397 /1 undetected,output,,N99397,N99397,1,undetected,N99397,N99397,N99397,sa1,1
9935,N17498 /1 undetected,output,,N17498,N17498,1,undetected,N17498,N17498,N17498,sa1,1
9936,N103503 /1 undetected,output,,N103503,N103503,1,undetected,N103503,N103503,N103503,sa1,1
9937,N103444 /1 undetected,output,,N103444,N103444,1,undetected,N103444,N103444,N103444,sa1,1
9938,N17482 /1 undetected,output,,N17482,N17482,1,undetected,N17482,N17482,N17482,sa1,1
9939,N17479 /1 undetected,output,,N17479,N17479,1,undetected,N17479,N17479,N17479,sa1,1
9940,N103492 /1 undetected,output,,N103492,N103492,1,undetected,N103492,N103492,N103492,sa1,1
9941,N17477 /1 undetected,output,,N17477,N17477,1,undetected,N17477,N17477,N17477,sa1,1
9942,N103491 /1 undetected,output,,N103491,N103491,1,undetected,N103491,N103491,N103491,sa1,1
9943,N92658 /1 undetected,output,,N92658,N92658,1,undetected,N92658,N92658,N92658,sa1,1
9944,N17473 /1 undetected,output,,N17473,N17473,1,undetected,N17473,N17473,N17473,sa1,1
9945,N103447 /1 undetected,output,,N103447,N103447,1,undetected,N103447,N103447,N103447,sa1,1
9946,N92660 /1 undetected,output,,N92660,N92660,1,undetected,N92660,N92660,N92660,sa1,1
9947,N17471 /1 undetected,output,,N17471,N17471,1,undetected,N17471,N17471,N17471,sa1,1
9948,N17469 /1 undetected,output,,N17469,N17469,1,undetected,N17469,N17469,N17469,sa1,1
9949,N103441 /1 undetected,output,,N103441,N103441,1,undetected,N103441,N103441,N103441,sa1,1
9950,N85018 /1 undetected,output,,N85018,N85018,1,undetected,N85018,N85018,N85018,sa1,1
9951,N17468 /1 undetected,output,,N17468,N17468,1,undetected,N17468,N17468,N17468,sa1,1
9952,N103475 /1 undetected,output,,N103475,N103475,1,undetected,N103475,N103475,N103475,sa1,1
9953,N17466 /1 undetected,output,,N17466,N17466,1,undetected,N17466,N17466,N17466,sa1,1
9954,N103483 /1 undetected,output,,N103483,N103483,1,undetected,N103483,N103483,N103483,sa1,1
9955,N17465 /1 undetected,output,,N17465,N17465,1,undetected,N17465,N17465,N17465,sa1,1
9956,N103471 /1 undetected,output,,N103471,N103471,1,undetected,N103471,N103471,N103471,sa1,1
9957,N17463 /1 undetected,output,,N17463,N17463,1,undetected,N17463,N17463,N17463,sa1,1
9958,N103488 /1 undetected,output,,N103488,N103488,1,undetected,N103488,N103488,N103488,sa1,1
9959,N77966 /1 undetected,output,,N77966,N77966,1,undetected,N77966,N77966,N77966,sa1,1
9960,N17424 /1 undetected,output,,N17424,N17424,1,undetected,N17424,N17424,N17424,sa1,1
9961,N103453 /1 undetected,output,,N103453,N103453,1,undetected,N103453,N103453,N103453,sa1,1
9962,N103433 /1 undetected,output,,N103433,N103433,1,undetected,N103433,N103433,N103433,sa1,1
9963,N94828 /1 undetected,output,,N94828,N94828,1,undetected,N94828,N94828,N94828,sa1,1
9964,N99190 /1 undetected,output,,N99190,N99190,1,undetected,N99190,N99190,N99190,sa1,1
9965,N17726 /1 undetected,output,,N17726,N17726,1,undetected,N17726,N17726,N17726,sa1,1
9966,N99666 /1 undetected,output,,N99666,N99666,1,undetected,N99666,N99666,N99666,sa1,1
9967,N17724 /1 undetected,output,,N17724,N17724,1,undetected,N17724,N17724,N17724,sa1,1
9968,N17722 /1 undetected,output,,N17722,N17722,1,undetected,N17722,N17722,N17722,sa1,1
9969,N103542 /1 undetected,output,,N103542,N103542,1,undetected,N103542,N103542,N103542,sa1,1
9970,N17720 /1 undetected,output,,N17720,N17720,1,undetected,N17720,N17720,N17720,sa1,1
9971,N17718 /1 undetected,output,,N17718,N17718,1,undetected,N17718,N17718,N17718,sa1,1
9972,N78079 /1 undetected,output,,N78079,N78079,1,undetected,N78079,N78079,N78079,sa1,1
9973,N17717 /1 undetected,output,,N17717,N17717,1,undetected,N17717,N17717,N17717,sa1,1
9974,N17715 /1 undetected,output,,N17715,N17715,1,undetected,N17715,N17715,N17715,sa1,1
9975,N99692 /1 undetected,output,,N99692,N99692,1,undetected,N99692,N99692,N99692,sa1,1
9976,N17714 /1 undetected,output,,N17714,N17714,1,undetected,N17714,N17714,N17714,sa1,1
9977,N103429 /1 undetected,output,,N103429,N103429,1,undetected,N103429,N103429,N103429,sa1,1
9978,N11176 /1 undetected,output,,N11176,N11176,1,undetected,N11176,N11176,N11176,sa1,1
9979,N17712 /1 undetected,output,,N17712,N17712,1,undetected,N17712,N17712,N17712,sa1,1
9980,N103560 /1 undetected,output,,N103560,N103560,1,undetected,N103560,N103560,N103560,sa1,1
9981,N99694 /1 undetected,output,,N99694,N99694,1,undetected,N99694,N99694,N99694,sa1,1
9982,N17710 /1 undetected,output,,N17710,N17710,1,undetected,N17710,N17710,N17710,sa1,1
9983,N17708 /1 undetected,output,,N17708,N17708,1,undetected,N17708,N17708,N17708,sa1,1
9984,N99690 /1 undetected,output,,N99690,N99690,1,undetected,N99690,N99690,N99690,sa1,1
9985,N17707 /1 undetected,output,,N17707,N17707,1,undetected,N17707,N17707,N17707,sa1,1
9986,N103428 /1 undetected,output,,N103428,N103428,1,undetected,N103428,N103428,N103428,sa1,1
9987,N11178 /1 undetected,output,,N11178,N11178,1,undetected,N11178,N11178,N11178,sa1,1
9988,N17705 /1 undetected,output,,N17705,N17705,1,undetected,N17705,N17705,N17705,sa1,1
9989,N103559 /1 undetected,output,,N103559,N103559,1,undetected,N103559,N103559,N103559,sa1,1
9990,N99696 /1 undetected,output,,N99696,N99696,1,undetected,N99696,N99696,N99696,sa1,1
9991,N17703 /1 undetected,output,,N17703,N17703,1,undetected,N17703,N17703,N17703,sa1,1
9992,N103562 /1 undetected,output,,N103562,N103562,1,undetected,N103562,N103562,N103562,sa1,1
9993,N99759 /1 undetected,output,,N99759,N99759,1,undetected,N99759,N99759,N99759,sa1,1
9994,N17794 /1 undetected,output,,N17794,N17794,1,undetected,N17794,N17794,N17794,sa1,1
9995,N103567 /1 undetected,output,,N103567,N103567,1,undetected,N103567,N103567,N103567,sa1,1
9996,N99671 /1 undetected,output,,N99671,N99671,1,undetected,N99671,N99671,N99671,sa1,1
9997,N17788 /1 undetected,output,,N17788,N17788,1,undetected,N17788,N17788,N17788,sa1,1
9998,N17786 /1 undetected,output,,N17786,N17786,1,undetected,N17786,N17786,N17786,sa1,1
9999,N77985 /1 undetected,output,,N77985,N77985,1,undetected,N77985,N77985,N77985,sa1,1
10000,N17697 /1 undetected,output,,N17697,N17697,1,undetected,N17697,N17697,N17697,sa1,1
10001,N17784 /1 undetected,output,,N17784,N17784,1,undetected,N17784,N17784,N17784,sa1,1
10002,N78106 /1 undetected,output,,N78106,N78106,1,undetected,N78106,N78106,N78106,sa1,1
10003,N103531 /1 undetected,output,,N103531,N103531,1,undetected,N103531,N103531,N103531,sa1,1
10004,N17780 /1 undetected,output,,N17780,N17780,1,undetected,N17780,N17780,N17780,sa1,1
10005,N103529 /1 undetected,output,,N103529,N103529,1,undetected,N103529,N103529,N103529,sa1,1
10006,N17797 /1 undetected,output,,N17797,N17797,1,undetected,N17797,N17797,N17797,sa1,1
10007,N87392 /1 undetected,output,,N87392,N87392,1,undetected,N87392,N87392,N87392,sa1,1
10008,N17792 /1 undetected,output,,N17792,N17792,1,undetected,N17792,N17792,N17792,sa1,1
10009,N78098 /1 undetected,output,,N78098,N78098,1,undetected,N78098,N78098,N78098,sa1,1
10010,N103566 /1 undetected,output,,N103566,N103566,1,undetected,N103566,N103566,N103566,sa1,1
10011,N103526 /1 undetected,output,,N103526,N103526,1,undetected,N103526,N103526,N103526,sa1,1
10012,N82571 /1 undetected,output,,N82571,N82571,1,undetected,N82571,N82571,N82571,sa1,1
10013,N82348 /1 undetected,output,,N82348,N82348,1,undetected,N82348,N82348,N82348,sa1,1
10014,N82314 /1 undetected,output,,N82314,N82314,1,undetected,N82314,N82314,N82314,sa1,1
10015,N124303 /1 undetected,output,,N124303,N124303,1,undetected,N124303,N124303,N124303,sa1,1
10016,N90690 /1 undetected,output,,N90690,N90690,1,undetected,N90690,N90690,N90690,sa1,1
10017,N79053 /1 undetected,output,,N79053,N79053,1,undetected,N79053,N79053,N79053,sa1,1
10018,N124165 /1 undetected,output,,N124165,N124165,1,undetected,N124165,N124165,N124165,sa1,1
10019,N63411 /1 undetected,output,,N63411,N63411,1,undetected,N63411,N63411,N63411,sa1,1
10020,N63406 /1 undetected,output,,N63406,N63406,1,undetected,N63406,N63406,N63406,sa1,1
10021,N87838 /1 undetected,output,,N87838,N87838,1,undetected,N87838,N87838,N87838,sa1,1
10022,N90688 /1 undetected,output,,N90688,N90688,1,undetected,N90688,N90688,N90688,sa1,1
10023,N78876 /1 undetected,output,,N78876,N78876,1,undetected,N78876,N78876,N78876,sa1,1
10024,N87837 /1 undetected,output,,N87837,N87837,1,undetected,N87837,N87837,N87837,sa1,1
10025,N90486 /1 undetected,output,,N90486,N90486,1,undetected,N90486,N90486,N90486,sa1,1
10026,N63310 /1 undetected,output,,N63310,N63310,1,undetected,N63310,N63310,N63310,sa1,1
10027,N63305 /1 undetected,output,,N63305,N63305,1,undetected,N63305,N63305,N63305,sa1,1
10028,N125059 /1 undetected,output,,N125059,N125059,1,undetected,N125059,N125059,N125059,sa1,1
10029,N63288 /1 undetected,output,,N63288,N63288,1,undetected,N63288,N63288,N63288,sa1,1
10030,N63274 /1 undetected,output,,N63274,N63274,1,undetected,N63274,N63274,N63274,sa1,1
10031,N82565 /1 undetected,output,,N82565,N82565,1,undetected,N82565,N82565,N82565,sa1,1
10032,N125016 /1 undetected,output,,N125016,N125016,1,undetected,N125016,N125016,N125016,sa1,1
10033,N82312 /1 undetected,output,,N82312,N82312,1,undetected,N82312,N82312,N82312,sa1,1
10034,N82345 /1 undetected,output,,N82345,N82345,1,undetected,N82345,N82345,N82345,sa1,1
10035,N125082 /1 undetected,output,,N125082,N125082,1,undetected,N125082,N125082,N125082,sa1,1
10036,N95088 /1 undetected,output,,N95088,N95088,1,undetected,N95088,N95088,N95088,sa1,1
10037,N123851 /1 undetected,output,,N123851,N123851,1,undetected,N123851,N123851,N123851,sa1,1
10038,N64892 /1 undetected,output,,N64892,N64892,1,undetected,N64892,N64892,N64892,sa1,1
10039,N124203 /1 undetected,output,,N124203,N124203,1,undetected,N124203,N124203,N124203,sa1,1
10040,N89351 /1 undetected,output,,N89351,N89351,1,undetected,N89351,N89351,N89351,sa1,1
10041,N64897 /1 undetected,output,,N64897,N64897,1,undetected,N64897,N64897,N64897,sa1,1
10042,N64891 /1 undetected,output,,N64891,N64891,1,undetected,N64891,N64891,N64891,sa1,1
10043,N125346 /1 undetected,output,,N125346,N125346,1,undetected,N125346,N125346,N125346,sa1,1
10044,N124104 /1 undetected,output,,N124104,N124104,1,undetected,N124104,N124104,N124104,sa1,1
10045,N125018 /1 undetected,output,,N125018,N125018,1,undetected,N125018,N125018,N125018,sa1,1
10046,N80723 /1 undetected,output,,N80723,N80723,1,undetected,N80723,N80723,N80723,sa1,1
10047,N90677 /1 undetected,output,,N90677,N90677,1,undetected,N90677,N90677,N90677,sa1,1
10048,N125204 /1 undetected,output,,N125204,N125204,1,undetected,N125204,N125204,N125204,sa1,1
10049,N64883 /1 undetected,output,,N64883,N64883,1,undetected,N64883,N64883,N64883,sa1,1
10050,N121927 /1 undetected,output,,N121927,N121927,1,undetected,N121927,N121927,N121927,sa1,1
10051,N64882 /1 undetected,output,,N64882,N64882,1,undetected,N64882,N64882,N64882,sa1,1
10052,N125496 /1 undetected,output,,N125496,N125496,1,undetected,N125496,N125496,N125496,sa1,1
10053,N125044 /1 undetected,output,,N125044,N125044,1,undetected,N125044,N125044,N125044,sa1,1
10054,N64881 /1 undetected,output,,N64881,N64881,1,undetected,N64881,N64881,N64881,sa1,1
10055,N64879 /1 undetected,output,,N64879,N64879,1,undetected,N64879,N64879,N64879,sa1,1
10056,N125212 /1 undetected,output,,N125212,N125212,1,undetected,N125212,N125212,N125212,sa1,1
10057,N124077 /1 undetected,output,,N124077,N124077,1,undetected,N124077,N124077,N124077,sa1,1
10058,N125494 /1 undetected,output,,N125494,N125494,1,undetected,N125494,N125494,N125494,sa1,1
10059,N64872 /1 undetected,output,,N64872,N64872,1,undetected,N64872,N64872,N64872,sa1,1
10060,N124217 /1 undetected,output,,N124217,N124217,1,undetected,N124217,N124217,N124217,sa1,1
10061,N80938 /1 undetected,output,,N80938,N80938,1,undetected,N80938,N80938,N80938,sa1,1
10062,N63802 /1 undetected,output,,N63802,N63802,1,undetected,N63802,N63802,N63802,sa1,1
10063,N64815 /1 undetected,output,,N64815,N64815,1,undetected,N64815,N64815,N64815,sa1,1
10064,N64814 /1 undetected,output,,N64814,N64814,1,undetected,N64814,N64814,N64814,sa1,1
10065,N125477 /1 undetected,output,,N125477,N125477,1,undetected,N125477,N125477,N125477,sa1,1
10066,N125487 /1 undetected,output,,N125487,N125487,1,undetected,N125487,N125487,N125487,sa1,1
10067,N124237 /1 undetected,output,,N124237,N124237,1,undetected,N124237,N124237,N124237,sa1,1
10068,N64810 /1 undetected,output,,N64810,N64810,1,undetected,N64810,N64810,N64810,sa1,1
10069,N64807 /1 undetected,output,,N64807,N64807,1,undetected,N64807,N64807,N64807,sa1,1
10070,N125489 /1 undetected,output,,N125489,N125489,1,undetected,N125489,N125489,N125489,sa1,1
10071,N125017 /1 undetected,output,,N125017,N125017,1,undetected,N125017,N125017,N125017,sa1,1
10072,N64802 /1 undetected,output,,N64802,N64802,1,undetected,N64802,N64802,N64802,sa1,1
10073,N121925 /1 undetected,output,,N121925,N121925,1,undetected,N121925,N121925,N121925,sa1,1
10074,N64801 /1 undetected,output,,N64801,N64801,1,undetected,N64801,N64801,N64801,sa1,1
10075,N124103 /1 undetected,output,,N124103,N124103,1,undetected,N124103,N124103,N124103,sa1,1
10076,N125248 /1 undetected,output,,N125248,N125248,1,undetected,N125248,N125248,N125248,sa1,1
10077,N64797 /1 undetected,output,,N64797,N64797,1,undetected,N64797,N64797,N64797,sa1,1
10078,N64793 /1 undetected,output,,N64793,N64793,1,undetected,N64793,N64793,N64793,sa1,1
10079,N89348 /1 undetected,output,,N89348,N89348,1,undetected,N89348,N89348,N89348,sa1,1
10080,N64791 /1 undetected,output,,N64791,N64791,1,undetected,N64791,N64791,N64791,sa1,1
10081,N125486 /1 undetected,output,,N125486,N125486,1,undetected,N125486,N125486,N125486,sa1,1
10082,N61056 /1 undetected,output,,N61056,N61056,1,undetected,N61056,N61056,N61056,sa1,1
10083,N64787 /1 undetected,output,,N64787,N64787,1,undetected,N64787,N64787,N64787,sa1,1
10084,N64783 /1 undetected,output,,N64783,N64783,1,undetected,N64783,N64783,N64783,sa1,1
10085,N125485 /1 undetected,output,,N125485,N125485,1,undetected,N125485,N125485,N125485,sa1,1
10086,N124281 /1 undetected,output,,N124281,N124281,1,undetected,N124281,N124281,N124281,sa1,1
10087,N64261 /1 undetected,output,,N64261,N64261,1,undetected,N64261,N64261,N64261,sa1,1
10088,N80927 /1 undetected,output,,N80927,N80927,1,undetected,N80927,N80927,N80927,sa1,1
10089,N64779 /1 undetected,output,,N64779,N64779,1,undetected,N64779,N64779,N64779,sa1,1
10090,N124142 /1 undetected,output,,N124142,N124142,1,undetected,N124142,N124142,N124142,sa1,1
10091,N79064 /1 undetected,output,,N79064,N79064,1,undetected,N79064,N79064,N79064,sa1,1
10092,N90676 /1 undetected,output,,N90676,N90676,1,undetected,N90676,N90676,N90676,sa1,1
10093,N88017 /1 undetected,output,,N88017,N88017,1,undetected,N88017,N88017,N88017,sa1,1
10094,N89350 /1 undetected,output,,N89350,N89350,1,undetected,N89350,N89350,N89350,sa1,1
10095,N64857 /1 undetected,output,,N64857,N64857,1,undetected,N64857,N64857,N64857,sa1,1
10096,N89146 /1 undetected,output,,N89146,N89146,1,undetected,N89146,N89146,N89146,sa1,1
10097,N64644 /1 undetected,output,,N64644,N64644,1,undetected,N64644,N64644,N64644,sa1,1
10098,N89139 /1 undetected,output,,N89139,N89139,1,undetected,N89139,N89139,N89139,sa1,1
10099,N80525 /1 undetected,output,,N80525,N80525,1,undetected,N80525,N80525,N80525,sa1,1
10100,N64192 /1 undetected,output,,N64192,N64192,1,undetected,N64192,N64192,N64192,sa1,1
10101,N64849 /1 undetected,output,,N64849,N64849,1,undetected,N64849,N64849,N64849,sa1,1
10102,N125495 /1 undetected,output,,N125495,N125495,1,undetected,N125495,N125495,N125495,sa1,1
10103,N63763 /1 undetected,output,,N63763,N63763,1,undetected,N63763,N63763,N63763,sa1,1
10104,N79065 /1 undetected,output,,N79065,N79065,1,undetected,N79065,N79065,N79065,sa1,1
10105,N125493 /1 undetected,output,,N125493,N125493,1,undetected,N125493,N125493,N125493,sa1,1
10106,N89144 /1 undetected,output,,N89144,N89144,1,undetected,N89144,N89144,N89144,sa1,1
10107,N64832 /1 undetected,output,,N64832,N64832,1,undetected,N64832,N64832,N64832,sa1,1
10108,N64831 /1 undetected,output,,N64831,N64831,1,undetected,N64831,N64831,N64831,sa1,1
10109,N125108 /1 undetected,output,,N125108,N125108,1,undetected,N125108,N125108,N125108,sa1,1
10110,N89349 /1 undetected,output,,N89349,N89349,1,undetected,N89349,N89349,N89349,sa1,1
10111,N60975 /1 undetected,output,,N60975,N60975,1,undetected,N60975,N60975,N60975,sa1,1
10112,N125342 /1 undetected,output,,N125342,N125342,1,undetected,N125342,N125342,N125342,sa1,1
10113,N64826 /1 undetected,output,,N64826,N64826,1,undetected,N64826,N64826,N64826,sa1,1
10114,N125492 /1 undetected,output,,N125492,N125492,1,undetected,N125492,N125492,N125492,sa1,1
10115,N124138 /1 undetected,output,,N124138,N124138,1,undetected,N124138,N124138,N124138,sa1,1
10116,N64775 /1 undetected,output,,N64775,N64775,1,undetected,N64775,N64775,N64775,sa1,1
10117,N89140 /1 undetected,output,,N89140,N89140,1,undetected,N89140,N89140,N89140,sa1,1
10118,N56764 /0 undetected,output,,N56764,N56764,0,undetected,N56764,N56764,N56764,sa0,1
10119,N56759 /1 undetected,output,,N56759,N56759,1,undetected,N56759,N56759,N56759,sa1,1
10120,N97789 /1 undetected,output,,N97789,N97789,1,undetected,N97789,N97789,N97789,sa1,1
10121,N56738 /1 undetected,output,,N56738,N56738,1,undetected,N56738,N56738,N56738,sa1,1
10122,N75650 /1 undetected,output,,N75650,N75650,1,undetected,N75650,N75650,N75650,sa1,1
10123,N56733 /1 undetected,output,,N56733,N56733,1,undetected,N56733,N56733,N56733,sa1,1
10124,N75185 /1 undetected,output,,N75185,N75185,1,undetected,N75185,N75185,N75185,sa1,1
10125,N56732 /1 undetected,output,,N56732,N56732,1,undetected,N56732,N56732,N56732,sa1,1
10126,N121214 /1 undetected,output,,N121214,N121214,1,undetected,N121214,N121214,N121214,sa1,1
10127,N93825 /1 undetected,output,,N93825,N93825,1,undetected,N93825,N93825,N93825,sa1,1
10128,N56730 /1 undetected,output,,N56730,N56730,1,undetected,N56730,N56730,N56730,sa1,1
10129,N93904 /1 undetected,output,,N93904,N93904,1,undetected,N93904,N93904,N93904,sa1,1
10130,N106484 /1 undetected,output,,N106484,N106484,1,undetected,N106484,N106484,N106484,sa1,1
10131,N56719 /1 undetected,output,,N56719,N56719,1,undetected,N56719,N56719,N56719,sa1,1
10132,N56717 /1 undetected,output,,N56717,N56717,1,undetected,N56717,N56717,N56717,sa1,1
10133,N95852 /1 undetected,output,,N95852,N95852,1,undetected,N95852,N95852,N95852,sa1,1
10134,N56716 /1 undetected,output,,N56716,N56716,1,undetected,N56716,N56716,N56716,sa1,1
10135,N121210 /1 undetected,output,,N121210,N121210,1,undetected,N121210,N121210,N121210,sa1,1
10136,N93824 /1 undetected,output,,N93824,N93824,1,undetected,N93824,N93824,N93824,sa1,1
10137,N121208 /1 undetected,output,,N121208,N121208,1,undetected,N121208,N121208,N121208,sa1,1
10138,N93903 /1 undetected,output,,N93903,N93903,1,undetected,N93903,N93903,N93903,sa1,1
10139,N56758 /1 undetected,output,,N56758,N56758,1,undetected,N56758,N56758,N56758,sa1,1
10140,N85583 /1 undetected,output,,N85583,N85583,1,undetected,N85583,N85583,N85583,sa1,1
10141,N56753 /1 undetected,output,,N56753,N56753,1,undetected,N56753,N56753,N56753,sa1,1
10142,N76155 /1 undetected,output,,N76155,N76155,1,undetected,N76155,N76155,N76155,sa1,1
10143,N56752 /1 undetected,output,,N56752,N56752,1,undetected,N56752,N56752,N56752,sa1,1
10144,N121215 /1 undetected,output,,N121215,N121215,1,undetected,N121215,N121215,N121215,sa1,1
10145,N94381 /1 undetected,output,,N94381,N94381,1,undetected,N94381,N94381,N94381,sa1,1
10146,N56750 /1 undetected,output,,N56750,N56750,1,undetected,N56750,N56750,N56750,sa1,1
10147,N94470 /1 undetected,output,,N94470,N94470,1,undetected,N94470,N94470,N94470,sa1,1
10148,N56746 /1 undetected,output,,N56746,N56746,1,undetected,N56746,N56746,N56746,sa1,1
10149,N85967 /1 undetected,output,,N85967,N85967,1,undetected,N85967,N85967,N85967,sa1,1
10150,N24066 /1 undetected,output,,N24066,N24066,1,undetected,N24066,N24066,N24066,sa1,1
10151,N56745 /1 undetected,output,,N56745,N56745,1,undetected,N56745,N56745,N56745,sa1,1
10152,N95977 /1 undetected,output,,N95977,N95977,1,undetected,N95977,N95977,N95977,sa1,1
10153,N121209 /1 undetected,output,,N121209,N121209,1,undetected,N121209,N121209,N121209,sa1,1
10154,N94469 /1 undetected,output,,N94469,N94469,1,undetected,N94469,N94469,N94469,sa1,1
10155,N56740 /1 undetected,output,,N56740,N56740,1,undetected,N56740,N56740,N56740,sa1,1
10156,N121211 /1 undetected,output,,N121211,N121211,1,undetected,N121211,N121211,N121211,sa1,1
10157,N94380 /1 undetected,output,,N94380,N94380,1,undetected,N94380,N94380,N94380,sa1,1
10158,N56697 /1 undetected,output,,N56697,N56697,1,undetected,N56697,N56697,N56697,sa1,1
10159,N92412 /1 undetected,output,,N92412,N92412,1,undetected,N92412,N92412,N92412,sa1,1
10160,N56696 /1 undetected,output,,N56696,N56696,1,undetected,N56696,N56696,N56696,sa1,1
10161,N75330 /1 undetected,output,,N75330,N75330,1,undetected,N75330,N75330,N75330,sa1,1
10162,N56692 /1 undetected,output,,N56692,N56692,1,undetected,N56692,N56692,N56692,sa1,1
10163,N56691 /1 undetected,output,,N56691,N56691,1,undetected,N56691,N56691,N56691,sa1,1
10164,N105437 /1 undetected,output,,N105437,N105437,1,undetected,N105437,N105437,N105437,sa1,1
10165,N56662 /1 undetected,output,,N56662,N56662,1,undetected,N56662,N56662,N56662,sa1,1
10166,N75204 /1 undetected,output,,N75204,N75204,1,undetected,N75204,N75204,N75204,sa1,1
10167,N56660 /1 undetected,output,,N56660,N56660,1,undetected,N56660,N56660,N56660,sa1,1
10168,N98472 /1 undetected,output,,N98472,N98472,1,undetected,N98472,N98472,N98472,sa1,1
10169,N94196 /1 undetected,output,,N94196,N94196,1,undetected,N94196,N94196,N94196,sa1,1
10170,N56687 /1 undetected,output,,N56687,N56687,1,undetected,N56687,N56687,N56687,sa1,1
10171,N121205 /1 undetected,output,,N121205,N121205,1,undetected,N121205,N121205,N121205,sa1,1
10172,N56667 /1 undetected,output,,N56667,N56667,1,undetected,N56667,N56667,N56667,sa1,1
10173,N56665 /1 undetected,output,,N56665,N56665,1,undetected,N56665,N56665,N56665,sa1,1
10174,N121204 /1 undetected,output,,N121204,N121204,1,undetected,N121204,N121204,N121204,sa1,1
10175,N99247 /1 undetected,output,,N99247,N99247,1,undetected,N99247,N99247,N99247,sa1,1
10176,N56685 /1 undetected,output,,N56685,N56685,1,undetected,N56685,N56685,N56685,sa1,1
10177,N85302 /1 undetected,output,,N85302,N85302,1,undetected,N85302,N85302,N85302,sa1,1
10178,N56681 /1 undetected,output,,N56681,N56681,1,undetected,N56681,N56681,N56681,sa1,1
10179,N91395 /1 undetected,output,,N91395,N91395,1,undetected,N91395,N91395,N91395,sa1,1
10180,N56678 /1 undetected,output,,N56678,N56678,1,undetected,N56678,N56678,N56678,sa1,1
10181,N75291 /1 undetected,output,,N75291,N75291,1,undetected,N75291,N75291,N75291,sa1,1
10182,N56676 /1 undetected,output,,N56676,N56676,1,undetected,N56676,N56676,N56676,sa1,1
10183,N101764 /1 undetected,output,,N101764,N101764,1,undetected,N101764,N101764,N101764,sa1,1
10184,N56674 /1 undetected,output,,N56674,N56674,1,undetected,N56674,N56674,N56674,sa1,1
10185,N84230 /1 undetected,output,,N84230,N84230,1,undetected,N84230,N84230,N84230,sa1,1
10186,N56672 /1 undetected,output,,N56672,N56672,1,undetected,N56672,N56672,N56672,sa1,1
10187,N56670 /1 undetected,output,,N56670,N56670,1,undetected,N56670,N56670,N56670,sa1,1
10188,N105415 /1 undetected,output,,N105415,N105415,1,undetected,N105415,N105415,N105415,sa1,1
10189,N92898 /1 undetected,output,,N92898,N92898,1,undetected,N92898,N92898,N92898,sa1,1
10190,N23506 /1 undetected,output,,N23506,N23506,1,undetected,N23506,N23506,N23506,sa1,1
10191,N56669 /1 undetected,output,,N56669,N56669,1,undetected,N56669,N56669,N56669,sa1,1
10192,N91397 /1 undetected,output,,N91397,N91397,1,undetected,N91397,N91397,N91397,sa1,1
10193,N82317 /1 undetected,output,,N82317,N82317,1,undetected,N82317,N82317,N82317,sa1,1
10194,N90694 /1 undetected,output,,N90694,N90694,1,undetected,N90694,N90694,N90694,sa1,1
10195,N82575 /1 undetected,output,,N82575,N82575,1,undetected,N82575,N82575,N82575,sa1,1
10196,N125247 /1 undetected,output,,N125247,N125247,1,undetected,N125247,N125247,N125247,sa1,1
10197,N63804 /1 undetected,output,,N63804,N63804,1,undetected,N63804,N63804,N63804,sa1,1
10198,N89331 /1 undetected,output,,N89331,N89331,1,undetected,N89331,N89331,N89331,sa1,1
10199,N124152 /1 undetected,output,,N124152,N124152,1,undetected,N124152,N124152,N124152,sa1,1
10200,N63791 /1 undetected,output,,N63791,N63791,1,undetected,N63791,N63791,N63791,sa1,1
10201,N80918 /1 undetected,output,,N80918,N80918,1,undetected,N80918,N80918,N80918,sa1,1
10202,N90684 /1 undetected,output,,N90684,N90684,1,undetected,N90684,N90684,N90684,sa1,1
10203,N63775 /1 undetected,output,,N63775,N63775,1,undetected,N63775,N63775,N63775,sa1,1
10204,N125115 /1 undetected,output,,N125115,N125115,1,undetected,N125115,N125115,N125115,sa1,1
10205,N124997 /1 undetected,output,,N124997,N124997,1,undetected,N124997,N124997,N124997,sa1,1
10206,N63769 /1 undetected,output,,N63769,N63769,1,undetected,N63769,N63769,N63769,sa1,1
10207,N124025 /1 undetected,output,,N124025,N124025,1,undetected,N124025,N124025,N124025,sa1,1
10208,N121914 /1 undetected,output,,N121914,N121914,1,undetected,N121914,N121914,N121914,sa1,1
10209,N63765 /1 undetected,output,,N63765,N63765,1,undetected,N63765,N63765,N63765,sa1,1
10210,N80917 /1 undetected,output,,N80917,N80917,1,undetected,N80917,N80917,N80917,sa1,1
10211,N82316 /1 undetected,output,,N82316,N82316,1,undetected,N82316,N82316,N82316,sa1,1
10212,N90693 /1 undetected,output,,N90693,N90693,1,undetected,N90693,N90693,N90693,sa1,1
10213,N82572 /1 undetected,output,,N82572,N82572,1,undetected,N82572,N82572,N82572,sa1,1
10214,N90681 /1 undetected,output,,N90681,N90681,1,undetected,N90681,N90681,N90681,sa1,1
10215,N125211 /1 undetected,output,,N125211,N125211,1,undetected,N125211,N125211,N125211,sa1,1
10216,N63652 /1 undetected,output,,N63652,N63652,1,undetected,N63652,N63652,N63652,sa1,1
10217,N121979 /1 undetected,output,,N121979,N121979,1,undetected,N121979,N121979,N121979,sa1,1
10218,N60947 /1 undetected,output,,N60947,N60947,1,undetected,N60947,N60947,N60947,sa1,1
10219,N124183 /1 undetected,output,,N124183,N124183,1,undetected,N124183,N124183,N124183,sa1,1
10220,N123990 /1 undetected,output,,N123990,N123990,1,undetected,N123990,N123990,N123990,sa1,1
10221,N125112 /1 undetected,output,,N125112,N125112,1,undetected,N125112,N125112,N125112,sa1,1
10222,N80915 /1 undetected,output,,N80915,N80915,1,undetected,N80915,N80915,N80915,sa1,1
10223,N80523 /1 undetected,output,,N80523,N80523,1,undetected,N80523,N80523,N80523,sa1,1
10224,N87840 /1 undetected,output,,N87840,N87840,1,undetected,N87840,N87840,N87840,sa1,1
10225,N88950 /1 undetected,output,,N88950,N88950,1,undetected,N88950,N88950,N88950,sa1,1
10226,N124208 /1 undetected,output,,N124208,N124208,1,undetected,N124208,N124208,N124208,sa1,1
10227,N63278 /1 undetected,output,,N63278,N63278,1,undetected,N63278,N63278,N63278,sa1,1
10228,N125203 /1 undetected,output,,N125203,N125203,1,undetected,N125203,N125203,N125203,sa1,1
10229,N82553 /1 undetected,output,,N82553,N82553,1,undetected,N82553,N82553,N82553,sa1,1
10230,N63613 /1 undetected,output,,N63613,N63613,1,undetected,N63613,N63613,N63613,sa1,1
10231,N124996 /1 undetected,output,,N124996,N124996,1,undetected,N124996,N124996,N124996,sa1,1
10232,N89328 /1 undetected,output,,N89328,N89328,1,undetected,N89328,N89328,N89328,sa1,1
10233,N82315 /1 undetected,output,,N82315,N82315,1,undetected,N82315,N82315,N82315,sa1,1
10234,N95312 /1 undetected,output,,N95312,N95312,1,undetected,N95312,N95312,N95312,sa1,1
10235,N99160 /1 undetected,output,,N99160,N99160,1,undetected,N99160,N99160,N99160,sa1,1
10236,N84944 /1 undetected,output,,N84944,N84944,1,undetected,N84944,N84944,N84944,sa1,1
10237,N85030 /1 undetected,output,,N85030,N85030,1,undetected,N85030,N85030,N85030,sa1,1
10238,N75102 /1 undetected,output,,N75102,N75102,1,undetected,N75102,N75102,N75102,sa1,1
10239,N85083 /1 undetected,output,,N85083,N85083,1,undetected,N85083,N85083,N85083,sa1,1
10240,N8662 /1 undetected,output,,N8662,N8662,1,undetected,N8662,N8662,N8662,sa1,1
10241,N92365 /1 undetected,output,,N92365,N92365,1,undetected,N92365,N92365,N92365,sa1,1
10242,N84442 /1 undetected,output,,N84442,N84442,1,undetected,N84442,N84442,N84442,sa1,1
10243,N19334 /1 undetected,output,,N19334,N19334,1,undetected,N19334,N19334,N19334,sa1,1
10244,N86647 /1 undetected,output,,N86647,N86647,1,undetected,N86647,N86647,N86647,sa1,1
10245,N19277 /1 undetected,output,,N19277,N19277,1,undetected,N19277,N19277,N19277,sa1,1
10246,N125802 /1 undetected,output,,N125802,N125802,1,undetected,N125802,N125802,N125802,sa1,1
10247,N95098 /1 undetected,output,,N95098,N95098,1,undetected,N95098,N95098,N95098,sa1,1
10248,N94991 /1 undetected,output,,N94991,N94991,1,undetected,N94991,N94991,N94991,sa1,1
10249,N125791 /1 undetected,output,,N125791,N125791,1,undetected,N125791,N125791,N125791,sa1,1
10250,N87300 /1 undetected,output,,N87300,N87300,1,undetected,N87300,N87300,N87300,sa1,1
10251,N95097 /1 undetected,output,,N95097,N95097,1,undetected,N95097,N95097,N95097,sa1,1
10252,N94990 /1 undetected,output,,N94990,N94990,1,undetected,N94990,N94990,N94990,sa1,1
10253,N66441 /1 undetected,output,,N66441,N66441,1,undetected,N66441,N66441,N66441,sa1,1
10254,N125801 /1 undetected,output,,N125801,N125801,1,undetected,N125801,N125801,N125801,sa1,1
10255,N125808 /1 undetected,output,,N125808,N125808,1,undetected,N125808,N125808,N125808,sa1,1
10256,N66447 /1 undetected,output,,N66447,N66447,1,undetected,N66447,N66447,N66447,sa1,1
10257,N78115 /1 undetected,output,,N78115,N78115,1,undetected,N78115,N78115,N78115,sa1,1
10258,N82451 /1 undetected,output,,N82451,N82451,1,undetected,N82451,N82451,N82451,sa1,1
10259,N90482 /1 undetected,output,,N90482,N90482,1,undetected,N90482,N90482,N90482,sa1,1
10260,N82497 /1 undetected,output,,N82497,N82497,1,undetected,N82497,N82497,N82497,sa1,1
10261,N90481 /1 undetected,output,,N90481,N90481,1,undetected,N90481,N90481,N90481,sa1,1
10262,N82496 /1 undetected,output,,N82496,N82496,1,undetected,N82496,N82496,N82496,sa1,1
10263,N90479 /1 undetected,output,,N90479,N90479,1,undetected,N90479,N90479,N90479,sa1,1
10264,N90573 /1 undetected,output,,N90573,N90573,1,undetected,N90573,N90573,N90573,sa1,1
10265,N90480 /1 undetected,output,,N90480,N90480,1,undetected,N90480,N90480,N90480,sa1,1
10266,N90572 /1 undetected,output,,N90572,N90572,1,undetected,N90572,N90572,N90572,sa1,1
10267,N82495 /1 undetected,output,,N82495,N82495,1,undetected,N82495,N82495,N82495,sa1,1
10268,N90478 /1 undetected,output,,N90478,N90478,1,undetected,N90478,N90478,N90478,sa1,1
10269,N82494 /1 undetected,output,,N82494,N82494,1,undetected,N82494,N82494,N82494,sa1,1
10270,N90477 /1 undetected,output,,N90477,N90477,1,undetected,N90477,N90477,N90477,sa1,1
10271,N82419 /1 undetected,output,,N82419,N82419,1,undetected,N82419,N82419,N82419,sa1,1
10272,N82492 /1 undetected,output,,N82492,N82492,1,undetected,N82492,N82492,N82492,sa1,1
10273,N90476 /1 undetected,output,,N90476,N90476,1,undetected,N90476,N90476,N90476,sa1,1
10274,N90602 /1 undetected,output,,N90602,N90602,1,undetected,N90602,N90602,N90602,sa1,1
10275,N82493 /1 undetected,output,,N82493,N82493,1,undetected,N82493,N82493,N82493,sa1,1
10276,N90475 /1 undetected,output,,N90475,N90475,1,undetected,N90475,N90475,N90475,sa1,1
10277,N90632 /1 undetected,output,,N90632,N90632,1,undetected,N90632,N90632,N90632,sa1,1
10278,N90472 /1 undetected,output,,N90472,N90472,1,undetected,N90472,N90472,N90472,sa1,1
10279,N82449 /1 undetected,output,,N82449,N82449,1,undetected,N82449,N82449,N82449,sa1,1
10280,N90631 /1 undetected,output,,N90631,N90631,1,undetected,N90631,N90631,N90631,sa1,1
10281,N90471 /1 undetected,output,,N90471,N90471,1,undetected,N90471,N90471,N90471,sa1,1
10282,N90470 /1 undetected,output,,N90470,N90470,1,undetected,N90470,N90470,N90470,sa1,1
10283,N22263 /0 undetected,output,,N22263,N22263,0,undetected,N22263,N22263,N22263,sa0,1
10284,N95309 /1 undetected,output,,N95309,N95309,1,undetected,N95309,N95309,N95309,sa1,1
10285,N105039 /1 undetected,output,,N105039,N105039,1,undetected,N105039,N105039,N105039,sa1,1
10286,N22259 /1 undetected,output,,N22259,N22259,1,undetected,N22259,N22259,N22259,sa1,1
10287,N91737 /1 undetected,output,,N91737,N91737,1,undetected,N91737,N91737,N91737,sa1,1
10288,N92453 /1 undetected,output,,N92453,N92453,1,undetected,N92453,N92453,N92453,sa1,1
10289,N74553 /1 undetected,output,,N74553,N74553,1,undetected,N74553,N74553,N74553,sa1,1
10290,N103889 /1 undetected,output,,N103889,N103889,1,undetected,N103889,N103889,N103889,sa1,1
10291,N84450 /1 undetected,output,,N84450,N84450,1,undetected,N84450,N84450,N84450,sa1,1
10292,N14236 /0 undetected,output,,N14236,N14236,0,undetected,N14236,N14236,N14236,sa0,1
10293,N83831 /1 undetected,output,,N83831,N83831,1,undetected,N83831,N83831,N83831,sa1,1
10294,N74278 /1 undetected,output,,N74278,N74278,1,undetected,N74278,N74278,N74278,sa1,1
10295,N14232 /1 undetected,output,,N14232,N14232,1,undetected,N14232,N14232,N14232,sa1,1
10296,N94805 /1 undetected,output,,N94805,N94805,1,undetected,N94805,N94805,N94805,sa1,1
10297,N83863 /1 undetected,output,,N83863,N83863,1,undetected,N83863,N83863,N83863,sa1,1
10298,N14224 /1 undetected,output,,N14224,N14224,1,undetected,N14224,N14224,N14224,sa1,1
10299,N101542 /1 undetected,output,,N101542,N101542,1,undetected,N101542,N101542,N101542,sa1,1
10300,N14220 /1 undetected,output,,N14220,N14220,1,undetected,N14220,N14220,N14220,sa1,1
10301,N87161 /1 undetected,output,,N87161,N87161,1,undetected,N87161,N87161,N87161,sa1,1
10302,N14218 /1 undetected,output,,N14218,N14218,1,undetected,N14218,N14218,N14218,sa1,1
10303,N91591 /1 undetected,output,,N91591,N91591,1,undetected,N91591,N91591,N91591,sa1,1
10304,N14214 /1 undetected,output,,N14214,N14214,1,undetected,N14214,N14214,N14214,sa1,1
10305,N91731 /1 undetected,output,,N91731,N91731,1,undetected,N91731,N91731,N91731,sa1,1
10306,N14210 /1 undetected,output,,N14210,N14210,1,undetected,N14210,N14210,N14210,sa1,1
10307,N14208 /1 undetected,output,,N14208,N14208,1,undetected,N14208,N14208,N14208,sa1,1
10308,N94608 /1 undetected,output,,N94608,N94608,1,undetected,N94608,N94608,N94608,sa1,1
10309,N14207 /1 undetected,output,,N14207,N14207,1,undetected,N14207,N14207,N14207,sa1,1
10310,N100422 /1 undetected,output,,N100422,N100422,1,undetected,N100422,N100422,N100422,sa1,1
10311,N86706 /1 undetected,output,,N86706,N86706,1,undetected,N86706,N86706,N86706,sa1,1
10312,N14203 /1 undetected,output,,N14203,N14203,1,undetected,N14203,N14203,N14203,sa1,1
10313,N14202 /1 undetected,output,,N14202,N14202,1,undetected,N14202,N14202,N14202,sa1,1
10314,N100426 /1 undetected,output,,N100426,N100426,1,undetected,N100426,N100426,N100426,sa1,1
10315,N99872 /1 undetected,output,,N99872,N99872,1,undetected,N99872,N99872,N99872,sa1,1
10316,N14200 /1 undetected,output,,N14200,N14200,1,undetected,N14200,N14200,N14200,sa1,1
10317,N77168 /1 undetected,output,,N77168,N77168,1,undetected,N77168,N77168,N77168,sa1,1
10318,N14198 /1 undetected,output,,N14198,N14198,1,undetected,N14198,N14198,N14198,sa1,1
10319,N101554 /1 undetected,output,,N101554,N101554,1,undetected,N101554,N101554,N101554,sa1,1
10320,N14190 /1 undetected,output,,N14190,N14190,1,undetected,N14190,N14190,N14190,sa1,1
10321,N92553 /1 undetected,output,,N92553,N92553,1,undetected,N92553,N92553,N92553,sa1,1
10322,N74639 /1 undetected,output,,N74639,N74639,1,undetected,N74639,N74639,N74639,sa1,1
10323,N11499 /1 undetected,output,,N11499,N11499,1,undetected,N11499,N11499,N11499,sa1,1
10324,N84509 /1 undetected,output,,N84509,N84509,1,undetected,N84509,N84509,N84509,sa1,1
10325,N14183 /1 undetected,output,,N14183,N14183,1,undetected,N14183,N14183,N14183,sa1,1
10326,N14179 /1 undetected,output,,N14179,N14179,1,undetected,N14179,N14179,N14179,sa1,1
10327,N84329 /1 undetected,output,,N84329,N84329,1,undetected,N84329,N84329,N84329,sa1,1
10328,N14178 /1 undetected,output,,N14178,N14178,1,undetected,N14178,N14178,N14178,sa1,1
10329,N78820 /1 undetected,output,,N78820,N78820,1,undetected,N78820,N78820,N78820,sa1,1
10330,N14176 /1 undetected,output,,N14176,N14176,1,undetected,N14176,N14176,N14176,sa1,1
10331,N92877 /1 undetected,output,,N92877,N92877,1,undetected,N92877,N92877,N92877,sa1,1
10332,N14173 /1 undetected,output,,N14173,N14173,1,undetected,N14173,N14173,N14173,sa1,1
10333,N74425 /1 undetected,output,,N74425,N74425,1,undetected,N74425,N74425,N74425,sa1,1
10334,N3170 /1 undetected,output,,N3170,N3170,1,undetected,N3170,N3170,N3170,sa1,1
10335,N98459 /1 undetected,output,,N98459,N98459,1,undetected,N98459,N98459,N98459,sa1,1
10336,N14169 /1 undetected,output,,N14169,N14169,1,undetected,N14169,N14169,N14169,sa1,1
10337,N92116 /1 undetected,output,,N92116,N92116,1,undetected,N92116,N92116,N92116,sa1,1
10338,N98449 /1 undetected,output,,N98449,N98449,1,undetected,N98449,N98449,N98449,sa1,1
10339,N14165 /1 undetected,output,,N14165,N14165,1,undetected,N14165,N14165,N14165,sa1,1
10340,N14162 /1 undetected,output,,N14162,N14162,1,undetected,N14162,N14162,N14162,sa1,1
10341,N100392 /1 undetected,output,,N100392,N100392,1,undetected,N100392,N100392,N100392,sa1,1
10342,N14161 /1 undetected,output,,N14161,N14161,1,undetected,N14161,N14161,N14161,sa1,1
10343,N101546 /1 undetected,output,,N101546,N101546,1,undetected,N101546,N101546,N101546,sa1,1
10344,N99202 /1 undetected,output,,N99202,N99202,1,undetected,N99202,N99202,N99202,sa1,1
10345,N12357 /1 undetected,output,,N12357,N12357,1,undetected,N12357,N12357,N12357,sa1,1
10346,N14159 /1 undetected,output,,N14159,N14159,1,undetected,N14159,N14159,N14159,sa1,1
10347,N101548 /1 undetected,output,,N101548,N101548,1,undetected,N101548,N101548,N101548,sa1,1
10348,N99188 /1 undetected,output,,N99188,N99188,1,undetected,N99188,N99188,N99188,sa1,1
10349,N92150 /1 undetected,output,,N92150,N92150,1,undetected,N92150,N92150,N92150,sa1,1
10350,N14151 /1 undetected,output,,N14151,N14151,1,undetected,N14151,N14151,N14151,sa1,1
10351,N99794 /1 undetected,output,,N99794,N99794,1,undetected,N99794,N99794,N99794,sa1,1
10352,N14149 /1 undetected,output,,N14149,N14149,1,undetected,N14149,N14149,N14149,sa1,1
10353,N100398 /1 undetected,output,,N100398,N100398,1,undetected,N100398,N100398,N100398,sa1,1
10354,N14148 /1 undetected,output,,N14148,N14148,1,undetected,N14148,N14148,N14148,sa1,1
10355,N98477 /1 undetected,output,,N98477,N98477,1,undetected,N98477,N98477,N98477,sa1,1
10356,N14147 /1 undetected,output,,N14147,N14147,1,undetected,N14147,N14147,N14147,sa1,1
10357,N84306 /1 undetected,output,,N84306,N84306,1,undetected,N84306,N84306,N84306,sa1,1
10358,N84135 /1 undetected,output,,N84135,N84135,1,undetected,N84135,N84135,N84135,sa1,1
10359,N14146 /1 undetected,output,,N14146,N14146,1,undetected,N14146,N14146,N14146,sa1,1
10360,N14143 /1 undetected,output,,N14143,N14143,1,undetected,N14143,N14143,N14143,sa1,1
10361,N100424 /1 undetected,output,,N100424,N100424,1,undetected,N100424,N100424,N100424,sa1,1
10362,N14141 /1 undetected,output,,N14141,N14141,1,undetected,N14141,N14141,N14141,sa1,1
10363,N100451 /1 undetected,output,,N100451,N100451,1,undetected,N100451,N100451,N100451,sa1,1
10364,N77167 /1 undetected,output,,N77167,N77167,1,undetected,N77167,N77167,N77167,sa1,1
10365,N87959 /1 undetected,output,,N87959,N87959,1,undetected,N87959,N87959,N87959,sa1,1
10366,N121226 /1 undetected,output,,N121226,N121226,1,undetected,N121226,N121226,N121226,sa1,1
10367,N121277 /1 undetected,output,,N121277,N121277,1,undetected,N121277,N121277,N121277,sa1,1
10368,N121797 /1 undetected,output,,N121797,N121797,1,undetected,N121797,N121797,N121797,sa1,1
10369,N78971 /1 undetected,output,,N78971,N78971,1,undetected,N78971,N78971,N78971,sa1,1
10370,N67747 /1 undetected,output,,N67747,N67747,1,undetected,N67747,N67747,N67747,sa1,1
10371,N82674 /1 undetected,output,,N82674,N82674,1,undetected,N82674,N82674,N82674,sa1,1
10372,N126189 /1 undetected,output,,N126189,N126189,1,undetected,N126189,N126189,N126189,sa1,1
10373,N67717 /1 undetected,output,,N67717,N67717,1,undetected,N67717,N67717,N67717,sa1,1
10374,N82852 /1 undetected,output,,N82852,N82852,1,undetected,N82852,N82852,N82852,sa1,1
10375,N126188 /1 undetected,output,,N126188,N126188,1,undetected,N126188,N126188,N126188,sa1,1
10376,N67653 /1 undetected,output,,N67653,N67653,1,undetected,N67653,N67653,N67653,sa1,1
10377,N82876 /1 undetected,output,,N82876,N82876,1,undetected,N82876,N82876,N82876,sa1,1
10378,N126187 /1 undetected,output,,N126187,N126187,1,undetected,N126187,N126187,N126187,sa1,1
10379,N67647 /1 undetected,output,,N67647,N67647,1,undetected,N67647,N67647,N67647,sa1,1
10380,N82729 /1 undetected,output,,N82729,N82729,1,undetected,N82729,N82729,N82729,sa1,1
10381,N126186 /1 undetected,output,,N126186,N126186,1,undetected,N126186,N126186,N126186,sa1,1
10382,N67635 /1 undetected,output,,N67635,N67635,1,undetected,N67635,N67635,N67635,sa1,1
10383,N82864 /1 undetected,output,,N82864,N82864,1,undetected,N82864,N82864,N82864,sa1,1
10384,N126185 /1 undetected,output,,N126185,N126185,1,undetected,N126185,N126185,N126185,sa1,1
10385,N67623 /1 undetected,output,,N67623,N67623,1,undetected,N67623,N67623,N67623,sa1,1
10386,N82869 /1 undetected,output,,N82869,N82869,1,undetected,N82869,N82869,N82869,sa1,1
10387,N126184 /1 undetected,output,,N126184,N126184,1,undetected,N126184,N126184,N126184,sa1,1
10388,N67617 /1 undetected,output,,N67617,N67617,1,undetected,N67617,N67617,N67617,sa1,1
10389,N82845 /1 undetected,output,,N82845,N82845,1,undetected,N82845,N82845,N82845,sa1,1
10390,N126183 /1 undetected,output,,N126183,N126183,1,undetected,N126183,N126183,N126183,sa1,1
10391,N67605 /1 undetected,output,,N67605,N67605,1,undetected,N67605,N67605,N67605,sa1,1
10392,N83736 /1 undetected,output,,N83736,N83736,1,undetected,N83736,N83736,N83736,sa1,1
10393,N126182 /1 undetected,output,,N126182,N126182,1,undetected,N126182,N126182,N126182,sa1,1
10394,N67599 /1 undetected,output,,N67599,N67599,1,undetected,N67599,N67599,N67599,sa1,1
10395,N82908 /1 undetected,output,,N82908,N82908,1,undetected,N82908,N82908,N82908,sa1,1
10396,N126181 /1 undetected,output,,N126181,N126181,1,undetected,N126181,N126181,N126181,sa1,1
10397,N67593 /1 undetected,output,,N67593,N67593,1,undetected,N67593,N67593,N67593,sa1,1
10398,N82682 /1 undetected,output,,N82682,N82682,1,undetected,N82682,N82682,N82682,sa1,1
10399,N126180 /1 undetected,output,,N126180,N126180,1,undetected,N126180,N126180,N126180,sa1,1
10400,N67587 /1 undetected,output,,N67587,N67587,1,undetected,N67587,N67587,N67587,sa1,1
10401,N82719 /1 undetected,output,,N82719,N82719,1,undetected,N82719,N82719,N82719,sa1,1
10402,N126179 /1 undetected,output,,N126179,N126179,1,undetected,N126179,N126179,N126179,sa1,1
10403,N67557 /1 undetected,output,,N67557,N67557,1,undetected,N67557,N67557,N67557,sa1,1
10404,N82641 /1 undetected,output,,N82641,N82641,1,undetected,N82641,N82641,N82641,sa1,1
10405,N126178 /1 undetected,output,,N126178,N126178,1,undetected,N126178,N126178,N126178,sa1,1
10406,N67551 /1 undetected,output,,N67551,N67551,1,undetected,N67551,N67551,N67551,sa1,1
10407,N82657 /1 undetected,output,,N82657,N82657,1,undetected,N82657,N82657,N82657,sa1,1
10408,N126177 /1 undetected,output,,N126177,N126177,1,undetected,N126177,N126177,N126177,sa1,1
10409,N67545 /1 undetected,output,,N67545,N67545,1,undetected,N67545,N67545,N67545,sa1,1
10410,N82736 /1 undetected,output,,N82736,N82736,1,undetected,N82736,N82736,N82736,sa1,1
10411,N126176 /1 undetected,output,,N126176,N126176,1,undetected,N126176,N126176,N126176,sa1,1
10412,N67539 /1 undetected,output,,N67539,N67539,1,undetected,N67539,N67539,N67539,sa1,1
10413,N82623 /1 undetected,output,,N82623,N82623,1,undetected,N82623,N82623,N82623,sa1,1
10414,N126175 /1 undetected,output,,N126175,N126175,1,undetected,N126175,N126175,N126175,sa1,1
10415,N67533 /1 undetected,output,,N67533,N67533,1,undetected,N67533,N67533,N67533,sa1,1
10416,N82699 /1 undetected,output,,N82699,N82699,1,undetected,N82699,N82699,N82699,sa1,1
10417,N126174 /1 undetected,output,,N126174,N126174,1,undetected,N126174,N126174,N126174,sa1,1
10418,N67527 /1 undetected,output,,N67527,N67527,1,undetected,N67527,N67527,N67527,sa1,1
10419,N83755 /1 undetected,output,,N83755,N83755,1,undetected,N83755,N83755,N83755,sa1,1
10420,N126173 /1 undetected,output,,N126173,N126173,1,undetected,N126173,N126173,N126173,sa1,1
10421,N67521 /1 undetected,output,,N67521,N67521,1,undetected,N67521,N67521,N67521,sa1,1
10422,N83751 /1 undetected,output,,N83751,N83751,1,undetected,N83751,N83751,N83751,sa1,1
10423,N126172 /1 undetected,output,,N126172,N126172,1,undetected,N126172,N126172,N126172,sa1,1
10424,N67515 /1 undetected,output,,N67515,N67515,1,undetected,N67515,N67515,N67515,sa1,1
10425,N83747 /1 undetected,output,,N83747,N83747,1,undetected,N83747,N83747,N83747,sa1,1
10426,N126171 /1 undetected,output,,N126171,N126171,1,undetected,N126171,N126171,N126171,sa1,1
10427,N67509 /1 undetected,output,,N67509,N67509,1,undetected,N67509,N67509,N67509,sa1,1
10428,N82914 /1 undetected,output,,N82914,N82914,1,undetected,N82914,N82914,N82914,sa1,1
10429,N126170 /1 undetected,output,,N126170,N126170,1,undetected,N126170,N126170,N126170,sa1,1
10430,N67503 /1 undetected,output,,N67503,N67503,1,undetected,N67503,N67503,N67503,sa1,1
10431,N82667 /1 undetected,output,,N82667,N82667,1,undetected,N82667,N82667,N82667,sa1,1
10432,N126169 /1 undetected,output,,N126169,N126169,1,undetected,N126169,N126169,N126169,sa1,1
10433,N67497 /1 undetected,output,,N67497,N67497,1,undetected,N67497,N67497,N67497,sa1,1
10434,N82902 /1 undetected,output,,N82902,N82902,1,undetected,N82902,N82902,N82902,sa1,1
10435,N126168 /1 undetected,output,,N126168,N126168,1,undetected,N126168,N126168,N126168,sa1,1
10436,N67491 /1 undetected,output,,N67491,N67491,1,undetected,N67491,N67491,N67491,sa1,1
10437,N82838 /1 undetected,output,,N82838,N82838,1,undetected,N82838,N82838,N82838,sa1,1
10438,N126167 /1 undetected,output,,N126167,N126167,1,undetected,N126167,N126167,N126167,sa1,1
10439,N67485 /1 undetected,output,,N67485,N67485,1,undetected,N67485,N67485,N67485,sa1,1
10440,N82896 /1 undetected,output,,N82896,N82896,1,undetected,N82896,N82896,N82896,sa1,1
10441,N126166 /1 undetected,output,,N126166,N126166,1,undetected,N126166,N126166,N126166,sa1,1
10442,N67479 /1 undetected,output,,N67479,N67479,1,undetected,N67479,N67479,N67479,sa1,1
10443,N83741 /1 undetected,output,,N83741,N83741,1,undetected,N83741,N83741,N83741,sa1,1
10444,N126165 /1 undetected,output,,N126165,N126165,1,undetected,N126165,N126165,N126165,sa1,1
10445,N67473 /1 undetected,output,,N67473,N67473,1,undetected,N67473,N67473,N67473,sa1,1
10446,N82830 /1 undetected,output,,N82830,N82830,1,undetected,N82830,N82830,N82830,sa1,1
10447,N126164 /1 undetected,output,,N126164,N126164,1,undetected,N126164,N126164,N126164,sa1,1
10448,N67467 /1 undetected,output,,N67467,N67467,1,undetected,N67467,N67467,N67467,sa1,1
10449,N82890 /1 undetected,output,,N82890,N82890,1,undetected,N82890,N82890,N82890,sa1,1
10450,N126163 /1 undetected,output,,N126163,N126163,1,undetected,N126163,N126163,N126163,sa1,1
10451,N67461 /1 undetected,output,,N67461,N67461,1,undetected,N67461,N67461,N67461,sa1,1
10452,N82651 /1 undetected,output,,N82651,N82651,1,undetected,N82651,N82651,N82651,sa1,1
10453,N126162 /1 undetected,output,,N126162,N126162,1,undetected,N126162,N126162,N126162,sa1,1
10454,N67455 /1 undetected,output,,N67455,N67455,1,undetected,N67455,N67455,N67455,sa1,1
10455,N82858 /1 undetected,output,,N82858,N82858,1,undetected,N82858,N82858,N82858,sa1,1
10456,N126161 /1 undetected,output,,N126161,N126161,1,undetected,N126161,N126161,N126161,sa1,1
10457,N67449 /1 undetected,output,,N67449,N67449,1,undetected,N67449,N67449,N67449,sa1,1
10458,N82884 /1 undetected,output,,N82884,N82884,1,undetected,N82884,N82884,N82884,sa1,1
10459,N126160 /1 undetected,output,,N126160,N126160,1,undetected,N126160,N126160,N126160,sa1,1
10460,N67443 /1 undetected,output,,N67443,N67443,1,undetected,N67443,N67443,N67443,sa1,1
10461,N82824 /1 undetected,output,,N82824,N82824,1,undetected,N82824,N82824,N82824,sa1,1
10462,N126159 /1 undetected,output,,N126159,N126159,1,undetected,N126159,N126159,N126159,sa1,1
10463,N67437 /1 undetected,output,,N67437,N67437,1,undetected,N67437,N67437,N67437,sa1,1
10464,N82712 /1 undetected,output,,N82712,N82712,1,undetected,N82712,N82712,N82712,sa1,1
10465,N126158 /1 undetected,output,,N126158,N126158,1,undetected,N126158,N126158,N126158,sa1,1
10466,N67431 /1 undetected,output,,N67431,N67431,1,undetected,N67431,N67431,N67431,sa1,1
10467,N82616 /1 undetected,output,,N82616,N82616,1,undetected,N82616,N82616,N82616,sa1,1
10468,N126157 /1 undetected,output,,N126157,N126157,1,undetected,N126157,N126157,N126157,sa1,1
10469,N67425 /1 undetected,output,,N67425,N67425,1,undetected,N67425,N67425,N67425,sa1,1
10470,N82706 /1 undetected,output,,N82706,N82706,1,undetected,N82706,N82706,N82706,sa1,1
10471,N126156 /1 undetected,output,,N126156,N126156,1,undetected,N126156,N126156,N126156,sa1,1
10472,N67419 /1 undetected,output,,N67419,N67419,1,undetected,N67419,N67419,N67419,sa1,1
10473,N82690 /1 undetected,output,,N82690,N82690,1,undetected,N82690,N82690,N82690,sa1,1
10474,N126155 /1 undetected,output,,N126155,N126155,1,undetected,N126155,N126155,N126155,sa1,1
10475,N67413 /1 undetected,output,,N67413,N67413,1,undetected,N67413,N67413,N67413,sa1,1
10476,N82635 /1 undetected,output,,N82635,N82635,1,undetected,N82635,N82635,N82635,sa1,1
10477,N126154 /1 undetected,output,,N126154,N126154,1,undetected,N126154,N126154,N126154,sa1,1
10478,N82418 /1 undetected,output,,N82418,N82418,1,undetected,N82418,N82418,N82418,sa1,1
10479,N90548 /1 undetected,output,,N90548,N90548,1,undetected,N90548,N90548,N90548,sa1,1
10480,N82489 /1 undetected,output,,N82489,N82489,1,undetected,N82489,N82489,N82489,sa1,1
10481,N90549 /1 undetected,output,,N90549,N90549,1,undetected,N90549,N90549,N90549,sa1,1
10482,N90547 /1 undetected,output,,N90547,N90547,1,undetected,N90547,N90547,N90547,sa1,1
10483,N90600 /1 undetected,output,,N90600,N90600,1,undetected,N90600,N90600,N90600,sa1,1
10484,N82488 /1 undetected,output,,N82488,N82488,1,undetected,N82488,N82488,N82488,sa1,1
10485,N90550 /1 undetected,output,,N90550,N90550,1,undetected,N90550,N90550,N90550,sa1,1
10486,N90599 /1 undetected,output,,N90599,N90599,1,undetected,N90599,N90599,N90599,sa1,1
10487,N82487 /1 undetected,output,,N82487,N82487,1,undetected,N82487,N82487,N82487,sa1,1
10488,N82486 /1 undetected,output,,N82486,N82486,1,undetected,N82486,N82486,N82486,sa1,1
10489,N90569 /1 undetected,output,,N90569,N90569,1,undetected,N90569,N90569,N90569,sa1,1
10490,N82484 /1 undetected,output,,N82484,N82484,1,undetected,N82484,N82484,N82484,sa1,1
10491,N82485 /1 undetected,output,,N82485,N82485,1,undetected,N82485,N82485,N82485,sa1,1
10492,N90545 /1 undetected,output,,N90545,N90545,1,undetected,N90545,N90545,N90545,sa1,1
10493,N90546 /1 undetected,output,,N90546,N90546,1,undetected,N90546,N90546,N90546,sa1,1
10494,N82446 /1 undetected,output,,N82446,N82446,1,undetected,N82446,N82446,N82446,sa1,1
10495,N82483 /1 undetected,output,,N82483,N82483,1,undetected,N82483,N82483,N82483,sa1,1
10496,N90542 /1 undetected,output,,N90542,N90542,1,undetected,N90542,N90542,N90542,sa1,1
10497,N90539 /1 undetected,output,,N90539,N90539,1,undetected,N90539,N90539,N90539,sa1,1
10498,N82482 /1 undetected,output,,N82482,N82482,1,undetected,N82482,N82482,N82482,sa1,1
10499,N90568 /1 undetected,output,,N90568,N90568,1,undetected,N90568,N90568,N90568,sa1,1
10500,N125997 /1 undetected,output,,N125997,N125997,1,undetected,N125997,N125997,N125997,sa1,1
10501,N125810 /1 undetected,output,,N125810,N125810,1,undetected,N125810,N125810,N125810,sa1,1
10502,N20707 /1 undetected,output,,N20707,N20707,1,undetected,N20707,N20707,N20707,sa1,1
10503,N94482 /1 undetected,output,,N94482,N94482,1,undetected,N94482,N94482,N94482,sa1,1
10504,N98496 /1 undetected,output,,N98496,N98496,1,undetected,N98496,N98496,N98496,sa1,1
10505,N13346 /1 undetected,output,,N13346,N13346,1,undetected,N13346,N13346,N13346,sa1,1
10506,N20700 /1 undetected,output,,N20700,N20700,1,undetected,N20700,N20700,N20700,sa1,1
10507,N92706 /1 undetected,output,,N92706,N92706,1,undetected,N92706,N92706,N92706,sa1,1
10508,N20696 /1 undetected,output,,N20696,N20696,1,undetected,N20696,N20696,N20696,sa1,1
10509,N20695 /1 undetected,output,,N20695,N20695,1,undetected,N20695,N20695,N20695,sa1,1
10510,N20693 /1 undetected,output,,N20693,N20693,1,undetected,N20693,N20693,N20693,sa1,1
10511,N104671 /1 undetected,output,,N104671,N104671,1,undetected,N104671,N104671,N104671,sa1,1
10512,N103003 /1 undetected,output,,N103003,N103003,1,undetected,N103003,N103003,N103003,sa1,1
10513,N95205 /1 undetected,output,,N95205,N95205,1,undetected,N95205,N95205,N95205,sa1,1
10514,N20690 /1 undetected,output,,N20690,N20690,1,undetected,N20690,N20690,N20690,sa1,1
10515,N20686 /1 undetected,output,,N20686,N20686,1,undetected,N20686,N20686,N20686,sa1,1
10516,N104672 /1 undetected,output,,N104672,N104672,1,undetected,N104672,N104672,N104672,sa1,1
10517,N20683 /1 undetected,output,,N20683,N20683,1,undetected,N20683,N20683,N20683,sa1,1
10518,N96202 /1 undetected,output,,N96202,N96202,1,undetected,N96202,N96202,N96202,sa1,1
10519,N2181 /1 undetected,output,,N2181,N2181,1,undetected,N2181,N2181,N2181,sa1,1
10520,N92888 /1 undetected,output,,N92888,N92888,1,undetected,N92888,N92888,N92888,sa1,1
10521,N92866 /1 undetected,output,,N92866,N92866,1,undetected,N92866,N92866,N92866,sa1,1
10522,N20682 /1 undetected,output,,N20682,N20682,1,undetected,N20682,N20682,N20682,sa1,1
10523,N104670 /1 undetected,output,,N104670,N104670,1,undetected,N104670,N104670,N104670,sa1,1
10524,N102849 /1 undetected,output,,N102849,N102849,1,undetected,N102849,N102849,N102849,sa1,1
10525,N83902 /1 undetected,output,,N83902,N83902,1,undetected,N83902,N83902,N83902,sa1,1
10526,N20675 /1 undetected,output,,N20675,N20675,1,undetected,N20675,N20675,N20675,sa1,1
10527,N102992 /1 undetected,output,,N102992,N102992,1,undetected,N102992,N102992,N102992,sa1,1
10528,N84040 /1 undetected,output,,N84040,N84040,1,undetected,N84040,N84040,N84040,sa1,1
10529,N20671 /1 undetected,output,,N20671,N20671,1,undetected,N20671,N20671,N20671,sa1,1
10530,N93108 /1 undetected,output,,N93108,N93108,1,undetected,N93108,N93108,N93108,sa1,1
10531,N20667 /1 undetected,output,,N20667,N20667,1,undetected,N20667,N20667,N20667,sa1,1
10532,N83940 /1 undetected,output,,N83940,N83940,1,undetected,N83940,N83940,N83940,sa1,1
10533,N16149 /1 undetected,output,,N16149,N16149,1,undetected,N16149,N16149,N16149,sa1,1
10534,N20666 /1 undetected,output,,N20666,N20666,1,undetected,N20666,N20666,N20666,sa1,1
10535,N20664 /1 undetected,output,,N20664,N20664,1,undetected,N20664,N20664,N20664,sa1,1
10536,N93143 /1 undetected,output,,N93143,N93143,1,undetected,N93143,N93143,N93143,sa1,1
10537,N20663 /1 undetected,output,,N20663,N20663,1,undetected,N20663,N20663,N20663,sa1,1
10538,N96263 /1 undetected,output,,N96263,N96263,1,undetected,N96263,N96263,N96263,sa1,1
10539,N93148 /1 undetected,output,,N93148,N93148,1,undetected,N93148,N93148,N93148,sa1,1
10540,N91974 /1 undetected,output,,N91974,N91974,1,undetected,N91974,N91974,N91974,sa1,1
10541,N20660 /1 undetected,output,,N20660,N20660,1,undetected,N20660,N20660,N20660,sa1,1
10542,N20658 /1 undetected,output,,N20658,N20658,1,undetected,N20658,N20658,N20658,sa1,1
10543,N96257 /1 undetected,output,,N96257,N96257,1,undetected,N96257,N96257,N96257,sa1,1
10544,N84033 /1 undetected,output,,N84033,N84033,1,undetected,N84033,N84033,N84033,sa1,1
10545,N84027 /1 undetected,output,,N84027,N84027,1,undetected,N84027,N84027,N84027,sa1,1
10546,N2359 /1 undetected,output,,N2359,N2359,1,undetected,N2359,N2359,N2359,sa1,1
10547,N84728 /1 undetected,output,,N84728,N84728,1,undetected,N84728,N84728,N84728,sa1,1
10548,N95016 /1 undetected,output,,N95016,N95016,1,undetected,N95016,N95016,N95016,sa1,1
10549,N67741 /1 undetected,output,,N67741,N67741,1,undetected,N67741,N67741,N67741,sa1,1
10550,N82658 /1 undetected,output,,N82658,N82658,1,undetected,N82658,N82658,N82658,sa1,1
10551,N126101 /1 undetected,output,,N126101,N126101,1,undetected,N126101,N126101,N126101,sa1,1
10552,N67735 /1 undetected,output,,N67735,N67735,1,undetected,N67735,N67735,N67735,sa1,1
10553,N82846 /1 undetected,output,,N82846,N82846,1,undetected,N82846,N82846,N82846,sa1,1
10554,N125954 /1 undetected,output,,N125954,N125954,1,undetected,N125954,N125954,N125954,sa1,1
10555,N67729 /1 undetected,output,,N67729,N67729,1,undetected,N67729,N67729,N67729,sa1,1
10556,N82870 /1 undetected,output,,N82870,N82870,1,undetected,N82870,N82870,N82870,sa1,1
10557,N125953 /1 undetected,output,,N125953,N125953,1,undetected,N125953,N125953,N125953,sa1,1
10558,N67723 /1 undetected,output,,N67723,N67723,1,undetected,N67723,N67723,N67723,sa1,1
10559,N83737 /1 undetected,output,,N83737,N83737,1,undetected,N83737,N83737,N83737,sa1,1
10560,N125952 /1 undetected,output,,N125952,N125952,1,undetected,N125952,N125952,N125952,sa1,1
10561,N67711 /1 undetected,output,,N67711,N67711,1,undetected,N67711,N67711,N67711,sa1,1
10562,N82683 /1 undetected,output,,N82683,N82683,1,undetected,N82683,N82683,N82683,sa1,1
10563,N125951 /1 undetected,output,,N125951,N125951,1,undetected,N125951,N125951,N125951,sa1,1
10564,N67665 /1 undetected,output,,N67665,N67665,1,undetected,N67665,N67665,N67665,sa1,1
10565,N82720 /1 undetected,output,,N82720,N82720,1,undetected,N82720,N82720,N82720,sa1,1
10566,N126100 /1 undetected,output,,N126100,N126100,1,undetected,N126100,N126100,N126100,sa1,1
10567,N67659 /1 undetected,output,,N67659,N67659,1,undetected,N67659,N67659,N67659,sa1,1
10568,N82737 /1 undetected,output,,N82737,N82737,1,undetected,N82737,N82737,N82737,sa1,1
10569,N125950 /1 undetected,output,,N125950,N125950,1,undetected,N125950,N125950,N125950,sa1,1
10570,N67641 /1 undetected,output,,N67641,N67641,1,undetected,N67641,N67641,N67641,sa1,1
10571,N82624 /1 undetected,output,,N82624,N82624,1,undetected,N82624,N82624,N82624,sa1,1
10572,N125949 /1 undetected,output,,N125949,N125949,1,undetected,N125949,N125949,N125949,sa1,1
10573,N67629 /1 undetected,output,,N67629,N67629,1,undetected,N67629,N67629,N67629,sa1,1
10574,N82642 /1 undetected,output,,N82642,N82642,1,undetected,N82642,N82642,N82642,sa1,1
10575,N125948 /1 undetected,output,,N125948,N125948,1,undetected,N125948,N125948,N125948,sa1,1
10576,N67611 /1 undetected,output,,N67611,N67611,1,undetected,N67611,N67611,N67611,sa1,1
10577,N82728 /1 undetected,output,,N82728,N82728,1,undetected,N82728,N82728,N82728,sa1,1
10578,N126028 /1 undetected,output,,N126028,N126028,1,undetected,N126028,N126028,N126028,sa1,1
10579,N67581 /1 undetected,output,,N67581,N67581,1,undetected,N67581,N67581,N67581,sa1,1
10580,N82851 /1 undetected,output,,N82851,N82851,1,undetected,N82851,N82851,N82851,sa1,1
10581,N126027 /1 undetected,output,,N126027,N126027,1,undetected,N126027,N126027,N126027,sa1,1
10582,N67575 /1 undetected,output,,N67575,N67575,1,undetected,N67575,N67575,N67575,sa1,1
10583,N82718 /1 undetected,output,,N82718,N82718,1,undetected,N82718,N82718,N82718,sa1,1
10584,N125947 /1 undetected,output,,N125947,N125947,1,undetected,N125947,N125947,N125947,sa1,1
10585,N67569 /1 undetected,output,,N67569,N67569,1,undetected,N67569,N67569,N67569,sa1,1
10586,N82875 /1 undetected,output,,N82875,N82875,1,undetected,N82875,N82875,N82875,sa1,1
10587,N126026 /1 undetected,output,,N126026,N126026,1,undetected,N126026,N126026,N126026,sa1,1
10588,N67563 /1 undetected,output,,N67563,N67563,1,undetected,N67563,N67563,N67563,sa1,1
10589,N82868 /1 undetected,output,,N82868,N82868,1,undetected,N82868,N82868,N82868,sa1,1
10590,N126025 /1 undetected,output,,N126025,N126025,1,undetected,N126025,N126025,N126025,sa1,1
10591,N67405 /1 undetected,output,,N67405,N67405,1,undetected,N67405,N67405,N67405,sa1,1
10592,N82640 /1 undetected,output,,N82640,N82640,1,undetected,N82640,N82640,N82640,sa1,1
10593,N126099 /1 undetected,output,,N126099,N126099,1,undetected,N126099,N126099,N126099,sa1,1
10594,N67399 /1 undetected,output,,N67399,N67399,1,undetected,N67399,N67399,N67399,sa1,1
10595,N82735 /1 undetected,output,,N82735,N82735,1,undetected,N82735,N82735,N82735,sa1,1
10596,N126098 /1 undetected,output,,N126098,N126098,1,undetected,N126098,N126098,N126098,sa1,1
10597,N67393 /1 undetected,output,,N67393,N67393,1,undetected,N67393,N67393,N67393,sa1,1
10598,N82622 /1 undetected,output,,N82622,N82622,1,undetected,N82622,N82622,N82622,sa1,1
10599,N126097 /1 undetected,output,,N126097,N126097,1,undetected,N126097,N126097,N126097,sa1,1
10600,N67387 /1 undetected,output,,N67387,N67387,1,undetected,N67387,N67387,N67387,sa1,1
10601,N82698 /1 undetected,output,,N82698,N82698,1,undetected,N82698,N82698,N82698,sa1,1
10602,N126096 /1 undetected,output,,N126096,N126096,1,undetected,N126096,N126096,N126096,sa1,1
10603,N67381 /1 undetected,output,,N67381,N67381,1,undetected,N67381,N67381,N67381,sa1,1
10604,N83754 /1 undetected,output,,N83754,N83754,1,undetected,N83754,N83754,N83754,sa1,1
10605,N126095 /1 undetected,output,,N126095,N126095,1,undetected,N126095,N126095,N126095,sa1,1
10606,N67375 /1 undetected,output,,N67375,N67375,1,undetected,N67375,N67375,N67375,sa1,1
10607,N83750 /1 undetected,output,,N83750,N83750,1,undetected,N83750,N83750,N83750,sa1,1
10608,N126094 /1 undetected,output,,N126094,N126094,1,undetected,N126094,N126094,N126094,sa1,1
10609,N67369 /1 undetected,output,,N67369,N67369,1,undetected,N67369,N67369,N67369,sa1,1
10610,N83746 /1 undetected,output,,N83746,N83746,1,undetected,N83746,N83746,N83746,sa1,1
10611,N126093 /1 undetected,output,,N126093,N126093,1,undetected,N126093,N126093,N126093,sa1,1
10612,N67363 /1 undetected,output,,N67363,N67363,1,undetected,N67363,N67363,N67363,sa1,1
10613,N82913 /1 undetected,output,,N82913,N82913,1,undetected,N82913,N82913,N82913,sa1,1
10614,N126092 /1 undetected,output,,N126092,N126092,1,undetected,N126092,N126092,N126092,sa1,1
10615,N67357 /1 undetected,output,,N67357,N67357,1,undetected,N67357,N67357,N67357,sa1,1
10616,N82907 /1 undetected,output,,N82907,N82907,1,undetected,N82907,N82907,N82907,sa1,1
10617,N126091 /1 undetected,output,,N126091,N126091,1,undetected,N126091,N126091,N126091,sa1,1
10618,N67351 /1 undetected,output,,N67351,N67351,1,undetected,N67351,N67351,N67351,sa1,1
10619,N82666 /1 undetected,output,,N82666,N82666,1,undetected,N82666,N82666,N82666,sa1,1
10620,N126090 /1 undetected,output,,N126090,N126090,1,undetected,N126090,N126090,N126090,sa1,1
10621,N67345 /1 undetected,output,,N67345,N67345,1,undetected,N67345,N67345,N67345,sa1,1
10622,N82901 /1 undetected,output,,N82901,N82901,1,undetected,N82901,N82901,N82901,sa1,1
10623,N126089 /1 undetected,output,,N126089,N126089,1,undetected,N126089,N126089,N126089,sa1,1
10624,N67339 /1 undetected,output,,N67339,N67339,1,undetected,N67339,N67339,N67339,sa1,1
10625,N82837 /1 undetected,output,,N82837,N82837,1,undetected,N82837,N82837,N82837,sa1,1
10626,N126088 /1 undetected,output,,N126088,N126088,1,undetected,N126088,N126088,N126088,sa1,1
10627,N67333 /1 undetected,output,,N67333,N67333,1,undetected,N67333,N67333,N67333,sa1,1
10628,N82895 /1 undetected,output,,N82895,N82895,1,undetected,N82895,N82895,N82895,sa1,1
10629,N126087 /1 undetected,output,,N126087,N126087,1,undetected,N126087,N126087,N126087,sa1,1
10630,N67327 /1 undetected,output,,N67327,N67327,1,undetected,N67327,N67327,N67327,sa1,1
10631,N83740 /1 undetected,output,,N83740,N83740,1,undetected,N83740,N83740,N83740,sa1,1
10632,N126086 /1 undetected,output,,N126086,N126086,1,undetected,N126086,N126086,N126086,sa1,1
10633,N67321 /1 undetected,output,,N67321,N67321,1,undetected,N67321,N67321,N67321,sa1,1
10634,N82829 /1 undetected,output,,N82829,N82829,1,undetected,N82829,N82829,N82829,sa1,1
10635,N126085 /1 undetected,output,,N126085,N126085,1,undetected,N126085,N126085,N126085,sa1,1
10636,N67315 /1 undetected,output,,N67315,N67315,1,undetected,N67315,N67315,N67315,sa1,1
10637,N82889 /1 undetected,output,,N82889,N82889,1,undetected,N82889,N82889,N82889,sa1,1
10638,N126084 /1 undetected,output,,N126084,N126084,1,undetected,N126084,N126084,N126084,sa1,1
10639,N67309 /1 undetected,output,,N67309,N67309,1,undetected,N67309,N67309,N67309,sa1,1
10640,N82650 /1 undetected,output,,N82650,N82650,1,undetected,N82650,N82650,N82650,sa1,1
10641,N126083 /1 undetected,output,,N126083,N126083,1,undetected,N126083,N126083,N126083,sa1,1
10642,N67303 /1 undetected,output,,N67303,N67303,1,undetected,N67303,N67303,N67303,sa1,1
10643,N82857 /1 undetected,output,,N82857,N82857,1,undetected,N82857,N82857,N82857,sa1,1
10644,N126082 /1 undetected,output,,N126082,N126082,1,undetected,N126082,N126082,N126082,sa1,1
10645,N67297 /1 undetected,output,,N67297,N67297,1,undetected,N67297,N67297,N67297,sa1,1
10646,N82883 /1 undetected,output,,N82883,N82883,1,undetected,N82883,N82883,N82883,sa1,1
10647,N126081 /1 undetected,output,,N126081,N126081,1,undetected,N126081,N126081,N126081,sa1,1
10648,N67291 /1 undetected,output,,N67291,N67291,1,undetected,N67291,N67291,N67291,sa1,1
10649,N82823 /1 undetected,output,,N82823,N82823,1,undetected,N82823,N82823,N82823,sa1,1
10650,N126080 /1 undetected,output,,N126080,N126080,1,undetected,N126080,N126080,N126080,sa1,1
10651,N67285 /1 undetected,output,,N67285,N67285,1,undetected,N67285,N67285,N67285,sa1,1
10652,N82711 /1 undetected,output,,N82711,N82711,1,undetected,N82711,N82711,N82711,sa1,1
10653,N126079 /1 undetected,output,,N126079,N126079,1,undetected,N126079,N126079,N126079,sa1,1
10654,N67279 /1 undetected,output,,N67279,N67279,1,undetected,N67279,N67279,N67279,sa1,1
10655,N82615 /1 undetected,output,,N82615,N82615,1,undetected,N82615,N82615,N82615,sa1,1
10656,N126078 /1 undetected,output,,N126078,N126078,1,undetected,N126078,N126078,N126078,sa1,1
10657,N67273 /1 undetected,output,,N67273,N67273,1,undetected,N67273,N67273,N67273,sa1,1
10658,N82689 /1 undetected,output,,N82689,N82689,1,undetected,N82689,N82689,N82689,sa1,1
10659,N126077 /1 undetected,output,,N126077,N126077,1,undetected,N126077,N126077,N126077,sa1,1
10660,N67267 /1 undetected,output,,N67267,N67267,1,undetected,N67267,N67267,N67267,sa1,1
10661,N82634 /1 undetected,output,,N82634,N82634,1,undetected,N82634,N82634,N82634,sa1,1
10662,N126076 /1 undetected,output,,N126076,N126076,1,undetected,N126076,N126076,N126076,sa1,1
10663,N67261 /1 undetected,output,,N67261,N67261,1,undetected,N67261,N67261,N67261,sa1,1
10664,N82639 /1 undetected,output,,N82639,N82639,1,undetected,N82639,N82639,N82639,sa1,1
10665,N126024 /1 undetected,output,,N126024,N126024,1,undetected,N126024,N126024,N126024,sa1,1
10666,N67255 /1 undetected,output,,N67255,N67255,1,undetected,N67255,N67255,N67255,sa1,1
10667,N82734 /1 undetected,output,,N82734,N82734,1,undetected,N82734,N82734,N82734,sa1,1
10668,N126023 /1 undetected,output,,N126023,N126023,1,undetected,N126023,N126023,N126023,sa1,1
10669,N67249 /1 undetected,output,,N67249,N67249,1,undetected,N67249,N67249,N67249,sa1,1
10670,N82621 /1 undetected,output,,N82621,N82621,1,undetected,N82621,N82621,N82621,sa1,1
10671,N126022 /1 undetected,output,,N126022,N126022,1,undetected,N126022,N126022,N126022,sa1,1
10672,N67243 /1 undetected,output,,N67243,N67243,1,undetected,N67243,N67243,N67243,sa1,1
10673,N82697 /1 undetected,output,,N82697,N82697,1,undetected,N82697,N82697,N82697,sa1,1
10674,N126021 /1 undetected,output,,N126021,N126021,1,undetected,N126021,N126021,N126021,sa1,1
10675,N67237 /1 undetected,output,,N67237,N67237,1,undetected,N67237,N67237,N67237,sa1,1
10676,N83753 /1 undetected,output,,N83753,N83753,1,undetected,N83753,N83753,N83753,sa1,1
10677,N126020 /1 undetected,output,,N126020,N126020,1,undetected,N126020,N126020,N126020,sa1,1
10678,N67231 /1 undetected,output,,N67231,N67231,1,undetected,N67231,N67231,N67231,sa1,1
10679,N83749 /1 undetected,output,,N83749,N83749,1,undetected,N83749,N83749,N83749,sa1,1
10680,N126019 /1 undetected,output,,N126019,N126019,1,undetected,N126019,N126019,N126019,sa1,1
10681,N67225 /1 undetected,output,,N67225,N67225,1,undetected,N67225,N67225,N67225,sa1,1
10682,N83745 /1 undetected,output,,N83745,N83745,1,undetected,N83745,N83745,N83745,sa1,1
10683,N126018 /1 undetected,output,,N126018,N126018,1,undetected,N126018,N126018,N126018,sa1,1
10684,N67219 /1 undetected,output,,N67219,N67219,1,undetected,N67219,N67219,N67219,sa1,1
10685,N82912 /1 undetected,output,,N82912,N82912,1,undetected,N82912,N82912,N82912,sa1,1
10686,N126017 /1 undetected,output,,N126017,N126017,1,undetected,N126017,N126017,N126017,sa1,1
10687,N67213 /1 undetected,output,,N67213,N67213,1,undetected,N67213,N67213,N67213,sa1,1
10688,N82906 /1 undetected,output,,N82906,N82906,1,undetected,N82906,N82906,N82906,sa1,1
10689,N126016 /1 undetected,output,,N126016,N126016,1,undetected,N126016,N126016,N126016,sa1,1
10690,N67207 /1 undetected,output,,N67207,N67207,1,undetected,N67207,N67207,N67207,sa1,1
10691,N82665 /1 undetected,output,,N82665,N82665,1,undetected,N82665,N82665,N82665,sa1,1
10692,N126015 /1 undetected,output,,N126015,N126015,1,undetected,N126015,N126015,N126015,sa1,1
10693,N67201 /1 undetected,output,,N67201,N67201,1,undetected,N67201,N67201,N67201,sa1,1
10694,N82900 /1 undetected,output,,N82900,N82900,1,undetected,N82900,N82900,N82900,sa1,1
10695,N126014 /1 undetected,output,,N126014,N126014,1,undetected,N126014,N126014,N126014,sa1,1
10696,N67195 /1 undetected,output,,N67195,N67195,1,undetected,N67195,N67195,N67195,sa1,1
10697,N82863 /1 undetected,output,,N82863,N82863,1,undetected,N82863,N82863,N82863,sa1,1
10698,N126013 /1 undetected,output,,N126013,N126013,1,undetected,N126013,N126013,N126013,sa1,1
10699,N67189 /1 undetected,output,,N67189,N67189,1,undetected,N67189,N67189,N67189,sa1,1
10700,N82844 /1 undetected,output,,N82844,N82844,1,undetected,N82844,N82844,N82844,sa1,1
10701,N126012 /1 undetected,output,,N126012,N126012,1,undetected,N126012,N126012,N126012,sa1,1
10702,N67183 /1 undetected,output,,N67183,N67183,1,undetected,N67183,N67183,N67183,sa1,1
10703,N82894 /1 undetected,output,,N82894,N82894,1,undetected,N82894,N82894,N82894,sa1,1
10704,N126011 /1 undetected,output,,N126011,N126011,1,undetected,N126011,N126011,N126011,sa1,1
10705,N67177 /1 undetected,output,,N67177,N67177,1,undetected,N67177,N67177,N67177,sa1,1
10706,N82828 /1 undetected,output,,N82828,N82828,1,undetected,N82828,N82828,N82828,sa1,1
10707,N126010 /1 undetected,output,,N126010,N126010,1,undetected,N126010,N126010,N126010,sa1,1
10708,N67171 /1 undetected,output,,N67171,N67171,1,undetected,N67171,N67171,N67171,sa1,1
10709,N83739 /1 undetected,output,,N83739,N83739,1,undetected,N83739,N83739,N83739,sa1,1
10710,N126009 /1 undetected,output,,N126009,N126009,1,undetected,N126009,N126009,N126009,sa1,1
10711,N67165 /1 undetected,output,,N67165,N67165,1,undetected,N67165,N67165,N67165,sa1,1
10712,N82888 /1 undetected,output,,N82888,N82888,1,undetected,N82888,N82888,N82888,sa1,1
10713,N126008 /1 undetected,output,,N126008,N126008,1,undetected,N126008,N126008,N126008,sa1,1
10714,N67159 /1 undetected,output,,N67159,N67159,1,undetected,N67159,N67159,N67159,sa1,1
10715,N82649 /1 undetected,output,,N82649,N82649,1,undetected,N82649,N82649,N82649,sa1,1
10716,N126007 /1 undetected,output,,N126007,N126007,1,undetected,N126007,N126007,N126007,sa1,1
10717,N67153 /1 undetected,output,,N67153,N67153,1,undetected,N67153,N67153,N67153,sa1,1
10718,N82856 /1 undetected,output,,N82856,N82856,1,undetected,N82856,N82856,N82856,sa1,1
10719,N126006 /1 undetected,output,,N126006,N126006,1,undetected,N126006,N126006,N126006,sa1,1
10720,N67147 /1 undetected,output,,N67147,N67147,1,undetected,N67147,N67147,N67147,sa1,1
10721,N82882 /1 undetected,output,,N82882,N82882,1,undetected,N82882,N82882,N82882,sa1,1
10722,N126005 /1 undetected,output,,N126005,N126005,1,undetected,N126005,N126005,N126005,sa1,1
10723,N67141 /1 undetected,output,,N67141,N67141,1,undetected,N67141,N67141,N67141,sa1,1
10724,N82822 /1 undetected,output,,N82822,N82822,1,undetected,N82822,N82822,N82822,sa1,1
10725,N126004 /1 undetected,output,,N126004,N126004,1,undetected,N126004,N126004,N126004,sa1,1
10726,N67135 /1 undetected,output,,N67135,N67135,1,undetected,N67135,N67135,N67135,sa1,1
10727,N82710 /1 undetected,output,,N82710,N82710,1,undetected,N82710,N82710,N82710,sa1,1
10728,N126003 /1 undetected,output,,N126003,N126003,1,undetected,N126003,N126003,N126003,sa1,1
10729,N67129 /1 undetected,output,,N67129,N67129,1,undetected,N67129,N67129,N67129,sa1,1
10730,N82614 /1 undetected,output,,N82614,N82614,1,undetected,N82614,N82614,N82614,sa1,1
10731,N126002 /1 undetected,output,,N126002,N126002,1,undetected,N126002,N126002,N126002,sa1,1
10732,N67123 /1 undetected,output,,N67123,N67123,1,undetected,N67123,N67123,N67123,sa1,1
10733,N82705 /1 undetected,output,,N82705,N82705,1,undetected,N82705,N82705,N82705,sa1,1
10734,N126001 /1 undetected,output,,N126001,N126001,1,undetected,N126001,N126001,N126001,sa1,1
10735,N67117 /1 undetected,output,,N67117,N67117,1,undetected,N67117,N67117,N67117,sa1,1
10736,N82673 /1 undetected,output,,N82673,N82673,1,undetected,N82673,N82673,N82673,sa1,1
10737,N126000 /1 undetected,output,,N126000,N126000,1,undetected,N126000,N126000,N126000,sa1,1
10738,N67111 /1 undetected,output,,N67111,N67111,1,undetected,N67111,N67111,N67111,sa1,1
10739,N82688 /1 undetected,output,,N82688,N82688,1,undetected,N82688,N82688,N82688,sa1,1
10740,N125999 /1 undetected,output,,N125999,N125999,1,undetected,N125999,N125999,N125999,sa1,1
10741,N67105 /1 undetected,output,,N67105,N67105,1,undetected,N67105,N67105,N67105,sa1,1
10742,N82633 /1 undetected,output,,N82633,N82633,1,undetected,N82633,N82633,N82633,sa1,1
10743,N125998 /1 undetected,output,,N125998,N125998,1,undetected,N125998,N125998,N125998,sa1,1
10744,N67099 /1 undetected,output,,N67099,N67099,1,undetected,N67099,N67099,N67099,sa1,1
10745,N82656 /1 undetected,output,,N82656,N82656,1,undetected,N82656,N82656,N82656,sa1,1
10746,N125946 /1 undetected,output,,N125946,N125946,1,undetected,N125946,N125946,N125946,sa1,1
10747,N67093 /1 undetected,output,,N67093,N67093,1,undetected,N67093,N67093,N67093,sa1,1
10748,N82696 /1 undetected,output,,N82696,N82696,1,undetected,N82696,N82696,N82696,sa1,1
10749,N125945 /1 undetected,output,,N125945,N125945,1,undetected,N125945,N125945,N125945,sa1,1
10750,N67087 /1 undetected,output,,N67087,N67087,1,undetected,N67087,N67087,N67087,sa1,1
10751,N83752 /1 undetected,output,,N83752,N83752,1,undetected,N83752,N83752,N83752,sa1,1
10752,N125944 /1 undetected,output,,N125944,N125944,1,undetected,N125944,N125944,N125944,sa1,1
10753,N67081 /1 undetected,output,,N67081,N67081,1,undetected,N67081,N67081,N67081,sa1,1
10754,N83748 /1 undetected,output,,N83748,N83748,1,undetected,N83748,N83748,N83748,sa1,1
10755,N125943 /1 undetected,output,,N125943,N125943,1,undetected,N125943,N125943,N125943,sa1,1
10756,N67075 /1 undetected,output,,N67075,N67075,1,undetected,N67075,N67075,N67075,sa1,1
10757,N83744 /1 undetected,output,,N83744,N83744,1,undetected,N83744,N83744,N83744,sa1,1
10758,N125942 /1 undetected,output,,N125942,N125942,1,undetected,N125942,N125942,N125942,sa1,1
10759,N67069 /1 undetected,output,,N67069,N67069,1,undetected,N67069,N67069,N67069,sa1,1
10760,N82911 /1 undetected,output,,N82911,N82911,1,undetected,N82911,N82911,N82911,sa1,1
10761,N125941 /1 undetected,output,,N125941,N125941,1,undetected,N125941,N125941,N125941,sa1,1
10762,N67063 /1 undetected,output,,N67063,N67063,1,undetected,N67063,N67063,N67063,sa1,1
10763,N82905 /1 undetected,output,,N82905,N82905,1,undetected,N82905,N82905,N82905,sa1,1
10764,N125940 /1 undetected,output,,N125940,N125940,1,undetected,N125940,N125940,N125940,sa1,1
10765,N67057 /1 undetected,output,,N67057,N67057,1,undetected,N67057,N67057,N67057,sa1,1
10766,N82664 /1 undetected,output,,N82664,N82664,1,undetected,N82664,N82664,N82664,sa1,1
10767,N125939 /1 undetected,output,,N125939,N125939,1,undetected,N125939,N125939,N125939,sa1,1
10768,N67051 /1 undetected,output,,N67051,N67051,1,undetected,N67051,N67051,N67051,sa1,1
10769,N82899 /1 undetected,output,,N82899,N82899,1,undetected,N82899,N82899,N82899,sa1,1
10770,N125938 /1 undetected,output,,N125938,N125938,1,undetected,N125938,N125938,N125938,sa1,1
10771,N67045 /1 undetected,output,,N67045,N67045,1,undetected,N67045,N67045,N67045,sa1,1
10772,N82862 /1 undetected,output,,N82862,N82862,1,undetected,N82862,N82862,N82862,sa1,1
10773,N125937 /1 undetected,output,,N125937,N125937,1,undetected,N125937,N125937,N125937,sa1,1
10774,N67039 /1 undetected,output,,N67039,N67039,1,undetected,N67039,N67039,N67039,sa1,1
10775,N82836 /1 undetected,output,,N82836,N82836,1,undetected,N82836,N82836,N82836,sa1,1
10776,N125936 /1 undetected,output,,N125936,N125936,1,undetected,N125936,N125936,N125936,sa1,1
10777,N67033 /1 undetected,output,,N67033,N67033,1,undetected,N67033,N67033,N67033,sa1,1
10778,N82893 /1 undetected,output,,N82893,N82893,1,undetected,N82893,N82893,N82893,sa1,1
10779,N125935 /1 undetected,output,,N125935,N125935,1,undetected,N125935,N125935,N125935,sa1,1
10780,N67027 /1 undetected,output,,N67027,N67027,1,undetected,N67027,N67027,N67027,sa1,1
10781,N83738 /1 undetected,output,,N83738,N83738,1,undetected,N83738,N83738,N83738,sa1,1
10782,N125934 /1 undetected,output,,N125934,N125934,1,undetected,N125934,N125934,N125934,sa1,1
10783,N67021 /1 undetected,output,,N67021,N67021,1,undetected,N67021,N67021,N67021,sa1,1
10784,N82874 /1 undetected,output,,N82874,N82874,1,undetected,N82874,N82874,N82874,sa1,1
10785,N125933 /1 undetected,output,,N125933,N125933,1,undetected,N125933,N125933,N125933,sa1,1
10786,N67015 /1 undetected,output,,N67015,N67015,1,undetected,N67015,N67015,N67015,sa1,1
10787,N82887 /1 undetected,output,,N82887,N82887,1,undetected,N82887,N82887,N82887,sa1,1
10788,N125932 /1 undetected,output,,N125932,N125932,1,undetected,N125932,N125932,N125932,sa1,1
10789,N67009 /1 undetected,output,,N67009,N67009,1,undetected,N67009,N67009,N67009,sa1,1
10790,N82881 /1 undetected,output,,N82881,N82881,1,undetected,N82881,N82881,N82881,sa1,1
10791,N125931 /1 undetected,output,,N125931,N125931,1,undetected,N125931,N125931,N125931,sa1,1
10792,N67003 /1 undetected,output,,N67003,N67003,1,undetected,N67003,N67003,N67003,sa1,1
10793,N82709 /1 undetected,output,,N82709,N82709,1,undetected,N82709,N82709,N82709,sa1,1
10794,N125930 /1 undetected,output,,N125930,N125930,1,undetected,N125930,N125930,N125930,sa1,1
10795,N66997 /1 undetected,output,,N66997,N66997,1,undetected,N66997,N66997,N66997,sa1,1
10796,N82613 /1 undetected,output,,N82613,N82613,1,undetected,N82613,N82613,N82613,sa1,1
10797,N125929 /1 undetected,output,,N125929,N125929,1,undetected,N125929,N125929,N125929,sa1,1
10798,N66991 /1 undetected,output,,N66991,N66991,1,undetected,N66991,N66991,N66991,sa1,1
10799,N82704 /1 undetected,output,,N82704,N82704,1,undetected,N82704,N82704,N82704,sa1,1
10800,N125928 /1 undetected,output,,N125928,N125928,1,undetected,N125928,N125928,N125928,sa1,1
10801,N66985 /1 undetected,output,,N66985,N66985,1,undetected,N66985,N66985,N66985,sa1,1
10802,N82687 /1 undetected,output,,N82687,N82687,1,undetected,N82687,N82687,N82687,sa1,1
10803,N125927 /1 undetected,output,,N125927,N125927,1,undetected,N125927,N125927,N125927,sa1,1
10804,N66979 /1 undetected,output,,N66979,N66979,1,undetected,N66979,N66979,N66979,sa1,1
10805,N82632 /1 undetected,output,,N82632,N82632,1,undetected,N82632,N82632,N82632,sa1,1
10806,N125926 /1 undetected,output,,N125926,N125926,1,undetected,N125926,N125926,N125926,sa1,1
10807,N66958 /1 undetected,output,,N66958,N66958,1,undetected,N66958,N66958,N66958,sa1,1
10808,N83735 /1 undetected,output,,N83735,N83735,1,undetected,N83735,N83735,N83735,sa1,1
10809,N125996 /1 undetected,output,,N125996,N125996,1,undetected,N125996,N125996,N125996,sa1,1
10810,N66952 /1 undetected,output,,N66952,N66952,1,undetected,N66952,N66952,N66952,sa1,1
10811,N82681 /1 undetected,output,,N82681,N82681,1,undetected,N82681,N82681,N82681,sa1,1
10812,N125995 /1 undetected,output,,N125995,N125995,1,undetected,N125995,N125995,N125995,sa1,1
10813,N66946 /1 undetected,output,,N66946,N66946,1,undetected,N66946,N66946,N66946,sa1,1
10814,N82717 /1 undetected,output,,N82717,N82717,1,undetected,N82717,N82717,N82717,sa1,1
10815,N125994 /1 undetected,output,,N125994,N125994,1,undetected,N125994,N125994,N125994,sa1,1
10816,N66940 /1 undetected,output,,N66940,N66940,1,undetected,N66940,N66940,N66940,sa1,1
10817,N82655 /1 undetected,output,,N82655,N82655,1,undetected,N82655,N82655,N82655,sa1,1
10818,N125993 /1 undetected,output,,N125993,N125993,1,undetected,N125993,N125993,N125993,sa1,1
10819,N66934 /1 undetected,output,,N66934,N66934,1,undetected,N66934,N66934,N66934,sa1,1
10820,N82703 /1 undetected,output,,N82703,N82703,1,undetected,N82703,N82703,N82703,sa1,1
10821,N126075 /1 undetected,output,,N126075,N126075,1,undetected,N126075,N126075,N126075,sa1,1
10822,N66928 /1 undetected,output,,N66928,N66928,1,undetected,N66928,N66928,N66928,sa1,1
10823,N82672 /1 undetected,output,,N82672,N82672,1,undetected,N82672,N82672,N82672,sa1,1
10824,N126074 /1 undetected,output,,N126074,N126074,1,undetected,N126074,N126074,N126074,sa1,1
10825,N66922 /1 undetected,output,,N66922,N66922,1,undetected,N66922,N66922,N66922,sa1,1
10826,N82727 /1 undetected,output,,N82727,N82727,1,undetected,N82727,N82727,N82727,sa1,1
10827,N126073 /1 undetected,output,,N126073,N126073,1,undetected,N126073,N126073,N126073,sa1,1
10828,N66873 /1 undetected,output,,N66873,N66873,1,undetected,N66873,N66873,N66873,sa1,1
10829,N82873 /1 undetected,output,,N82873,N82873,1,undetected,N82873,N82873,N82873,sa1,1
10830,N126072 /1 undetected,output,,N126072,N126072,1,undetected,N126072,N126072,N126072,sa1,1
10831,N66867 /1 undetected,output,,N66867,N66867,1,undetected,N66867,N66867,N66867,sa1,1
10832,N82850 /1 undetected,output,,N82850,N82850,1,undetected,N82850,N82850,N82850,sa1,1
10833,N126071 /1 undetected,output,,N126071,N126071,1,undetected,N126071,N126071,N126071,sa1,1
10834,N66861 /1 undetected,output,,N66861,N66861,1,undetected,N66861,N66861,N66861,sa1,1
10835,N82726 /1 undetected,output,,N82726,N82726,1,undetected,N82726,N82726,N82726,sa1,1
10836,N125925 /1 undetected,output,,N125925,N125925,1,undetected,N125925,N125925,N125925,sa1,1
10837,N66855 /1 undetected,output,,N66855,N66855,1,undetected,N66855,N66855,N66855,sa1,1
10838,N82867 /1 undetected,output,,N82867,N82867,1,undetected,N82867,N82867,N82867,sa1,1
10839,N126070 /1 undetected,output,,N126070,N126070,1,undetected,N126070,N126070,N126070,sa1,1
10840,N66849 /1 undetected,output,,N66849,N66849,1,undetected,N66849,N66849,N66849,sa1,1
10841,N82861 /1 undetected,output,,N82861,N82861,1,undetected,N82861,N82861,N82861,sa1,1
10842,N126069 /1 undetected,output,,N126069,N126069,1,undetected,N126069,N126069,N126069,sa1,1
10843,N66843 /1 undetected,output,,N66843,N66843,1,undetected,N66843,N66843,N66843,sa1,1
10844,N83734 /1 undetected,output,,N83734,N83734,1,undetected,N83734,N83734,N83734,sa1,1
10845,N126068 /1 undetected,output,,N126068,N126068,1,undetected,N126068,N126068,N126068,sa1,1
10846,N66837 /1 undetected,output,,N66837,N66837,1,undetected,N66837,N66837,N66837,sa1,1
10847,N82671 /1 undetected,output,,N82671,N82671,1,undetected,N82671,N82671,N82671,sa1,1
10848,N125924 /1 undetected,output,,N125924,N125924,1,undetected,N125924,N125924,N125924,sa1,1
10849,N66831 /1 undetected,output,,N66831,N66831,1,undetected,N66831,N66831,N66831,sa1,1
10850,N82855 /1 undetected,output,,N82855,N82855,1,undetected,N82855,N82855,N82855,sa1,1
10851,N125923 /1 undetected,output,,N125923,N125923,1,undetected,N125923,N125923,N125923,sa1,1
10852,N66825 /1 undetected,output,,N66825,N66825,1,undetected,N66825,N66825,N66825,sa1,1
10853,N82849 /1 undetected,output,,N82849,N82849,1,undetected,N82849,N82849,N82849,sa1,1
10854,N125922 /1 undetected,output,,N125922,N125922,1,undetected,N125922,N125922,N125922,sa1,1
10855,N66819 /1 undetected,output,,N66819,N66819,1,undetected,N66819,N66819,N66819,sa1,1
10856,N82648 /1 undetected,output,,N82648,N82648,1,undetected,N82648,N82648,N82648,sa1,1
10857,N125921 /1 undetected,output,,N125921,N125921,1,undetected,N125921,N125921,N125921,sa1,1
10858,N66813 /1 undetected,output,,N66813,N66813,1,undetected,N66813,N66813,N66813,sa1,1
10859,N82680 /1 undetected,output,,N82680,N82680,1,undetected,N82680,N82680,N82680,sa1,1
10860,N126067 /1 undetected,output,,N126067,N126067,1,undetected,N126067,N126067,N126067,sa1,1
10861,N66807 /1 undetected,output,,N66807,N66807,1,undetected,N66807,N66807,N66807,sa1,1
10862,N82843 /1 undetected,output,,N82843,N82843,1,undetected,N82843,N82843,N82843,sa1,1
10863,N126066 /1 undetected,output,,N126066,N126066,1,undetected,N126066,N126066,N126066,sa1,1
10864,N66799 /1 undetected,output,,N66799,N66799,1,undetected,N66799,N66799,N66799,sa1,1
10865,N82835 /1 undetected,output,,N82835,N82835,1,undetected,N82835,N82835,N82835,sa1,1
10866,N125992 /1 undetected,output,,N125992,N125992,1,undetected,N125992,N125992,N125992,sa1,1
10867,N66791 /1 undetected,output,,N66791,N66791,1,undetected,N66791,N66791,N66791,sa1,1
10868,N82827 /1 undetected,output,,N82827,N82827,1,undetected,N82827,N82827,N82827,sa1,1
10869,N125920 /1 undetected,output,,N125920,N125920,1,undetected,N125920,N125920,N125920,sa1,1
10870,N66785 /1 undetected,output,,N66785,N66785,1,undetected,N66785,N66785,N66785,sa1,1
10871,N82821 /1 undetected,output,,N82821,N82821,1,undetected,N82821,N82821,N82821,sa1,1
10872,N125919 /1 undetected,output,,N125919,N125919,1,undetected,N125919,N125919,N125919,sa1,1
10873,N90594 /1 undetected,output,,N90594,N90594,1,undetected,N90594,N90594,N90594,sa1,1
10874,N124653 /1 undetected,output,,N124653,N124653,1,undetected,N124653,N124653,N124653,sa1,1
10875,N90538 /1 undetected,output,,N90538,N90538,1,undetected,N90538,N90538,N90538,sa1,1
10876,N82411 /1 undetected,output,,N82411,N82411,1,undetected,N82411,N82411,N82411,sa1,1
10877,N90593 /1 undetected,output,,N90593,N90593,1,undetected,N90593,N90593,N90593,sa1,1
10878,N87816 /1 undetected,output,,N87816,N87816,1,undetected,N87816,N87816,N87816,sa1,1
10879,N124615 /1 undetected,output,,N124615,N124615,1,undetected,N124615,N124615,N124615,sa1,1
10880,N87815 /1 undetected,output,,N87815,N87815,1,undetected,N87815,N87815,N87815,sa1,1
10881,N87814 /1 undetected,output,,N87814,N87814,1,undetected,N87814,N87814,N87814,sa1,1
10882,N124565 /1 undetected,output,,N124565,N124565,1,undetected,N124565,N124565,N124565,sa1,1
10883,N124627 /1 undetected,output,,N124627,N124627,1,undetected,N124627,N124627,N124627,sa1,1
10884,N90617 /1 undetected,output,,N90617,N90617,1,undetected,N90617,N90617,N90617,sa1,1
10885,N61873 /1 undetected,output,,N61873,N61873,1,undetected,N61873,N61873,N61873,sa1,1
10886,N121666 /1 undetected,output,,N121666,N121666,1,undetected,N121666,N121666,N121666,sa1,1
10887,N90567 /1 undetected,output,,N90567,N90567,1,undetected,N90567,N90567,N90567,sa1,1
10888,N124463 /1 undetected,output,,N124463,N124463,1,undetected,N124463,N124463,N124463,sa1,1
10889,N82445 /1 undetected,output,,N82445,N82445,1,undetected,N82445,N82445,N82445,sa1,1
10890,N90622 /1 undetected,output,,N90622,N90622,1,undetected,N90622,N90622,N90622,sa1,1
10891,N123182 /1 undetected,output,,N123182,N123182,1,undetected,N123182,N123182,N123182,sa1,1
10892,N87824 /1 undetected,output,,N87824,N87824,1,undetected,N87824,N87824,N87824,sa1,1
10893,N102042 /1 undetected,output,,N102042,N102042,1,undetected,N102042,N102042,N102042,sa1,1
10894,N122784 /1 undetected,output,,N122784,N122784,1,undetected,N122784,N122784,N122784,sa1,1
10895,N82444 /1 undetected,output,,N82444,N82444,1,undetected,N82444,N82444,N82444,sa1,1
10896,N90621 /1 undetected,output,,N90621,N90621,1,undetected,N90621,N90621,N90621,sa1,1
10897,N123538 /1 undetected,output,,N123538,N123538,1,undetected,N123538,N123538,N123538,sa1,1
10898,N124695 /1 undetected,output,,N124695,N124695,1,undetected,N124695,N124695,N124695,sa1,1
10899,N82477 /1 undetected,output,,N82477,N82477,1,undetected,N82477,N82477,N82477,sa1,1
10900,N62029 /1 undetected,output,,N62029,N62029,1,undetected,N62029,N62029,N62029,sa1,1
10901,N123326 /1 undetected,output,,N123326,N123326,1,undetected,N123326,N123326,N123326,sa1,1
10902,N62005 /1 undetected,output,,N62005,N62005,1,undetected,N62005,N62005,N62005,sa1,1
10903,N123235 /1 undetected,output,,N123235,N123235,1,undetected,N123235,N123235,N123235,sa1,1
10904,N62004 /1 undetected,output,,N62004,N62004,1,undetected,N62004,N62004,N62004,sa1,1
10905,N77202 /1 undetected,output,,N77202,N77202,1,undetected,N77202,N77202,N77202,sa1,1
10906,N66966 /1 undetected,output,,N66966,N66966,1,undetected,N66966,N66966,N66966,sa1,1
10907,N125794 /1 undetected,output,,N125794,N125794,1,undetected,N125794,N125794,N125794,sa1,1
10908,N66895 /1 undetected,output,,N66895,N66895,1,undetected,N66895,N66895,N66895,sa1,1
10909,N82841 /1 undetected,output,,N82841,N82841,1,undetected,N82841,N82841,N82841,sa1,1
10910,N90815 /1 undetected,output,,N90815,N90815,1,undetected,N90815,N90815,N90815,sa1,1
10911,N125793 /1 undetected,output,,N125793,N125793,1,undetected,N125793,N125793,N125793,sa1,1
10912,N66884 /1 undetected,output,,N66884,N66884,1,undetected,N66884,N66884,N66884,sa1,1
10913,N82818 /1 undetected,output,,N82818,N82818,1,undetected,N82818,N82818,N82818,sa1,1
10914,N90812 /1 undetected,output,,N90812,N90812,1,undetected,N90812,N90812,N90812,sa1,1
10915,N125792 /1 undetected,output,,N125792,N125792,1,undetected,N125792,N125792,N125792,sa1,1
10916,N66500 /1 undetected,output,,N66500,N66500,1,undetected,N66500,N66500,N66500,sa1,1
10917,N66496 /1 undetected,output,,N66496,N66496,1,undetected,N66496,N66496,N66496,sa1,1
10918,N125809 /1 undetected,output,,N125809,N125809,1,undetected,N125809,N125809,N125809,sa1,1
10919,N82456 /1 undetected,output,,N82456,N82456,1,undetected,N82456,N82456,N82456,sa1,1
10920,N61357 /1 undetected,output,,N61357,N61357,1,undetected,N61357,N61357,N61357,sa1,1
10921,N82407 /1 undetected,output,,N82407,N82407,1,undetected,N82407,N82407,N82407,sa1,1
10922,N123517 /1 undetected,output,,N123517,N123517,1,undetected,N123517,N123517,N123517,sa1,1
10923,N122835 /1 undetected,output,,N122835,N122835,1,undetected,N122835,N122835,N122835,sa1,1
10924,N87928 /1 undetected,output,,N87928,N87928,1,undetected,N87928,N87928,N87928,sa1,1
10925,N90589 /1 undetected,output,,N90589,N90589,1,undetected,N90589,N90589,N90589,sa1,1
10926,N90559 /1 undetected,output,,N90559,N90559,1,undetected,N90559,N90559,N90559,sa1,1
10927,N123177 /1 undetected,output,,N123177,N123177,1,undetected,N123177,N123177,N123177,sa1,1
10928,N121340 /1 undetected,output,,N121340,N121340,1,undetected,N121340,N121340,N121340,sa1,1
10929,N87777 /1 undetected,output,,N87777,N87777,1,undetected,N87777,N87777,N87777,sa1,1
10930,N87927 /1 undetected,output,,N87927,N87927,1,undetected,N87927,N87927,N87927,sa1,1
10931,N82403 /1 undetected,output,,N82403,N82403,1,undetected,N82403,N82403,N82403,sa1,1
10932,N82364 /1 undetected,output,,N82364,N82364,1,undetected,N82364,N82364,N82364,sa1,1
10933,N90587 /1 undetected,output,,N90587,N90587,1,undetected,N90587,N90587,N90587,sa1,1
10934,N123432 /1 undetected,output,,N123432,N123432,1,undetected,N123432,N123432,N123432,sa1,1
10935,N122213 /1 undetected,output,,N122213,N122213,1,undetected,N122213,N122213,N122213,sa1,1
10936,N90535 /1 undetected,output,,N90535,N90535,1,undetected,N90535,N90535,N90535,sa1,1
10937,N90586 /1 undetected,output,,N90586,N90586,1,undetected,N90586,N90586,N90586,sa1,1
10938,N14419 /0 undetected,output,,N14419,N14419,0,undetected,N14419,N14419,N14419,sa0,1
10939,N14417 /1 undetected,output,,N14417,N14417,1,undetected,N14417,N14417,N14417,sa1,1
10940,N14415 /1 undetected,output,,N14415,N14415,1,undetected,N14415,N14415,N14415,sa1,1
10941,N101694 /1 undetected,output,,N101694,N101694,1,undetected,N101694,N101694,N101694,sa1,1
10942,N100405 /1 undetected,output,,N100405,N100405,1,undetected,N100405,N100405,N100405,sa1,1
10943,N14412 /1 undetected,output,,N14412,N14412,1,undetected,N14412,N14412,N14412,sa1,1
10944,N101758 /1 undetected,output,,N101758,N101758,1,undetected,N101758,N101758,N101758,sa1,1
10945,N92176 /1 undetected,output,,N92176,N92176,1,undetected,N92176,N92176,N92176,sa1,1
10946,N84122 /1 undetected,output,,N84122,N84122,1,undetected,N84122,N84122,N84122,sa1,1
10947,N14403 /1 undetected,output,,N14403,N14403,1,undetected,N14403,N14403,N14403,sa1,1
10948,N92117 /1 undetected,output,,N92117,N92117,1,undetected,N92117,N92117,N92117,sa1,1
10949,N14399 /1 undetected,output,,N14399,N14399,1,undetected,N14399,N14399,N14399,sa1,1
10950,N14397 /1 undetected,output,,N14397,N14397,1,undetected,N14397,N14397,N14397,sa1,1
10951,N101744 /1 undetected,output,,N101744,N101744,1,undetected,N101744,N101744,N101744,sa1,1
10952,N98457 /1 undetected,output,,N98457,N98457,1,undetected,N98457,N98457,N98457,sa1,1
10953,N14396 /1 undetected,output,,N14396,N14396,1,undetected,N14396,N14396,N14396,sa1,1
10954,N14394 /1 undetected,output,,N14394,N14394,1,undetected,N14394,N14394,N14394,sa1,1
10955,N101754 /1 undetected,output,,N101754,N101754,1,undetected,N101754,N101754,N101754,sa1,1
10956,N14392 /1 undetected,output,,N14392,N14392,1,undetected,N14392,N14392,N14392,sa1,1
10957,N101750 /1 undetected,output,,N101750,N101750,1,undetected,N101750,N101750,N101750,sa1,1
10958,N14391 /1 undetected,output,,N14391,N14391,1,undetected,N14391,N14391,N14391,sa1,1
10959,N101756 /1 undetected,output,,N101756,N101756,1,undetected,N101756,N101756,N101756,sa1,1
10960,N84080 /1 undetected,output,,N84080,N84080,1,undetected,N84080,N84080,N84080,sa1,1
10961,N14387 /1 undetected,output,,N14387,N14387,1,undetected,N14387,N14387,N14387,sa1,1
10962,N84049 /1 undetected,output,,N84049,N84049,1,undetected,N84049,N84049,N84049,sa1,1
10963,N14386 /1 undetected,output,,N14386,N14386,1,undetected,N14386,N14386,N14386,sa1,1
10964,N14383 /1 undetected,output,,N14383,N14383,1,undetected,N14383,N14383,N14383,sa1,1
10965,N14379 /1 undetected,output,,N14379,N14379,1,undetected,N14379,N14379,N14379,sa1,1
10966,N14377 /1 undetected,output,,N14377,N14377,1,undetected,N14377,N14377,N14377,sa1,1
10967,N86009 /1 undetected,output,,N86009,N86009,1,undetected,N86009,N86009,N86009,sa1,1
10968,N84048 /1 undetected,output,,N84048,N84048,1,undetected,N84048,N84048,N84048,sa1,1
10969,N3217 /1 undetected,output,,N3217,N3217,1,undetected,N3217,N3217,N3217,sa1,1
10970,N14363 /1 undetected,output,,N14363,N14363,1,undetected,N14363,N14363,N14363,sa1,1
10971,N14362 /1 undetected,output,,N14362,N14362,1,undetected,N14362,N14362,N14362,sa1,1
10972,N92927 /1 undetected,output,,N92927,N92927,1,undetected,N92927,N92927,N92927,sa1,1
10973,N92075 /1 undetected,output,,N92075,N92075,1,undetected,N92075,N92075,N92075,sa1,1
10974,N14361 /1 undetected,output,,N14361,N14361,1,undetected,N14361,N14361,N14361,sa1,1
10975,N14355 /1 undetected,output,,N14355,N14355,1,undetected,N14355,N14355,N14355,sa1,1
10976,N98469 /1 undetected,output,,N98469,N98469,1,undetected,N98469,N98469,N98469,sa1,1
10977,N14353 /1 undetected,output,,N14353,N14353,1,undetected,N14353,N14353,N14353,sa1,1
10978,N101708 /1 undetected,output,,N101708,N101708,1,undetected,N101708,N101708,N101708,sa1,1
10979,N14349 /1 undetected,output,,N14349,N14349,1,undetected,N14349,N14349,N14349,sa1,1
10980,N101738 /1 undetected,output,,N101738,N101738,1,undetected,N101738,N101738,N101738,sa1,1
10981,N14344 /1 undetected,output,,N14344,N14344,1,undetected,N14344,N14344,N14344,sa1,1
10982,N85923 /1 undetected,output,,N85923,N85923,1,undetected,N85923,N85923,N85923,sa1,1
10983,N14307 /1 undetected,output,,N14307,N14307,1,undetected,N14307,N14307,N14307,sa1,1
10984,N101734 /1 undetected,output,,N101734,N101734,1,undetected,N101734,N101734,N101734,sa1,1
10985,N14333 /1 undetected,output,,N14333,N14333,1,undetected,N14333,N14333,N14333,sa1,1
10986,N85158 /1 undetected,output,,N85158,N85158,1,undetected,N85158,N85158,N85158,sa1,1
10987,N14311 /1 undetected,output,,N14311,N14311,1,undetected,N14311,N14311,N14311,sa1,1
10988,N94084 /1 undetected,output,,N94084,N94084,1,undetected,N94084,N94084,N94084,sa1,1
10989,N14309 /1 undetected,output,,N14309,N14309,1,undetected,N14309,N14309,N14309,sa1,1
10990,N14308 /1 undetected,output,,N14308,N14308,1,undetected,N14308,N14308,N14308,sa1,1
10991,N101719 /1 undetected,output,,N101719,N101719,1,undetected,N101719,N101719,N101719,sa1,1
10992,N91401 /1 undetected,output,,N91401,N91401,1,undetected,N91401,N91401,N91401,sa1,1
10993,N14305 /1 undetected,output,,N14305,N14305,1,undetected,N14305,N14305,N14305,sa1,1
10994,N14303 /1 undetected,output,,N14303,N14303,1,undetected,N14303,N14303,N14303,sa1,1
10995,N97177 /1 undetected,output,,N97177,N97177,1,undetected,N97177,N97177,N97177,sa1,1
10996,N94480 /1 undetected,output,,N94480,N94480,1,undetected,N94480,N94480,N94480,sa1,1
10997,N8586 /1 undetected,output,,N8586,N8586,1,undetected,N8586,N8586,N8586,sa1,1
10998,N82440 /1 undetected,output,,N82440,N82440,1,undetected,N82440,N82440,N82440,sa1,1
10999,N87891 /1 undetected,output,,N87891,N87891,1,undetected,N87891,N87891,N87891,sa1,1
11000,N87998 /1 undetected,output,,N87998,N87998,1,undetected,N87998,N87998,N87998,sa1,1
11001,N123471 /1 undetected,output,,N123471,N123471,1,undetected,N123471,N123471,N123471,sa1,1
11002,N87812 /1 undetected,output,,N87812,N87812,1,undetected,N87812,N87812,N87812,sa1,1
11003,N124614 /1 undetected,output,,N124614,N124614,1,undetected,N124614,N124614,N124614,sa1,1
11004,N124469 /1 undetected,output,,N124469,N124469,1,undetected,N124469,N124469,N124469,sa1,1
11005,N90590 /1 undetected,output,,N90590,N90590,1,undetected,N90590,N90590,N90590,sa1,1
11006,N122820 /1 undetected,output,,N122820,N122820,1,undetected,N122820,N122820,N122820,sa1,1
11007,N90515 /1 undetected,output,,N90515,N90515,1,undetected,N90515,N90515,N90515,sa1,1
11008,N87829 /1 undetected,output,,N87829,N87829,1,undetected,N87829,N87829,N87829,sa1,1
11009,N82500 /1 undetected,output,,N82500,N82500,1,undetected,N82500,N82500,N82500,sa1,1
11010,N124944 /1 undetected,output,,N124944,N124944,1,undetected,N124944,N124944,N124944,sa1,1
11011,N102045 /1 undetected,output,,N102045,N102045,1,undetected,N102045,N102045,N102045,sa1,1
11012,N90514 /1 undetected,output,,N90514,N90514,1,undetected,N90514,N90514,N90514,sa1,1
11013,N87828 /1 undetected,output,,N87828,N87828,1,undetected,N87828,N87828,N87828,sa1,1
11014,N82499 /1 undetected,output,,N82499,N82499,1,undetected,N82499,N82499,N82499,sa1,1
11015,N121584 /1 undetected,output,,N121584,N121584,1,undetected,N121584,N121584,N121584,sa1,1
11016,N90485 /1 undetected,output,,N90485,N90485,1,undetected,N90485,N90485,N90485,sa1,1
11017,N121593 /1 undetected,output,,N121593,N121593,1,undetected,N121593,N121593,N121593,sa1,1
11018,N121348 /1 undetected,output,,N121348,N121348,1,undetected,N121348,N121348,N121348,sa1,1
11019,N62918 /1 undetected,output,,N62918,N62918,1,undetected,N62918,N62918,N62918,sa1,1
11020,N87942 /1 undetected,output,,N87942,N87942,1,undetected,N87942,N87942,N87942,sa1,1
11021,N79051 /1 undetected,output,,N79051,N79051,1,undetected,N79051,N79051,N79051,sa1,1
11022,N124923 /1 undetected,output,,N124923,N124923,1,undetected,N124923,N124923,N124923,sa1,1
11023,N90564 /1 undetected,output,,N90564,N90564,1,undetected,N90564,N90564,N90564,sa1,1
11024,N82470 /1 undetected,output,,N82470,N82470,1,undetected,N82470,N82470,N82470,sa1,1
11025,N90468 /1 undetected,output,,N90468,N90468,1,undetected,N90468,N90468,N90468,sa1,1
11026,N60543 /1 undetected,output,,N60543,N60543,1,undetected,N60543,N60543,N60543,sa1,1
11027,N123748 /1 undetected,output,,N123748,N123748,1,undetected,N123748,N123748,N123748,sa1,1
11028,N123752 /1 undetected,output,,N123752,N123752,1,undetected,N123752,N123752,N123752,sa1,1
11029,N87790 /1 undetected,output,,N87790,N87790,1,undetected,N87790,N87790,N87790,sa1,1
11030,N87791 /1 undetected,output,,N87791,N87791,1,undetected,N87791,N87791,N87791,sa1,1
11031,N123755 /1 undetected,output,,N123755,N123755,1,undetected,N123755,N123755,N123755,sa1,1
11032,N82471 /1 undetected,output,,N82471,N82471,1,undetected,N82471,N82471,N82471,sa1,1
11033,N122729 /1 undetected,output,,N122729,N122729,1,undetected,N122729,N122729,N122729,sa1,1
11034,N87794 /1 undetected,output,,N87794,N87794,1,undetected,N87794,N87794,N87794,sa1,1
11035,N102078 /1 undetected,output,,N102078,N102078,1,undetected,N102078,N102078,N102078,sa1,1
11036,N122816 /1 undetected,output,,N122816,N122816,1,undetected,N122816,N122816,N122816,sa1,1
11037,N87795 /1 undetected,output,,N87795,N87795,1,undetected,N87795,N87795,N87795,sa1,1
11038,N90469 /1 undetected,output,,N90469,N90469,1,undetected,N90469,N90469,N90469,sa1,1
11039,N123749 /1 undetected,output,,N123749,N123749,1,undetected,N123749,N123749,N123749,sa1,1
11040,N82409 /1 undetected,output,,N82409,N82409,1,undetected,N82409,N82409,N82409,sa1,1
11041,N90613 /1 undetected,output,,N90613,N90613,1,undetected,N90613,N90613,N90613,sa1,1
11042,N122846 /1 undetected,output,,N122846,N122846,1,undetected,N122846,N122846,N122846,sa1,1
11043,N60390 /1 undetected,output,,N60390,N60390,1,undetected,N60390,N60390,N60390,sa1,1
11044,N87930 /1 undetected,output,,N87930,N87930,1,undetected,N87930,N87930,N87930,sa1,1
11045,N122719 /1 undetected,output,,N122719,N122719,1,undetected,N122719,N122719,N122719,sa1,1
11046,N82288 /1 undetected,output,,N82288,N82288,1,undetected,N82288,N82288,N82288,sa1,1
11047,N102040 /1 undetected,output,,N102040,N102040,1,undetected,N102040,N102040,N102040,sa1,1
11048,N122845 /1 undetected,output,,N122845,N122845,1,undetected,N122845,N122845,N122845,sa1,1
11049,N122755 /1 undetected,output,,N122755,N122755,1,undetected,N122755,N122755,N122755,sa1,1
11050,N87787 /1 undetected,output,,N87787,N87787,1,undetected,N87787,N87787,N87787,sa1,1
11051,N82287 /1 undetected,output,,N82287,N82287,1,undetected,N82287,N82287,N82287,sa1,1
11052,N82286 /1 undetected,output,,N82286,N82286,1,undetected,N82286,N82286,N82286,sa1,1
11053,N122657 /1 undetected,output,,N122657,N122657,1,undetected,N122657,N122657,N122657,sa1,1
11054,N123670 /1 undetected,output,,N123670,N123670,1,undetected,N123670,N123670,N123670,sa1,1
11055,N87783 /1 undetected,output,,N87783,N87783,1,undetected,N87783,N87783,N87783,sa1,1
11056,N123673 /1 undetected,output,,N123673,N123673,1,undetected,N123673,N123673,N123673,sa1,1
11057,N122790 /1 undetected,output,,N122790,N122790,1,undetected,N122790,N122790,N122790,sa1,1
11058,N82282 /1 undetected,output,,N82282,N82282,1,undetected,N82282,N82282,N82282,sa1,1
11059,N122656 /1 undetected,output,,N122656,N122656,1,undetected,N122656,N122656,N122656,sa1,1
11060,N60226 /1 undetected,output,,N60226,N60226,1,undetected,N60226,N60226,N60226,sa1,1
11061,N56642 /1 undetected,output,,N56642,N56642,1,undetected,N56642,N56642,N56642,sa1,1
11062,N84789 /1 undetected,output,,N84789,N84789,1,undetected,N84789,N84789,N84789,sa1,1
11063,N56638 /1 undetected,output,,N56638,N56638,1,undetected,N56638,N56638,N56638,sa1,1
11064,N95133 /1 undetected,output,,N95133,N95133,1,undetected,N95133,N95133,N95133,sa1,1
11065,N56633 /1 undetected,output,,N56633,N56633,1,undetected,N56633,N56633,N56633,sa1,1
11066,N93017 /1 undetected,output,,N93017,N93017,1,undetected,N93017,N93017,N93017,sa1,1
11067,N56631 /1 undetected,output,,N56631,N56631,1,undetected,N56631,N56631,N56631,sa1,1
11068,N121203 /1 undetected,output,,N121203,N121203,1,undetected,N121203,N121203,N121203,sa1,1
11069,N56629 /1 undetected,output,,N56629,N56629,1,undetected,N56629,N56629,N56629,sa1,1
11070,N102675 /1 undetected,output,,N102675,N102675,1,undetected,N102675,N102675,N102675,sa1,1
11071,N56627 /1 undetected,output,,N56627,N56627,1,undetected,N56627,N56627,N56627,sa1,1
11072,N121198 /1 undetected,output,,N121198,N121198,1,undetected,N121198,N121198,N121198,sa1,1
11073,N56626 /1 undetected,output,,N56626,N56626,1,undetected,N56626,N56626,N56626,sa1,1
11074,N56624 /1 undetected,output,,N56624,N56624,1,undetected,N56624,N56624,N56624,sa1,1
11075,N102670 /1 undetected,output,,N102670,N102670,1,undetected,N102670,N102670,N102670,sa1,1
11076,N91390 /1 undetected,output,,N91390,N91390,1,undetected,N91390,N91390,N91390,sa1,1
11077,N15656 /1 undetected,output,,N15656,N15656,1,undetected,N15656,N15656,N15656,sa1,1
11078,N56622 /1 undetected,output,,N56622,N56622,1,undetected,N56622,N56622,N56622,sa1,1
11079,N95149 /1 undetected,output,,N95149,N95149,1,undetected,N95149,N95149,N95149,sa1,1
11080,N56620 /1 undetected,output,,N56620,N56620,1,undetected,N56620,N56620,N56620,sa1,1
11081,N93016 /1 undetected,output,,N93016,N93016,1,undetected,N93016,N93016,N93016,sa1,1
11082,N56618 /1 undetected,output,,N56618,N56618,1,undetected,N56618,N56618,N56618,sa1,1
11083,N121202 /1 undetected,output,,N121202,N121202,1,undetected,N121202,N121202,N121202,sa1,1
11084,N56602 /1 undetected,output,,N56602,N56602,1,undetected,N56602,N56602,N56602,sa1,1
11085,N56614 /1 undetected,output,,N56614,N56614,1,undetected,N56614,N56614,N56614,sa1,1
11086,N56610 /1 undetected,output,,N56610,N56610,1,undetected,N56610,N56610,N56610,sa1,1
11087,N121201 /1 undetected,output,,N121201,N121201,1,undetected,N121201,N121201,N121201,sa1,1
11088,N2816 /1 undetected,output,,N2816,N2816,1,undetected,N2816,N2816,N2816,sa1,1
11089,N85285 /1 undetected,output,,N85285,N85285,1,undetected,N85285,N85285,N85285,sa1,1
11090,N56604 /1 undetected,output,,N56604,N56604,1,undetected,N56604,N56604,N56604,sa1,1
11091,N99249 /1 undetected,output,,N99249,N99249,1,undetected,N99249,N99249,N99249,sa1,1
11092,N56598 /1 undetected,output,,N56598,N56598,1,undetected,N56598,N56598,N56598,sa1,1
11093,N75329 /1 undetected,output,,N75329,N75329,1,undetected,N75329,N75329,N75329,sa1,1
11094,N94105 /1 undetected,output,,N94105,N94105,1,undetected,N94105,N94105,N94105,sa1,1
11095,N56594 /1 undetected,output,,N56594,N56594,1,undetected,N56594,N56594,N56594,sa1,1
11096,N103617 /1 undetected,output,,N103617,N103617,1,undetected,N103617,N103617,N103617,sa1,1
11097,N56592 /1 undetected,output,,N56592,N56592,1,undetected,N56592,N56592,N56592,sa1,1
11098,N103610 /1 undetected,output,,N103610,N103610,1,undetected,N103610,N103610,N103610,sa1,1
11099,N93014 /1 undetected,output,,N93014,N93014,1,undetected,N93014,N93014,N93014,sa1,1
11100,N66739 /1 undetected,output,,N66739,N66739,1,undetected,N66739,N66739,N66739,sa1,1
11101,N1737 /1 undetected,output,,N1737,N1737,1,undetected,N1737,N1737,N1737,sa1,1
11102,N125838 /1 undetected,output,,N125838,N125838,1,undetected,N125838,N125838,N125838,sa1,1
11103,N90460 /1 undetected,output,,N90460,N90460,1,undetected,N90460,N90460,N90460,sa1,1
11104,N121345 /1 undetected,output,,N121345,N121345,1,undetected,N121345,N121345,N121345,sa1,1
11105,N121581 /1 undetected,output,,N121581,N121581,1,undetected,N121581,N121581,N121581,sa1,1
11106,N78975 /1 undetected,output,,N78975,N78975,1,undetected,N78975,N78975,N78975,sa1,1
11107,N82283 /1 undetected,output,,N82283,N82283,1,undetected,N82283,N82283,N82283,sa1,1
11108,N90458 /1 undetected,output,,N90458,N90458,1,undetected,N90458,N90458,N90458,sa1,1
11109,N58903 /1 undetected,output,,N58903,N58903,1,undetected,N58903,N58903,N58903,sa1,1
11110,N121229 /1 undetected,output,,N121229,N121229,1,undetected,N121229,N121229,N121229,sa1,1
11111,N66773 /1 undetected,output,,N66773,N66773,1,undetected,N66773,N66773,N66773,sa1,1
11112,N105015 /1 undetected,output,,N105015,N105015,1,undetected,N105015,N105015,N105015,sa1,1
11113,N92491 /1 undetected,output,,N92491,N92491,1,undetected,N92491,N92491,N92491,sa1,1
11114,N66769 /1 undetected,output,,N66769,N66769,1,undetected,N66769,N66769,N66769,sa1,1
11115,N104932 /1 undetected,output,,N104932,N104932,1,undetected,N104932,N104932,N104932,sa1,1
11116,N101600 /1 undetected,output,,N101600,N101600,1,undetected,N101600,N101600,N101600,sa1,1
11117,N85065 /1 undetected,output,,N85065,N85065,1,undetected,N85065,N85065,N85065,sa1,1
11118,N14263 /1 undetected,output,,N14263,N14263,1,undetected,N14263,N14263,N14263,sa1,1
11119,N125837 /1 undetected,output,,N125837,N125837,1,undetected,N125837,N125837,N125837,sa1,1
11120,N125834 /1 undetected,output,,N125834,N125834,1,undetected,N125834,N125834,N125834,sa1,1
11121,N100282 /1 undetected,output,,N100282,N100282,1,undetected,N100282,N100282,N100282,sa1,1
11122,N74267 /1 undetected,output,,N74267,N74267,1,undetected,N74267,N74267,N74267,sa1,1
11123,N83849 /1 undetected,output,,N83849,N83849,1,undetected,N83849,N83849,N83849,sa1,1
11124,N63159 /1 undetected,output,,N63159,N63159,1,undetected,N63159,N63159,N63159,sa1,1
11125,N94065 /1 undetected,output,,N94065,N94065,1,undetected,N94065,N94065,N94065,sa1,1
11126,N63157 /1 undetected,output,,N63157,N63157,1,undetected,N63157,N63157,N63157,sa1,1
11127,N121222 /1 undetected,output,,N121222,N121222,1,undetected,N121222,N121222,N121222,sa1,1
11128,N63156 /1 undetected,output,,N63156,N63156,1,undetected,N63156,N63156,N63156,sa1,1
11129,N101608 /1 undetected,output,,N101608,N101608,1,undetected,N101608,N101608,N101608,sa1,1
11130,N63155 /1 undetected,output,,N63155,N63155,1,undetected,N63155,N63155,N63155,sa1,1
11131,N95158 /1 undetected,output,,N95158,N95158,1,undetected,N95158,N95158,N95158,sa1,1
11132,N63154 /1 undetected,output,,N63154,N63154,1,undetected,N63154,N63154,N63154,sa1,1
11133,N124970 /1 undetected,output,,N124970,N124970,1,undetected,N124970,N124970,N124970,sa1,1
11134,N97791 /1 undetected,output,,N97791,N97791,1,undetected,N97791,N97791,N97791,sa1,1
11135,N63151 /1 undetected,output,,N63151,N63151,1,undetected,N63151,N63151,N63151,sa1,1
11136,N63149 /1 undetected,output,,N63149,N63149,1,undetected,N63149,N63149,N63149,sa1,1
11137,N121221 /1 undetected,output,,N121221,N121221,1,undetected,N121221,N121221,N121221,sa1,1
11138,N101714 /1 undetected,output,,N101714,N101714,1,undetected,N101714,N101714,N101714,sa1,1
11139,N94288 /1 undetected,output,,N94288,N94288,1,undetected,N94288,N94288,N94288,sa1,1
11140,N63146 /1 undetected,output,,N63146,N63146,1,undetected,N63146,N63146,N63146,sa1,1
11141,N94064 /1 undetected,output,,N94064,N94064,1,undetected,N94064,N94064,N94064,sa1,1
11142,N63144 /1 undetected,output,,N63144,N63144,1,undetected,N63144,N63144,N63144,sa1,1
11143,N124969 /1 undetected,output,,N124969,N124969,1,undetected,N124969,N124969,N124969,sa1,1
11144,N1994 /1 undetected,output,,N1994,N1994,1,undetected,N1994,N1994,N1994,sa1,1
11145,N91373 /1 undetected,output,,N91373,N91373,1,undetected,N91373,N91373,N91373,sa1,1
11146,N91369 /1 undetected,output,,N91369,N91369,1,undetected,N91369,N91369,N91369,sa1,1
11147,N123567 /1 undetected,output,,N123567,N123567,1,undetected,N123567,N123567,N123567,sa1,1
11148,N123532 /1 undetected,output,,N123532,N123532,1,undetected,N123532,N123532,N123532,sa1,1
11149,N18083 /0 undetected,output,,N18083,N18083,0,undetected,N18083,N18083,N18083,sa0,1
11150,N101702 /1 undetected,output,,N101702,N101702,1,undetected,N101702,N101702,N101702,sa1,1
11151,N18080 /1 undetected,output,,N18080,N18080,1,undetected,N18080,N18080,N18080,sa1,1
11152,N103027 /1 undetected,output,,N103027,N103027,1,undetected,N103027,N103027,N103027,sa1,1
11153,N18078 /1 undetected,output,,N18078,N18078,1,undetected,N18078,N18078,N18078,sa1,1
11154,N18077 /1 undetected,output,,N18077,N18077,1,undetected,N18077,N18077,N18077,sa1,1
11155,N101592 /1 undetected,output,,N101592,N101592,1,undetected,N101592,N101592,N101592,sa1,1
11156,N84152 /1 undetected,output,,N84152,N84152,1,undetected,N84152,N84152,N84152,sa1,1
11157,N18076 /1 undetected,output,,N18076,N18076,1,undetected,N18076,N18076,N18076,sa1,1
11158,N91407 /1 undetected,output,,N91407,N91407,1,undetected,N91407,N91407,N91407,sa1,1
11159,N18074 /1 undetected,output,,N18074,N18074,1,undetected,N18074,N18074,N18074,sa1,1
11160,N103634 /1 undetected,output,,N103634,N103634,1,undetected,N103634,N103634,N103634,sa1,1
11161,N98470 /1 undetected,output,,N98470,N98470,1,undetected,N98470,N98470,N98470,sa1,1
11162,N18072 /1 undetected,output,,N18072,N18072,1,undetected,N18072,N18072,N18072,sa1,1
11163,N94293 /1 undetected,output,,N94293,N94293,1,undetected,N94293,N94293,N94293,sa1,1
11164,N18070 /1 undetected,output,,N18070,N18070,1,undetected,N18070,N18070,N18070,sa1,1
11165,N102934 /1 undetected,output,,N102934,N102934,1,undetected,N102934,N102934,N102934,sa1,1
11166,N18069 /1 undetected,output,,N18069,N18069,1,undetected,N18069,N18069,N18069,sa1,1
11167,N79265 /1 undetected,output,,N79265,N79265,1,undetected,N79265,N79265,N79265,sa1,1
11168,N74779 /1 undetected,output,,N74779,N74779,1,undetected,N74779,N74779,N74779,sa1,1
11169,N18053 /0 undetected,output,,N18053,N18053,0,undetected,N18053,N18053,N18053,sa0,1
11170,N101701 /1 undetected,output,,N101701,N101701,1,undetected,N101701,N101701,N101701,sa1,1
11171,N18049 /1 undetected,output,,N18049,N18049,1,undetected,N18049,N18049,N18049,sa1,1
11172,N103630 /1 undetected,output,,N103630,N103630,1,undetected,N103630,N103630,N103630,sa1,1
11173,N77838 /1 undetected,output,,N77838,N77838,1,undetected,N77838,N77838,N77838,sa1,1
11174,N18045 /1 undetected,output,,N18045,N18045,1,undetected,N18045,N18045,N18045,sa1,1
11175,N84705 /1 undetected,output,,N84705,N84705,1,undetected,N84705,N84705,N84705,sa1,1
11176,N18044 /1 undetected,output,,N18044,N18044,1,undetected,N18044,N18044,N18044,sa1,1
11177,N18042 /1 undetected,output,,N18042,N18042,1,undetected,N18042,N18042,N18042,sa1,1
11178,N103628 /1 undetected,output,,N103628,N103628,1,undetected,N103628,N103628,N103628,sa1,1
11179,N102820 /1 undetected,output,,N102820,N102820,1,undetected,N102820,N102820,N102820,sa1,1
11180,N74778 /1 undetected,output,,N74778,N74778,1,undetected,N74778,N74778,N74778,sa1,1
11181,N18038 /1 undetected,output,,N18038,N18038,1,undetected,N18038,N18038,N18038,sa1,1
11182,N18036 /1 undetected,output,,N18036,N18036,1,undetected,N18036,N18036,N18036,sa1,1
11183,N18034 /1 undetected,output,,N18034,N18034,1,undetected,N18034,N18034,N18034,sa1,1
11184,N102927 /1 undetected,output,,N102927,N102927,1,undetected,N102927,N102927,N102927,sa1,1
11185,N16196 /1 undetected,output,,N16196,N16196,1,undetected,N16196,N16196,N16196,sa1,1
11186,N18032 /1 undetected,output,,N18032,N18032,1,undetected,N18032,N18032,N18032,sa1,1
11187,N102932 /1 undetected,output,,N102932,N102932,1,undetected,N102932,N102932,N102932,sa1,1
11188,N16206 /1 undetected,output,,N16206,N16206,1,undetected,N16206,N16206,N16206,sa1,1
11189,N16279 /0 undetected,output,,N16279,N16279,0,undetected,N16279,N16279,N16279,sa0,1
11190,N16274 /1 undetected,output,,N16274,N16274,1,undetected,N16274,N16274,N16274,sa1,1
11191,N84700 /1 undetected,output,,N84700,N84700,1,undetected,N84700,N84700,N84700,sa1,1
11192,N16273 /1 undetected,output,,N16273,N16273,1,undetected,N16273,N16273,N16273,sa1,1
11193,N77835 /1 undetected,output,,N77835,N77835,1,undetected,N77835,N77835,N77835,sa1,1
11194,N16268 /1 undetected,output,,N16268,N16268,1,undetected,N16268,N16268,N16268,sa1,1
11195,N102997 /1 undetected,output,,N102997,N102997,1,undetected,N102997,N102997,N102997,sa1,1
11196,N16266 /1 undetected,output,,N16266,N16266,1,undetected,N16266,N16266,N16266,sa1,1
11197,N95232 /1 undetected,output,,N95232,N95232,1,undetected,N95232,N95232,N95232,sa1,1
11198,N94199 /1 undetected,output,,N94199,N94199,1,undetected,N94199,N94199,N94199,sa1,1
11199,N2903 /0 undetected,output,,N2903,N2903,0,undetected,N2903,N2903,N2903,sa0,1
11200,N95331 /1 undetected,output,,N95331,N95331,1,undetected,N95331,N95331,N95331,sa1,1
11201,N2888 /1 undetected,output,,N2888,N2888,1,undetected,N2888,N2888,N2888,sa1,1
11202,N2886 /1 undetected,output,,N2886,N2886,1,undetected,N2886,N2886,N2886,sa1,1
11203,N95244 /1 undetected,output,,N95244,N95244,1,undetected,N95244,N95244,N95244,sa1,1
11204,N95168 /1 undetected,output,,N95168,N95168,1,undetected,N95168,N95168,N95168,sa1,1
11205,N2878 /1 undetected,output,,N2878,N2878,1,undetected,N2878,N2878,N2878,sa1,1
11206,N84236 /1 undetected,output,,N84236,N84236,1,undetected,N84236,N84236,N84236,sa1,1
11207,N95216 /1 undetected,output,,N95216,N95216,1,undetected,N95216,N95216,N95216,sa1,1
11208,N2873 /1 undetected,output,,N2873,N2873,1,undetected,N2873,N2873,N2873,sa1,1
11209,N2871 /1 undetected,output,,N2871,N2871,1,undetected,N2871,N2871,N2871,sa1,1
11210,N95210 /1 undetected,output,,N95210,N95210,1,undetected,N95210,N95210,N95210,sa1,1
11211,N95164 /1 undetected,output,,N95164,N95164,1,undetected,N95164,N95164,N95164,sa1,1
11212,N2863 /1 undetected,output,,N2863,N2863,1,undetected,N2863,N2863,N2863,sa1,1
11213,N95162 /1 undetected,output,,N95162,N95162,1,undetected,N95162,N95162,N95162,sa1,1
11214,N2861 /1 undetected,output,,N2861,N2861,1,undetected,N2861,N2861,N2861,sa1,1
11215,N95200 /1 undetected,output,,N95200,N95200,1,undetected,N95200,N95200,N95200,sa1,1
11216,N2844 /1 undetected,output,,N2844,N2844,1,undetected,N2844,N2844,N2844,sa1,1
11217,N95189 /1 undetected,output,,N95189,N95189,1,undetected,N95189,N95189,N95189,sa1,1
11218,N95170 /1 undetected,output,,N95170,N95170,1,undetected,N95170,N95170,N95170,sa1,1
11219,N125833 /1 undetected,output,,N125833,N125833,1,undetected,N125833,N125833,N125833,sa1,1
11220,N125829 /1 undetected,output,,N125829,N125829,1,undetected,N125829,N125829,N125829,sa1,1
11221,N122630 /1 undetected,output,,N122630,N122630,1,undetected,N122630,N122630,N122630,sa1,1
11222,N79170 /1 undetected,output,,N79170,N79170,1,undetected,N79170,N79170,N79170,sa1,1
11223,N122629 /1 undetected,output,,N122629,N122629,1,undetected,N122629,N122629,N122629,sa1,1
11224,N58126 /1 undetected,output,,N58126,N58126,1,undetected,N58126,N58126,N58126,sa1,1
11225,N81439 /1 undetected,output,,N81439,N81439,1,undetected,N81439,N81439,N81439,sa1,1
11226,N89788 /1 undetected,output,,N89788,N89788,1,undetected,N89788,N89788,N89788,sa1,1
11227,N79168 /1 undetected,output,,N79168,N79168,1,undetected,N79168,N79168,N79168,sa1,1
11228,N121530 /1 undetected,output,,N121530,N121530,1,undetected,N121530,N121530,N121530,sa1,1
11229,N78972 /1 undetected,output,,N78972,N78972,1,undetected,N78972,N78972,N78972,sa1,1
11230,N17995 /0 undetected,output,,N17995,N17995,0,undetected,N17995,N17995,N17995,sa0,1
11231,N101699 /1 undetected,output,,N101699,N101699,1,undetected,N101699,N101699,N101699,sa1,1
11232,N17991 /1 undetected,output,,N17991,N17991,1,undetected,N17991,N17991,N17991,sa1,1
11233,N103616 /1 undetected,output,,N103616,N103616,1,undetected,N103616,N103616,N103616,sa1,1
11234,N17987 /1 undetected,output,,N17987,N17987,1,undetected,N17987,N17987,N17987,sa1,1
11235,N95235 /1 undetected,output,,N95235,N95235,1,undetected,N95235,N95235,N95235,sa1,1
11236,N94274 /1 undetected,output,,N94274,N94274,1,undetected,N94274,N94274,N94274,sa1,1
11237,N17986 /1 undetected,output,,N17986,N17986,1,undetected,N17986,N17986,N17986,sa1,1
11238,N84704 /1 undetected,output,,N84704,N84704,1,undetected,N84704,N84704,N84704,sa1,1
11239,N17985 /1 undetected,output,,N17985,N17985,1,undetected,N17985,N17985,N17985,sa1,1
11240,N96212 /1 undetected,output,,N96212,N96212,1,undetected,N96212,N96212,N96212,sa1,1
11241,N17983 /1 undetected,output,,N17983,N17983,1,undetected,N17983,N17983,N17983,sa1,1
11242,N102719 /1 undetected,output,,N102719,N102719,1,undetected,N102719,N102719,N102719,sa1,1
11243,N17982 /1 undetected,output,,N17982,N17982,1,undetected,N17982,N17982,N17982,sa1,1
11244,N94280 /1 undetected,output,,N94280,N94280,1,undetected,N94280,N94280,N94280,sa1,1
11245,N17981 /1 undetected,output,,N17981,N17981,1,undetected,N17981,N17981,N17981,sa1,1
11246,N92851 /1 undetected,output,,N92851,N92851,1,undetected,N92851,N92851,N92851,sa1,1
11247,N77837 /1 undetected,output,,N77837,N77837,1,undetected,N77837,N77837,N77837,sa1,1
11248,N16294 /0 undetected,output,,N16294,N16294,0,undetected,N16294,N16294,N16294,sa0,1
11249,N101715 /1 undetected,output,,N101715,N101715,1,undetected,N101715,N101715,N101715,sa1,1
11250,N16291 /1 undetected,output,,N16291,N16291,1,undetected,N16291,N16291,N16291,sa1,1
11251,N103024 /1 undetected,output,,N103024,N103024,1,undetected,N103024,N103024,N103024,sa1,1
11252,N101698 /1 undetected,output,,N101698,N101698,1,undetected,N101698,N101698,N101698,sa1,1
11253,N101230 /1 undetected,output,,N101230,N101230,1,undetected,N101230,N101230,N101230,sa1,1
11254,N84210 /1 undetected,output,,N84210,N84210,1,undetected,N84210,N84210,N84210,sa1,1
11255,N15685 /0 undetected,output,,N15685,N15685,0,undetected,N15685,N15685,N15685,sa0,1
11256,N95335 /1 undetected,output,,N95335,N95335,1,undetected,N95335,N95335,N95335,sa1,1
11257,N15682 /1 undetected,output,,N15682,N15682,1,undetected,N15682,N15682,N15682,sa1,1
11258,N95148 /1 undetected,output,,N95148,N95148,1,undetected,N95148,N95148,N95148,sa1,1
11259,N15646 /1 undetected,output,,N15646,N15646,1,undetected,N15646,N15646,N15646,sa1,1
11260,N15678 /1 undetected,output,,N15678,N15678,1,undetected,N15678,N15678,N15678,sa1,1
11261,N99248 /1 undetected,output,,N99248,N99248,1,undetected,N99248,N99248,N99248,sa1,1
11262,N15676 /1 undetected,output,,N15676,N15676,1,undetected,N15676,N15676,N15676,sa1,1
11263,N15674 /1 undetected,output,,N15674,N15674,1,undetected,N15674,N15674,N15674,sa1,1
11264,N85332 /1 undetected,output,,N85332,N85332,1,undetected,N85332,N85332,N85332,sa1,1
11265,N85291 /1 undetected,output,,N85291,N85291,1,undetected,N85291,N85291,N85291,sa1,1
11266,N15667 /1 undetected,output,,N15667,N15667,1,undetected,N15667,N15667,N15667,sa1,1
11267,N102692 /1 undetected,output,,N102692,N102692,1,undetected,N102692,N102692,N102692,sa1,1
11268,N101576 /1 undetected,output,,N101576,N101576,1,undetected,N101576,N101576,N101576,sa1,1
11269,N15664 /1 undetected,output,,N15664,N15664,1,undetected,N15664,N15664,N15664,sa1,1
11270,N15660 /1 undetected,output,,N15660,N15660,1,undetected,N15660,N15660,N15660,sa1,1
11271,N95132 /1 undetected,output,,N95132,N95132,1,undetected,N95132,N95132,N95132,sa1,1
11272,N15659 /1 undetected,output,,N15659,N15659,1,undetected,N15659,N15659,N15659,sa1,1
11273,N102690 /1 undetected,output,,N102690,N102690,1,undetected,N102690,N102690,N102690,sa1,1
11274,N102689 /1 undetected,output,,N102689,N102689,1,undetected,N102689,N102689,N102689,sa1,1
11275,N15648 /1 undetected,output,,N15648,N15648,1,undetected,N15648,N15648,N15648,sa1,1
11276,N91389 /1 undetected,output,,N91389,N91389,1,undetected,N91389,N91389,N91389,sa1,1
11277,N12415 /0 undetected,output,,N12415,N12415,0,undetected,N12415,N12415,N12415,sa0,1
11278,N95316 /1 undetected,output,,N95316,N95316,1,undetected,N95316,N95316,N95316,sa1,1
11279,N12412 /1 undetected,output,,N12412,N12412,1,undetected,N12412,N12412,N12412,sa1,1
11280,N12411 /1 undetected,output,,N12411,N12411,1,undetected,N12411,N12411,N12411,sa1,1
11281,N12408 /1 undetected,output,,N12408,N12408,1,undetected,N12408,N12408,N12408,sa1,1
11282,N100450 /1 undetected,output,,N100450,N100450,1,undetected,N100450,N100450,N100450,sa1,1
11283,N86705 /1 undetected,output,,N86705,N86705,1,undetected,N86705,N86705,N86705,sa1,1
11284,N12399 /1 undetected,output,,N12399,N12399,1,undetected,N12399,N12399,N12399,sa1,1
11285,N12397 /1 undetected,output,,N12397,N12397,1,undetected,N12397,N12397,N12397,sa1,1
11286,N100434 /1 undetected,output,,N100434,N100434,1,undetected,N100434,N100434,N100434,sa1,1
11287,N86704 /1 undetected,output,,N86704,N86704,1,undetected,N86704,N86704,N86704,sa1,1
11288,N12393 /1 undetected,output,,N12393,N12393,1,undetected,N12393,N12393,N12393,sa1,1
11289,N100432 /1 undetected,output,,N100432,N100432,1,undetected,N100432,N100432,N100432,sa1,1
11290,N100421 /1 undetected,output,,N100421,N100421,1,undetected,N100421,N100421,N100421,sa1,1
11291,N12385 /1 undetected,output,,N12385,N12385,1,undetected,N12385,N12385,N12385,sa1,1
11292,N12383 /1 undetected,output,,N12383,N12383,1,undetected,N12383,N12383,N12383,sa1,1
11293,N12381 /1 undetected,output,,N12381,N12381,1,undetected,N12381,N12381,N12381,sa1,1
11294,N100403 /1 undetected,output,,N100403,N100403,1,undetected,N100403,N100403,N100403,sa1,1
11295,N12380 /1 undetected,output,,N12380,N12380,1,undetected,N12380,N12380,N12380,sa1,1
11296,N92460 /1 undetected,output,,N92460,N92460,1,undetected,N92460,N92460,N92460,sa1,1
11297,N91729 /1 undetected,output,,N91729,N91729,1,undetected,N91729,N91729,N91729,sa1,1
11298,N12376 /1 undetected,output,,N12376,N12376,1,undetected,N12376,N12376,N12376,sa1,1
11299,N84325 /1 undetected,output,,N84325,N84325,1,undetected,N84325,N84325,N84325,sa1,1
11300,N12372 /1 undetected,output,,N12372,N12372,1,undetected,N12372,N12372,N12372,sa1,1
11301,N100401 /1 undetected,output,,N100401,N100401,1,undetected,N100401,N100401,N100401,sa1,1
11302,N12366 /1 undetected,output,,N12366,N12366,1,undetected,N12366,N12366,N12366,sa1,1
11303,N100397 /1 undetected,output,,N100397,N100397,1,undetected,N100397,N100397,N100397,sa1,1
11304,N12359 /1 undetected,output,,N12359,N12359,1,undetected,N12359,N12359,N12359,sa1,1
11305,N12363 /1 undetected,output,,N12363,N12363,1,undetected,N12363,N12363,N12363,sa1,1
11306,N12360 /1 undetected,output,,N12360,N12360,1,undetected,N12360,N12360,N12360,sa1,1
11307,N100396 /1 undetected,output,,N100396,N100396,1,undetected,N100396,N100396,N100396,sa1,1
11308,N12353 /1 undetected,output,,N12353,N12353,1,undetected,N12353,N12353,N12353,sa1,1
11309,N92876 /1 undetected,output,,N92876,N92876,1,undetected,N92876,N92876,N92876,sa1,1
11310,N92120 /1 undetected,output,,N92120,N92120,1,undetected,N92120,N92120,N92120,sa1,1
11311,N12352 /1 undetected,output,,N12352,N12352,1,undetected,N12352,N12352,N12352,sa1,1
11312,N77828 /1 undetected,output,,N77828,N77828,1,undetected,N77828,N77828,N77828,sa1,1
11313,N12350 /1 undetected,output,,N12350,N12350,1,undetected,N12350,N12350,N12350,sa1,1
11314,N87158 /1 undetected,output,,N87158,N87158,1,undetected,N87158,N87158,N87158,sa1,1
11315,N12342 /1 undetected,output,,N12342,N12342,1,undetected,N12342,N12342,N12342,sa1,1
11316,N92947 /1 undetected,output,,N92947,N92947,1,undetected,N92947,N92947,N92947,sa1,1
11317,N12338 /1 undetected,output,,N12338,N12338,1,undetected,N12338,N12338,N12338,sa1,1
11318,N12315 /1 undetected,output,,N12315,N12315,1,undetected,N12315,N12315,N12315,sa1,1
11319,N12313 /1 undetected,output,,N12313,N12313,1,undetected,N12313,N12313,N12313,sa1,1
11320,N74486 /1 undetected,output,,N74486,N74486,1,undetected,N74486,N74486,N74486,sa1,1
11321,N98474 /1 undetected,output,,N98474,N98474,1,undetected,N98474,N98474,N98474,sa1,1
11322,N12308 /1 undetected,output,,N12308,N12308,1,undetected,N12308,N12308,N12308,sa1,1
11323,N12306 /1 undetected,output,,N12306,N12306,1,undetected,N12306,N12306,N12306,sa1,1
11324,N98468 /1 undetected,output,,N98468,N98468,1,undetected,N98468,N98468,N98468,sa1,1
11325,N8559 /1 undetected,output,,N8559,N8559,1,undetected,N8559,N8559,N8559,sa1,1
11326,N125830 /1 undetected,output,,N125830,N125830,1,undetected,N125830,N125830,N125830,sa1,1
11327,N16105 /1 undetected,output,,N16105,N16105,1,undetected,N16105,N16105,N16105,sa1,1
11328,N88123 /1 undetected,output,,N88123,N88123,1,undetected,N88123,N88123,N88123,sa1,1
11329,N79192 /1 undetected,output,,N79192,N79192,1,undetected,N79192,N79192,N79192,sa1,1
11330,N121576 /1 undetected,output,,N121576,N121576,1,undetected,N121576,N121576,N121576,sa1,1
11331,N78965 /1 undetected,output,,N78965,N78965,1,undetected,N78965,N78965,N78965,sa1,1
11332,N121659 /1 undetected,output,,N121659,N121659,1,undetected,N121659,N121659,N121659,sa1,1
11333,N57153 /1 undetected,output,,N57153,N57153,1,undetected,N57153,N57153,N57153,sa1,1
11334,N89638 /1 undetected,output,,N89638,N89638,1,undetected,N89638,N89638,N89638,sa1,1
11335,N89318 /1 undetected,output,,N89318,N89318,1,undetected,N89318,N89318,N89318,sa1,1
11336,N17931 /0 undetected,output,,N17931,N17931,0,undetected,N17931,N17931,N17931,sa0,1
11337,N101713 /1 undetected,output,,N101713,N101713,1,undetected,N101713,N101713,N101713,sa1,1
11338,N17928 /1 undetected,output,,N17928,N17928,1,undetected,N17928,N17928,N17928,sa1,1
11339,N102913 /1 undetected,output,,N102913,N102913,1,undetected,N102913,N102913,N102913,sa1,1
11340,N17926 /1 undetected,output,,N17926,N17926,1,undetected,N17926,N17926,N17926,sa1,1
11341,N102905 /1 undetected,output,,N102905,N102905,1,undetected,N102905,N102905,N102905,sa1,1
11342,N16170 /0 undetected,output,,N16170,N16170,0,undetected,N16170,N16170,N16170,sa0,1
11343,N101712 /1 undetected,output,,N101712,N101712,1,undetected,N101712,N101712,N101712,sa1,1
11344,N16167 /1 undetected,output,,N16167,N16167,1,undetected,N16167,N16167,N16167,sa1,1
11345,N102912 /1 undetected,output,,N102912,N102912,1,undetected,N102912,N102912,N102912,sa1,1
11346,N16160 /1 undetected,output,,N16160,N16160,1,undetected,N16160,N16160,N16160,sa1,1
11347,N102904 /1 undetected,output,,N102904,N102904,1,undetected,N102904,N102904,N102904,sa1,1
11348,N56657 /1 undetected,output,,N56657,N56657,1,undetected,N56657,N56657,N56657,sa1,1
11349,N101706 /1 undetected,output,,N101706,N101706,1,undetected,N101706,N101706,N101706,sa1,1
11350,N56653 /1 undetected,output,,N56653,N56653,1,undetected,N56653,N56653,N56653,sa1,1
11351,N103030 /1 undetected,output,,N103030,N103030,1,undetected,N103030,N103030,N103030,sa1,1
11352,N96361 /1 undetected,output,,N96361,N96361,1,undetected,N96361,N96361,N96361,sa1,1
11353,N56650 /1 undetected,output,,N56650,N56650,1,undetected,N56650,N56650,N56650,sa1,1
11354,N101593 /1 undetected,output,,N101593,N101593,1,undetected,N101593,N101593,N101593,sa1,1
11355,N56649 /1 undetected,output,,N56649,N56649,1,undetected,N56649,N56649,N56649,sa1,1
11356,N95137 /1 undetected,output,,N95137,N95137,1,undetected,N95137,N95137,N95137,sa1,1
11357,N94265 /1 undetected,output,,N94265,N94265,1,undetected,N94265,N94265,N94265,sa1,1
11358,N56647 /1 undetected,output,,N56647,N56647,1,undetected,N56647,N56647,N56647,sa1,1
11359,N56645 /1 undetected,output,,N56645,N56645,1,undetected,N56645,N56645,N56645,sa1,1
11360,N74866 /1 undetected,output,,N74866,N74866,1,undetected,N74866,N74866,N74866,sa1,1
11361,N56644 /1 undetected,output,,N56644,N56644,1,undetected,N56644,N56644,N56644,sa1,1
11362,N16208 /1 undetected,output,,N16208,N16208,1,undetected,N16208,N16208,N16208,sa1,1
11363,N16202 /1 undetected,output,,N16202,N16202,1,undetected,N16202,N16202,N16202,sa1,1
11364,N16133 /0 undetected,output,,N16133,N16133,0,undetected,N16133,N16133,N16133,sa0,1
11365,N16131 /1 undetected,output,,N16131,N16131,1,undetected,N16131,N16131,N16131,sa1,1
11366,N101720 /1 undetected,output,,N101720,N101720,1,undetected,N101720,N101720,N101720,sa1,1
11367,N101711 /1 undetected,output,,N101711,N101711,1,undetected,N101711,N101711,N101711,sa1,1
11368,N15757 /0 undetected,output,,N15757,N15757,0,undetected,N15757,N15757,N15757,sa0,1
11369,N95317 /1 undetected,output,,N95317,N95317,1,undetected,N95317,N95317,N95317,sa1,1
11370,N15754 /1 undetected,output,,N15754,N15754,1,undetected,N15754,N15754,N15754,sa1,1
11371,N74584 /1 undetected,output,,N74584,N74584,1,undetected,N74584,N74584,N74584,sa1,1
11372,N15749 /1 undetected,output,,N15749,N15749,1,undetected,N15749,N15749,N15749,sa1,1
11373,N94749 /1 undetected,output,,N94749,N94749,1,undetected,N94749,N94749,N94749,sa1,1
11374,N15717 /1 undetected,output,,N15717,N15717,1,undetected,N15717,N15717,N15717,sa1,1
11375,N92380 /1 undetected,output,,N92380,N92380,1,undetected,N92380,N92380,N92380,sa1,1
11376,N91732 /1 undetected,output,,N91732,N91732,1,undetected,N91732,N91732,N91732,sa1,1
11377,N84438 /1 undetected,output,,N84438,N84438,1,undetected,N84438,N84438,N84438,sa1,1
11378,N15745 /1 undetected,output,,N15745,N15745,1,undetected,N15745,N15745,N15745,sa1,1
11379,N15744 /1 undetected,output,,N15744,N15744,1,undetected,N15744,N15744,N15744,sa1,1
11380,N100402 /1 undetected,output,,N100402,N100402,1,undetected,N100402,N100402,N100402,sa1,1
11381,N77833 /1 undetected,output,,N77833,N77833,1,undetected,N77833,N77833,N77833,sa1,1
11382,N15741 /1 undetected,output,,N15741,N15741,1,undetected,N15741,N15741,N15741,sa1,1
11383,N15740 /1 undetected,output,,N15740,N15740,1,undetected,N15740,N15740,N15740,sa1,1
11384,N102716 /1 undetected,output,,N102716,N102716,1,undetected,N102716,N102716,N102716,sa1,1
11385,N83900 /1 undetected,output,,N83900,N83900,1,undetected,N83900,N83900,N83900,sa1,1
11386,N15727 /1 undetected,output,,N15727,N15727,1,undetected,N15727,N15727,N15727,sa1,1
11387,N15725 /1 undetected,output,,N15725,N15725,1,undetected,N15725,N15725,N15725,sa1,1
11388,N100409 /1 undetected,output,,N100409,N100409,1,undetected,N100409,N100409,N100409,sa1,1
11389,N85268 /1 undetected,output,,N85268,N85268,1,undetected,N85268,N85268,N85268,sa1,1
11390,N15723 /1 undetected,output,,N15723,N15723,1,undetected,N15723,N15723,N15723,sa1,1
11391,N95145 /1 undetected,output,,N95145,N95145,1,undetected,N95145,N95145,N95145,sa1,1
11392,N75286 /1 undetected,output,,N75286,N75286,1,undetected,N75286,N75286,N75286,sa1,1
11393,N15739 /1 undetected,output,,N15739,N15739,1,undetected,N15739,N15739,N15739,sa1,1
11394,N15737 /1 undetected,output,,N15737,N15737,1,undetected,N15737,N15737,N15737,sa1,1
11395,N101885 /1 undetected,output,,N101885,N101885,1,undetected,N101885,N101885,N101885,sa1,1
11396,N15735 /1 undetected,output,,N15735,N15735,1,undetected,N15735,N15735,N15735,sa1,1
11397,N15733 /1 undetected,output,,N15733,N15733,1,undetected,N15733,N15733,N15733,sa1,1
11398,N15732 /1 undetected,output,,N15732,N15732,1,undetected,N15732,N15732,N15732,sa1,1
11399,N95229 /1 undetected,output,,N95229,N95229,1,undetected,N95229,N95229,N95229,sa1,1
11400,N15726 /1 undetected,output,,N15726,N15726,1,undetected,N15726,N15726,N15726,sa1,1
11401,N15721 /1 undetected,output,,N15721,N15721,1,undetected,N15721,N15721,N15721,sa1,1
11402,N100417 /1 undetected,output,,N100417,N100417,1,undetected,N100417,N100417,N100417,sa1,1
11403,N85267 /1 undetected,output,,N85267,N85267,1,undetected,N85267,N85267,N85267,sa1,1
11404,N15719 /1 undetected,output,,N15719,N15719,1,undetected,N15719,N15719,N15719,sa1,1
11405,N15731 /1 undetected,output,,N15731,N15731,1,undetected,N15731,N15731,N15731,sa1,1
11406,N15729 /1 undetected,output,,N15729,N15729,1,undetected,N15729,N15729,N15729,sa1,1
11407,N84086 /1 undetected,output,,N84086,N84086,1,undetected,N84086,N84086,N84086,sa1,1
11408,N77831 /1 undetected,output,,N77831,N77831,1,undetected,N77831,N77831,N77831,sa1,1
11409,N12368 /1 undetected,output,,N12368,N12368,1,undetected,N12368,N12368,N12368,sa1,1
11410,N15716 /1 undetected,output,,N15716,N15716,1,undetected,N15716,N15716,N15716,sa1,1
11411,N15714 /1 undetected,output,,N15714,N15714,1,undetected,N15714,N15714,N15714,sa1,1
11412,N95141 /1 undetected,output,,N95141,N95141,1,undetected,N95141,N95141,N95141,sa1,1
11413,N94748 /1 undetected,output,,N94748,N94748,1,undetected,N94748,N94748,N94748,sa1,1
11414,N89785 /1 undetected,output,,N89785,N89785,1,undetected,N89785,N89785,N89785,sa1,1
11415,N121246 /1 undetected,output,,N121246,N121246,1,undetected,N121246,N121246,N121246,sa1,1
11416,N87972 /1 undetected,output,,N87972,N87972,1,undetected,N87972,N87972,N87972,sa1,1
11417,N58287 /1 undetected,output,,N58287,N58287,1,undetected,N58287,N58287,N58287,sa1,1
11418,N121657 /1 undetected,output,,N121657,N121657,1,undetected,N121657,N121657,N121657,sa1,1
11419,N81433 /1 undetected,output,,N81433,N81433,1,undetected,N81433,N81433,N81433,sa1,1
11420,N87971 /1 undetected,output,,N87971,N87971,1,undetected,N87971,N87971,N87971,sa1,1
11421,N87744 /1 undetected,output,,N87744,N87744,1,undetected,N87744,N87744,N87744,sa1,1
11422,N87742 /1 undetected,output,,N87742,N87742,1,undetected,N87742,N87742,N87742,sa1,1
11423,N89783 /1 undetected,output,,N89783,N89783,1,undetected,N89783,N89783,N89783,sa1,1
11424,N87968 /1 undetected,output,,N87968,N87968,1,undetected,N87968,N87968,N87968,sa1,1
11425,N18446 /0 undetected,output,,N18446,N18446,0,undetected,N18446,N18446,N18446,sa0,1
11426,N95320 /1 undetected,output,,N95320,N95320,1,undetected,N95320,N95320,N95320,sa1,1
11427,N85080 /1 undetected,output,,N85080,N85080,1,undetected,N85080,N85080,N85080,sa1,1
11428,N18442 /1 undetected,output,,N18442,N18442,1,undetected,N18442,N18442,N18442,sa1,1
11429,N96172 /1 undetected,output,,N96172,N96172,1,undetected,N96172,N96172,N96172,sa1,1
11430,N18439 /1 undetected,output,,N18439,N18439,1,undetected,N18439,N18439,N18439,sa1,1
11431,N92597 /1 undetected,output,,N92597,N92597,1,undetected,N92597,N92597,N92597,sa1,1
11432,N92215 /1 undetected,output,,N92215,N92215,1,undetected,N92215,N92215,N92215,sa1,1
11433,N18436 /1 undetected,output,,N18436,N18436,1,undetected,N18436,N18436,N18436,sa1,1
11434,N84166 /1 undetected,output,,N84166,N84166,1,undetected,N84166,N84166,N84166,sa1,1
11435,N18435 /1 undetected,output,,N18435,N18435,1,undetected,N18435,N18435,N18435,sa1,1
11436,N99814 /1 undetected,output,,N99814,N99814,1,undetected,N99814,N99814,N99814,sa1,1
11437,N18433 /1 undetected,output,,N18433,N18433,1,undetected,N18433,N18433,N18433,sa1,1
11438,N103689 /1 undetected,output,,N103689,N103689,1,undetected,N103689,N103689,N103689,sa1,1
11439,N76280 /1 undetected,output,,N76280,N76280,1,undetected,N76280,N76280,N76280,sa1,1
11440,N18432 /1 undetected,output,,N18432,N18432,1,undetected,N18432,N18432,N18432,sa1,1
11441,N101755 /1 undetected,output,,N101755,N101755,1,undetected,N101755,N101755,N101755,sa1,1
11442,N18429 /1 undetected,output,,N18429,N18429,1,undetected,N18429,N18429,N18429,sa1,1
11443,N18428 /1 undetected,output,,N18428,N18428,1,undetected,N18428,N18428,N18428,sa1,1
11444,N96513 /1 undetected,output,,N96513,N96513,1,undetected,N96513,N96513,N96513,sa1,1
11445,N92941 /1 undetected,output,,N92941,N92941,1,undetected,N92941,N92941,N92941,sa1,1
11446,N18427 /1 undetected,output,,N18427,N18427,1,undetected,N18427,N18427,N18427,sa1,1
11447,N18425 /1 undetected,output,,N18425,N18425,1,undetected,N18425,N18425,N18425,sa1,1
11448,N103688 /1 undetected,output,,N103688,N103688,1,undetected,N103688,N103688,N103688,sa1,1
11449,N86057 /1 undetected,output,,N86057,N86057,1,undetected,N86057,N86057,N86057,sa1,1
11450,N18422 /1 undetected,output,,N18422,N18422,1,undetected,N18422,N18422,N18422,sa1,1
11451,N101740 /1 undetected,output,,N101740,N101740,1,undetected,N101740,N101740,N101740,sa1,1
11452,N92971 /1 undetected,output,,N92971,N92971,1,undetected,N92971,N92971,N92971,sa1,1
11453,N99810 /1 undetected,output,,N99810,N99810,1,undetected,N99810,N99810,N99810,sa1,1
11454,N84075 /1 undetected,output,,N84075,N84075,1,undetected,N84075,N84075,N84075,sa1,1
11455,N81683 /1 undetected,output,,N81683,N81683,1,undetected,N81683,N81683,N81683,sa1,1
11456,N110792 /1 undetected,output,,N110792,N110792,1,undetected,N110792,N110792,N110792,sa1,1
11457,N110706 /1 undetected,output,,N110706,N110706,1,undetected,N110706,N110706,N110706,sa1,1
11458,N66918 /0 undetected,output,,N66918,N66918,0,undetected,N66918,N66918,N66918,sa0,1
11459,N97792 /1 undetected,output,,N97792,N97792,1,undetected,N97792,N97792,N97792,sa1,1
11460,N14530 /1 undetected,output,,N14530,N14530,1,undetected,N14530,N14530,N14530,sa1,1
11461,N66912 /1 undetected,output,,N66912,N66912,1,undetected,N66912,N66912,N66912,sa1,1
11462,N92413 /1 undetected,output,,N92413,N92413,1,undetected,N92413,N92413,N92413,sa1,1
11463,N66911 /1 undetected,output,,N66911,N66911,1,undetected,N66911,N66911,N66911,sa1,1
11464,N103629 /1 undetected,output,,N103629,N103629,1,undetected,N103629,N103629,N103629,sa1,1
11465,N66909 /1 undetected,output,,N66909,N66909,1,undetected,N66909,N66909,N66909,sa1,1
11466,N75905 /1 undetected,output,,N75905,N75905,1,undetected,N75905,N75905,N75905,sa1,1
11467,N66906 /1 undetected,output,,N66906,N66906,1,undetected,N66906,N66906,N66906,sa1,1
11468,N83884 /1 undetected,output,,N83884,N83884,1,undetected,N83884,N83884,N83884,sa1,1
11469,N66904 /1 undetected,output,,N66904,N66904,1,undetected,N66904,N66904,N66904,sa1,1
11470,N92124 /1 undetected,output,,N92124,N92124,1,undetected,N92124,N92124,N92124,sa1,1
11471,N66902 /1 undetected,output,,N66902,N66902,1,undetected,N66902,N66902,N66902,sa1,1
11472,N17963 /1 undetected,output,,N17963,N17963,1,undetected,N17963,N17963,N17963,sa1,1
11473,N15614 /1 undetected,output,,N15614,N15614,1,undetected,N15614,N15614,N15614,sa1,1
11474,N23248 /1 undetected,output,,N23248,N23248,1,undetected,N23248,N23248,N23248,sa1,1
11475,N101882 /1 undetected,output,,N101882,N101882,1,undetected,N101882,N101882,N101882,sa1,1
11476,N92707 /1 undetected,output,,N92707,N92707,1,undetected,N92707,N92707,N92707,sa1,1
11477,N18006 /0 undetected,output,,N18006,N18006,0,undetected,N18006,N18006,N18006,sa0,1
11478,N18004 /1 undetected,output,,N18004,N18004,1,undetected,N18004,N18004,N18004,sa1,1
11479,N18002 /1 undetected,output,,N18002,N18002,1,undetected,N18002,N18002,N18002,sa1,1
11480,N103622 /1 undetected,output,,N103622,N103622,1,undetected,N103622,N103622,N103622,sa1,1
11481,N101700 /1 undetected,output,,N101700,N101700,1,undetected,N101700,N101700,N101700,sa1,1
11482,N18000 /1 undetected,output,,N18000,N18000,1,undetected,N18000,N18000,N18000,sa1,1
11483,N103025 /1 undetected,output,,N103025,N103025,1,undetected,N103025,N103025,N103025,sa1,1
11484,N16329 /0 undetected,output,,N16329,N16329,0,undetected,N16329,N16329,N16329,sa0,1
11485,N95318 /1 undetected,output,,N95318,N95318,1,undetected,N95318,N95318,N95318,sa1,1
11486,N75049 /1 undetected,output,,N75049,N75049,1,undetected,N75049,N75049,N75049,sa1,1
11487,N16040 /1 undetected,output,,N16040,N16040,1,undetected,N16040,N16040,N16040,sa1,1
11488,N85015 /1 undetected,output,,N85015,N85015,1,undetected,N85015,N85015,N85015,sa1,1
11489,N16323 /1 undetected,output,,N16323,N16323,1,undetected,N16323,N16323,N16323,sa1,1
11490,N103029 /1 undetected,output,,N103029,N103029,1,undetected,N103029,N103029,N103029,sa1,1
11491,N16320 /1 undetected,output,,N16320,N16320,1,undetected,N16320,N16320,N16320,sa1,1
11492,N95131 /1 undetected,output,,N95131,N95131,1,undetected,N95131,N95131,N95131,sa1,1
11493,N16319 /1 undetected,output,,N16319,N16319,1,undetected,N16319,N16319,N16319,sa1,1
11494,N92528 /1 undetected,output,,N92528,N92528,1,undetected,N92528,N92528,N92528,sa1,1
11495,N16318 /1 undetected,output,,N16318,N16318,1,undetected,N16318,N16318,N16318,sa1,1
11496,N91376 /1 undetected,output,,N91376,N91376,1,undetected,N91376,N91376,N91376,sa1,1
11497,N16302 /1 undetected,output,,N16302,N16302,1,undetected,N16302,N16302,N16302,sa1,1
11498,N16112 /0 undetected,output,,N16112,N16112,0,undetected,N16112,N16112,N16112,sa0,1
11499,N16110 /1 undetected,output,,N16110,N16110,1,undetected,N16110,N16110,N16110,sa1,1
11500,N16108 /1 undetected,output,,N16108,N16108,1,undetected,N16108,N16108,N16108,sa1,1
11501,N102841 /1 undetected,output,,N102841,N102841,1,undetected,N102841,N102841,N102841,sa1,1
11502,N91447 /1 undetected,output,,N91447,N91447,1,undetected,N91447,N91447,N91447,sa1,1
11503,N16107 /1 undetected,output,,N16107,N16107,1,undetected,N16107,N16107,N16107,sa1,1
11504,N84835 /1 undetected,output,,N84835,N84835,1,undetected,N84835,N84835,N84835,sa1,1
11505,N18399 /0 undetected,output,,N18399,N18399,0,undetected,N18399,N18399,N18399,sa0,1
11506,N95347 /1 undetected,output,,N95347,N95347,1,undetected,N95347,N95347,N95347,sa1,1
11507,N18396 /1 undetected,output,,N18396,N18396,1,undetected,N18396,N18396,N18396,sa1,1
11508,N18393 /1 undetected,output,,N18393,N18393,1,undetected,N18393,N18393,N18393,sa1,1
11509,N99207 /1 undetected,output,,N99207,N99207,1,undetected,N99207,N99207,N99207,sa1,1
11510,N95153 /1 undetected,output,,N95153,N95153,1,undetected,N95153,N95153,N95153,sa1,1
11511,N103612 /1 undetected,output,,N103612,N103612,1,undetected,N103612,N103612,N103612,sa1,1
11512,N100411 /1 undetected,output,,N100411,N100411,1,undetected,N100411,N100411,N100411,sa1,1
11513,N18390 /1 undetected,output,,N18390,N18390,1,undetected,N18390,N18390,N18390,sa1,1
11514,N100419 /1 undetected,output,,N100419,N100419,1,undetected,N100419,N100419,N100419,sa1,1
11515,N18388 /1 undetected,output,,N18388,N18388,1,undetected,N18388,N18388,N18388,sa1,1
11516,N95199 /1 undetected,output,,N95199,N95199,1,undetected,N95199,N95199,N95199,sa1,1
11517,N18386 /1 undetected,output,,N18386,N18386,1,undetected,N18386,N18386,N18386,sa1,1
11518,N102694 /1 undetected,output,,N102694,N102694,1,undetected,N102694,N102694,N102694,sa1,1
11519,N18385 /1 undetected,output,,N18385,N18385,1,undetected,N18385,N18385,N18385,sa1,1
11520,N84064 /1 undetected,output,,N84064,N84064,1,undetected,N84064,N84064,N84064,sa1,1
11521,N18383 /1 undetected,output,,N18383,N18383,1,undetected,N18383,N18383,N18383,sa1,1
11522,N102683 /1 undetected,output,,N102683,N102683,1,undetected,N102683,N102683,N102683,sa1,1
11523,N17427 /1 undetected,output,,N17427,N17427,1,undetected,N17427,N17427,N17427,sa1,1
11524,N99808 /1 undetected,output,,N99808,N99808,1,undetected,N99808,N99808,N99808,sa1,1
11525,N95178 /1 undetected,output,,N95178,N95178,1,undetected,N95178,N95178,N95178,sa1,1
11526,N18381 /1 undetected,output,,N18381,N18381,1,undetected,N18381,N18381,N18381,sa1,1
11527,N18379 /1 undetected,output,,N18379,N18379,1,undetected,N18379,N18379,N18379,sa1,1
11528,N101551 /1 undetected,output,,N101551,N101551,1,undetected,N101551,N101551,N101551,sa1,1
11529,N18377 /1 undetected,output,,N18377,N18377,1,undetected,N18377,N18377,N18377,sa1,1
11530,N100418 /1 undetected,output,,N100418,N100418,1,undetected,N100418,N100418,N100418,sa1,1
11531,N99193 /1 undetected,output,,N99193,N99193,1,undetected,N99193,N99193,N99193,sa1,1
11532,N17960 /0 undetected,output,,N17960,N17960,0,undetected,N17960,N17960,N17960,sa0,1
11533,N94829 /1 undetected,output,,N94829,N94829,1,undetected,N94829,N94829,N94829,sa1,1
11534,N17957 /1 undetected,output,,N17957,N17957,1,undetected,N17957,N17957,N17957,sa1,1
11535,N17954 /1 undetected,output,,N17954,N17954,1,undetected,N17954,N17954,N17954,sa1,1
11536,N92751 /1 undetected,output,,N92751,N92751,1,undetected,N92751,N92751,N92751,sa1,1
11537,N17953 /1 undetected,output,,N17953,N17953,1,undetected,N17953,N17953,N17953,sa1,1
11538,N99192 /1 undetected,output,,N99192,N99192,1,undetected,N99192,N99192,N99192,sa1,1
11539,N95152 /1 undetected,output,,N95152,N95152,1,undetected,N95152,N95152,N95152,sa1,1
11540,N17952 /1 undetected,output,,N17952,N17952,1,undetected,N17952,N17952,N17952,sa1,1
11541,N103611 /1 undetected,output,,N103611,N103611,1,undetected,N103611,N103611,N103611,sa1,1
11542,N75322 /1 undetected,output,,N75322,N75322,1,undetected,N75322,N75322,N75322,sa1,1
11543,N85298 /1 undetected,output,,N85298,N85298,1,undetected,N85298,N85298,N85298,sa1,1
11544,N17945 /1 undetected,output,,N17945,N17945,1,undetected,N17945,N17945,N17945,sa1,1
11545,N102691 /1 undetected,output,,N102691,N102691,1,undetected,N102691,N102691,N102691,sa1,1
11546,N102685 /1 undetected,output,,N102685,N102685,1,undetected,N102685,N102685,N102685,sa1,1
11547,N99244 /1 undetected,output,,N99244,N99244,1,undetected,N99244,N99244,N99244,sa1,1
11548,N17942 /1 undetected,output,,N17942,N17942,1,undetected,N17942,N17942,N17942,sa1,1
11549,N102998 /1 undetected,output,,N102998,N102998,1,undetected,N102998,N102998,N102998,sa1,1
11550,N17940 /1 undetected,output,,N17940,N17940,1,undetected,N17940,N17940,N17940,sa1,1
11551,N103609 /1 undetected,output,,N103609,N103609,1,undetected,N103609,N103609,N103609,sa1,1
11552,N17939 /1 undetected,output,,N17939,N17939,1,undetected,N17939,N17939,N17939,sa1,1
11553,N92750 /1 undetected,output,,N92750,N92750,1,undetected,N92750,N92750,N92750,sa1,1
11554,N17938 /1 undetected,output,,N17938,N17938,1,undetected,N17938,N17938,N17938,sa1,1
11555,N99206 /1 undetected,output,,N99206,N99206,1,undetected,N99206,N99206,N99206,sa1,1
11556,N17937 /1 undetected,output,,N17937,N17937,1,undetected,N17937,N17937,N17937,sa1,1
11557,N92201 /1 undetected,output,,N92201,N92201,1,undetected,N92201,N92201,N92201,sa1,1
11558,N85297 /1 undetected,output,,N85297,N85297,1,undetected,N85297,N85297,N85297,sa1,1
11559,N16058 /0 undetected,output,,N16058,N16058,0,undetected,N16058,N16058,N16058,sa0,1
11560,N91445 /1 undetected,output,,N91445,N91445,1,undetected,N91445,N91445,N91445,sa1,1
11561,N74549 /1 undetected,output,,N74549,N74549,1,undetected,N74549,N74549,N74549,sa1,1
11562,N16054 /1 undetected,output,,N16054,N16054,1,undetected,N16054,N16054,N16054,sa1,1
11563,N102831 /1 undetected,output,,N102831,N102831,1,undetected,N102831,N102831,N102831,sa1,1
11564,N16049 /1 undetected,output,,N16049,N16049,1,undetected,N16049,N16049,N16049,sa1,1
11565,N66762 /1 undetected,output,,N66762,N66762,1,undetected,N66762,N66762,N66762,sa1,1
11566,N101589 /1 undetected,output,,N101589,N101589,1,undetected,N101589,N101589,N101589,sa1,1
11567,N66759 /1 undetected,output,,N66759,N66759,1,undetected,N66759,N66759,N66759,sa1,1
11568,N91403 /1 undetected,output,,N91403,N91403,1,undetected,N91403,N91403,N91403,sa1,1
11569,N66757 /1 undetected,output,,N66757,N66757,1,undetected,N66757,N66757,N66757,sa1,1
11570,N103695 /1 undetected,output,,N103695,N103695,1,undetected,N103695,N103695,N103695,sa1,1
11571,N86059 /1 undetected,output,,N86059,N86059,1,undetected,N86059,N86059,N86059,sa1,1
11572,N74239 /1 undetected,output,,N74239,N74239,1,undetected,N74239,N74239,N74239,sa1,1
11573,N63121 /0 undetected,output,,N63121,N63121,0,undetected,N63121,N63121,N63121,sa0,1
11574,N63120 /1 undetected,output,,N63120,N63120,1,undetected,N63120,N63120,N63120,sa1,1
11575,N95325 /1 undetected,output,,N95325,N95325,1,undetected,N95325,N95325,N95325,sa1,1
11576,N63119 /1 undetected,output,,N63119,N63119,1,undetected,N63119,N63119,N63119,sa1,1
11577,N86482 /1 undetected,output,,N86482,N86482,1,undetected,N86482,N86482,N86482,sa1,1
11578,N85096 /1 undetected,output,,N85096,N85096,1,undetected,N85096,N85096,N85096,sa1,1
11579,N63116 /1 undetected,output,,N63116,N63116,1,undetected,N63116,N63116,N63116,sa1,1
11580,N63115 /1 undetected,output,,N63115,N63115,1,undetected,N63115,N63115,N63115,sa1,1
11581,N85037 /1 undetected,output,,N85037,N85037,1,undetected,N85037,N85037,N85037,sa1,1
11582,N63113 /1 undetected,output,,N63113,N63113,1,undetected,N63113,N63113,N63113,sa1,1
11583,N63111 /1 undetected,output,,N63111,N63111,1,undetected,N63111,N63111,N63111,sa1,1
11584,N92659 /1 undetected,output,,N92659,N92659,1,undetected,N92659,N92659,N92659,sa1,1
11585,N16592 /0 undetected,output,,N16592,N16592,0,undetected,N16592,N16592,N16592,sa0,1
11586,N16590 /1 undetected,output,,N16590,N16590,1,undetected,N16590,N16590,N16590,sa1,1
11587,N103143 /1 undetected,output,,N103143,N103143,1,undetected,N103143,N103143,N103143,sa1,1
11588,N16580 /1 undetected,output,,N16580,N16580,1,undetected,N16580,N16580,N16580,sa1,1
11589,N103131 /1 undetected,output,,N103131,N103131,1,undetected,N103131,N103131,N103131,sa1,1
11590,N103130 /1 undetected,output,,N103130,N103130,1,undetected,N103130,N103130,N103130,sa1,1
11591,N16317 /0 undetected,output,,N16317,N16317,0,undetected,N16317,N16317,N16317,sa0,1
11592,N94827 /1 undetected,output,,N94827,N94827,1,undetected,N94827,N94827,N94827,sa1,1
11593,N16314 /1 undetected,output,,N16314,N16314,1,undetected,N16314,N16314,N16314,sa1,1
11594,N16311 /1 undetected,output,,N16311,N16311,1,undetected,N16311,N16311,N16311,sa1,1
11595,N16310 /1 undetected,output,,N16310,N16310,1,undetected,N16310,N16310,N16310,sa1,1
11596,N92749 /1 undetected,output,,N92749,N92749,1,undetected,N92749,N92749,N92749,sa1,1
11597,N16309 /1 undetected,output,,N16309,N16309,1,undetected,N16309,N16309,N16309,sa1,1
11598,N76268 /1 undetected,output,,N76268,N76268,1,undetected,N76268,N76268,N76268,sa1,1
11599,N16307 /1 undetected,output,,N16307,N16307,1,undetected,N16307,N16307,N16307,sa1,1
11600,N98478 /1 undetected,output,,N98478,N98478,1,undetected,N98478,N98478,N98478,sa1,1
11601,N84151 /1 undetected,output,,N84151,N84151,1,undetected,N84151,N84151,N84151,sa1,1
11602,N16305 /1 undetected,output,,N16305,N16305,1,undetected,N16305,N16305,N16305,sa1,1
11603,N95143 /1 undetected,output,,N95143,N95143,1,undetected,N95143,N95143,N95143,sa1,1
11604,N16304 /1 undetected,output,,N16304,N16304,1,undetected,N16304,N16304,N16304,sa1,1
11605,N103032 /1 undetected,output,,N103032,N103032,1,undetected,N103032,N103032,N103032,sa1,1
11606,N99238 /1 undetected,output,,N99238,N99238,1,undetected,N99238,N99238,N99238,sa1,1
11607,N16296 /1 undetected,output,,N16296,N16296,1,undetected,N16296,N16296,N16296,sa1,1
11608,N74913 /1 undetected,output,,N74913,N74913,1,undetected,N74913,N74913,N74913,sa1,1
11609,N66589 /1 undetected,output,,N66589,N66589,1,undetected,N66589,N66589,N66589,sa1,1
11610,N66585 /1 undetected,output,,N66585,N66585,1,undetected,N66585,N66585,N66585,sa1,1
11611,N66583 /1 undetected,output,,N66583,N66583,1,undetected,N66583,N66583,N66583,sa1,1
11612,N103625 /1 undetected,output,,N103625,N103625,1,undetected,N103625,N103625,N103625,sa1,1
11613,N84896 /1 undetected,output,,N84896,N84896,1,undetected,N84896,N84896,N84896,sa1,1
11614,N51195 /1 undetected,output,,N51195,N51195,1,undetected,N51195,N51195,N51195,sa1,1
11615,N66582 /1 undetected,output,,N66582,N66582,1,undetected,N66582,N66582,N66582,sa1,1
11616,N119566 /1 undetected,output,,N119566,N119566,1,undetected,N119566,N119566,N119566,sa1,1
11617,N94992 /1 undetected,output,,N94992,N94992,1,undetected,N94992,N94992,N94992,sa1,1
11618,N79175 /1 undetected,output,,N79175,N79175,1,undetected,N79175,N79175,N79175,sa1,1
11619,N57004 /1 undetected,output,,N57004,N57004,1,undetected,N57004,N57004,N57004,sa1,1
11620,N78848 /1 undetected,output,,N78848,N78848,1,undetected,N78848,N78848,N78848,sa1,1
11621,N59208 /1 undetected,output,,N59208,N59208,1,undetected,N59208,N59208,N59208,sa1,1
11622,N122401 /1 undetected,output,,N122401,N122401,1,undetected,N122401,N122401,N122401,sa1,1
11623,N121711 /1 undetected,output,,N121711,N121711,1,undetected,N121711,N121711,N121711,sa1,1
11624,N18416 /0 undetected,output,,N18416,N18416,0,undetected,N18416,N18416,N18416,sa0,1
11625,N101585 /1 undetected,output,,N101585,N101585,1,undetected,N101585,N101585,N101585,sa1,1
11626,N18413 /1 undetected,output,,N18413,N18413,1,undetected,N18413,N18413,N18413,sa1,1
11627,N100349 /1 undetected,output,,N100349,N100349,1,undetected,N100349,N100349,N100349,sa1,1
11628,N18411 /1 undetected,output,,N18411,N18411,1,undetected,N18411,N18411,N18411,sa1,1
11629,N76231 /1 undetected,output,,N76231,N76231,1,undetected,N76231,N76231,N76231,sa1,1
11630,N18409 /1 undetected,output,,N18409,N18409,1,undetected,N18409,N18409,N18409,sa1,1
11631,N18407 /1 undetected,output,,N18407,N18407,1,undetected,N18407,N18407,N18407,sa1,1
11632,N103686 /1 undetected,output,,N103686,N103686,1,undetected,N103686,N103686,N103686,sa1,1
11633,N18405 /1 undetected,output,,N18405,N18405,1,undetected,N18405,N18405,N18405,sa1,1
11634,N95188 /1 undetected,output,,N95188,N95188,1,undetected,N95188,N95188,N95188,sa1,1
11635,N87166 /1 undetected,output,,N87166,N87166,1,undetected,N87166,N87166,N87166,sa1,1
11636,N18401 /1 undetected,output,,N18401,N18401,1,undetected,N18401,N18401,N18401,sa1,1
11637,N102817 /1 undetected,output,,N102817,N102817,1,undetected,N102817,N102817,N102817,sa1,1
11638,N77839 /1 undetected,output,,N77839,N77839,1,undetected,N77839,N77839,N77839,sa1,1
11639,N102853 /1 undetected,output,,N102853,N102853,1,undetected,N102853,N102853,N102853,sa1,1
11640,N67836 /1 undetected,output,,N67836,N67836,1,undetected,N67836,N67836,N67836,sa1,1
11641,N67834 /1 undetected,output,,N67834,N67834,1,undetected,N67834,N67834,N67834,sa1,1
11642,N105034 /1 undetected,output,,N105034,N105034,1,undetected,N105034,N105034,N105034,sa1,1
11643,N101643 /1 undetected,output,,N101643,N101643,1,undetected,N101643,N101643,N101643,sa1,1
11644,N18014 /0 undetected,output,,N18014,N18014,0,undetected,N18014,N18014,N18014,sa0,1
11645,N18012 /1 undetected,output,,N18012,N18012,1,undetected,N18012,N18012,N18012,sa1,1
11646,N92134 /1 undetected,output,,N92134,N92134,1,undetected,N92134,N92134,N92134,sa1,1
11647,N95344 /1 undetected,output,,N95344,N95344,1,undetected,N95344,N95344,N95344,sa1,1
11648,N102720 /1 undetected,output,,N102720,N102720,1,undetected,N102720,N102720,N102720,sa1,1
11649,N18008 /1 undetected,output,,N18008,N18008,1,undetected,N18008,N18008,N18008,sa1,1
11650,N88185 /1 undetected,output,,N88185,N88185,1,undetected,N88185,N88185,N88185,sa1,1
11651,N16075 /0 undetected,output,,N16075,N16075,0,undetected,N16075,N16075,N16075,sa0,1
11652,N16073 /1 undetected,output,,N16073,N16073,1,undetected,N16073,N16073,N16073,sa1,1
11653,N96705 /1 undetected,output,,N96705,N96705,1,undetected,N96705,N96705,N96705,sa1,1
11654,N16069 /1 undetected,output,,N16069,N16069,1,undetected,N16069,N16069,N16069,sa1,1
11655,N91446 /1 undetected,output,,N91446,N91446,1,undetected,N91446,N91446,N91446,sa1,1
11656,N16063 /1 undetected,output,,N16063,N16063,1,undetected,N16063,N16063,N16063,sa1,1
11657,N83722 /1 undetected,output,,N83722,N83722,1,undetected,N83722,N83722,N83722,sa1,1
11658,N74520 /1 undetected,output,,N74520,N74520,1,undetected,N74520,N74520,N74520,sa1,1
11659,N14438 /0 undetected,output,,N14438,N14438,0,undetected,N14438,N14438,N14438,sa0,1
11660,N14436 /1 undetected,output,,N14436,N14436,1,undetected,N14436,N14436,N14436,sa1,1
11661,N95334 /1 undetected,output,,N95334,N95334,1,undetected,N95334,N95334,N95334,sa1,1
11662,N14435 /1 undetected,output,,N14435,N14435,1,undetected,N14435,N14435,N14435,sa1,1
11663,N78821 /1 undetected,output,,N78821,N78821,1,undetected,N78821,N78821,N78821,sa1,1
11664,N2104 /1 undetected,output,,N2104,N2104,1,undetected,N2104,N2104,N2104,sa1,1
11665,N14431 /1 undetected,output,,N14431,N14431,1,undetected,N14431,N14431,N14431,sa1,1
11666,N87719 /1 undetected,output,,N87719,N87719,1,undetected,N87719,N87719,N87719,sa1,1
11667,N14429 /1 undetected,output,,N14429,N14429,1,undetected,N14429,N14429,N14429,sa1,1
11668,N93063 /1 undetected,output,,N93063,N93063,1,undetected,N93063,N93063,N93063,sa1,1
11669,N92085 /1 undetected,output,,N92085,N92085,1,undetected,N92085,N92085,N92085,sa1,1
11670,N92896 /1 undetected,output,,N92896,N92896,1,undetected,N92896,N92896,N92896,sa1,1
11671,N92021 /1 undetected,output,,N92021,N92021,1,undetected,N92021,N92021,N92021,sa1,1
11672,N92850 /1 undetected,output,,N92850,N92850,1,undetected,N92850,N92850,N92850,sa1,1
11673,N87718 /1 undetected,output,,N87718,N87718,1,undetected,N87718,N87718,N87718,sa1,1
11674,N14421 /1 undetected,output,,N14421,N14421,1,undetected,N14421,N14421,N14421,sa1,1
11675,N18375 /0 undetected,output,,N18375,N18375,0,undetected,N18375,N18375,N18375,sa0,1
11676,N102726 /1 undetected,output,,N102726,N102726,1,undetected,N102726,N102726,N102726,sa1,1
11677,N18372 /1 undetected,output,,N18372,N18372,1,undetected,N18372,N18372,N18372,sa1,1
11678,N96231 /1 undetected,output,,N96231,N96231,1,undetected,N96231,N96231,N96231,sa1,1
11679,N18370 /1 undetected,output,,N18370,N18370,1,undetected,N18370,N18370,N18370,sa1,1
11680,N92933 /1 undetected,output,,N92933,N92933,1,undetected,N92933,N92933,N92933,sa1,1
11681,N76279 /1 undetected,output,,N76279,N76279,1,undetected,N76279,N76279,N76279,sa1,1
11682,N18369 /1 undetected,output,,N18369,N18369,1,undetected,N18369,N18369,N18369,sa1,1
11683,N93047 /1 undetected,output,,N93047,N93047,1,undetected,N93047,N93047,N93047,sa1,1
11684,N84071 /1 undetected,output,,N84071,N84071,1,undetected,N84071,N84071,N84071,sa1,1
11685,N17933 /1 undetected,output,,N17933,N17933,1,undetected,N17933,N17933,N17933,sa1,1
11686,N18030 /0 undetected,output,,N18030,N18030,0,undetected,N18030,N18030,N18030,sa0,1
11687,N95345 /1 undetected,output,,N95345,N95345,1,undetected,N95345,N95345,N95345,sa1,1
11688,N18027 /1 undetected,output,,N18027,N18027,1,undetected,N18027,N18027,N18027,sa1,1
11689,N18025 /1 undetected,output,,N18025,N18025,1,undetected,N18025,N18025,N18025,sa1,1
11690,N103626 /1 undetected,output,,N103626,N103626,1,undetected,N103626,N103626,N103626,sa1,1
11691,N102819 /1 undetected,output,,N102819,N102819,1,undetected,N102819,N102819,N102819,sa1,1
11692,N18024 /1 undetected,output,,N18024,N18024,1,undetected,N18024,N18024,N18024,sa1,1
11693,N18021 /1 undetected,output,,N18021,N18021,1,undetected,N18021,N18021,N18021,sa1,1
11694,N100410 /1 undetected,output,,N100410,N100410,1,undetected,N100410,N100410,N100410,sa1,1
11695,N18020 /1 undetected,output,,N18020,N18020,1,undetected,N18020,N18020,N18020,sa1,1
11696,N103624 /1 undetected,output,,N103624,N103624,1,undetected,N103624,N103624,N103624,sa1,1
11697,N102715 /1 undetected,output,,N102715,N102715,1,undetected,N102715,N102715,N102715,sa1,1
11698,N18018 /1 undetected,output,,N18018,N18018,1,undetected,N18018,N18018,N18018,sa1,1
11699,N95176 /1 undetected,output,,N95176,N95176,1,undetected,N95176,N95176,N95176,sa1,1
11700,N18016 /1 undetected,output,,N18016,N18016,1,undetected,N18016,N18016,N18016,sa1,1
11701,N102704 /1 undetected,output,,N102704,N102704,1,undetected,N102704,N102704,N102704,sa1,1
11702,N101757 /1 undetected,output,,N101757,N101757,1,undetected,N101757,N101757,N101757,sa1,1
11703,N16096 /0 undetected,output,,N16096,N16096,0,undetected,N16096,N16096,N16096,sa0,1
11704,N102852 /1 undetected,output,,N102852,N102852,1,undetected,N102852,N102852,N102852,sa1,1
11705,N16094 /1 undetected,output,,N16094,N16094,1,undetected,N16094,N16094,N16094,sa1,1
11706,N102854 /1 undetected,output,,N102854,N102854,1,undetected,N102854,N102854,N102854,sa1,1
11707,N102811 /1 undetected,output,,N102811,N102811,1,undetected,N102811,N102811,N102811,sa1,1
11708,N16087 /0 undetected,output,,N16087,N16087,0,undetected,N16087,N16087,N16087,sa0,1
11709,N83832 /1 undetected,output,,N83832,N83832,1,undetected,N83832,N83832,N83832,sa1,1
11710,N16084 /1 undetected,output,,N16084,N16084,1,undetected,N16084,N16084,N16084,sa1,1
11711,N102840 /1 undetected,output,,N102840,N102840,1,undetected,N102840,N102840,N102840,sa1,1
11712,N16081 /1 undetected,output,,N16081,N16081,1,undetected,N16081,N16081,N16081,sa1,1
11713,N83864 /1 undetected,output,,N83864,N83864,1,undetected,N83864,N83864,N83864,sa1,1
11714,N83723 /1 undetected,output,,N83723,N83723,1,undetected,N83723,N83723,N83723,sa1,1
11715,N16080 /1 undetected,output,,N16080,N16080,1,undetected,N16080,N16080,N16080,sa1,1
11716,N74279 /1 undetected,output,,N74279,N74279,1,undetected,N74279,N74279,N74279,sa1,1
11717,N15713 /0 undetected,output,,N15713,N15713,0,undetected,N15713,N15713,N15713,sa0,1
11718,N15712 /1 undetected,output,,N15712,N15712,1,undetected,N15712,N15712,N15712,sa1,1
11719,N102707 /1 undetected,output,,N102707,N102707,1,undetected,N102707,N102707,N102707,sa1,1
11720,N94824 /1 undetected,output,,N94824,N94824,1,undetected,N94824,N94824,N94824,sa1,1
11721,N15708 /1 undetected,output,,N15708,N15708,1,undetected,N15708,N15708,N15708,sa1,1
11722,N15706 /1 undetected,output,,N15706,N15706,1,undetected,N15706,N15706,N15706,sa1,1
11723,N102705 /1 undetected,output,,N102705,N102705,1,undetected,N102705,N102705,N102705,sa1,1
11724,N15704 /1 undetected,output,,N15704,N15704,1,undetected,N15704,N15704,N15704,sa1,1
11725,N95219 /1 undetected,output,,N95219,N95219,1,undetected,N95219,N95219,N95219,sa1,1
11726,N15703 /1 undetected,output,,N15703,N15703,1,undetected,N15703,N15703,N15703,sa1,1
11727,N102696 /1 undetected,output,,N102696,N102696,1,undetected,N102696,N102696,N102696,sa1,1
11728,N84864 /1 undetected,output,,N84864,N84864,1,undetected,N84864,N84864,N84864,sa1,1
11729,N66753 /1 undetected,output,,N66753,N66753,1,undetected,N66753,N66753,N66753,sa1,1
11730,N66751 /1 undetected,output,,N66751,N66751,1,undetected,N66751,N66751,N66751,sa1,1
11731,N103703 /1 undetected,output,,N103703,N103703,1,undetected,N103703,N103703,N103703,sa1,1
11732,N66749 /1 undetected,output,,N66749,N66749,1,undetected,N66749,N66749,N66749,sa1,1
11733,N101588 /1 undetected,output,,N101588,N101588,1,undetected,N101588,N101588,N101588,sa1,1
11734,N91409 /1 undetected,output,,N91409,N91409,1,undetected,N91409,N91409,N91409,sa1,1
11735,N18090 /0 undetected,output,,N18090,N18090,0,undetected,N18090,N18090,N18090,sa0,1
11736,N18089 /1 undetected,output,,N18089,N18089,1,undetected,N18089,N18089,N18089,sa1,1
11737,N95314 /1 undetected,output,,N95314,N95314,1,undetected,N95314,N95314,N95314,sa1,1
11738,N18088 /1 undetected,output,,N18088,N18088,1,undetected,N18088,N18088,N18088,sa1,1
11739,N79268 /1 undetected,output,,N79268,N79268,1,undetected,N79268,N79268,N79268,sa1,1
11740,N76278 /1 undetected,output,,N76278,N76278,1,undetected,N76278,N76278,N76278,sa1,1
11741,N18085 /1 undetected,output,,N18085,N18085,1,undetected,N18085,N18085,N18085,sa1,1
11742,N84941 /1 undetected,output,,N84941,N84941,1,undetected,N84941,N84941,N84941,sa1,1
11743,N17997 /1 undetected,output,,N17997,N17997,1,undetected,N17997,N17997,N17997,sa1,1
11744,N18068 /0 undetected,output,,N18068,N18068,0,undetected,N18068,N18068,N18068,sa0,1
11745,N95346 /1 undetected,output,,N95346,N95346,1,undetected,N95346,N95346,N95346,sa1,1
11746,N18065 /1 undetected,output,,N18065,N18065,1,undetected,N18065,N18065,N18065,sa1,1
11747,N18064 /1 undetected,output,,N18064,N18064,1,undetected,N18064,N18064,N18064,sa1,1
11748,N103633 /1 undetected,output,,N103633,N103633,1,undetected,N103633,N103633,N103633,sa1,1
11749,N18062 /1 undetected,output,,N18062,N18062,1,undetected,N18062,N18062,N18062,sa1,1
11750,N18060 /1 undetected,output,,N18060,N18060,1,undetected,N18060,N18060,N18060,sa1,1
11751,N18058 /1 undetected,output,,N18058,N18058,1,undetected,N18058,N18058,N18058,sa1,1
11752,N18057 /1 undetected,output,,N18057,N18057,1,undetected,N18057,N18057,N18057,sa1,1
11753,N92191 /1 undetected,output,,N92191,N92191,1,undetected,N92191,N92191,N92191,sa1,1
11754,N18056 /1 undetected,output,,N18056,N18056,1,undetected,N18056,N18056,N18056,sa1,1
11755,N92881 /1 undetected,output,,N92881,N92881,1,undetected,N92881,N92881,N92881,sa1,1
11756,N74436 /1 undetected,output,,N74436,N74436,1,undetected,N74436,N74436,N74436,sa1,1
11757,N18055 /1 undetected,output,,N18055,N18055,1,undetected,N18055,N18055,N18055,sa1,1
11758,N16009 /0 undetected,output,,N16009,N16009,0,undetected,N16009,N16009,N16009,sa0,1
11759,N16006 /1 undetected,output,,N16006,N16006,1,undetected,N16006,N16006,N16006,sa1,1
11760,N102810 /1 undetected,output,,N102810,N102810,1,undetected,N102810,N102810,N102810,sa1,1
11761,N102808 /1 undetected,output,,N102808,N102808,1,undetected,N102808,N102808,N102808,sa1,1
11762,N15999 /1 undetected,output,,N15999,N15999,1,undetected,N15999,N15999,N15999,sa1,1
11763,N101695 /1 undetected,output,,N101695,N101695,1,undetected,N101695,N101695,N101695,sa1,1
11764,N16254 /0 undetected,output,,N16254,N16254,0,undetected,N16254,N16254,N16254,sa0,1
11765,N95341 /1 undetected,output,,N95341,N95341,1,undetected,N95341,N95341,N95341,sa1,1
11766,N16251 /1 undetected,output,,N16251,N16251,1,undetected,N16251,N16251,N16251,sa1,1
11767,N102991 /1 undetected,output,,N102991,N102991,1,undetected,N102991,N102991,N102991,sa1,1
11768,N16248 /1 undetected,output,,N16248,N16248,1,undetected,N16248,N16248,N16248,sa1,1
11769,N95231 /1 undetected,output,,N95231,N95231,1,undetected,N95231,N95231,N95231,sa1,1
11770,N16247 /1 undetected,output,,N16247,N16247,1,undetected,N16247,N16247,N16247,sa1,1
11771,N102986 /1 undetected,output,,N102986,N102986,1,undetected,N102986,N102986,N102986,sa1,1
11772,N76275 /1 undetected,output,,N76275,N76275,1,undetected,N76275,N76275,N76275,sa1,1
11773,N16246 /1 undetected,output,,N16246,N16246,1,undetected,N16246,N16246,N16246,sa1,1
11774,N84038 /1 undetected,output,,N84038,N84038,1,undetected,N84038,N84038,N84038,sa1,1
11775,N16244 /1 undetected,output,,N16244,N16244,1,undetected,N16244,N16244,N16244,sa1,1
11776,N102938 /1 undetected,output,,N102938,N102938,1,undetected,N102938,N102938,N102938,sa1,1
11777,N102660 /1 undetected,output,,N102660,N102660,1,undetected,N102660,N102660,N102660,sa1,1
11778,N16240 /1 undetected,output,,N16240,N16240,1,undetected,N16240,N16240,N16240,sa1,1
11779,N102937 /1 undetected,output,,N102937,N102937,1,undetected,N102937,N102937,N102937,sa1,1
11780,N16238 /1 undetected,output,,N16238,N16238,1,undetected,N16238,N16238,N16238,sa1,1
11781,N102895 /1 undetected,output,,N102895,N102895,1,undetected,N102895,N102895,N102895,sa1,1
11782,N16237 /1 undetected,output,,N16237,N16237,1,undetected,N16237,N16237,N16237,sa1,1
11783,N102984 /1 undetected,output,,N102984,N102984,1,undetected,N102984,N102984,N102984,sa1,1
11784,N102663 /1 undetected,output,,N102663,N102663,1,undetected,N102663,N102663,N102663,sa1,1
11785,N16224 /0 undetected,output,,N16224,N16224,0,undetected,N16224,N16224,N16224,sa0,1
11786,N101696 /1 undetected,output,,N101696,N101696,1,undetected,N101696,N101696,N101696,sa1,1
11787,N16221 /1 undetected,output,,N16221,N16221,1,undetected,N16221,N16221,N16221,sa1,1
11788,N74771 /1 undetected,output,,N74771,N74771,1,undetected,N74771,N74771,N74771,sa1,1
11789,N16218 /1 undetected,output,,N16218,N16218,1,undetected,N16218,N16218,N16218,sa1,1
11790,N85259 /1 undetected,output,,N85259,N85259,1,undetected,N85259,N85259,N85259,sa1,1
11791,N16216 /1 undetected,output,,N16216,N16216,1,undetected,N16216,N16216,N16216,sa1,1
11792,N102933 /1 undetected,output,,N102933,N102933,1,undetected,N102933,N102933,N102933,sa1,1
11793,N16214 /1 undetected,output,,N16214,N16214,1,undetected,N16214,N16214,N16214,sa1,1
11794,N94284 /1 undetected,output,,N94284,N94284,1,undetected,N94284,N94284,N94284,sa1,1
11795,N16213 /1 undetected,output,,N16213,N16213,1,undetected,N16213,N16213,N16213,sa1,1
11796,N94078 /1 undetected,output,,N94078,N94078,1,undetected,N94078,N94078,N94078,sa1,1
11797,N1512 /1 undetected,output,,N1512,N1512,1,undetected,N1512,N1512,N1512,sa1,1
11798,N16194 /1 undetected,output,,N16194,N16194,1,undetected,N16194,N16194,N16194,sa1,1
11799,N102919 /1 undetected,output,,N102919,N102919,1,undetected,N102919,N102919,N102919,sa1,1
11800,N101595 /1 undetected,output,,N101595,N101595,1,undetected,N101595,N101595,N101595,sa1,1
11801,N16120 /0 undetected,output,,N16120,N16120,0,undetected,N16120,N16120,N16120,sa0,1
11802,N101581 /1 undetected,output,,N101581,N101581,1,undetected,N101581,N101581,N101581,sa1,1
11803,N16117 /1 undetected,output,,N16117,N16117,1,undetected,N16117,N16117,N16117,sa1,1
11804,N87165 /1 undetected,output,,N87165,N87165,1,undetected,N87165,N87165,N87165,sa1,1
11805,N16115 /1 undetected,output,,N16115,N16115,1,undetected,N16115,N16115,N16115,sa1,1
11806,N102860 /1 undetected,output,,N102860,N102860,1,undetected,N102860,N102860,N102860,sa1,1
11807,N79263 /1 undetected,output,,N79263,N79263,1,undetected,N79263,N79263,N79263,sa1,1
11808,N15619 /0 undetected,output,,N15619,N15619,0,undetected,N15619,N15619,N15619,sa0,1
11809,N101578 /1 undetected,output,,N101578,N101578,1,undetected,N101578,N101578,N101578,sa1,1
11810,N15616 /1 undetected,output,,N15616,N15616,1,undetected,N15616,N15616,N15616,sa1,1
11811,N102655 /1 undetected,output,,N102655,N102655,1,undetected,N102655,N102655,N102655,sa1,1
11812,N77830 /1 undetected,output,,N77830,N77830,1,undetected,N77830,N77830,N77830,sa1,1
11813,N15612 /1 undetected,output,,N15612,N15612,1,undetected,N15612,N15612,N15612,sa1,1
11814,N86011 /1 undetected,output,,N86011,N86011,1,undetected,N86011,N86011,N86011,sa1,1
11815,N14257 /0 undetected,output,,N14257,N14257,0,undetected,N14257,N14257,N14257,sa0,1
11816,N101575 /1 undetected,output,,N101575,N101575,1,undetected,N101575,N101575,N101575,sa1,1
11817,N14256 /1 undetected,output,,N14256,N14256,1,undetected,N14256,N14256,N14256,sa1,1
11818,N101577 /1 undetected,output,,N101577,N101577,1,undetected,N101577,N101577,N101577,sa1,1
11819,N91400 /1 undetected,output,,N91400,N91400,1,undetected,N91400,N91400,N91400,sa1,1
11820,N72968 /1 undetected,output,,N72968,N72968,1,undetected,N72968,N72968,N72968,sa1,1
11821,N95670 /1 undetected,output,,N95670,N95670,1,undetected,N95670,N95670,N95670,sa1,1
11822,N86561 /1 undetected,output,,N86561,N86561,1,undetected,N86561,N86561,N86561,sa1,1
11823,N95349 /1 undetected,output,,N95349,N95349,1,undetected,N95349,N95349,N95349,sa1,1
11824,N67827 /1 undetected,output,,N67827,N67827,1,undetected,N67827,N67827,N67827,sa1,1
11825,N105407 /1 undetected,output,,N105407,N105407,1,undetected,N105407,N105407,N105407,sa1,1
11826,N67824 /1 undetected,output,,N67824,N67824,1,undetected,N67824,N67824,N67824,sa1,1
11827,N103462 /1 undetected,output,,N103462,N103462,1,undetected,N103462,N103462,N103462,sa1,1
11828,N95238 /1 undetected,output,,N95238,N95238,1,undetected,N95238,N95238,N95238,sa1,1
11829,N83930 /1 undetected,output,,N83930,N83930,1,undetected,N83930,N83930,N83930,sa1,1
11830,N18364 /1 undetected,output,,N18364,N18364,1,undetected,N18364,N18364,N18364,sa1,1
11831,N2902 /1 undetected,output,,N2902,N2902,1,undetected,N2902,N2902,N2902,sa1,1
11832,N15594 /0 undetected,output,,N15594,N15594,0,undetected,N15594,N15594,N15594,sa0,1
11833,N101709 /1 undetected,output,,N101709,N101709,1,undetected,N101709,N101709,N101709,sa1,1
11834,N75295 /1 undetected,output,,N75295,N75295,1,undetected,N75295,N75295,N75295,sa1,1
11835,N18464 /0 undetected,output,,N18464,N18464,0,undetected,N18464,N18464,N18464,sa0,1
11836,N18462 /1 undetected,output,,N18462,N18462,1,undetected,N18462,N18462,N18462,sa1,1
11837,N95204 /1 undetected,output,,N95204,N95204,1,undetected,N95204,N95204,N95204,sa1,1
11838,N101587 /1 undetected,output,,N101587,N101587,1,undetected,N101587,N101587,N101587,sa1,1
11839,N18454 /1 undetected,output,,N18454,N18454,1,undetected,N18454,N18454,N18454,sa1,1
11840,N103693 /1 undetected,output,,N103693,N103693,1,undetected,N103693,N103693,N103693,sa1,1
11841,N103134 /1 undetected,output,,N103134,N103134,1,undetected,N103134,N103134,N103134,sa1,1
11842,N16045 /0 undetected,output,,N16045,N16045,0,undetected,N16045,N16045,N16045,sa0,1
11843,N16043 /1 undetected,output,,N16043,N16043,1,undetected,N16043,N16043,N16043,sa1,1
11844,N16041 /1 undetected,output,,N16041,N16041,1,undetected,N16041,N16041,N16041,sa1,1
11845,N74891 /1 undetected,output,,N74891,N74891,1,undetected,N74891,N74891,N74891,sa1,1
11846,N14261 /1 undetected,output,,N14261,N14261,1,undetected,N14261,N14261,N14261,sa1,1
11847,N94797 /1 undetected,output,,N94797,N94797,1,undetected,N94797,N94797,N94797,sa1,1
11848,N91643 /1 undetected,output,,N91643,N91643,1,undetected,N91643,N91643,N91643,sa1,1
11849,N16038 /1 undetected,output,,N16038,N16038,1,undetected,N16038,N16038,N16038,sa1,1
11850,N102821 /1 undetected,output,,N102821,N102821,1,undetected,N102821,N102821,N102821,sa1,1
11851,N77812 /1 undetected,output,,N77812,N77812,1,undetected,N77812,N77812,N77812,sa1,1
11852,N18235 /0 undetected,output,,N18235,N18235,0,undetected,N18235,N18235,N18235,sa0,1
11853,N95319 /1 undetected,output,,N95319,N95319,1,undetected,N95319,N95319,N95319,sa1,1
11854,N18231 /1 undetected,output,,N18231,N18231,1,undetected,N18231,N18231,N18231,sa1,1
11855,N18229 /1 undetected,output,,N18229,N18229,1,undetected,N18229,N18229,N18229,sa1,1
11856,N94751 /1 undetected,output,,N94751,N94751,1,undetected,N94751,N94751,N94751,sa1,1
11857,N18227 /1 undetected,output,,N18227,N18227,1,undetected,N18227,N18227,N18227,sa1,1
11858,N18225 /1 undetected,output,,N18225,N18225,1,undetected,N18225,N18225,N18225,sa1,1
11859,N18223 /1 undetected,output,,N18223,N18223,1,undetected,N18223,N18223,N18223,sa1,1
11860,N18222 /1 undetected,output,,N18222,N18222,1,undetected,N18222,N18222,N18222,sa1,1
11861,N99866 /1 undetected,output,,N99866,N99866,1,undetected,N99866,N99866,N99866,sa1,1
11862,N76589 /1 undetected,output,,N76589,N76589,1,undetected,N76589,N76589,N76589,sa1,1
11863,N18220 /1 undetected,output,,N18220,N18220,1,undetected,N18220,N18220,N18220,sa1,1
11864,N94667 /1 undetected,output,,N94667,N94667,1,undetected,N94667,N94667,N94667,sa1,1
11865,N76638 /1 undetected,output,,N76638,N76638,1,undetected,N76638,N76638,N76638,sa1,1
11866,N18218 /1 undetected,output,,N18218,N18218,1,undetected,N18218,N18218,N18218,sa1,1
11867,N99870 /1 undetected,output,,N99870,N99870,1,undetected,N99870,N99870,N99870,sa1,1
11868,N18216 /1 undetected,output,,N18216,N18216,1,undetected,N18216,N18216,N18216,sa1,1
11869,N93503 /1 undetected,output,,N93503,N93503,1,undetected,N93503,N93503,N93503,sa1,1
11870,N76777 /1 undetected,output,,N76777,N76777,1,undetected,N76777,N76777,N76777,sa1,1
11871,N18214 /1 undetected,output,,N18214,N18214,1,undetected,N18214,N18214,N18214,sa1,1
11872,N101555 /1 undetected,output,,N101555,N101555,1,undetected,N101555,N101555,N101555,sa1,1
11873,N76776 /1 undetected,output,,N76776,N76776,1,undetected,N76776,N76776,N76776,sa1,1
11874,N18212 /1 undetected,output,,N18212,N18212,1,undetected,N18212,N18212,N18212,sa1,1
11875,N100449 /1 undetected,output,,N100449,N100449,1,undetected,N100449,N100449,N100449,sa1,1
11876,N95146 /1 undetected,output,,N95146,N95146,1,undetected,N95146,N95146,N95146,sa1,1
11877,N17973 /0 undetected,output,,N17973,N17973,0,undetected,N17973,N17973,N17973,sa0,1
11878,N93021 /1 undetected,output,,N93021,N93021,1,undetected,N93021,N93021,N93021,sa1,1
11879,N17971 /1 undetected,output,,N17971,N17971,1,undetected,N17971,N17971,N17971,sa1,1
11880,N95343 /1 undetected,output,,N95343,N95343,1,undetected,N95343,N95343,N95343,sa1,1
11881,N17970 /1 undetected,output,,N17970,N17970,1,undetected,N17970,N17970,N17970,sa1,1
11882,N92225 /1 undetected,output,,N92225,N92225,1,undetected,N92225,N92225,N92225,sa1,1
11883,N17969 /1 undetected,output,,N17969,N17969,1,undetected,N17969,N17969,N17969,sa1,1
11884,N77836 /1 undetected,output,,N77836,N77836,1,undetected,N77836,N77836,N77836,sa1,1
11885,N74288 /1 undetected,output,,N74288,N74288,1,undetected,N74288,N74288,N74288,sa1,1
11886,N83881 /1 undetected,output,,N83881,N83881,1,undetected,N83881,N83881,N83881,sa1,1
11887,N17965 /1 undetected,output,,N17965,N17965,1,undetected,N17965,N17965,N17965,sa1,1
11888,N103614 /1 undetected,output,,N103614,N103614,1,undetected,N103614,N103614,N103614,sa1,1
11889,N17961 /1 undetected,output,,N17961,N17961,1,undetected,N17961,N17961,N17961,sa1,1
11890,N92122 /1 undetected,output,,N92122,N92122,1,undetected,N92122,N92122,N92122,sa1,1
11891,N76230 /1 undetected,output,,N76230,N76230,1,undetected,N76230,N76230,N76230,sa1,1
11892,N16130 /0 undetected,output,,N16130,N16130,0,undetected,N16130,N16130,N16130,sa0,1
11893,N102728 /1 undetected,output,,N102728,N102728,1,undetected,N102728,N102728,N102728,sa1,1
11894,N3286 /1 undetected,output,,N3286,N3286,1,undetected,N3286,N3286,N3286,sa1,1
11895,N16128 /1 undetected,output,,N16128,N16128,1,undetected,N16128,N16128,N16128,sa1,1
11896,N16126 /1 undetected,output,,N16126,N16126,1,undetected,N16126,N16126,N16126,sa1,1
11897,N86013 /1 undetected,output,,N86013,N86013,1,undetected,N86013,N86013,N86013,sa1,1
11898,N16124 /1 undetected,output,,N16124,N16124,1,undetected,N16124,N16124,N16124,sa1,1
11899,N96269 /1 undetected,output,,N96269,N96269,1,undetected,N96269,N96269,N96269,sa1,1
11900,N92036 /1 undetected,output,,N92036,N92036,1,undetected,N92036,N92036,N92036,sa1,1
11901,N16123 /1 undetected,output,,N16123,N16123,1,undetected,N16123,N16123,N16123,sa1,1
11902,N101675 /1 undetected,output,,N101675,N101675,1,undetected,N101675,N101675,N101675,sa1,1
11903,N16121 /1 undetected,output,,N16121,N16121,1,undetected,N16121,N16121,N16121,sa1,1
11904,N92026 /1 undetected,output,,N92026,N92026,1,undetected,N92026,N92026,N92026,sa1,1
11905,N76229 /1 undetected,output,,N76229,N76229,1,undetected,N76229,N76229,N76229,sa1,1
11906,N16103 /0 undetected,output,,N16103,N16103,0,undetected,N16103,N16103,N16103,sa0,1
11907,N101580 /1 undetected,output,,N101580,N101580,1,undetected,N101580,N101580,N101580,sa1,1
11908,N16100 /1 undetected,output,,N16100,N16100,1,undetected,N16100,N16100,N16100,sa1,1
11909,N87164 /1 undetected,output,,N87164,N87164,1,undetected,N87164,N87164,N87164,sa1,1
11910,N16098 /1 undetected,output,,N16098,N16098,1,undetected,N16098,N16098,N16098,sa1,1
11911,N102653 /1 undetected,output,,N102653,N102653,1,undetected,N102653,N102653,N102653,sa1,1
11912,N76228 /1 undetected,output,,N76228,N76228,1,undetected,N76228,N76228,N76228,sa1,1
11913,N121262 /1 undetected,output,,N121262,N121262,1,undetected,N121262,N121262,N121262,sa1,1
11914,N18471 /0 undetected,output,,N18471,N18471,0,undetected,N18471,N18471,N18471,sa0,1
11915,N103702 /1 undetected,output,,N103702,N103702,1,undetected,N103702,N103702,N103702,sa1,1
11916,N18469 /1 undetected,output,,N18469,N18469,1,undetected,N18469,N18469,N18469,sa1,1
11917,N14254 /1 undetected,output,,N14254,N14254,1,undetected,N14254,N14254,N14254,sa1,1
11918,N95332 /1 undetected,output,,N95332,N95332,1,undetected,N95332,N95332,N95332,sa1,1
11919,N92185 /1 undetected,output,,N92185,N92185,1,undetected,N92185,N92185,N92185,sa1,1
11920,N16030 /0 undetected,output,,N16030,N16030,0,undetected,N16030,N16030,N16030,sa0,1
11921,N16028 /1 undetected,output,,N16028,N16028,1,undetected,N16028,N16028,N16028,sa1,1
11922,N16026 /1 undetected,output,,N16026,N16026,1,undetected,N16026,N16026,N16026,sa1,1
11923,N95337 /1 undetected,output,,N95337,N95337,1,undetected,N95337,N95337,N95337,sa1,1
11924,N16025 /1 undetected,output,,N16025,N16025,1,undetected,N16025,N16025,N16025,sa1,1
11925,N102818 /1 undetected,output,,N102818,N102818,1,undetected,N102818,N102818,N102818,sa1,1
11926,N102717 /1 undetected,output,,N102717,N102717,1,undetected,N102717,N102717,N102717,sa1,1
11927,N16013 /1 undetected,output,,N16013,N16013,1,undetected,N16013,N16013,N16013,sa1,1
11928,N16011 /1 undetected,output,,N16011,N16011,1,undetected,N16011,N16011,N16011,sa1,1
11929,N96606 /1 undetected,output,,N96606,N96606,1,undetected,N96606,N96606,N96606,sa1,1
11930,N16010 /1 undetected,output,,N16010,N16010,1,undetected,N16010,N16010,N16010,sa1,1
11931,N95308 /1 undetected,output,,N95308,N95308,1,undetected,N95308,N95308,N95308,sa1,1
11932,N74934 /1 undetected,output,,N74934,N74934,1,undetected,N74934,N74934,N74934,sa1,1
11933,N14299 /0 undetected,output,,N14299,N14299,0,undetected,N14299,N14299,N14299,sa0,1
11934,N14297 /1 undetected,output,,N14297,N14297,1,undetected,N14297,N14297,N14297,sa1,1
11935,N101674 /1 undetected,output,,N101674,N101674,1,undetected,N101674,N101674,N101674,sa1,1
11936,N101682 /1 undetected,output,,N101682,N101682,1,undetected,N101682,N101682,N101682,sa1,1
11937,N14293 /1 undetected,output,,N14293,N14293,1,undetected,N14293,N14293,N14293,sa1,1
11938,N101693 /1 undetected,output,,N101693,N101693,1,undetected,N101693,N101693,N101693,sa1,1
11939,N14292 /1 undetected,output,,N14292,N14292,1,undetected,N14292,N14292,N14292,sa1,1
11940,N86008 /1 undetected,output,,N86008,N86008,1,undetected,N86008,N86008,N86008,sa1,1
11941,N84682 /1 undetected,output,,N84682,N84682,1,undetected,N84682,N84682,N84682,sa1,1
11942,N83809 /1 undetected,output,,N83809,N83809,1,undetected,N83809,N83809,N83809,sa1,1
11943,N14288 /1 undetected,output,,N14288,N14288,1,undetected,N14288,N14288,N14288,sa1,1
11944,N101691 /1 undetected,output,,N101691,N101691,1,undetected,N101691,N101691,N101691,sa1,1
11945,N75898 /1 undetected,output,,N75898,N75898,1,undetected,N75898,N75898,N75898,sa1,1
11946,N14270 /1 undetected,output,,N14270,N14270,1,undetected,N14270,N14270,N14270,sa1,1
11947,N14268 /1 undetected,output,,N14268,N14268,1,undetected,N14268,N14268,N14268,sa1,1
11948,N101610 /1 undetected,output,,N101610,N101610,1,undetected,N101610,N101610,N101610,sa1,1
11949,N74640 /1 undetected,output,,N74640,N74640,1,undetected,N74640,N74640,N74640,sa1,1
11950,N17980 /0 undetected,output,,N17980,N17980,0,undetected,N17980,N17980,N17980,sa0,1
11951,N99798 /1 undetected,output,,N99798,N99798,1,undetected,N99798,N99798,N99798,sa1,1
11952,N96199 /1 undetected,output,,N96199,N96199,1,undetected,N96199,N96199,N96199,sa1,1
11953,N102851 /1 undetected,output,,N102851,N102851,1,undetected,N102851,N102851,N102851,sa1,1
11954,N83901 /1 undetected,output,,N83901,N83901,1,undetected,N83901,N83901,N83901,sa1,1
11955,N17975 /1 undetected,output,,N17975,N17975,1,undetected,N17975,N17975,N17975,sa1,1
11956,N88184 /1 undetected,output,,N88184,N88184,1,undetected,N88184,N88184,N88184,sa1,1
11957,N18448 /0 undetected,output,,N18448,N18448,0,undetected,N18448,N18448,N18448,sa0,1
11958,N103690 /1 undetected,output,,N103690,N103690,1,undetected,N103690,N103690,N103690,sa1,1
11959,N103133 /1 undetected,output,,N103133,N103133,1,undetected,N103133,N103133,N103133,sa1,1
11960,N16188 /0 undetected,output,,N16188,N16188,0,undetected,N16188,N16188,N16188,sa0,1
11961,N102729 /1 undetected,output,,N102729,N102729,1,undetected,N102729,N102729,N102729,sa1,1
11962,N16185 /1 undetected,output,,N16185,N16185,1,undetected,N16185,N16185,N16185,sa1,1
11963,N16183 /1 undetected,output,,N16183,N16183,1,undetected,N16183,N16183,N16183,sa1,1
11964,N93105 /1 undetected,output,,N93105,N93105,1,undetected,N93105,N93105,N93105,sa1,1
11965,N16182 /1 undetected,output,,N16182,N16182,1,undetected,N16182,N16182,N16182,sa1,1
11966,N92027 /1 undetected,output,,N92027,N92027,1,undetected,N92027,N92027,N92027,sa1,1
11967,N16181 /1 undetected,output,,N16181,N16181,1,undetected,N16181,N16181,N16181,sa1,1
11968,N93059 /1 undetected,output,,N93059,N93059,1,undetected,N93059,N93059,N93059,sa1,1
11969,N86051 /1 undetected,output,,N86051,N86051,1,undetected,N86051,N86051,N86051,sa1,1
11970,N83939 /1 undetected,output,,N83939,N83939,1,undetected,N83939,N83939,N83939,sa1,1
11971,N16178 /1 undetected,output,,N16178,N16178,1,undetected,N16178,N16178,N16178,sa1,1
11972,N101563 /1 undetected,output,,N101563,N101563,1,undetected,N101563,N101563,N101563,sa1,1
11973,N100369 /1 undetected,output,,N100369,N100369,1,undetected,N100369,N100369,N100369,sa1,1
11974,N16175 /1 undetected,output,,N16175,N16175,1,undetected,N16175,N16175,N16175,sa1,1
11975,N91984 /1 undetected,output,,N91984,N91984,1,undetected,N91984,N91984,N91984,sa1,1
11976,N101567 /1 undetected,output,,N101567,N101567,1,undetected,N101567,N101567,N101567,sa1,1
11977,N92017 /1 undetected,output,,N92017,N92017,1,undetected,N92017,N92017,N92017,sa1,1
11978,N76274 /1 undetected,output,,N76274,N76274,1,undetected,N76274,N76274,N76274,sa1,1
11979,N74323 /1 undetected,output,,N74323,N74323,1,undetected,N74323,N74323,N74323,sa1,1
11980,N16078 /0 undetected,output,,N16078,N16078,0,undetected,N16078,N16078,N16078,sa0,1
11981,N102850 /1 undetected,output,,N102850,N102850,1,undetected,N102850,N102850,N102850,sa1,1
11982,N17883 /0 undetected,output,,N17883,N17883,0,undetected,N17883,N17883,N17883,sa0,1
11983,N102822 /1 undetected,output,,N102822,N102822,1,undetected,N102822,N102822,N102822,sa1,1
11984,N17880 /1 undetected,output,,N17880,N17880,1,undetected,N17880,N17880,N17880,sa1,1
11985,N93168 /1 undetected,output,,N93168,N93168,1,undetected,N93168,N93168,N93168,sa1,1
11986,N102666 /1 undetected,output,,N102666,N102666,1,undetected,N102666,N102666,N102666,sa1,1
11987,N91964 /1 undetected,output,,N91964,N91964,1,undetected,N91964,N91964,N91964,sa1,1
11988,N17875 /1 undetected,output,,N17875,N17875,1,undetected,N17875,N17875,N17875,sa1,1
11989,N102661 /1 undetected,output,,N102661,N102661,1,undetected,N102661,N102661,N102661,sa1,1
11990,N84039 /1 undetected,output,,N84039,N84039,1,undetected,N84039,N84039,N84039,sa1,1
11991,N17874 /1 undetected,output,,N17874,N17874,1,undetected,N17874,N17874,N17874,sa1,1
11992,N93095 /1 undetected,output,,N93095,N93095,1,undetected,N93095,N93095,N93095,sa1,1
11993,N86054 /1 undetected,output,,N86054,N86054,1,undetected,N86054,N86054,N86054,sa1,1
11994,N67922 /1 undetected,output,,N67922,N67922,1,undetected,N67922,N67922,N67922,sa1,1
11995,N126252 /1 undetected,output,,N126252,N126252,1,undetected,N126252,N126252,N126252,sa1,1
11996,N82955 /1 undetected,output,,N82955,N82955,1,undetected,N82955,N82955,N82955,sa1,1
11997,N67912 /1 undetected,output,,N67912,N67912,1,undetected,N67912,N67912,N67912,sa1,1
11998,N87143 /1 undetected,output,,N87143,N87143,1,undetected,N87143,N87143,N87143,sa1,1
11999,N17924 /0 undetected,output,,N17924,N17924,0,undetected,N17924,N17924,N17924,sa0,1
12000,N102731 /1 undetected,output,,N102731,N102731,1,undetected,N102731,N102731,N102731,sa1,1
12001,N17921 /1 undetected,output,,N17921,N17921,1,undetected,N17921,N17921,N17921,sa1,1
12002,N17919 /1 undetected,output,,N17919,N17919,1,undetected,N17919,N17919,N17919,sa1,1
12003,N102741 /1 undetected,output,,N102741,N102741,1,undetected,N102741,N102741,N102741,sa1,1
12004,N86056 /1 undetected,output,,N86056,N86056,1,undetected,N86056,N86056,N86056,sa1,1
12005,N17918 /1 undetected,output,,N17918,N17918,1,undetected,N17918,N17918,N17918,sa1,1
12006,N102739 /1 undetected,output,,N102739,N102739,1,undetected,N102739,N102739,N102739,sa1,1
12007,N125216 /1 undetected,output,,N125216,N125216,1,undetected,N125216,N125216,N125216,sa1,1
12008,N67940 /1 undetected,output,,N67940,N67940,1,undetected,N67940,N67940,N67940,sa1,1
12009,N125214 /1 undetected,output,,N125214,N125214,1,undetected,N125214,N125214,N125214,sa1,1
12010,N82959 /1 undetected,output,,N82959,N82959,1,undetected,N82959,N82959,N82959,sa1,1
12011,N67856 /1 undetected,output,,N67856,N67856,1,undetected,N67856,N67856,N67856,sa1,1
12012,N126246 /1 undetected,output,,N126246,N126246,1,undetected,N126246,N126246,N126246,sa1,1
12013,N82951 /1 undetected,output,,N82951,N82951,1,undetected,N82951,N82951,N82951,sa1,1
12014,N67848 /1 undetected,output,,N67848,N67848,1,undetected,N67848,N67848,N67848,sa1,1
12015,N67773 /1 undetected,output,,N67773,N67773,1,undetected,N67773,N67773,N67773,sa1,1
12016,N126219 /1 undetected,output,,N126219,N126219,1,undetected,N126219,N126219,N126219,sa1,1
12017,N82944 /1 undetected,output,,N82944,N82944,1,undetected,N82944,N82944,N82944,sa1,1
12018,N67759 /1 undetected,output,,N67759,N67759,1,undetected,N67759,N67759,N67759,sa1,1
12019,N18418 /0 undetected,output,,N18418,N18418,0,undetected,N18418,N18418,N18418,sa0,1
12020,N18417 /1 undetected,output,,N18417,N18417,1,undetected,N18417,N18417,N18417,sa1,1
12021,N101586 /1 undetected,output,,N101586,N101586,1,undetected,N101586,N101586,N101586,sa1,1
12022,N1511 /1 undetected,output,,N1511,N1511,1,undetected,N1511,N1511,N1511,sa1,1
12023,N17916 /0 undetected,output,,N17916,N17916,0,undetected,N17916,N17916,N17916,sa0,1
12024,N103604 /1 undetected,output,,N103604,N103604,1,undetected,N103604,N103604,N103604,sa1,1
12025,N16147 /0 undetected,output,,N16147,N16147,0,undetected,N16147,N16147,N16147,sa0,1
12026,N102888 /1 undetected,output,,N102888,N102888,1,undetected,N102888,N102888,N102888,sa1,1
12027,N67876 /1 undetected,output,,N67876,N67876,1,undetected,N67876,N67876,N67876,sa1,1
12028,N126248 /1 undetected,output,,N126248,N126248,1,undetected,N126248,N126248,N126248,sa1,1
12029,N83766 /1 undetected,output,,N83766,N83766,1,undetected,N83766,N83766,N83766,sa1,1
12030,N67875 /1 undetected,output,,N67875,N67875,1,undetected,N67875,N67875,N67875,sa1,1
12031,N90788 /1 undetected,output,,N90788,N90788,1,undetected,N90788,N90788,N90788,sa1,1
12032,N17908 /0 undetected,output,,N17908,N17908,0,undetected,N17908,N17908,N17908,sa0,1
12033,N17907 /1 undetected,output,,N17907,N17907,1,undetected,N17907,N17907,N17907,sa1,1
12034,N103577 /1 undetected,output,,N103577,N103577,1,undetected,N103577,N103577,N103577,sa1,1
12035,N101584 /1 undetected,output,,N101584,N101584,1,undetected,N101584,N101584,N101584,sa1,1
12036,N17901 /1 undetected,output,,N17901,N17901,1,undetected,N17901,N17901,N17901,sa1,1
12037,N86055 /1 undetected,output,,N86055,N86055,1,undetected,N86055,N86055,N86055,sa1,1
12038,N17899 /1 undetected,output,,N17899,N17899,1,undetected,N17899,N17899,N17899,sa1,1
12039,N72989 /1 undetected,output,,N72989,N72989,1,undetected,N72989,N72989,N72989,sa1,1
12040,N68033 /1 undetected,output,,N68033,N68033,1,undetected,N68033,N68033,N68033,sa1,1
12041,N68031 /1 undetected,output,,N68031,N68031,1,undetected,N68031,N68031,N68031,sa1,1
12042,N68030 /1 undetected,output,,N68030,N68030,1,undetected,N68030,N68030,N68030,sa1,1
12043,N101590 /1 undetected,output,,N101590,N101590,1,undetected,N101590,N101590,N101590,sa1,1
12044,N68029 /1 undetected,output,,N68029,N68029,1,undetected,N68029,N68029,N68029,sa1,1
12045,N102988 /1 undetected,output,,N102988,N102988,1,undetected,N102988,N102988,N102988,sa1,1
12046,N68027 /1 undetected,output,,N68027,N68027,1,undetected,N68027,N68027,N68027,sa1,1
12047,N102996 /1 undetected,output,,N102996,N102996,1,undetected,N102996,N102996,N102996,sa1,1
12048,N101568 /1 undetected,output,,N101568,N101568,1,undetected,N101568,N101568,N101568,sa1,1
12049,N68025 /1 undetected,output,,N68025,N68025,1,undetected,N68025,N68025,N68025,sa1,1
12050,N102985 /1 undetected,output,,N102985,N102985,1,undetected,N102985,N102985,N102985,sa1,1
12051,N17906 /1 undetected,output,,N17906,N17906,1,undetected,N17906,N17906,N17906,sa1,1
12052,N82969 /1 undetected,output,,N82969,N82969,1,undetected,N82969,N82969,N82969,sa1,1
12053,N82430 /1 undetected,output,,N82430,N82430,1,undetected,N82430,N82430,N82430,sa1,1
12054,N82966 /1 undetected,output,,N82966,N82966,1,undetected,N82966,N82966,N82966,sa1,1
12055,N82513 /1 undetected,output,,N82513,N82513,1,undetected,N82513,N82513,N82513,sa1,1
12056,N82963 /1 undetected,output,,N82963,N82963,1,undetected,N82963,N82963,N82963,sa1,1
12057,N82324 /1 undetected,output,,N82324,N82324,1,undetected,N82324,N82324,N82324,sa1,1
12058,N1766 /1 undetected,output,,N1766,N1766,1,undetected,N1766,N1766,N1766,sa1,1
12059,N82398 /1 undetected,output,,N82398,N82398,1,undetected,N82398,N82398,N82398,sa1,1
12060,N90308 /1 undetected,output,,N90308,N90308,1,undetected,N90308,N90308,N90308,sa1,1
12061,N18365 /0 undetected,output,,N18365,N18365,0,undetected,N18365,N18365,N18365,sa0,1
12062,N102823 /1 undetected,output,,N102823,N102823,1,undetected,N102823,N102823,N102823,sa1,1
12063,N17935 /0 undetected,output,,N17935,N17935,0,undetected,N17935,N17935,N17935,sa0,1
12064,N103608 /1 undetected,output,,N103608,N103608,1,undetected,N103608,N103608,N103608,sa1,1
12065,N17934 /1 undetected,output,,N17934,N17934,1,undetected,N17934,N17934,N17934,sa1,1
12066,N103132 /1 undetected,output,,N103132,N103132,1,undetected,N103132,N103132,N103132,sa1,1
12067,N92945 /1 undetected,output,,N92945,N92945,1,undetected,N92945,N92945,N92945,sa1,1
12068,N17894 /0 undetected,output,,N17894,N17894,0,undetected,N17894,N17894,N17894,sa0,1
12069,N17893 /1 undetected,output,,N17893,N17893,1,undetected,N17893,N17893,N17893,sa1,1
12070,N102737 /1 undetected,output,,N102737,N102737,1,undetected,N102737,N102737,N102737,sa1,1
12071,N102730 /1 undetected,output,,N102730,N102730,1,undetected,N102730,N102730,N102730,sa1,1
12072,N17890 /1 undetected,output,,N17890,N17890,1,undetected,N17890,N17890,N17890,sa1,1
12073,N91945 /1 undetected,output,,N91945,N91945,1,undetected,N91945,N91945,N91945,sa1,1
12074,N91976 /1 undetected,output,,N91976,N91976,1,undetected,N91976,N91976,N91976,sa1,1
12075,N83974 /1 undetected,output,,N83974,N83974,1,undetected,N83974,N83974,N83974,sa1,1
12076,N17886 /1 undetected,output,,N17886,N17886,1,undetected,N17886,N17886,N17886,sa1,1
12077,N93116 /1 undetected,output,,N93116,N93116,1,undetected,N93116,N93116,N93116,sa1,1
12078,N76277 /1 undetected,output,,N76277,N76277,1,undetected,N76277,N76277,N76277,sa1,1
12079,N74339 /1 undetected,output,,N74339,N74339,1,undetected,N74339,N74339,N74339,sa1,1
12080,N15766 /0 undetected,output,,N15766,N15766,0,undetected,N15766,N15766,N15766,sa0,1
12081,N102727 /1 undetected,output,,N102727,N102727,1,undetected,N102727,N102727,N102727,sa1,1
12082,N102740 /1 undetected,output,,N102740,N102740,1,undetected,N102740,N102740,N102740,sa1,1
12083,N125296 /1 undetected,output,,N125296,N125296,1,undetected,N125296,N125296,N125296,sa1,1
12084,N86839 /1 undetected,output,,N86839,N86839,1,undetected,N86839,N86839,N86839,sa1,1
12085,N64023 /1 undetected,output,,N64023,N64023,1,undetected,N64023,N64023,N64023,sa1,1
12086,N122020 /1 undetected,output,,N122020,N122020,1,undetected,N122020,N122020,N122020,sa1,1
12087,N16154 /0 undetected,output,,N16154,N16154,0,undetected,N16154,N16154,N16154,sa0,1
12088,N102892 /1 undetected,output,,N102892,N102892,1,undetected,N102892,N102892,N102892,sa1,1
12089,N16153 /1 undetected,output,,N16153,N16153,1,undetected,N16153,N16153,N16153,sa1,1
12090,N102894 /1 undetected,output,,N102894,N102894,1,undetected,N102894,N102894,N102894,sa1,1
12091,N16152 /1 undetected,output,,N16152,N16152,1,undetected,N16152,N16152,N16152,sa1,1
12092,N102733 /1 undetected,output,,N102733,N102733,1,undetected,N102733,N102733,N102733,sa1,1
12093,N95340 /1 undetected,output,,N95340,N95340,1,undetected,N95340,N95340,N95340,sa1,1
12094,N82922 /1 undetected,output,,N82922,N82922,1,undetected,N82922,N82922,N82922,sa1,1
12095,N15691 /0 undetected,output,,N15691,N15691,0,undetected,N15691,N15691,N15691,sa0,1
12096,N101751 /1 undetected,output,,N101751,N101751,1,undetected,N101751,N101751,N101751,sa1,1
12097,N101677 /1 undetected,output,,N101677,N101677,1,undetected,N101677,N101677,N101677,sa1,1
12098,N15689 /1 undetected,output,,N15689,N15689,1,undetected,N15689,N15689,N15689,sa1,1
12099,N95336 /1 undetected,output,,N95336,N95336,1,undetected,N95336,N95336,N95336,sa1,1
12100,N15688 /1 undetected,output,,N15688,N15688,1,undetected,N15688,N15688,N15688,sa1,1
12101,N102695 /1 undetected,output,,N102695,N102695,1,undetected,N102695,N102695,N102695,sa1,1
12102,N84164 /1 undetected,output,,N84164,N84164,1,undetected,N84164,N84164,N84164,sa1,1
12103,N89897 /1 undetected,output,,N89897,N89897,1,undetected,N89897,N89897,N89897,sa1,1
12104,N110759 /1 undetected,output,,N110759,N110759,1,undetected,N110759,N110759,N110759,sa1,1
12105,N110386 /1 undetected,output,,N110386,N110386,1,undetected,N110386,N110386,N110386,sa1,1
12106,N110490 /1 undetected,output,,N110490,N110490,1,undetected,N110490,N110490,N110490,sa1,1
12107,N81569 /1 undetected,output,,N81569,N81569,1,undetected,N81569,N81569,N81569,sa1,1
12108,N110683 /1 undetected,output,,N110683,N110683,1,undetected,N110683,N110683,N110683,sa1,1
12109,N110489 /1 undetected,output,,N110489,N110489,1,undetected,N110489,N110489,N110489,sa1,1
12110,N110385 /1 undetected,output,,N110385,N110385,1,undetected,N110385,N110385,N110385,sa1,1
12111,N52407 /1 undetected,output,,N52407,N52407,1,undetected,N52407,N52407,N52407,sa1,1
12112,N94875 /1 undetected,output,,N94875,N94875,1,undetected,N94875,N94875,N94875,sa1,1
12113,N120065 /1 undetected,output,,N120065,N120065,1,undetected,N120065,N120065,N120065,sa1,1
12114,N89925 /1 undetected,output,,N89925,N89925,1,undetected,N89925,N89925,N89925,sa1,1
12115,N52400 /1 undetected,output,,N52400,N52400,1,undetected,N52400,N52400,N52400,sa1,1
12116,N52399 /1 undetected,output,,N52399,N52399,1,undetected,N52399,N52399,N52399,sa1,1
12117,N52398 /1 undetected,output,,N52398,N52398,1,undetected,N52398,N52398,N52398,sa1,1
12118,N81671 /1 undetected,output,,N81671,N81671,1,undetected,N81671,N81671,N81671,sa1,1
12119,N52397 /1 undetected,output,,N52397,N52397,1,undetected,N52397,N52397,N52397,sa1,1
12120,N111492 /1 undetected,output,,N111492,N111492,1,undetected,N111492,N111492,N111492,sa1,1
12121,N52389 /1 undetected,output,,N52389,N52389,1,undetected,N52389,N52389,N52389,sa1,1
12122,N111495 /1 undetected,output,,N111495,N111495,1,undetected,N111495,N111495,N111495,sa1,1
12123,N52366 /1 undetected,output,,N52366,N52366,1,undetected,N52366,N52366,N52366,sa1,1
12124,N81586 /1 undetected,output,,N81586,N81586,1,undetected,N81586,N81586,N81586,sa1,1
12125,N81520 /1 undetected,output,,N81520,N81520,1,undetected,N81520,N81520,N81520,sa1,1
12126,N88417 /1 undetected,output,,N88417,N88417,1,undetected,N88417,N88417,N88417,sa1,1
12127,N52357 /1 undetected,output,,N52357,N52357,1,undetected,N52357,N52357,N52357,sa1,1
12128,N120063 /1 undetected,output,,N120063,N120063,1,undetected,N120063,N120063,N120063,sa1,1
12129,N79470 /1 undetected,output,,N79470,N79470,1,undetected,N79470,N79470,N79470,sa1,1
12130,N52375 /1 undetected,output,,N52375,N52375,1,undetected,N52375,N52375,N52375,sa1,1
12131,N89914 /1 undetected,output,,N89914,N89914,1,undetected,N89914,N89914,N89914,sa1,1
12132,N120069 /1 undetected,output,,N120069,N120069,1,undetected,N120069,N120069,N120069,sa1,1
12133,N110714 /1 undetected,output,,N110714,N110714,1,undetected,N110714,N110714,N110714,sa1,1
12134,N120064 /1 undetected,output,,N120064,N120064,1,undetected,N120064,N120064,N120064,sa1,1
12135,N88418 /1 undetected,output,,N88418,N88418,1,undetected,N88418,N88418,N88418,sa1,1
12136,N89861 /1 undetected,output,,N89861,N89861,1,undetected,N89861,N89861,N89861,sa1,1
12137,N110725 /1 undetected,output,,N110725,N110725,1,undetected,N110725,N110725,N110725,sa1,1
12138,N110439 /1 undetected,output,,N110439,N110439,1,undetected,N110439,N110439,N110439,sa1,1
12139,N110333 /1 undetected,output,,N110333,N110333,1,undetected,N110333,N110333,N110333,sa1,1
12140,N89910 /1 undetected,output,,N89910,N89910,1,undetected,N89910,N89910,N89910,sa1,1
12141,N110774 /1 undetected,output,,N110774,N110774,1,undetected,N110774,N110774,N110774,sa1,1
12142,N110515 /1 undetected,output,,N110515,N110515,1,undetected,N110515,N110515,N110515,sa1,1
12143,N110411 /1 undetected,output,,N110411,N110411,1,undetected,N110411,N110411,N110411,sa1,1
12144,N81582 /1 undetected,output,,N81582,N81582,1,undetected,N81582,N81582,N81582,sa1,1
12145,N110698 /1 undetected,output,,N110698,N110698,1,undetected,N110698,N110698,N110698,sa1,1
12146,N110410 /1 undetected,output,,N110410,N110410,1,undetected,N110410,N110410,N110410,sa1,1
12147,N110514 /1 undetected,output,,N110514,N110514,1,undetected,N110514,N110514,N110514,sa1,1
12148,N81533 /1 undetected,output,,N81533,N81533,1,undetected,N81533,N81533,N81533,sa1,1
12149,N110650 /1 undetected,output,,N110650,N110650,1,undetected,N110650,N110650,N110650,sa1,1
12150,N110440 /1 undetected,output,,N110440,N110440,1,undetected,N110440,N110440,N110440,sa1,1
12151,N110334 /1 undetected,output,,N110334,N110334,1,undetected,N110334,N110334,N110334,sa1,1
12152,N110255 /1 undetected,output,,N110255,N110255,1,undetected,N110255,N110255,N110255,sa1,1
12153,N110220 /1 undetected,output,,N110220,N110220,1,undetected,N110220,N110220,N110220,sa1,1
12154,N81565 /1 undetected,output,,N81565,N81565,1,undetected,N81565,N81565,N81565,sa1,1
12155,N110680 /1 undetected,output,,N110680,N110680,1,undetected,N110680,N110680,N110680,sa1,1
12156,N110485 /1 undetected,output,,N110485,N110485,1,undetected,N110485,N110485,N110485,sa1,1
12157,N110381 /1 undetected,output,,N110381,N110381,1,undetected,N110381,N110381,N110381,sa1,1
12158,N89893 /1 undetected,output,,N89893,N89893,1,undetected,N89893,N89893,N89893,sa1,1
12159,N110756 /1 undetected,output,,N110756,N110756,1,undetected,N110756,N110756,N110756,sa1,1
12160,N110380 /1 undetected,output,,N110380,N110380,1,undetected,N110380,N110380,N110380,sa1,1
12161,N110484 /1 undetected,output,,N110484,N110484,1,undetected,N110484,N110484,N110484,sa1,1
12162,N48472 /1 undetected,output,,N48472,N48472,1,undetected,N48472,N48472,N48472,sa1,1
12163,N79695 /1 undetected,output,,N79695,N79695,1,undetected,N79695,N79695,N79695,sa1,1
12164,N79776 /1 undetected,output,,N79776,N79776,1,undetected,N79776,N79776,N79776,sa1,1
12165,N89593 /1 undetected,output,,N89593,N89593,1,undetected,N89593,N89593,N89593,sa1,1
12166,N109708 /1 undetected,output,,N109708,N109708,1,undetected,N109708,N109708,N109708,sa1,1
12167,N109666 /1 undetected,output,,N109666,N109666,1,undetected,N109666,N109666,N109666,sa1,1
12168,N109734 /1 undetected,output,,N109734,N109734,1,undetected,N109734,N109734,N109734,sa1,1
12169,N109640 /1 undetected,output,,N109640,N109640,1,undetected,N109640,N109640,N109640,sa1,1
12170,N81215 /1 undetected,output,,N81215,N81215,1,undetected,N81215,N81215,N81215,sa1,1
12171,N109639 /1 undetected,output,,N109639,N109639,1,undetected,N109639,N109639,N109639,sa1,1
12172,N109733 /1 undetected,output,,N109733,N109733,1,undetected,N109733,N109733,N109733,sa1,1
12173,N109665 /1 undetected,output,,N109665,N109665,1,undetected,N109665,N109665,N109665,sa1,1
12174,N109707 /1 undetected,output,,N109707,N109707,1,undetected,N109707,N109707,N109707,sa1,1
12175,N88533 /1 undetected,output,,N88533,N88533,1,undetected,N88533,N88533,N88533,sa1,1
12176,N48333 /1 undetected,output,,N48333,N48333,1,undetected,N48333,N48333,N48333,sa1,1
12177,N79694 /1 undetected,output,,N79694,N79694,1,undetected,N79694,N79694,N79694,sa1,1
12178,N48329 /1 undetected,output,,N48329,N48329,1,undetected,N48329,N48329,N48329,sa1,1
12179,N48322 /1 undetected,output,,N48322,N48322,1,undetected,N48322,N48322,N48322,sa1,1
12180,N48315 /1 undetected,output,,N48315,N48315,1,undetected,N48315,N48315,N48315,sa1,1
12181,N79580 /1 undetected,output,,N79580,N79580,1,undetected,N79580,N79580,N79580,sa1,1
12182,N48312 /1 undetected,output,,N48312,N48312,1,undetected,N48312,N48312,N48312,sa1,1
12183,N79579 /1 undetected,output,,N79579,N79579,1,undetected,N79579,N79579,N79579,sa1,1
12184,N48308 /1 undetected,output,,N48308,N48308,1,undetected,N48308,N48308,N48308,sa1,1
12185,N48296 /1 undetected,output,,N48296,N48296,1,undetected,N48296,N48296,N48296,sa1,1
12186,N81481 /1 undetected,output,,N81481,N81481,1,undetected,N81481,N81481,N81481,sa1,1
12187,N110556 /1 undetected,output,,N110556,N110556,1,undetected,N110556,N110556,N110556,sa1,1
12188,N89820 /1 undetected,output,,N89820,N89820,1,undetected,N89820,N89820,N89820,sa1,1
12189,N110617 /1 undetected,output,,N110617,N110617,1,undetected,N110617,N110617,N110617,sa1,1
12190,N89894 /1 undetected,output,,N89894,N89894,1,undetected,N89894,N89894,N89894,sa1,1
12191,N110757 /1 undetected,output,,N110757,N110757,1,undetected,N110757,N110757,N110757,sa1,1
12192,N110383 /1 undetected,output,,N110383,N110383,1,undetected,N110383,N110383,N110383,sa1,1
12193,N110487 /1 undetected,output,,N110487,N110487,1,undetected,N110487,N110487,N110487,sa1,1
12194,N81566 /1 undetected,output,,N81566,N81566,1,undetected,N81566,N81566,N81566,sa1,1
12195,N110681 /1 undetected,output,,N110681,N110681,1,undetected,N110681,N110681,N110681,sa1,1
12196,N110486 /1 undetected,output,,N110486,N110486,1,undetected,N110486,N110486,N110486,sa1,1
12197,N110382 /1 undetected,output,,N110382,N110382,1,undetected,N110382,N110382,N110382,sa1,1
12198,N110298 /1 undetected,output,,N110298,N110298,1,undetected,N110298,N110298,N110298,sa1,1
12199,N110271 /1 undetected,output,,N110271,N110271,1,undetected,N110271,N110271,N110271,sa1,1
12200,N110077 /1 undetected,output,,N110077,N110077,1,undetected,N110077,N110077,N110077,sa1,1
12201,N110004 /1 undetected,output,,N110004,N110004,1,undetected,N110004,N110004,N110004,sa1,1
12202,N110252 /1 undetected,output,,N110252,N110252,1,undetected,N110252,N110252,N110252,sa1,1
12203,N110217 /1 undetected,output,,N110217,N110217,1,undetected,N110217,N110217,N110217,sa1,1
12204,N89825 /1 undetected,output,,N89825,N89825,1,undetected,N89825,N89825,N89825,sa1,1
12205,N110630 /1 undetected,output,,N110630,N110630,1,undetected,N110630,N110630,N110630,sa1,1
12206,N110261 /1 undetected,output,,N110261,N110261,1,undetected,N110261,N110261,N110261,sa1,1
12207,N110229 /1 undetected,output,,N110229,N110229,1,undetected,N110229,N110229,N110229,sa1,1
12208,N89871 /1 undetected,output,,N89871,N89871,1,undetected,N89871,N89871,N89871,sa1,1
12209,N110732 /1 undetected,output,,N110732,N110732,1,undetected,N110732,N110732,N110732,sa1,1
12210,N110451 /1 undetected,output,,N110451,N110451,1,undetected,N110451,N110451,N110451,sa1,1
12211,N110347 /1 undetected,output,,N110347,N110347,1,undetected,N110347,N110347,N110347,sa1,1
12212,N81543 /1 undetected,output,,N81543,N81543,1,undetected,N81543,N81543,N81543,sa1,1
12213,N110656 /1 undetected,output,,N110656,N110656,1,undetected,N110656,N110656,N110656,sa1,1
12214,N110346 /1 undetected,output,,N110346,N110346,1,undetected,N110346,N110346,N110346,sa1,1
12215,N110450 /1 undetected,output,,N110450,N110450,1,undetected,N110450,N110450,N110450,sa1,1
12216,N52439 /0 undetected,output,,N52439,N52439,0,undetected,N52439,N52439,N52439,sa0,1
12217,N94876 /1 undetected,output,,N94876,N94876,1,undetected,N94876,N94876,N94876,sa1,1
12218,N81673 /1 undetected,output,,N81673,N81673,1,undetected,N81673,N81673,N81673,sa1,1
12219,N52435 /1 undetected,output,,N52435,N52435,1,undetected,N52435,N52435,N52435,sa1,1
12220,N52431 /1 undetected,output,,N52431,N52431,1,undetected,N52431,N52431,N52431,sa1,1
12221,N120083 /1 undetected,output,,N120083,N120083,1,undetected,N120083,N120083,N120083,sa1,1
12222,N81587 /1 undetected,output,,N81587,N81587,1,undetected,N81587,N81587,N81587,sa1,1
12223,N52363 /1 undetected,output,,N52363,N52363,1,undetected,N52363,N52363,N52363,sa1,1
12224,N110791 /1 undetected,output,,N110791,N110791,1,undetected,N110791,N110791,N110791,sa1,1
12225,N52361 /1 undetected,output,,N52361,N52361,1,undetected,N52361,N52361,N52361,sa1,1
12226,N81519 /1 undetected,output,,N81519,N81519,1,undetected,N81519,N81519,N81519,sa1,1
12227,N120070 /1 undetected,output,,N120070,N120070,1,undetected,N120070,N120070,N120070,sa1,1
12228,N52428 /1 undetected,output,,N52428,N52428,1,undetected,N52428,N52428,N52428,sa1,1
12229,N120081 /1 undetected,output,,N120081,N120081,1,undetected,N120081,N120081,N120081,sa1,1
12230,N112796 /1 undetected,output,,N112796,N112796,1,undetected,N112796,N112796,N112796,sa1,1
12231,N52425 /1 undetected,output,,N52425,N52425,1,undetected,N52425,N52425,N52425,sa1,1
12232,N119982 /1 undetected,output,,N119982,N119982,1,undetected,N119982,N119982,N119982,sa1,1
12233,N109957 /1 undetected,output,,N109957,N109957,1,undetected,N109957,N109957,N109957,sa1,1
12234,N52420 /1 undetected,output,,N52420,N52420,1,undetected,N52420,N52420,N52420,sa1,1
12235,N120082 /1 undetected,output,,N120082,N120082,1,undetected,N120082,N120082,N120082,sa1,1
12236,N112773 /1 undetected,output,,N112773,N112773,1,undetected,N112773,N112773,N112773,sa1,1
12237,N120080 /1 undetected,output,,N120080,N120080,1,undetected,N120080,N120080,N120080,sa1,1
12238,N112760 /1 undetected,output,,N112760,N112760,1,undetected,N112760,N112760,N112760,sa1,1
12239,N109910 /1 undetected,output,,N109910,N109910,1,undetected,N109910,N109910,N109910,sa1,1
12240,N79613 /1 undetected,output,,N79613,N79613,1,undetected,N79613,N79613,N79613,sa1,1
12241,N107403 /1 undetected,output,,N107403,N107403,1,undetected,N107403,N107403,N107403,sa1,1
12242,N107334 /1 undetected,output,,N107334,N107334,1,undetected,N107334,N107334,N107334,sa1,1
12243,N109741 /1 undetected,output,,N109741,N109741,1,undetected,N109741,N109741,N109741,sa1,1
12244,N88511 /1 undetected,output,,N88511,N88511,1,undetected,N88511,N88511,N88511,sa1,1
12245,N79720 /1 undetected,output,,N79720,N79720,1,undetected,N79720,N79720,N79720,sa1,1
12246,N109647 /1 undetected,output,,N109647,N109647,1,undetected,N109647,N109647,N109647,sa1,1
12247,N109672 /1 undetected,output,,N109672,N109672,1,undetected,N109672,N109672,N109672,sa1,1
12248,N109621 /1 undetected,output,,N109621,N109621,1,undetected,N109621,N109621,N109621,sa1,1
12249,N109689 /1 undetected,output,,N109689,N109689,1,undetected,N109689,N109689,N109689,sa1,1
12250,N109680 /1 undetected,output,,N109680,N109680,1,undetected,N109680,N109680,N109680,sa1,1
12251,N109715 /1 undetected,output,,N109715,N109715,1,undetected,N109715,N109715,N109715,sa1,1
12252,N79483 /1 undetected,output,,N79483,N79483,1,undetected,N79483,N79483,N79483,sa1,1
12253,N81452 /1 undetected,output,,N81452,N81452,1,undetected,N81452,N81452,N81452,sa1,1
12254,N89806 /1 undetected,output,,N89806,N89806,1,undetected,N89806,N89806,N89806,sa1,1
12255,N110798 /1 undetected,output,,N110798,N110798,1,undetected,N110798,N110798,N110798,sa1,1
12256,N110000 /1 undetected,output,,N110000,N110000,1,undetected,N110000,N110000,N110000,sa1,1
12257,N110073 /1 undetected,output,,N110073,N110073,1,undetected,N110073,N110073,N110073,sa1,1
12258,N110120 /1 undetected,output,,N110120,N110120,1,undetected,N110120,N110120,N110120,sa1,1
12259,N110046 /1 undetected,output,,N110046,N110046,1,undetected,N110046,N110046,N110046,sa1,1
12260,N81478 /1 undetected,output,,N81478,N81478,1,undetected,N81478,N81478,N81478,sa1,1
12261,N110552 /1 undetected,output,,N110552,N110552,1,undetected,N110552,N110552,N110552,sa1,1
12262,N89818 /1 undetected,output,,N89818,N89818,1,undetected,N89818,N89818,N89818,sa1,1
12263,N110612 /1 undetected,output,,N110612,N110612,1,undetected,N110612,N110612,N110612,sa1,1
12264,N81492 /1 undetected,output,,N81492,N81492,1,undetected,N81492,N81492,N81492,sa1,1
12265,N110563 /1 undetected,output,,N110563,N110563,1,undetected,N110563,N110563,N110563,sa1,1
12266,N110322 /1 undetected,output,,N110322,N110322,1,undetected,N110322,N110322,N110322,sa1,1
12267,N89854 /1 undetected,output,,N89854,N89854,1,undetected,N89854,N89854,N89854,sa1,1
12268,N110718 /1 undetected,output,,N110718,N110718,1,undetected,N110718,N110718,N110718,sa1,1
12269,N110428 /1 undetected,output,,N110428,N110428,1,undetected,N110428,N110428,N110428,sa1,1
12270,N81526 /1 undetected,output,,N81526,N81526,1,undetected,N81526,N81526,N81526,sa1,1
12271,N110643 /1 undetected,output,,N110643,N110643,1,undetected,N110643,N110643,N110643,sa1,1
12272,N110427 /1 undetected,output,,N110427,N110427,1,undetected,N110427,N110427,N110427,sa1,1
12273,N110321 /1 undetected,output,,N110321,N110321,1,undetected,N110321,N110321,N110321,sa1,1
12274,N81327 /1 undetected,output,,N81327,N81327,1,undetected,N81327,N81327,N81327,sa1,1
12275,N107448 /1 undetected,output,,N107448,N107448,1,undetected,N107448,N107448,N107448,sa1,1
12276,N89700 /1 undetected,output,,N89700,N89700,1,undetected,N89700,N89700,N89700,sa1,1
12277,N107379 /1 undetected,output,,N107379,N107379,1,undetected,N107379,N107379,N107379,sa1,1
12278,N110262 /1 undetected,output,,N110262,N110262,1,undetected,N110262,N110262,N110262,sa1,1
12279,N110230 /1 undetected,output,,N110230,N110230,1,undetected,N110230,N110230,N110230,sa1,1
12280,N79550 /1 undetected,output,,N79550,N79550,1,undetected,N79550,N79550,N79550,sa1,1
12281,N88453 /1 undetected,output,,N88453,N88453,1,undetected,N88453,N88453,N88453,sa1,1
12282,N89876 /1 undetected,output,,N89876,N89876,1,undetected,N89876,N89876,N89876,sa1,1
12283,N110738 /1 undetected,output,,N110738,N110738,1,undetected,N110738,N110738,N110738,sa1,1
12284,N110459 /1 undetected,output,,N110459,N110459,1,undetected,N110459,N110459,N110459,sa1,1
12285,N110355 /1 undetected,output,,N110355,N110355,1,undetected,N110355,N110355,N110355,sa1,1
12286,N81548 /1 undetected,output,,N81548,N81548,1,undetected,N81548,N81548,N81548,sa1,1
12287,N110662 /1 undetected,output,,N110662,N110662,1,undetected,N110662,N110662,N110662,sa1,1
12288,N110354 /1 undetected,output,,N110354,N110354,1,undetected,N110354,N110354,N110354,sa1,1
12289,N110458 /1 undetected,output,,N110458,N110458,1,undetected,N110458,N110458,N110458,sa1,1
12290,N89813 /1 undetected,output,,N89813,N89813,1,undetected,N89813,N89813,N89813,sa1,1
12291,N110590 /1 undetected,output,,N110590,N110590,1,undetected,N110590,N110590,N110590,sa1,1
12292,N81459 /1 undetected,output,,N81459,N81459,1,undetected,N81459,N81459,N81459,sa1,1
12293,N110544 /1 undetected,output,,N110544,N110544,1,undetected,N110544,N110544,N110544,sa1,1
12294,N81537 /1 undetected,output,,N81537,N81537,1,undetected,N81537,N81537,N81537,sa1,1
12295,N110652 /1 undetected,output,,N110652,N110652,1,undetected,N110652,N110652,N110652,sa1,1
12296,N110444 /1 undetected,output,,N110444,N110444,1,undetected,N110444,N110444,N110444,sa1,1
12297,N110338 /1 undetected,output,,N110338,N110338,1,undetected,N110338,N110338,N110338,sa1,1
12298,N89865 /1 undetected,output,,N89865,N89865,1,undetected,N89865,N89865,N89865,sa1,1
12299,N110727 /1 undetected,output,,N110727,N110727,1,undetected,N110727,N110727,N110727,sa1,1
12300,N110337 /1 undetected,output,,N110337,N110337,1,undetected,N110337,N110337,N110337,sa1,1
12301,N110443 /1 undetected,output,,N110443,N110443,1,undetected,N110443,N110443,N110443,sa1,1
12302,N110264 /1 undetected,output,,N110264,N110264,1,undetected,N110264,N110264,N110264,sa1,1
12303,N110232 /1 undetected,output,,N110232,N110232,1,undetected,N110232,N110232,N110232,sa1,1
12304,N110263 /1 undetected,output,,N110263,N110263,1,undetected,N110263,N110263,N110263,sa1,1
12305,N110231 /1 undetected,output,,N110231,N110231,1,undetected,N110231,N110231,N110231,sa1,1
12306,N79590 /1 undetected,output,,N79590,N79590,1,undetected,N79590,N79590,N79590,sa1,1
12307,N81424 /1 undetected,output,,N81424,N81424,1,undetected,N81424,N81424,N81424,sa1,1
12308,N88470 /1 undetected,output,,N88470,N88470,1,undetected,N88470,N88470,N88470,sa1,1
12309,N89898 /1 undetected,output,,N89898,N89898,1,undetected,N89898,N89898,N89898,sa1,1
12310,N110760 /1 undetected,output,,N110760,N110760,1,undetected,N110760,N110760,N110760,sa1,1
12311,N110388 /1 undetected,output,,N110388,N110388,1,undetected,N110388,N110388,N110388,sa1,1
12312,N110492 /1 undetected,output,,N110492,N110492,1,undetected,N110492,N110492,N110492,sa1,1
12313,N81570 /1 undetected,output,,N81570,N81570,1,undetected,N81570,N81570,N81570,sa1,1
12314,N110684 /1 undetected,output,,N110684,N110684,1,undetected,N110684,N110684,N110684,sa1,1
12315,N110491 /1 undetected,output,,N110491,N110491,1,undetected,N110491,N110491,N110491,sa1,1
12316,N110387 /1 undetected,output,,N110387,N110387,1,undetected,N110387,N110387,N110387,sa1,1
12317,N79553 /1 undetected,output,,N79553,N79553,1,undetected,N79553,N79553,N79553,sa1,1
12318,N88454 /1 undetected,output,,N88454,N88454,1,undetected,N88454,N88454,N88454,sa1,1
12319,N79493 /1 undetected,output,,N79493,N79493,1,undetected,N79493,N79493,N79493,sa1,1
12320,N88432 /1 undetected,output,,N88432,N88432,1,undetected,N88432,N88432,N88432,sa1,1
12321,N52351 /1 undetected,output,,N52351,N52351,1,undetected,N52351,N52351,N52351,sa1,1
12322,N120017 /1 undetected,output,,N120017,N120017,1,undetected,N120017,N120017,N120017,sa1,1
12323,N109956 /1 undetected,output,,N109956,N109956,1,undetected,N109956,N109956,N109956,sa1,1
12324,N114789 /1 undetected,output,,N114789,N114789,1,undetected,N114789,N114789,N114789,sa1,1
12325,N51537 /1 undetected,output,,N51537,N51537,1,undetected,N51537,N51537,N51537,sa1,1
12326,N52467 /1 undetected,output,,N52467,N52467,1,undetected,N52467,N52467,N52467,sa1,1
12327,N94877 /1 undetected,output,,N94877,N94877,1,undetected,N94877,N94877,N94877,sa1,1
12328,N52463 /1 undetected,output,,N52463,N52463,1,undetected,N52463,N52463,N52463,sa1,1
12329,N81674 /1 undetected,output,,N81674,N81674,1,undetected,N81674,N81674,N81674,sa1,1
12330,N81588 /1 undetected,output,,N81588,N81588,1,undetected,N81588,N81588,N81588,sa1,1
12331,N52395 /1 undetected,output,,N52395,N52395,1,undetected,N52395,N52395,N52395,sa1,1
12332,N89915 /1 undetected,output,,N89915,N89915,1,undetected,N89915,N89915,N89915,sa1,1
12333,N52387 /1 undetected,output,,N52387,N52387,1,undetected,N52387,N52387,N52387,sa1,1
12334,N52456 /1 undetected,output,,N52456,N52456,1,undetected,N52456,N52456,N52456,sa1,1
12335,N89926 /1 undetected,output,,N89926,N89926,1,undetected,N89926,N89926,N89926,sa1,1
12336,N110253 /1 undetected,output,,N110253,N110253,1,undetected,N110253,N110253,N110253,sa1,1
12337,N110218 /1 undetected,output,,N110218,N110218,1,undetected,N110218,N110218,N110218,sa1,1
12338,N88515 /1 undetected,output,,N88515,N88515,1,undetected,N88515,N88515,N88515,sa1,1
12339,N79724 /1 undetected,output,,N79724,N79724,1,undetected,N79724,N79724,N79724,sa1,1
12340,N81489 /1 undetected,output,,N81489,N81489,1,undetected,N81489,N81489,N81489,sa1,1
12341,N110560 /1 undetected,output,,N110560,N110560,1,undetected,N110560,N110560,N110560,sa1,1
12342,N89823 /1 undetected,output,,N89823,N89823,1,undetected,N89823,N89823,N89823,sa1,1
12343,N110625 /1 undetected,output,,N110625,N110625,1,undetected,N110625,N110625,N110625,sa1,1
12344,N81479 /1 undetected,output,,N81479,N81479,1,undetected,N81479,N81479,N81479,sa1,1
12345,N110554 /1 undetected,output,,N110554,N110554,1,undetected,N110554,N110554,N110554,sa1,1
12346,N89819 /1 undetected,output,,N89819,N89819,1,undetected,N89819,N89819,N89819,sa1,1
12347,N110614 /1 undetected,output,,N110614,N110614,1,undetected,N110614,N110614,N110614,sa1,1
12348,N79725 /1 undetected,output,,N79725,N79725,1,undetected,N79725,N79725,N79725,sa1,1
12349,N88516 /1 undetected,output,,N88516,N88516,1,undetected,N88516,N88516,N88516,sa1,1
12350,N79507 /1 undetected,output,,N79507,N79507,1,undetected,N79507,N79507,N79507,sa1,1
12351,N88438 /1 undetected,output,,N88438,N88438,1,undetected,N88438,N88438,N88438,sa1,1
12352,N110117 /1 undetected,output,,N110117,N110117,1,undetected,N110117,N110117,N110117,sa1,1
12353,N110043 /1 undetected,output,,N110043,N110043,1,undetected,N110043,N110043,N110043,sa1,1
12354,N110138 /1 undetected,output,,N110138,N110138,1,undetected,N110138,N110138,N110138,sa1,1
12355,N110063 /1 undetected,output,,N110063,N110063,1,undetected,N110063,N110063,N110063,sa1,1
12356,N109917 /1 undetected,output,,N109917,N109917,1,undetected,N109917,N109917,N109917,sa1,1
12357,N79630 /1 undetected,output,,N79630,N79630,1,undetected,N79630,N79630,N79630,sa1,1
12358,N109751 /1 undetected,output,,N109751,N109751,1,undetected,N109751,N109751,N109751,sa1,1
12359,N106443 /1 undetected,output,,N106443,N106443,1,undetected,N106443,N106443,N106443,sa1,1
12360,N111426 /1 undetected,output,,N111426,N111426,1,undetected,N111426,N111426,N111426,sa1,1
12361,N111338 /1 undetected,output,,N111338,N111338,1,undetected,N111338,N111338,N111338,sa1,1
12362,N79822 /1 undetected,output,,N79822,N79822,1,undetected,N79822,N79822,N79822,sa1,1
12363,N108601 /1 undetected,output,,N108601,N108601,1,undetected,N108601,N108601,N108601,sa1,1
12364,N108441 /1 undetected,output,,N108441,N108441,1,undetected,N108441,N108441,N108441,sa1,1
12365,N108796 /1 undetected,output,,N108796,N108796,1,undetected,N108796,N108796,N108796,sa1,1
12366,N79955 /1 undetected,output,,N79955,N79955,1,undetected,N79955,N79955,N79955,sa1,1
12367,N89364 /1 undetected,output,,N89364,N89364,1,undetected,N89364,N89364,N89364,sa1,1
12368,N108209 /1 undetected,output,,N108209,N108209,1,undetected,N108209,N108209,N108209,sa1,1
12369,N80957 /1 undetected,output,,N80957,N80957,1,undetected,N80957,N80957,N80957,sa1,1
12370,N108313 /1 undetected,output,,N108313,N108313,1,undetected,N108313,N108313,N108313,sa1,1
12371,N109588 /1 undetected,output,,N109588,N109588,1,undetected,N109588,N109588,N109588,sa1,1
12372,N109405 /1 undetected,output,,N109405,N109405,1,undetected,N109405,N109405,N109405,sa1,1
12373,N80225 /1 undetected,output,,N80225,N80225,1,undetected,N80225,N80225,N80225,sa1,1
12374,N107509 /1 undetected,output,,N107509,N107509,1,undetected,N107509,N107509,N107509,sa1,1
12375,N88974 /1 undetected,output,,N88974,N88974,1,undetected,N88974,N88974,N88974,sa1,1
12376,N80548 /1 undetected,output,,N80548,N80548,1,undetected,N80548,N80548,N80548,sa1,1
12377,N107480 /1 undetected,output,,N107480,N107480,1,undetected,N107480,N107480,N107480,sa1,1
12378,N114288 /1 undetected,output,,N114288,N114288,1,undetected,N114288,N114288,N114288,sa1,1
12379,N90051 /1 undetected,output,,N90051,N90051,1,undetected,N90051,N90051,N90051,sa1,1
12380,N33745 /1 undetected,output,,N33745,N33745,1,undetected,N33745,N33745,N33745,sa1,1
12381,N33743 /1 undetected,output,,N33743,N33743,1,undetected,N33743,N33743,N33743,sa1,1
12382,N33742 /1 undetected,output,,N33742,N33742,1,undetected,N33742,N33742,N33742,sa1,1
12383,N74689 /1 undetected,output,,N74689,N74689,1,undetected,N74689,N74689,N74689,sa1,1
12384,N33741 /1 undetected,output,,N33741,N33741,1,undetected,N33741,N33741,N33741,sa1,1
12385,N114284 /1 undetected,output,,N114284,N114284,1,undetected,N114284,N114284,N114284,sa1,1
12386,N109062 /1 undetected,output,,N109062,N109062,1,undetected,N109062,N109062,N109062,sa1,1
12387,N33739 /1 undetected,output,,N33739,N33739,1,undetected,N33739,N33739,N33739,sa1,1
12388,N92314 /1 undetected,output,,N92314,N92314,1,undetected,N92314,N92314,N92314,sa1,1
12389,N33737 /1 undetected,output,,N33737,N33737,1,undetected,N33737,N33737,N33737,sa1,1
12390,N79389 /1 undetected,output,,N79389,N79389,1,undetected,N79389,N79389,N79389,sa1,1
12391,N33736 /1 undetected,output,,N33736,N33736,1,undetected,N33736,N33736,N33736,sa1,1
12392,N114153 /1 undetected,output,,N114153,N114153,1,undetected,N114153,N114153,N114153,sa1,1
12393,N109180 /1 undetected,output,,N109180,N109180,1,undetected,N109180,N109180,N109180,sa1,1
12394,N33734 /1 undetected,output,,N33734,N33734,1,undetected,N33734,N33734,N33734,sa1,1
12395,N112410 /1 undetected,output,,N112410,N112410,1,undetected,N112410,N112410,N112410,sa1,1
12396,N88329 /1 undetected,output,,N88329,N88329,1,undetected,N88329,N88329,N88329,sa1,1
12397,N33732 /1 undetected,output,,N33732,N33732,1,undetected,N33732,N33732,N33732,sa1,1
12398,N84590 /1 undetected,output,,N84590,N84590,1,undetected,N84590,N84590,N84590,sa1,1
12399,N84772 /1 undetected,output,,N84772,N84772,1,undetected,N84772,N84772,N84772,sa1,1
12400,N33727 /1 undetected,output,,N33727,N33727,1,undetected,N33727,N33727,N33727,sa1,1
12401,N33724 /1 undetected,output,,N33724,N33724,1,undetected,N33724,N33724,N33724,sa1,1
12402,N114286 /1 undetected,output,,N114286,N114286,1,undetected,N114286,N114286,N114286,sa1,1
12403,N109280 /1 undetected,output,,N109280,N109280,1,undetected,N109280,N109280,N109280,sa1,1
12404,N114283 /1 undetected,output,,N114283,N114283,1,undetected,N114283,N114283,N114283,sa1,1
12405,N109331 /1 undetected,output,,N109331,N109331,1,undetected,N109331,N109331,N109331,sa1,1
12406,N33720 /1 undetected,output,,N33720,N33720,1,undetected,N33720,N33720,N33720,sa1,1
12407,N33718 /1 undetected,output,,N33718,N33718,1,undetected,N33718,N33718,N33718,sa1,1
12408,N81815 /1 undetected,output,,N81815,N81815,1,undetected,N81815,N81815,N81815,sa1,1
12409,N33717 /1 undetected,output,,N33717,N33717,1,undetected,N33717,N33717,N33717,sa1,1
12410,N109295 /1 undetected,output,,N109295,N109295,1,undetected,N109295,N109295,N109295,sa1,1
12411,N79388 /1 undetected,output,,N79388,N79388,1,undetected,N79388,N79388,N79388,sa1,1
12412,N33715 /1 undetected,output,,N33715,N33715,1,undetected,N33715,N33715,N33715,sa1,1
12413,N109254 /1 undetected,output,,N109254,N109254,1,undetected,N109254,N109254,N109254,sa1,1
12414,N88328 /1 undetected,output,,N88328,N88328,1,undetected,N88328,N88328,N88328,sa1,1
12415,N33713 /1 undetected,output,,N33713,N33713,1,undetected,N33713,N33713,N33713,sa1,1
12416,N33711 /1 undetected,output,,N33711,N33711,1,undetected,N33711,N33711,N33711,sa1,1
12417,N74845 /1 undetected,output,,N74845,N74845,1,undetected,N74845,N74845,N74845,sa1,1
12418,N33710 /1 undetected,output,,N33710,N33710,1,undetected,N33710,N33710,N33710,sa1,1
12419,N33709 /1 undetected,output,,N33709,N33709,1,undetected,N33709,N33709,N33709,sa1,1
12420,N114282 /1 undetected,output,,N114282,N114282,1,undetected,N114282,N114282,N114282,sa1,1
12421,N109108 /1 undetected,output,,N109108,N109108,1,undetected,N109108,N109108,N109108,sa1,1
12422,N33707 /1 undetected,output,,N33707,N33707,1,undetected,N33707,N33707,N33707,sa1,1
12423,N114285 /1 undetected,output,,N114285,N114285,1,undetected,N114285,N114285,N114285,sa1,1
12424,N109042 /1 undetected,output,,N109042,N109042,1,undetected,N109042,N109042,N109042,sa1,1
12425,N33705 /1 undetected,output,,N33705,N33705,1,undetected,N33705,N33705,N33705,sa1,1
12426,N33703 /1 undetected,output,,N33703,N33703,1,undetected,N33703,N33703,N33703,sa1,1
12427,N81814 /1 undetected,output,,N81814,N81814,1,undetected,N81814,N81814,N81814,sa1,1
12428,N33702 /1 undetected,output,,N33702,N33702,1,undetected,N33702,N33702,N33702,sa1,1
12429,N109199 /1 undetected,output,,N109199,N109199,1,undetected,N109199,N109199,N109199,sa1,1
12430,N79387 /1 undetected,output,,N79387,N79387,1,undetected,N79387,N79387,N79387,sa1,1
12431,N33700 /1 undetected,output,,N33700,N33700,1,undetected,N33700,N33700,N33700,sa1,1
12432,N109228 /1 undetected,output,,N109228,N109228,1,undetected,N109228,N109228,N109228,sa1,1
12433,N88327 /1 undetected,output,,N88327,N88327,1,undetected,N88327,N88327,N88327,sa1,1
12434,N114322 /1 undetected,output,,N114322,N114322,1,undetected,N114322,N114322,N114322,sa1,1
12435,N80088 /1 undetected,output,,N80088,N80088,1,undetected,N80088,N80088,N80088,sa1,1
12436,N80744 /1 undetected,output,,N80744,N80744,1,undetected,N80744,N80744,N80744,sa1,1
12437,N89166 /1 undetected,output,,N89166,N89166,1,undetected,N89166,N89166,N89166,sa1,1
12438,N112702 /1 undetected,output,,N112702,N112702,1,undetected,N112702,N112702,N112702,sa1,1
12439,N113236 /1 undetected,output,,N113236,N113236,1,undetected,N113236,N113236,N113236,sa1,1
12440,N79505 /1 undetected,output,,N79505,N79505,1,undetected,N79505,N79505,N79505,sa1,1
12441,N110153 /1 undetected,output,,N110153,N110153,1,undetected,N110153,N110153,N110153,sa1,1
12442,N81353 /1 undetected,output,,N81353,N81353,1,undetected,N81353,N81353,N81353,sa1,1
12443,N89725 /1 undetected,output,,N89725,N89725,1,undetected,N89725,N89725,N89725,sa1,1
12444,N110169 /1 undetected,output,,N110169,N110169,1,undetected,N110169,N110169,N110169,sa1,1
12445,N89724 /1 undetected,output,,N89724,N89724,1,undetected,N89724,N89724,N89724,sa1,1
12446,N81352 /1 undetected,output,,N81352,N81352,1,undetected,N81352,N81352,N81352,sa1,1
12447,N110802 /1 undetected,output,,N110802,N110802,1,undetected,N110802,N110802,N110802,sa1,1
12448,N110010 /1 undetected,output,,N110010,N110010,1,undetected,N110010,N110010,N110010,sa1,1
12449,N110084 /1 undetected,output,,N110084,N110084,1,undetected,N110084,N110084,N110084,sa1,1
12450,N81467 /1 undetected,output,,N81467,N81467,1,undetected,N81467,N81467,N81467,sa1,1
12451,N110548 /1 undetected,output,,N110548,N110548,1,undetected,N110548,N110548,N110548,sa1,1
12452,N89816 /1 undetected,output,,N89816,N89816,1,undetected,N89816,N89816,N89816,sa1,1
12453,N110599 /1 undetected,output,,N110599,N110599,1,undetected,N110599,N110599,N110599,sa1,1
12454,N110267 /1 undetected,output,,N110267,N110267,1,undetected,N110267,N110267,N110267,sa1,1
12455,N110294 /1 undetected,output,,N110294,N110294,1,undetected,N110294,N110294,N110294,sa1,1
12456,N110981 /1 undetected,output,,N110981,N110981,1,undetected,N110981,N110981,N110981,sa1,1
12457,N110920 /1 undetected,output,,N110920,N110920,1,undetected,N110920,N110920,N110920,sa1,1
12458,N81324 /1 undetected,output,,N81324,N81324,1,undetected,N81324,N81324,N81324,sa1,1
12459,N107443 /1 undetected,output,,N107443,N107443,1,undetected,N107443,N107443,N107443,sa1,1
12460,N89697 /1 undetected,output,,N89697,N89697,1,undetected,N89697,N89697,N89697,sa1,1
12461,N107374 /1 undetected,output,,N107374,N107374,1,undetected,N107374,N107374,N107374,sa1,1
12462,N110242 /1 undetected,output,,N110242,N110242,1,undetected,N110242,N110242,N110242,sa1,1
12463,N110207 /1 undetected,output,,N110207,N110207,1,undetected,N110207,N110207,N110207,sa1,1
12464,N110139 /1 undetected,output,,N110139,N110139,1,undetected,N110139,N110139,N110139,sa1,1
12465,N110064 /1 undetected,output,,N110064,N110064,1,undetected,N110064,N110064,N110064,sa1,1
12466,N81338 /1 undetected,output,,N81338,N81338,1,undetected,N81338,N81338,N81338,sa1,1
12467,N107463 /1 undetected,output,,N107463,N107463,1,undetected,N107463,N107463,N107463,sa1,1
12468,N89711 /1 undetected,output,,N89711,N89711,1,undetected,N89711,N89711,N89711,sa1,1
12469,N107394 /1 undetected,output,,N107394,N107394,1,undetected,N107394,N107394,N107394,sa1,1
12470,N79586 /1 undetected,output,,N79586,N79586,1,undetected,N79586,N79586,N79586,sa1,1
12471,N88469 /1 undetected,output,,N88469,N88469,1,undetected,N88469,N88469,N88469,sa1,1
12472,N88464 /1 undetected,output,,N88464,N88464,1,undetected,N88464,N88464,N88464,sa1,1
12473,N79575 /1 undetected,output,,N79575,N79575,1,undetected,N79575,N79575,N79575,sa1,1
12474,N88462 /1 undetected,output,,N88462,N88462,1,undetected,N88462,N88462,N88462,sa1,1
12475,N79572 /1 undetected,output,,N79572,N79572,1,undetected,N79572,N79572,N79572,sa1,1
12476,N79519 /1 undetected,output,,N79519,N79519,1,undetected,N79519,N79519,N79519,sa1,1
12477,N88442 /1 undetected,output,,N88442,N88442,1,undetected,N88442,N88442,N88442,sa1,1
12478,N110080 /1 undetected,output,,N110080,N110080,1,undetected,N110080,N110080,N110080,sa1,1
12479,N110006 /1 undetected,output,,N110006,N110006,1,undetected,N110006,N110006,N110006,sa1,1
12480,N110300 /1 undetected,output,,N110300,N110300,1,undetected,N110300,N110300,N110300,sa1,1
12481,N110274 /1 undetected,output,,N110274,N110274,1,undetected,N110274,N110274,N110274,sa1,1
12482,N89815 /1 undetected,output,,N89815,N89815,1,undetected,N89815,N89815,N89815,sa1,1
12483,N110594 /1 undetected,output,,N110594,N110594,1,undetected,N110594,N110594,N110594,sa1,1
12484,N109961 /1 undetected,output,,N109961,N109961,1,undetected,N109961,N109961,N109961,sa1,1
12485,N109794 /1 undetected,output,,N109794,N109794,1,undetected,N109794,N109794,N109794,sa1,1
12486,N111378 /1 undetected,output,,N111378,N111378,1,undetected,N111378,N111378,N111378,sa1,1
12487,N108845 /1 undetected,output,,N108845,N108845,1,undetected,N108845,N108845,N108845,sa1,1
12488,N80055 /1 undetected,output,,N80055,N80055,1,undetected,N80055,N80055,N80055,sa1,1
12489,N111748 /1 undetected,output,,N111748,N111748,1,undetected,N111748,N111748,N111748,sa1,1
12490,N107134 /1 undetected,output,,N107134,N107134,1,undetected,N107134,N107134,N107134,sa1,1
12491,N107175 /1 undetected,output,,N107175,N107175,1,undetected,N107175,N107175,N107175,sa1,1
12492,N109613 /1 undetected,output,,N109613,N109613,1,undetected,N109613,N109613,N109613,sa1,1
12493,N109446 /1 undetected,output,,N109446,N109446,1,undetected,N109446,N109446,N109446,sa1,1
12494,N107502 /1 undetected,output,,N107502,N107502,1,undetected,N107502,N107502,N107502,sa1,1
12495,N56237 /1 undetected,output,,N56237,N56237,1,undetected,N56237,N56237,N56237,sa1,1
12496,N75856 /1 undetected,output,,N75856,N75856,1,undetected,N75856,N75856,N75856,sa1,1
12497,N92410 /1 undetected,output,,N92410,N92410,1,undetected,N92410,N92410,N92410,sa1,1
12498,N56233 /1 undetected,output,,N56233,N56233,1,undetected,N56233,N56233,N56233,sa1,1
12499,N56229 /1 undetected,output,,N56229,N56229,1,undetected,N56229,N56229,N56229,sa1,1
12500,N56228 /1 undetected,output,,N56228,N56228,1,undetected,N56228,N56228,N56228,sa1,1
12501,N121087 /1 undetected,output,,N121087,N121087,1,undetected,N121087,N121087,N121087,sa1,1
12502,N109266 /1 undetected,output,,N109266,N109266,1,undetected,N109266,N109266,N109266,sa1,1
12503,N56221 /1 undetected,output,,N56221,N56221,1,undetected,N56221,N56221,N56221,sa1,1
12504,N121020 /1 undetected,output,,N121020,N121020,1,undetected,N121020,N121020,N121020,sa1,1
12505,N85581 /1 undetected,output,,N85581,N85581,1,undetected,N85581,N85581,N85581,sa1,1
12506,N56226 /1 undetected,output,,N56226,N56226,1,undetected,N56226,N56226,N56226,sa1,1
12507,N56224 /1 undetected,output,,N56224,N56224,1,undetected,N56224,N56224,N56224,sa1,1
12508,N120661 /1 undetected,output,,N120661,N120661,1,undetected,N120661,N120661,N120661,sa1,1
12509,N56223 /1 undetected,output,,N56223,N56223,1,undetected,N56223,N56223,N56223,sa1,1
12510,N121075 /1 undetected,output,,N121075,N121075,1,undetected,N121075,N121075,N121075,sa1,1
12511,N109262 /1 undetected,output,,N109262,N109262,1,undetected,N109262,N109262,N109262,sa1,1
12512,N56220 /1 undetected,output,,N56220,N56220,1,undetected,N56220,N56220,N56220,sa1,1
12513,N75648 /1 undetected,output,,N75648,N75648,1,undetected,N75648,N75648,N75648,sa1,1
12514,N56218 /1 undetected,output,,N56218,N56218,1,undetected,N56218,N56218,N56218,sa1,1
12515,N56216 /1 undetected,output,,N56216,N56216,1,undetected,N56216,N56216,N56216,sa1,1
12516,N56215 /1 undetected,output,,N56215,N56215,1,undetected,N56215,N56215,N56215,sa1,1
12517,N56213 /1 undetected,output,,N56213,N56213,1,undetected,N56213,N56213,N56213,sa1,1
12518,N121022 /1 undetected,output,,N121022,N121022,1,undetected,N121022,N121022,N121022,sa1,1
12519,N56210 /1 undetected,output,,N56210,N56210,1,undetected,N56210,N56210,N56210,sa1,1
12520,N121086 /1 undetected,output,,N121086,N121086,1,undetected,N121086,N121086,N121086,sa1,1
12521,N75835 /1 undetected,output,,N75835,N75835,1,undetected,N75835,N75835,N75835,sa1,1
12522,N25384 /1 undetected,output,,N25384,N25384,1,undetected,N25384,N25384,N25384,sa1,1
12523,N56209 /1 undetected,output,,N56209,N56209,1,undetected,N56209,N56209,N56209,sa1,1
12524,N56207 /1 undetected,output,,N56207,N56207,1,undetected,N56207,N56207,N56207,sa1,1
12525,N121070 /1 undetected,output,,N121070,N121070,1,undetected,N121070,N121070,N121070,sa1,1
12526,N76066 /1 undetected,output,,N76066,N76066,1,undetected,N76066,N76066,N76066,sa1,1
12527,N56206 /1 undetected,output,,N56206,N56206,1,undetected,N56206,N56206,N56206,sa1,1
12528,N120664 /1 undetected,output,,N120664,N120664,1,undetected,N120664,N120664,N120664,sa1,1
12529,N56204 /1 undetected,output,,N56204,N56204,1,undetected,N56204,N56204,N56204,sa1,1
12530,N107818 /1 undetected,output,,N107818,N107818,1,undetected,N107818,N107818,N107818,sa1,1
12531,N85713 /1 undetected,output,,N85713,N85713,1,undetected,N85713,N85713,N85713,sa1,1
12532,N56212 /1 undetected,output,,N56212,N56212,1,undetected,N56212,N56212,N56212,sa1,1
12533,N121074 /1 undetected,output,,N121074,N121074,1,undetected,N121074,N121074,N121074,sa1,1
12534,N121024 /1 undetected,output,,N121024,N121024,1,undetected,N121024,N121024,N121024,sa1,1
12535,N56199 /1 undetected,output,,N56199,N56199,1,undetected,N56199,N56199,N56199,sa1,1
12536,N97788 /1 undetected,output,,N97788,N97788,1,undetected,N97788,N97788,N97788,sa1,1
12537,N56198 /1 undetected,output,,N56198,N56198,1,undetected,N56198,N56198,N56198,sa1,1
12538,N98424 /1 undetected,output,,N98424,N98424,1,undetected,N98424,N98424,N98424,sa1,1
12539,N56196 /1 undetected,output,,N56196,N56196,1,undetected,N56196,N56196,N56196,sa1,1
12540,N56194 /1 undetected,output,,N56194,N56194,1,undetected,N56194,N56194,N56194,sa1,1
12541,N56192 /1 undetected,output,,N56192,N56192,1,undetected,N56192,N56192,N56192,sa1,1
12542,N85886 /1 undetected,output,,N85886,N85886,1,undetected,N85886,N85886,N85886,sa1,1
12543,N56191 /1 undetected,output,,N56191,N56191,1,undetected,N56191,N56191,N56191,sa1,1
12544,N121145 /1 undetected,output,,N121145,N121145,1,undetected,N121145,N121145,N121145,sa1,1
12545,N93902 /1 undetected,output,,N93902,N93902,1,undetected,N93902,N93902,N93902,sa1,1
12546,N56189 /1 undetected,output,,N56189,N56189,1,undetected,N56189,N56189,N56189,sa1,1
12547,N121143 /1 undetected,output,,N121143,N121143,1,undetected,N121143,N121143,N121143,sa1,1
12548,N93823 /1 undetected,output,,N93823,N93823,1,undetected,N93823,N93823,N93823,sa1,1
12549,N56187 /1 undetected,output,,N56187,N56187,1,undetected,N56187,N56187,N56187,sa1,1
12550,N56185 /1 undetected,output,,N56185,N56185,1,undetected,N56185,N56185,N56185,sa1,1
12551,N76065 /1 undetected,output,,N76065,N76065,1,undetected,N76065,N76065,N76065,sa1,1
12552,N56182 /1 undetected,output,,N56182,N56182,1,undetected,N56182,N56182,N56182,sa1,1
12553,N121137 /1 undetected,output,,N121137,N121137,1,undetected,N121137,N121137,N121137,sa1,1
12554,N93901 /1 undetected,output,,N93901,N93901,1,undetected,N93901,N93901,N93901,sa1,1
12555,N56184 /1 undetected,output,,N56184,N56184,1,undetected,N56184,N56184,N56184,sa1,1
12556,N121139 /1 undetected,output,,N121139,N121139,1,undetected,N121139,N121139,N121139,sa1,1
12557,N93822 /1 undetected,output,,N93822,N93822,1,undetected,N93822,N93822,N93822,sa1,1
12558,N56180 /1 undetected,output,,N56180,N56180,1,undetected,N56180,N56180,N56180,sa1,1
12559,N56178 /1 undetected,output,,N56178,N56178,1,undetected,N56178,N56178,N56178,sa1,1
12560,N85580 /1 undetected,output,,N85580,N85580,1,undetected,N85580,N85580,N85580,sa1,1
12561,N56177 /1 undetected,output,,N56177,N56177,1,undetected,N56177,N56177,N56177,sa1,1
12562,N56175 /1 undetected,output,,N56175,N56175,1,undetected,N56175,N56175,N56175,sa1,1
12563,N76154 /1 undetected,output,,N76154,N76154,1,undetected,N76154,N76154,N76154,sa1,1
12564,N56174 /1 undetected,output,,N56174,N56174,1,undetected,N56174,N56174,N56174,sa1,1
12565,N56172 /1 undetected,output,,N56172,N56172,1,undetected,N56172,N56172,N56172,sa1,1
12566,N85885 /1 undetected,output,,N85885,N85885,1,undetected,N85885,N85885,N85885,sa1,1
12567,N56166 /1 undetected,output,,N56166,N56166,1,undetected,N56166,N56166,N56166,sa1,1
12568,N121142 /1 undetected,output,,N121142,N121142,1,undetected,N121142,N121142,N121142,sa1,1
12569,N94379 /1 undetected,output,,N94379,N94379,1,undetected,N94379,N94379,N94379,sa1,1
12570,N56171 /1 undetected,output,,N56171,N56171,1,undetected,N56171,N56171,N56171,sa1,1
12571,N121144 /1 undetected,output,,N121144,N121144,1,undetected,N121144,N121144,N121144,sa1,1
12572,N94468 /1 undetected,output,,N94468,N94468,1,undetected,N94468,N94468,N94468,sa1,1
12573,N56160 /1 undetected,output,,N56160,N56160,1,undetected,N56160,N56160,N56160,sa1,1
12574,N56158 /1 undetected,output,,N56158,N56158,1,undetected,N56158,N56158,N56158,sa1,1
12575,N76064 /1 undetected,output,,N76064,N76064,1,undetected,N76064,N76064,N76064,sa1,1
12576,N56153 /1 undetected,output,,N56153,N56153,1,undetected,N56153,N56153,N56153,sa1,1
12577,N121136 /1 undetected,output,,N121136,N121136,1,undetected,N121136,N121136,N121136,sa1,1
12578,N94467 /1 undetected,output,,N94467,N94467,1,undetected,N94467,N94467,N94467,sa1,1
12579,N56157 /1 undetected,output,,N56157,N56157,1,undetected,N56157,N56157,N56157,sa1,1
12580,N121138 /1 undetected,output,,N121138,N121138,1,undetected,N121138,N121138,N121138,sa1,1
12581,N94378 /1 undetected,output,,N94378,N94378,1,undetected,N94378,N94378,N94378,sa1,1
12582,N56104 /1 undetected,output,,N56104,N56104,1,undetected,N56104,N56104,N56104,sa1,1
12583,N56103 /1 undetected,output,,N56103,N56103,1,undetected,N56103,N56103,N56103,sa1,1
12584,N103887 /1 undetected,output,,N103887,N103887,1,undetected,N103887,N103887,N103887,sa1,1
12585,N121135 /1 undetected,output,,N121135,N121135,1,undetected,N121135,N121135,N121135,sa1,1
12586,N85966 /1 undetected,output,,N85966,N85966,1,undetected,N85966,N85966,N85966,sa1,1
12587,N56099 /1 undetected,output,,N56099,N56099,1,undetected,N56099,N56099,N56099,sa1,1
12588,N56097 /1 undetected,output,,N56097,N56097,1,undetected,N56097,N56097,N56097,sa1,1
12589,N94505 /1 undetected,output,,N94505,N94505,1,undetected,N94505,N94505,N94505,sa1,1
12590,N56096 /1 undetected,output,,N56096,N56096,1,undetected,N56096,N56096,N56096,sa1,1
12591,N121133 /1 undetected,output,,N121133,N121133,1,undetected,N121133,N121133,N121133,sa1,1
12592,N94377 /1 undetected,output,,N94377,N94377,1,undetected,N94377,N94377,N94377,sa1,1
12593,N56094 /1 undetected,output,,N56094,N56094,1,undetected,N56094,N56094,N56094,sa1,1
12594,N121121 /1 undetected,output,,N121121,N121121,1,undetected,N121121,N121121,N121121,sa1,1
12595,N94466 /1 undetected,output,,N94466,N94466,1,undetected,N94466,N94466,N94466,sa1,1
12596,N56092 /1 undetected,output,,N56092,N56092,1,undetected,N56092,N56092,N56092,sa1,1
12597,N56090 /1 undetected,output,,N56090,N56090,1,undetected,N56090,N56090,N56090,sa1,1
12598,N121119 /1 undetected,output,,N121119,N121119,1,undetected,N121119,N121119,N121119,sa1,1
12599,N94465 /1 undetected,output,,N94465,N94465,1,undetected,N94465,N94465,N94465,sa1,1
12600,N56087 /1 undetected,output,,N56087,N56087,1,undetected,N56087,N56087,N56087,sa1,1
12601,N121129 /1 undetected,output,,N121129,N121129,1,undetected,N121129,N121129,N121129,sa1,1
12602,N94376 /1 undetected,output,,N94376,N94376,1,undetected,N94376,N94376,N94376,sa1,1
12603,N56085 /1 undetected,output,,N56085,N56085,1,undetected,N56085,N56085,N56085,sa1,1
12604,N56083 /1 undetected,output,,N56083,N56083,1,undetected,N56083,N56083,N56083,sa1,1
12605,N95747 /1 undetected,output,,N95747,N95747,1,undetected,N95747,N95747,N95747,sa1,1
12606,N56082 /1 undetected,output,,N56082,N56082,1,undetected,N56082,N56082,N56082,sa1,1
12607,N56080 /1 undetected,output,,N56080,N56080,1,undetected,N56080,N56080,N56080,sa1,1
12608,N85884 /1 undetected,output,,N85884,N85884,1,undetected,N85884,N85884,N85884,sa1,1
12609,N56078 /1 undetected,output,,N56078,N56078,1,undetected,N56078,N56078,N56078,sa1,1
12610,N56074 /1 undetected,output,,N56074,N56074,1,undetected,N56074,N56074,N56074,sa1,1
12611,N121012 /1 undetected,output,,N121012,N121012,1,undetected,N121012,N121012,N121012,sa1,1
12612,N56073 /1 undetected,output,,N56073,N56073,1,undetected,N56073,N56073,N56073,sa1,1
12613,N56071 /1 undetected,output,,N56071,N56071,1,undetected,N56071,N56071,N56071,sa1,1
12614,N76062 /1 undetected,output,,N76062,N76062,1,undetected,N76062,N76062,N76062,sa1,1
12615,N56068 /1 undetected,output,,N56068,N56068,1,undetected,N56068,N56068,N56068,sa1,1
12616,N105572 /1 undetected,output,,N105572,N105572,1,undetected,N105572,N105572,N105572,sa1,1
12617,N56066 /1 undetected,output,,N56066,N56066,1,undetected,N56066,N56066,N56066,sa1,1
12618,N121073 /1 undetected,output,,N121073,N121073,1,undetected,N121073,N121073,N121073,sa1,1
12619,N120947 /1 undetected,output,,N120947,N120947,1,undetected,N120947,N120947,N120947,sa1,1
12620,N56070 /1 undetected,output,,N56070,N56070,1,undetected,N56070,N56070,N56070,sa1,1
12621,N121123 /1 undetected,output,,N121123,N121123,1,undetected,N121123,N121123,N121123,sa1,1
12622,N121068 /1 undetected,output,,N121068,N121068,1,undetected,N121068,N121068,N121068,sa1,1
12623,N56065 /1 undetected,output,,N56065,N56065,1,undetected,N56065,N56065,N56065,sa1,1
12624,N56063 /1 undetected,output,,N56063,N56063,1,undetected,N56063,N56063,N56063,sa1,1
12625,N95851 /1 undetected,output,,N95851,N95851,1,undetected,N95851,N95851,N95851,sa1,1
12626,N56062 /1 undetected,output,,N56062,N56062,1,undetected,N56062,N56062,N56062,sa1,1
12627,N56060 /1 undetected,output,,N56060,N56060,1,undetected,N56060,N56060,N56060,sa1,1
12628,N93821 /1 undetected,output,,N93821,N93821,1,undetected,N93821,N93821,N93821,sa1,1
12629,N56059 /1 undetected,output,,N56059,N56059,1,undetected,N56059,N56059,N56059,sa1,1
12630,N121132 /1 undetected,output,,N121132,N121132,1,undetected,N121132,N121132,N121132,sa1,1
12631,N85883 /1 undetected,output,,N85883,N85883,1,undetected,N85883,N85883,N85883,sa1,1
12632,N56043 /1 undetected,output,,N56043,N56043,1,undetected,N56043,N56043,N56043,sa1,1
12633,N121128 /1 undetected,output,,N121128,N121128,1,undetected,N121128,N121128,N121128,sa1,1
12634,N76061 /1 undetected,output,,N76061,N76061,1,undetected,N76061,N76061,N76061,sa1,1
12635,N56017 /1 undetected,output,,N56017,N56017,1,undetected,N56017,N56017,N56017,sa1,1
12636,N56015 /1 undetected,output,,N56015,N56015,1,undetected,N56015,N56015,N56015,sa1,1
12637,N93900 /1 undetected,output,,N93900,N93900,1,undetected,N93900,N93900,N93900,sa1,1
12638,N56014 /1 undetected,output,,N56014,N56014,1,undetected,N56014,N56014,N56014,sa1,1
12639,N121120 /1 undetected,output,,N121120,N121120,1,undetected,N121120,N121120,N121120,sa1,1
12640,N85882 /1 undetected,output,,N85882,N85882,1,undetected,N85882,N85882,N85882,sa1,1
12641,N55996 /1 undetected,output,,N55996,N55996,1,undetected,N55996,N55996,N55996,sa1,1
12642,N121118 /1 undetected,output,,N121118,N121118,1,undetected,N121118,N121118,N121118,sa1,1
12643,N76060 /1 undetected,output,,N76060,N76060,1,undetected,N76060,N76060,N76060,sa1,1
12644,N107614 /1 undetected,output,,N107614,N107614,1,undetected,N107614,N107614,N107614,sa1,1
12645,N80339 /1 undetected,output,,N80339,N80339,1,undetected,N80339,N80339,N80339,sa1,1
12646,N55969 /1 undetected,output,,N55969,N55969,1,undetected,N55969,N55969,N55969,sa1,1
12647,N107531 /1 undetected,output,,N107531,N107531,1,undetected,N107531,N107531,N107531,sa1,1
12648,N89023 /1 undetected,output,,N89023,N89023,1,undetected,N89023,N89023,N89023,sa1,1
12649,N80597 /1 undetected,output,,N80597,N80597,1,undetected,N80597,N80597,N80597,sa1,1
12650,N80191 /1 undetected,output,,N80191,N80191,1,undetected,N80191,N80191,N80191,sa1,1
12651,N112715 /1 undetected,output,,N112715,N112715,1,undetected,N112715,N112715,N112715,sa1,1
12652,N79919 /1 undetected,output,,N79919,N79919,1,undetected,N79919,N79919,N79919,sa1,1
12653,N108682 /1 undetected,output,,N108682,N108682,1,undetected,N108682,N108682,N108682,sa1,1
12654,N108522 /1 undetected,output,,N108522,N108522,1,undetected,N108522,N108522,N108522,sa1,1
12655,N79788 /1 undetected,output,,N79788,N79788,1,undetected,N79788,N79788,N79788,sa1,1
12656,N111418 /1 undetected,output,,N111418,N111418,1,undetected,N111418,N111418,N111418,sa1,1
12657,N107056 /1 undetected,output,,N107056,N107056,1,undetected,N107056,N107056,N107056,sa1,1
12658,N107083 /1 undetected,output,,N107083,N107083,1,undetected,N107083,N107083,N107083,sa1,1
12659,N106389 /1 undetected,output,,N106389,N106389,1,undetected,N106389,N106389,N106389,sa1,1
12660,N81187 /1 undetected,output,,N81187,N81187,1,undetected,N81187,N81187,N81187,sa1,1
12661,N89568 /1 undetected,output,,N89568,N89568,1,undetected,N89568,N89568,N89568,sa1,1
12662,N106427 /1 undetected,output,,N106427,N106427,1,undetected,N106427,N106427,N106427,sa1,1
12663,N89567 /1 undetected,output,,N89567,N89567,1,undetected,N89567,N89567,N89567,sa1,1
12664,N81186 /1 undetected,output,,N81186,N81186,1,undetected,N81186,N81186,N81186,sa1,1
12665,N79708 /1 undetected,output,,N79708,N79708,1,undetected,N79708,N79708,N79708,sa1,1
12666,N109974 /1 undetected,output,,N109974,N109974,1,undetected,N109974,N109974,N109974,sa1,1
12667,N81247 /1 undetected,output,,N81247,N81247,1,undetected,N81247,N81247,N81247,sa1,1
12668,N89624 /1 undetected,output,,N89624,N89624,1,undetected,N89624,N89624,N89624,sa1,1
12669,N109990 /1 undetected,output,,N109990,N109990,1,undetected,N109990,N109990,N109990,sa1,1
12670,N89623 /1 undetected,output,,N89623,N89623,1,undetected,N89623,N89623,N89623,sa1,1
12671,N81246 /1 undetected,output,,N81246,N81246,1,undetected,N81246,N81246,N81246,sa1,1
12672,N111163 /1 undetected,output,,N111163,N111163,1,undetected,N111163,N111163,N111163,sa1,1
12673,N79601 /1 undetected,output,,N79601,N79601,1,undetected,N79601,N79601,N79601,sa1,1
12674,N110830 /1 undetected,output,,N110830,N110830,1,undetected,N110830,N110830,N110830,sa1,1
12675,N110069 /1 undetected,output,,N110069,N110069,1,undetected,N110069,N110069,N110069,sa1,1
12676,N110144 /1 undetected,output,,N110144,N110144,1,undetected,N110144,N110144,N110144,sa1,1
12677,N81470 /1 undetected,output,,N81470,N81470,1,undetected,N81470,N81470,N81470,sa1,1
12678,N110550 /1 undetected,output,,N110550,N110550,1,undetected,N110550,N110550,N110550,sa1,1
12679,N89817 /1 undetected,output,,N89817,N89817,1,undetected,N89817,N89817,N89817,sa1,1
12680,N110603 /1 undetected,output,,N110603,N110603,1,undetected,N110603,N110603,N110603,sa1,1
12681,N81542 /1 undetected,output,,N81542,N81542,1,undetected,N81542,N81542,N81542,sa1,1
12682,N110344 /1 undetected,output,,N110344,N110344,1,undetected,N110344,N110344,N110344,sa1,1
12683,N79581 /1 undetected,output,,N79581,N79581,1,undetected,N79581,N79581,N79581,sa1,1
12684,N88466 /1 undetected,output,,N88466,N88466,1,undetected,N88466,N88466,N88466,sa1,1
12685,N110257 /1 undetected,output,,N110257,N110257,1,undetected,N110257,N110257,N110257,sa1,1
12686,N110222 /1 undetected,output,,N110222,N110222,1,undetected,N110222,N110222,N110222,sa1,1
12687,N110611 /1 undetected,output,,N110611,N110611,1,undetected,N110611,N110611,N110611,sa1,1
12688,N109831 /1 undetected,output,,N109831,N109831,1,undetected,N109831,N109831,N109831,sa1,1
12689,N109882 /1 undetected,output,,N109882,N109882,1,undetected,N109882,N109882,N109882,sa1,1
12690,N110551 /1 undetected,output,,N110551,N110551,1,undetected,N110551,N110551,N110551,sa1,1
12691,N81463 /1 undetected,output,,N81463,N81463,1,undetected,N81463,N81463,N81463,sa1,1
12692,N110546 /1 undetected,output,,N110546,N110546,1,undetected,N110546,N110546,N110546,sa1,1
12693,N110631 /1 undetected,output,,N110631,N110631,1,undetected,N110631,N110631,N110631,sa1,1
12694,N109845 /1 undetected,output,,N109845,N109845,1,undetected,N109845,N109845,N109845,sa1,1
12695,N81335 /1 undetected,output,,N81335,N81335,1,undetected,N81335,N81335,N81335,sa1,1
12696,N107459 /1 undetected,output,,N107459,N107459,1,undetected,N107459,N107459,N107459,sa1,1
12697,N89708 /1 undetected,output,,N89708,N89708,1,undetected,N89708,N89708,N89708,sa1,1
12698,N107390 /1 undetected,output,,N107390,N107390,1,undetected,N107390,N107390,N107390,sa1,1
12699,N81483 /1 undetected,output,,N81483,N81483,1,undetected,N81483,N81483,N81483,sa1,1
12700,N110558 /1 undetected,output,,N110558,N110558,1,undetected,N110558,N110558,N110558,sa1,1
12701,N89821 /1 undetected,output,,N89821,N89821,1,undetected,N89821,N89821,N89821,sa1,1
12702,N110619 /1 undetected,output,,N110619,N110619,1,undetected,N110619,N110619,N110619,sa1,1
12703,N110239 /1 undetected,output,,N110239,N110239,1,undetected,N110239,N110239,N110239,sa1,1
12704,N110204 /1 undetected,output,,N110204,N110204,1,undetected,N110204,N110204,N110204,sa1,1
12705,N110613 /1 undetected,output,,N110613,N110613,1,undetected,N110613,N110613,N110613,sa1,1
12706,N109832 /1 undetected,output,,N109832,N109832,1,undetected,N109832,N109832,N109832,sa1,1
12707,N109883 /1 undetected,output,,N109883,N109883,1,undetected,N109883,N109883,N109883,sa1,1
12708,N110553 /1 undetected,output,,N110553,N110553,1,undetected,N110553,N110553,N110553,sa1,1
12709,N79497 /1 undetected,output,,N79497,N79497,1,undetected,N79497,N79497,N79497,sa1,1
12710,N88435 /1 undetected,output,,N88435,N88435,1,undetected,N88435,N88435,N88435,sa1,1
12711,N109875 /1 undetected,output,,N109875,N109875,1,undetected,N109875,N109875,N109875,sa1,1
12712,N110539 /1 undetected,output,,N110539,N110539,1,undetected,N110539,N110539,N110539,sa1,1
12713,N110585 /1 undetected,output,,N110585,N110585,1,undetected,N110585,N110585,N110585,sa1,1
12714,N109810 /1 undetected,output,,N109810,N109810,1,undetected,N109810,N109810,N109810,sa1,1
12715,N51847 /1 undetected,output,,N51847,N51847,1,undetected,N51847,N51847,N51847,sa1,1
12716,N110268 /1 undetected,output,,N110268,N110268,1,undetected,N110268,N110268,N110268,sa1,1
12717,N110295 /1 undetected,output,,N110295,N110295,1,undetected,N110295,N110295,N110295,sa1,1
12718,N110135 /1 undetected,output,,N110135,N110135,1,undetected,N110135,N110135,N110135,sa1,1
12719,N110993 /1 undetected,output,,N110993,N110993,1,undetected,N110993,N110993,N110993,sa1,1
12720,N110931 /1 undetected,output,,N110931,N110931,1,undetected,N110931,N110931,N110931,sa1,1
12721,N110060 /1 undetected,output,,N110060,N110060,1,undetected,N110060,N110060,N110060,sa1,1
12722,N110118 /1 undetected,output,,N110118,N110118,1,undetected,N110118,N110118,N110118,sa1,1
12723,N110044 /1 undetected,output,,N110044,N110044,1,undetected,N110044,N110044,N110044,sa1,1
12724,N89888 /1 undetected,output,,N89888,N89888,1,undetected,N89888,N89888,N89888,sa1,1
12725,N110475 /1 undetected,output,,N110475,N110475,1,undetected,N110475,N110475,N110475,sa1,1
12726,N81560 /1 undetected,output,,N81560,N81560,1,undetected,N81560,N81560,N81560,sa1,1
12727,N110371 /1 undetected,output,,N110371,N110371,1,undetected,N110371,N110371,N110371,sa1,1
12728,N81554 /1 undetected,output,,N81554,N81554,1,undetected,N81554,N81554,N81554,sa1,1
12729,N110364 /1 undetected,output,,N110364,N110364,1,undetected,N110364,N110364,N110364,sa1,1
12730,N89882 /1 undetected,output,,N89882,N89882,1,undetected,N89882,N89882,N89882,sa1,1
12731,N110468 /1 undetected,output,,N110468,N110468,1,undetected,N110468,N110468,N110468,sa1,1
12732,N81393 /1 undetected,output,,N81393,N81393,1,undetected,N81393,N81393,N81393,sa1,1
12733,N89765 /1 undetected,output,,N89765,N89765,1,undetected,N89765,N89765,N89765,sa1,1
12734,N52042 /1 undetected,output,,N52042,N52042,1,undetected,N52042,N52042,N52042,sa1,1
12735,N110276 /1 undetected,output,,N110276,N110276,1,undetected,N110276,N110276,N110276,sa1,1
12736,N110302 /1 undetected,output,,N110302,N110302,1,undetected,N110302,N110302,N110302,sa1,1
12737,N82163 /1 undetected,output,,N82163,N82163,1,undetected,N82163,N82163,N82163,sa1,1
12738,N119852 /1 undetected,output,,N119852,N119852,1,undetected,N119852,N119852,N119852,sa1,1
12739,N52234 /1 undetected,output,,N52234,N52234,1,undetected,N52234,N52234,N52234,sa1,1
12740,N88091 /1 undetected,output,,N88091,N88091,1,undetected,N88091,N88091,N88091,sa1,1
12741,N90337 /1 undetected,output,,N90337,N90337,1,undetected,N90337,N90337,N90337,sa1,1
12742,N90325 /1 undetected,output,,N90325,N90325,1,undetected,N90325,N90325,N90325,sa1,1
12743,N82149 /1 undetected,output,,N82149,N82149,1,undetected,N82149,N82149,N82149,sa1,1
12744,N119851 /1 undetected,output,,N119851,N119851,1,undetected,N119851,N119851,N119851,sa1,1
12745,N51539 /1 undetected,output,,N51539,N51539,1,undetected,N51539,N51539,N51539,sa1,1
12746,N88110 /1 undetected,output,,N88110,N88110,1,undetected,N88110,N88110,N88110,sa1,1
12747,N110507 /1 undetected,output,,N110507,N110507,1,undetected,N110507,N110507,N110507,sa1,1
12748,N110403 /1 undetected,output,,N110403,N110403,1,undetected,N110403,N110403,N110403,sa1,1
12749,N79879 /1 undetected,output,,N79879,N79879,1,undetected,N79879,N79879,N79879,sa1,1
12750,N108489 /1 undetected,output,,N108489,N108489,1,undetected,N108489,N108489,N108489,sa1,1
12751,N108649 /1 undetected,output,,N108649,N108649,1,undetected,N108649,N108649,N108649,sa1,1
12752,N108825 /1 undetected,output,,N108825,N108825,1,undetected,N108825,N108825,N108825,sa1,1
12753,N109603 /1 undetected,output,,N109603,N109603,1,undetected,N109603,N109603,N109603,sa1,1
12754,N80147 /1 undetected,output,,N80147,N80147,1,undetected,N80147,N80147,N80147,sa1,1
12755,N89194 /1 undetected,output,,N89194,N89194,1,undetected,N89194,N89194,N89194,sa1,1
12756,N109514 /1 undetected,output,,N109514,N109514,1,undetected,N109514,N109514,N109514,sa1,1
12757,N80772 /1 undetected,output,,N80772,N80772,1,undetected,N80772,N80772,N80772,sa1,1
12758,N109475 /1 undetected,output,,N109475,N109475,1,undetected,N109475,N109475,N109475,sa1,1
12759,N109429 /1 undetected,output,,N109429,N109429,1,undetected,N109429,N109429,N109429,sa1,1
12760,N80290 /1 undetected,output,,N80290,N80290,1,undetected,N80290,N80290,N80290,sa1,1
12761,N107522 /1 undetected,output,,N107522,N107522,1,undetected,N107522,N107522,N107522,sa1,1
12762,N80577 /1 undetected,output,,N80577,N80577,1,undetected,N80577,N80577,N80577,sa1,1
12763,N89003 /1 undetected,output,,N89003,N89003,1,undetected,N89003,N89003,N89003,sa1,1
12764,N107493 /1 undetected,output,,N107493,N107493,1,undetected,N107493,N107493,N107493,sa1,1
12765,N91838 /1 undetected,output,,N91838,N91838,1,undetected,N91838,N91838,N91838,sa1,1
12766,N44144 /1 undetected,output,,N44144,N44144,1,undetected,N44144,N44144,N44144,sa1,1
12767,N81985 /1 undetected,output,,N81985,N81985,1,undetected,N81985,N81985,N81985,sa1,1
12768,N44139 /1 undetected,output,,N44139,N44139,1,undetected,N44139,N44139,N44139,sa1,1
12769,N44137 /1 undetected,output,,N44137,N44137,1,undetected,N44137,N44137,N44137,sa1,1
12770,N90216 /1 undetected,output,,N90216,N90216,1,undetected,N90216,N90216,N90216,sa1,1
12771,N44136 /1 undetected,output,,N44136,N44136,1,undetected,N44136,N44136,N44136,sa1,1
12772,N112478 /1 undetected,output,,N112478,N112478,1,undetected,N112478,N112478,N112478,sa1,1
12773,N78807 /1 undetected,output,,N78807,N78807,1,undetected,N78807,N78807,N78807,sa1,1
12774,N44134 /1 undetected,output,,N44134,N44134,1,undetected,N44134,N44134,N44134,sa1,1
12775,N112455 /1 undetected,output,,N112455,N112455,1,undetected,N112455,N112455,N112455,sa1,1
12776,N87699 /1 undetected,output,,N87699,N87699,1,undetected,N87699,N87699,N87699,sa1,1
12777,N44132 /1 undetected,output,,N44132,N44132,1,undetected,N44132,N44132,N44132,sa1,1
12778,N44130 /1 undetected,output,,N44130,N44130,1,undetected,N44130,N44130,N44130,sa1,1
12779,N44129 /1 undetected,output,,N44129,N44129,1,undetected,N44129,N44129,N44129,sa1,1
12780,N112439 /1 undetected,output,,N112439,N112439,1,undetected,N112439,N112439,N112439,sa1,1
12781,N78806 /1 undetected,output,,N78806,N78806,1,undetected,N78806,N78806,N78806,sa1,1
12782,N44125 /1 undetected,output,,N44125,N44125,1,undetected,N44125,N44125,N44125,sa1,1
12783,N112446 /1 undetected,output,,N112446,N112446,1,undetected,N112446,N112446,N112446,sa1,1
12784,N81979 /1 undetected,output,,N81979,N81979,1,undetected,N81979,N81979,N81979,sa1,1
12785,N44127 /1 undetected,output,,N44127,N44127,1,undetected,N44127,N44127,N44127,sa1,1
12786,N112425 /1 undetected,output,,N112425,N112425,1,undetected,N112425,N112425,N112425,sa1,1
12787,N87698 /1 undetected,output,,N87698,N87698,1,undetected,N87698,N87698,N87698,sa1,1
12788,N90221 /1 undetected,output,,N90221,N90221,1,undetected,N90221,N90221,N90221,sa1,1
12789,N80013 /1 undetected,output,,N80013,N80013,1,undetected,N80013,N80013,N80013,sa1,1
12790,N89379 /1 undetected,output,,N89379,N89379,1,undetected,N89379,N89379,N89379,sa1,1
12791,N108235 /1 undetected,output,,N108235,N108235,1,undetected,N108235,N108235,N108235,sa1,1
12792,N80986 /1 undetected,output,,N80986,N80986,1,undetected,N80986,N80986,N80986,sa1,1
12793,N108339 /1 undetected,output,,N108339,N108339,1,undetected,N108339,N108339,N108339,sa1,1
12794,N81325 /1 undetected,output,,N81325,N81325,1,undetected,N81325,N81325,N81325,sa1,1
12795,N107445 /1 undetected,output,,N107445,N107445,1,undetected,N107445,N107445,N107445,sa1,1
12796,N89698 /1 undetected,output,,N89698,N89698,1,undetected,N89698,N89698,N89698,sa1,1
12797,N107376 /1 undetected,output,,N107376,N107376,1,undetected,N107376,N107376,N107376,sa1,1
12798,N110369 /1 undetected,output,,N110369,N110369,1,undetected,N110369,N110369,N110369,sa1,1
12799,N110473 /1 undetected,output,,N110473,N110473,1,undetected,N110473,N110473,N110473,sa1,1
12800,N89884 /1 undetected,output,,N89884,N89884,1,undetected,N89884,N89884,N89884,sa1,1
12801,N110471 /1 undetected,output,,N110471,N110471,1,undetected,N110471,N110471,N110471,sa1,1
12802,N81552 /1 undetected,output,,N81552,N81552,1,undetected,N81552,N81552,N81552,sa1,1
12803,N110666 /1 undetected,output,,N110666,N110666,1,undetected,N110666,N110666,N110666,sa1,1
12804,N110362 /1 undetected,output,,N110362,N110362,1,undetected,N110362,N110362,N110362,sa1,1
12805,N110466 /1 undetected,output,,N110466,N110466,1,undetected,N110466,N110466,N110466,sa1,1
12806,N89880 /1 undetected,output,,N89880,N89880,1,undetected,N89880,N89880,N89880,sa1,1
12807,N110742 /1 undetected,output,,N110742,N110742,1,undetected,N110742,N110742,N110742,sa1,1
12808,N110465 /1 undetected,output,,N110465,N110465,1,undetected,N110465,N110465,N110465,sa1,1
12809,N110361 /1 undetected,output,,N110361,N110361,1,undetected,N110361,N110361,N110361,sa1,1
12810,N110358 /1 undetected,output,,N110358,N110358,1,undetected,N110358,N110358,N110358,sa1,1
12811,N110462 /1 undetected,output,,N110462,N110462,1,undetected,N110462,N110462,N110462,sa1,1
12812,N81306 /1 undetected,output,,N81306,N81306,1,undetected,N81306,N81306,N81306,sa1,1
12813,N107423 /1 undetected,output,,N107423,N107423,1,undetected,N107423,N107423,N107423,sa1,1
12814,N89679 /1 undetected,output,,N89679,N89679,1,undetected,N89679,N89679,N89679,sa1,1
12815,N107354 /1 undetected,output,,N107354,N107354,1,undetected,N107354,N107354,N107354,sa1,1
12816,N110349 /1 undetected,output,,N110349,N110349,1,undetected,N110349,N110349,N110349,sa1,1
12817,N110453 /1 undetected,output,,N110453,N110453,1,undetected,N110453,N110453,N110453,sa1,1
12818,N79479 /1 undetected,output,,N79479,N79479,1,undetected,N79479,N79479,N79479,sa1,1
12819,N88425 /1 undetected,output,,N88425,N88425,1,undetected,N88425,N88425,N88425,sa1,1
12820,N109816 /1 undetected,output,,N109816,N109816,1,undetected,N109816,N109816,N109816,sa1,1
12821,N110593 /1 undetected,output,,N110593,N110593,1,undetected,N110593,N110593,N110593,sa1,1
12822,N109879 /1 undetected,output,,N109879,N109879,1,undetected,N109879,N109879,N109879,sa1,1
12823,N110545 /1 undetected,output,,N110545,N110545,1,undetected,N110545,N110545,N110545,sa1,1
12824,N110093 /1 undetected,output,,N110093,N110093,1,undetected,N110093,N110093,N110093,sa1,1
12825,N110958 /1 undetected,output,,N110958,N110958,1,undetected,N110958,N110958,N110958,sa1,1
12826,N110897 /1 undetected,output,,N110897,N110897,1,undetected,N110897,N110897,N110897,sa1,1
12827,N110019 /1 undetected,output,,N110019,N110019,1,undetected,N110019,N110019,N110019,sa1,1
12828,N88506 /1 undetected,output,,N88506,N88506,1,undetected,N88506,N88506,N88506,sa1,1
12829,N79713 /1 undetected,output,,N79713,N79713,1,undetected,N79713,N79713,N79713,sa1,1
12830,N88577 /1 undetected,output,,N88577,N88577,1,undetected,N88577,N88577,N88577,sa1,1
12831,N79878 /1 undetected,output,,N79878,N79878,1,undetected,N79878,N79878,N79878,sa1,1
12832,N110978 /1 undetected,output,,N110978,N110978,1,undetected,N110978,N110978,N110978,sa1,1
12833,N110917 /1 undetected,output,,N110917,N110917,1,undetected,N110917,N110917,N110917,sa1,1
12834,N110481 /1 undetected,output,,N110481,N110481,1,undetected,N110481,N110481,N110481,sa1,1
12835,N110377 /1 undetected,output,,N110377,N110377,1,undetected,N110377,N110377,N110377,sa1,1
12836,N110367 /1 undetected,output,,N110367,N110367,1,undetected,N110367,N110367,N110367,sa1,1
12837,N81310 /1 undetected,output,,N81310,N81310,1,undetected,N81310,N81310,N81310,sa1,1
12838,N107428 /1 undetected,output,,N107428,N107428,1,undetected,N107428,N107428,N107428,sa1,1
12839,N89683 /1 undetected,output,,N89683,N89683,1,undetected,N89683,N89683,N89683,sa1,1
12840,N107359 /1 undetected,output,,N107359,N107359,1,undetected,N107359,N107359,N107359,sa1,1
12841,N110091 /1 undetected,output,,N110091,N110091,1,undetected,N110091,N110091,N110091,sa1,1
12842,N110955 /1 undetected,output,,N110955,N110955,1,undetected,N110955,N110955,N110955,sa1,1
12843,N110894 /1 undetected,output,,N110894,N110894,1,undetected,N110894,N110894,N110894,sa1,1
12844,N110016 /1 undetected,output,,N110016,N110016,1,undetected,N110016,N110016,N110016,sa1,1
12845,N110937 /1 undetected,output,,N110937,N110937,1,undetected,N110937,N110937,N110937,sa1,1
12846,N110999 /1 undetected,output,,N110999,N110999,1,undetected,N110999,N110999,N110999,sa1,1
12847,N110998 /1 undetected,output,,N110998,N110998,1,undetected,N110998,N110998,N110998,sa1,1
12848,N110936 /1 undetected,output,,N110936,N110936,1,undetected,N110936,N110936,N110936,sa1,1
12849,N88519 /1 undetected,output,,N88519,N88519,1,undetected,N88519,N88519,N88519,sa1,1
12850,N79729 /1 undetected,output,,N79729,N79729,1,undetected,N79729,N79729,N79729,sa1,1
12851,N51846 /0 undetected,output,,N51846,N51846,0,undetected,N51846,N51846,N51846,sa0,1
12852,N51824 /1 undetected,output,,N51824,N51824,1,undetected,N51824,N51824,N51824,sa1,1
12853,N51820 /1 undetected,output,,N51820,N51820,1,undetected,N51820,N51820,N51820,sa1,1
12854,N119949 /1 undetected,output,,N119949,N119949,1,undetected,N119949,N119949,N119949,sa1,1
12855,N51815 /1 undetected,output,,N51815,N51815,1,undetected,N51815,N51815,N51815,sa1,1
12856,N80045 /1 undetected,output,,N80045,N80045,1,undetected,N80045,N80045,N80045,sa1,1
12857,N51814 /1 undetected,output,,N51814,N51814,1,undetected,N51814,N51814,N51814,sa1,1
12858,N119953 /1 undetected,output,,N119953,N119953,1,undetected,N119953,N119953,N119953,sa1,1
12859,N51810 /1 undetected,output,,N51810,N51810,1,undetected,N51810,N51810,N51810,sa1,1
12860,N80831 /1 undetected,output,,N80831,N80831,1,undetected,N80831,N80831,N80831,sa1,1
12861,N81003 /1 undetected,output,,N81003,N81003,1,undetected,N81003,N81003,N81003,sa1,1
12862,N106314 /1 undetected,output,,N106314,N106314,1,undetected,N106314,N106314,N106314,sa1,1
12863,N89311 /1 undetected,output,,N89311,N89311,1,undetected,N89311,N89311,N89311,sa1,1
12864,N51808 /1 undetected,output,,N51808,N51808,1,undetected,N51808,N51808,N51808,sa1,1
12865,N89387 /1 undetected,output,,N89387,N89387,1,undetected,N89387,N89387,N89387,sa1,1
12866,N119955 /1 undetected,output,,N119955,N119955,1,undetected,N119955,N119955,N119955,sa1,1
12867,N51803 /1 undetected,output,,N51803,N51803,1,undetected,N51803,N51803,N51803,sa1,1
12868,N89250 /1 undetected,output,,N89250,N89250,1,undetected,N89250,N89250,N89250,sa1,1
12869,N106316 /1 undetected,output,,N106316,N106316,1,undetected,N106316,N106316,N106316,sa1,1
12870,N80893 /1 undetected,output,,N80893,N80893,1,undetected,N80893,N80893,N80893,sa1,1
12871,N119974 /1 undetected,output,,N119974,N119974,1,undetected,N119974,N119974,N119974,sa1,1
12872,N88657 /1 undetected,output,,N88657,N88657,1,undetected,N88657,N88657,N88657,sa1,1
12873,N51722 /1 undetected,output,,N51722,N51722,1,undetected,N51722,N51722,N51722,sa1,1
12874,N79912 /1 undetected,output,,N79912,N79912,1,undetected,N79912,N79912,N79912,sa1,1
12875,N51718 /1 undetected,output,,N51718,N51718,1,undetected,N51718,N51718,N51718,sa1,1
12876,N51710 /1 undetected,output,,N51710,N51710,1,undetected,N51710,N51710,N51710,sa1,1
12877,N51702 /1 undetected,output,,N51702,N51702,1,undetected,N51702,N51702,N51702,sa1,1
12878,N51700 /1 undetected,output,,N51700,N51700,1,undetected,N51700,N51700,N51700,sa1,1
12879,N79782 /1 undetected,output,,N79782,N79782,1,undetected,N79782,N79782,N79782,sa1,1
12880,N51683 /1 undetected,output,,N51683,N51683,1,undetected,N51683,N51683,N51683,sa1,1
12881,N51692 /1 undetected,output,,N51692,N51692,1,undetected,N51692,N51692,N51692,sa1,1
12882,N51699 /1 undetected,output,,N51699,N51699,1,undetected,N51699,N51699,N51699,sa1,1
12883,N109788 /1 undetected,output,,N109788,N109788,1,undetected,N109788,N109788,N109788,sa1,1
12884,N51698 /1 undetected,output,,N51698,N51698,1,undetected,N51698,N51698,N51698,sa1,1
12885,N79781 /1 undetected,output,,N79781,N79781,1,undetected,N79781,N79781,N79781,sa1,1
12886,N51694 /1 undetected,output,,N51694,N51694,1,undetected,N51694,N51694,N51694,sa1,1
12887,N51685 /1 undetected,output,,N51685,N51685,1,undetected,N51685,N51685,N51685,sa1,1
12888,N114790 /1 undetected,output,,N114790,N114790,1,undetected,N114790,N114790,N114790,sa1,1
12889,N79599 /1 undetected,output,,N79599,N79599,1,undetected,N79599,N79599,N79599,sa1,1
12890,N109960 /1 undetected,output,,N109960,N109960,1,undetected,N109960,N109960,N109960,sa1,1
12891,N109793 /1 undetected,output,,N109793,N109793,1,undetected,N109793,N109793,N109793,sa1,1
12892,N111377 /1 undetected,output,,N111377,N111377,1,undetected,N111377,N111377,N111377,sa1,1
12893,N55312 /1 undetected,output,,N55312,N55312,1,undetected,N55312,N55312,N55312,sa1,1
12894,N88596 /1 undetected,output,,N88596,N88596,1,undetected,N88596,N88596,N88596,sa1,1
12895,N108844 /1 undetected,output,,N108844,N108844,1,undetected,N108844,N108844,N108844,sa1,1
12896,N108520 /1 undetected,output,,N108520,N108520,1,undetected,N108520,N108520,N108520,sa1,1
12897,N108680 /1 undetected,output,,N108680,N108680,1,undetected,N108680,N108680,N108680,sa1,1
12898,N79787 /1 undetected,output,,N79787,N79787,1,undetected,N79787,N79787,N79787,sa1,1
12899,N111417 /1 undetected,output,,N111417,N111417,1,undetected,N111417,N111417,N111417,sa1,1
12900,N107055 /1 undetected,output,,N107055,N107055,1,undetected,N107055,N107055,N107055,sa1,1
12901,N107082 /1 undetected,output,,N107082,N107082,1,undetected,N107082,N107082,N107082,sa1,1
12902,N106388 /1 undetected,output,,N106388,N106388,1,undetected,N106388,N106388,N106388,sa1,1
12903,N81185 /1 undetected,output,,N81185,N81185,1,undetected,N81185,N81185,N81185,sa1,1
12904,N89566 /1 undetected,output,,N89566,N89566,1,undetected,N89566,N89566,N89566,sa1,1
12905,N106426 /1 undetected,output,,N106426,N106426,1,undetected,N106426,N106426,N106426,sa1,1
12906,N89565 /1 undetected,output,,N89565,N89565,1,undetected,N89565,N89565,N89565,sa1,1
12907,N81184 /1 undetected,output,,N81184,N81184,1,undetected,N81184,N81184,N81184,sa1,1
12908,N79707 /1 undetected,output,,N79707,N79707,1,undetected,N79707,N79707,N79707,sa1,1
12909,N109989 /1 undetected,output,,N109989,N109989,1,undetected,N109989,N109989,N109989,sa1,1
12910,N89622 /1 undetected,output,,N89622,N89622,1,undetected,N89622,N89622,N89622,sa1,1
12911,N81245 /1 undetected,output,,N81245,N81245,1,undetected,N81245,N81245,N81245,sa1,1
12912,N109973 /1 undetected,output,,N109973,N109973,1,undetected,N109973,N109973,N109973,sa1,1
12913,N81244 /1 undetected,output,,N81244,N81244,1,undetected,N81244,N81244,N81244,sa1,1
12914,N89621 /1 undetected,output,,N89621,N89621,1,undetected,N89621,N89621,N89621,sa1,1
12915,N111162 /1 undetected,output,,N111162,N111162,1,undetected,N111162,N111162,N111162,sa1,1
12916,N89860 /1 undetected,output,,N89860,N89860,1,undetected,N89860,N89860,N89860,sa1,1
12917,N110724 /1 undetected,output,,N110724,N110724,1,undetected,N110724,N110724,N110724,sa1,1
12918,N110332 /1 undetected,output,,N110332,N110332,1,undetected,N110332,N110332,N110332,sa1,1
12919,N110438 /1 undetected,output,,N110438,N110438,1,undetected,N110438,N110438,N110438,sa1,1
12920,N81532 /1 undetected,output,,N81532,N81532,1,undetected,N81532,N81532,N81532,sa1,1
12921,N110649 /1 undetected,output,,N110649,N110649,1,undetected,N110649,N110649,N110649,sa1,1
12922,N110437 /1 undetected,output,,N110437,N110437,1,undetected,N110437,N110437,N110437,sa1,1
12923,N110331 /1 undetected,output,,N110331,N110331,1,undetected,N110331,N110331,N110331,sa1,1
12924,N110098 /1 undetected,output,,N110098,N110098,1,undetected,N110098,N110098,N110098,sa1,1
12925,N110963 /1 undetected,output,,N110963,N110963,1,undetected,N110963,N110963,N110963,sa1,1
12926,N110902 /1 undetected,output,,N110902,N110902,1,undetected,N110902,N110902,N110902,sa1,1
12927,N110024 /1 undetected,output,,N110024,N110024,1,undetected,N110024,N110024,N110024,sa1,1
12928,N110278 /1 undetected,output,,N110278,N110278,1,undetected,N110278,N110278,N110278,sa1,1
12929,N110304 /1 undetected,output,,N110304,N110304,1,undetected,N110304,N110304,N110304,sa1,1
12930,N79714 /1 undetected,output,,N79714,N79714,1,undetected,N79714,N79714,N79714,sa1,1
12931,N88507 /1 undetected,output,,N88507,N88507,1,undetected,N88507,N88507,N88507,sa1,1
12932,N108723 /1 undetected,output,,N108723,N108723,1,undetected,N108723,N108723,N108723,sa1,1
12933,N108713 /1 undetected,output,,N108713,N108713,1,undetected,N108713,N108713,N108713,sa1,1
12934,N108702 /1 undetected,output,,N108702,N108702,1,undetected,N108702,N108702,N108702,sa1,1
12935,N108692 /1 undetected,output,,N108692,N108692,1,undetected,N108692,N108692,N108692,sa1,1
12936,N109844 /1 undetected,output,,N109844,N109844,1,undetected,N109844,N109844,N109844,sa1,1
12937,N110629 /1 undetected,output,,N110629,N110629,1,undetected,N110629,N110629,N110629,sa1,1
12938,N109888 /1 undetected,output,,N109888,N109888,1,undetected,N109888,N109888,N109888,sa1,1
12939,N110562 /1 undetected,output,,N110562,N110562,1,undetected,N110562,N110562,N110562,sa1,1
12940,N111957 /1 undetected,output,,N111957,N111957,1,undetected,N111957,N111957,N111957,sa1,1
12941,N111961 /1 undetected,output,,N111961,N111961,1,undetected,N111961,N111961,N111961,sa1,1
12942,N111956 /1 undetected,output,,N111956,N111956,1,undetected,N111956,N111956,N111956,sa1,1
12943,N111960 /1 undetected,output,,N111960,N111960,1,undetected,N111960,N111960,N111960,sa1,1
12944,N88460 /1 undetected,output,,N88460,N88460,1,undetected,N88460,N88460,N88460,sa1,1
12945,N79569 /1 undetected,output,,N79569,N79569,1,undetected,N79569,N79569,N79569,sa1,1
12946,N79558 /1 undetected,output,,N79558,N79558,1,undetected,N79558,N79558,N79558,sa1,1
12947,N88456 /1 undetected,output,,N88456,N88456,1,undetected,N88456,N88456,N88456,sa1,1
12948,N79669 /1 undetected,output,,N79669,N79669,1,undetected,N79669,N79669,N79669,sa1,1
12949,N88496 /1 undetected,output,,N88496,N88496,1,undetected,N88496,N88496,N88496,sa1,1
12950,N110598 /1 undetected,output,,N110598,N110598,1,undetected,N110598,N110598,N110598,sa1,1
12951,N109820 /1 undetected,output,,N109820,N109820,1,undetected,N109820,N109820,N109820,sa1,1
12952,N109880 /1 undetected,output,,N109880,N109880,1,undetected,N109880,N109880,N109880,sa1,1
12953,N110547 /1 undetected,output,,N110547,N110547,1,undetected,N110547,N110547,N110547,sa1,1
12954,N111964 /1 undetected,output,,N111964,N111964,1,undetected,N111964,N111964,N111964,sa1,1
12955,N111979 /1 undetected,output,,N111979,N111979,1,undetected,N111979,N111979,N111979,sa1,1
12956,N79730 /1 undetected,output,,N79730,N79730,1,undetected,N79730,N79730,N79730,sa1,1
12957,N88520 /1 undetected,output,,N88520,N88520,1,undetected,N88520,N88520,N88520,sa1,1
12958,N79484 /1 undetected,output,,N79484,N79484,1,undetected,N79484,N79484,N79484,sa1,1
12959,N88428 /1 undetected,output,,N88428,N88428,1,undetected,N88428,N88428,N88428,sa1,1
12960,N52041 /0 undetected,output,,N52041,N52041,0,undetected,N52041,N52041,N52041,sa0,1
12961,N119828 /1 undetected,output,,N119828,N119828,1,undetected,N119828,N119828,N119828,sa1,1
12962,N113247 /1 undetected,output,,N113247,N113247,1,undetected,N113247,N113247,N113247,sa1,1
12963,N52035 /1 undetected,output,,N52035,N52035,1,undetected,N52035,N52035,N52035,sa1,1
12964,N111375 /1 undetected,output,,N111375,N111375,1,undetected,N111375,N111375,N111375,sa1,1
12965,N52031 /1 undetected,output,,N52031,N52031,1,undetected,N52031,N52031,N52031,sa1,1
12966,N119950 /1 undetected,output,,N119950,N119950,1,undetected,N119950,N119950,N119950,sa1,1
12967,N120011 /1 undetected,output,,N120011,N120011,1,undetected,N120011,N120011,N120011,sa1,1
12968,N88658 /1 undetected,output,,N88658,N88658,1,undetected,N88658,N88658,N88658,sa1,1
12969,N52024 /1 undetected,output,,N52024,N52024,1,undetected,N52024,N52024,N52024,sa1,1
12970,N89388 /1 undetected,output,,N89388,N89388,1,undetected,N89388,N89388,N89388,sa1,1
12971,N119956 /1 undetected,output,,N119956,N119956,1,undetected,N119956,N119956,N119956,sa1,1
12972,N52019 /1 undetected,output,,N52019,N52019,1,undetected,N52019,N52019,N52019,sa1,1
12973,N89253 /1 undetected,output,,N89253,N89253,1,undetected,N89253,N89253,N89253,sa1,1
12974,N52017 /1 undetected,output,,N52017,N52017,1,undetected,N52017,N52017,N52017,sa1,1
12975,N80048 /1 undetected,output,,N80048,N80048,1,undetected,N80048,N80048,N80048,sa1,1
12976,N52016 /1 undetected,output,,N52016,N52016,1,undetected,N52016,N52016,N52016,sa1,1
12977,N81004 /1 undetected,output,,N81004,N81004,1,undetected,N81004,N81004,N81004,sa1,1
12978,N119954 /1 undetected,output,,N119954,N119954,1,undetected,N119954,N119954,N119954,sa1,1
12979,N52011 /1 undetected,output,,N52011,N52011,1,undetected,N52011,N52011,N52011,sa1,1
12980,N80834 /1 undetected,output,,N80834,N80834,1,undetected,N80834,N80834,N80834,sa1,1
12981,N51977 /1 undetected,output,,N51977,N51977,1,undetected,N51977,N51977,N51977,sa1,1
12982,N79914 /1 undetected,output,,N79914,N79914,1,undetected,N79914,N79914,N79914,sa1,1
12983,N51973 /1 undetected,output,,N51973,N51973,1,undetected,N51973,N51973,N51973,sa1,1
12984,N89483 /1 undetected,output,,N89483,N89483,1,undetected,N89483,N89483,N89483,sa1,1
12985,N51971 /1 undetected,output,,N51971,N51971,1,undetected,N51971,N51971,N51971,sa1,1
12986,N81102 /1 undetected,output,,N81102,N81102,1,undetected,N81102,N81102,N81102,sa1,1
12987,N51969 /1 undetected,output,,N51969,N51969,1,undetected,N51969,N51969,N51969,sa1,1
12988,N109790 /1 undetected,output,,N109790,N109790,1,undetected,N109790,N109790,N109790,sa1,1
12989,N51968 /1 undetected,output,,N51968,N51968,1,undetected,N51968,N51968,N51968,sa1,1
12990,N79784 /1 undetected,output,,N79784,N79784,1,undetected,N79784,N79784,N79784,sa1,1
12991,N51964 /1 undetected,output,,N51964,N51964,1,undetected,N51964,N51964,N51964,sa1,1
12992,N51962 /1 undetected,output,,N51962,N51962,1,undetected,N51962,N51962,N51962,sa1,1
12993,N111380 /1 undetected,output,,N111380,N111380,1,undetected,N111380,N111380,N111380,sa1,1
12994,N106429 /1 undetected,output,,N106429,N106429,1,undetected,N106429,N106429,N106429,sa1,1
12995,N51961 /1 undetected,output,,N51961,N51961,1,undetected,N51961,N51961,N51961,sa1,1
12996,N51960 /1 undetected,output,,N51960,N51960,1,undetected,N51960,N51960,N51960,sa1,1
12997,N108707 /1 undetected,output,,N108707,N108707,1,undetected,N108707,N108707,N108707,sa1,1
12998,N119932 /1 undetected,output,,N119932,N119932,1,undetected,N119932,N119932,N119932,sa1,1
12999,N81198 /1 undetected,output,,N81198,N81198,1,undetected,N81198,N81198,N81198,sa1,1
13000,N51955 /1 undetected,output,,N51955,N51955,1,undetected,N51955,N51955,N51955,sa1,1
13001,N108728 /1 undetected,output,,N108728,N108728,1,undetected,N108728,N108728,N108728,sa1,1
13002,N119931 /1 undetected,output,,N119931,N119931,1,undetected,N119931,N119931,N119931,sa1,1
13003,N89579 /1 undetected,output,,N89579,N89579,1,undetected,N89579,N89579,N89579,sa1,1
13004,N112741 /1 undetected,output,,N112741,N112741,1,undetected,N112741,N112741,N112741,sa1,1
13005,N112732 /1 undetected,output,,N112732,N112732,1,undetected,N112732,N112732,N112732,sa1,1
13006,N110626 /1 undetected,output,,N110626,N110626,1,undetected,N110626,N110626,N110626,sa1,1
13007,N109841 /1 undetected,output,,N109841,N109841,1,undetected,N109841,N109841,N109841,sa1,1
13008,N109886 /1 undetected,output,,N109886,N109886,1,undetected,N109886,N109886,N109886,sa1,1
13009,N110559 /1 undetected,output,,N110559,N110559,1,undetected,N110559,N110559,N110559,sa1,1
13010,N110994 /1 undetected,output,,N110994,N110994,1,undetected,N110994,N110994,N110994,sa1,1
13011,N110932 /1 undetected,output,,N110932,N110932,1,undetected,N110932,N110932,N110932,sa1,1
13012,N110122 /1 undetected,output,,N110122,N110122,1,undetected,N110122,N110122,N110122,sa1,1
13013,N110048 /1 undetected,output,,N110048,N110048,1,undetected,N110048,N110048,N110048,sa1,1
13014,N79672 /1 undetected,output,,N79672,N79672,1,undetected,N79672,N79672,N79672,sa1,1
13015,N88497 /1 undetected,output,,N88497,N88497,1,undetected,N88497,N88497,N88497,sa1,1
13016,N79618 /1 undetected,output,,N79618,N79618,1,undetected,N79618,N79618,N79618,sa1,1
13017,N88481 /1 undetected,output,,N88481,N88481,1,undetected,N88481,N88481,N88481,sa1,1
13018,N79908 /1 undetected,output,,N79908,N79908,1,undetected,N79908,N79908,N79908,sa1,1
13019,N108673 /1 undetected,output,,N108673,N108673,1,undetected,N108673,N108673,N108673,sa1,1
13020,N108513 /1 undetected,output,,N108513,N108513,1,undetected,N108513,N108513,N108513,sa1,1
13021,N108840 /1 undetected,output,,N108840,N108840,1,undetected,N108840,N108840,N108840,sa1,1
13022,N80041 /1 undetected,output,,N80041,N80041,1,undetected,N80041,N80041,N80041,sa1,1
13023,N108351 /1 undetected,output,,N108351,N108351,1,undetected,N108351,N108351,N108351,sa1,1
13024,N81001 /1 undetected,output,,N81001,N81001,1,undetected,N81001,N81001,N81001,sa1,1
13025,N108289 /1 undetected,output,,N108289,N108289,1,undetected,N108289,N108289,N108289,sa1,1
13026,N109529 /1 undetected,output,,N109529,N109529,1,undetected,N109529,N109529,N109529,sa1,1
13027,N111328 /1 undetected,output,,N111328,N111328,1,undetected,N111328,N111328,N111328,sa1,1
13028,N89310 /1 undetected,output,,N89310,N89310,1,undetected,N89310,N89310,N89310,sa1,1
13029,N88654 /1 undetected,output,,N88654,N88654,1,undetected,N88654,N88654,N88654,sa1,1
13030,N88509 /1 undetected,output,,N88509,N88509,1,undetected,N88509,N88509,N88509,sa1,1
13031,N79718 /1 undetected,output,,N79718,N79718,1,undetected,N79718,N79718,N79718,sa1,1
13032,N110260 /1 undetected,output,,N110260,N110260,1,undetected,N110260,N110260,N110260,sa1,1
13033,N110133 /1 undetected,output,,N110133,N110133,1,undetected,N110133,N110133,N110133,sa1,1
13034,N110058 /1 undetected,output,,N110058,N110058,1,undetected,N110058,N110058,N110058,sa1,1
13035,N110228 /1 undetected,output,,N110228,N110228,1,undetected,N110228,N110228,N110228,sa1,1
13036,N110259 /1 undetected,output,,N110259,N110259,1,undetected,N110259,N110259,N110259,sa1,1
13037,N110130 /1 undetected,output,,N110130,N110130,1,undetected,N110130,N110130,N110130,sa1,1
13038,N110055 /1 undetected,output,,N110055,N110055,1,undetected,N110055,N110055,N110055,sa1,1
13039,N110226 /1 undetected,output,,N110226,N110226,1,undetected,N110226,N110226,N110226,sa1,1
13040,N110258 /1 undetected,output,,N110258,N110258,1,undetected,N110258,N110258,N110258,sa1,1
13041,N110127 /1 undetected,output,,N110127,N110127,1,undetected,N110127,N110127,N110127,sa1,1
13042,N110052 /1 undetected,output,,N110052,N110052,1,undetected,N110052,N110052,N110052,sa1,1
13043,N110224 /1 undetected,output,,N110224,N110224,1,undetected,N110224,N110224,N110224,sa1,1
13044,N110250 /1 undetected,output,,N110250,N110250,1,undetected,N110250,N110250,N110250,sa1,1
13045,N110109 /1 undetected,output,,N110109,N110109,1,undetected,N110109,N110109,N110109,sa1,1
13046,N110035 /1 undetected,output,,N110035,N110035,1,undetected,N110035,N110035,N110035,sa1,1
13047,N110215 /1 undetected,output,,N110215,N110215,1,undetected,N110215,N110215,N110215,sa1,1
13048,N110248 /1 undetected,output,,N110248,N110248,1,undetected,N110248,N110248,N110248,sa1,1
13049,N110106 /1 undetected,output,,N110106,N110106,1,undetected,N110106,N110106,N110106,sa1,1
13050,N110032 /1 undetected,output,,N110032,N110032,1,undetected,N110032,N110032,N110032,sa1,1
13051,N110213 /1 undetected,output,,N110213,N110213,1,undetected,N110213,N110213,N110213,sa1,1
13052,N110245 /1 undetected,output,,N110245,N110245,1,undetected,N110245,N110245,N110245,sa1,1
13053,N110100 /1 undetected,output,,N110100,N110100,1,undetected,N110100,N110100,N110100,sa1,1
13054,N110026 /1 undetected,output,,N110026,N110026,1,undetected,N110026,N110026,N110026,sa1,1
13055,N110210 /1 undetected,output,,N110210,N110210,1,undetected,N110210,N110210,N110210,sa1,1
13056,N110243 /1 undetected,output,,N110243,N110243,1,undetected,N110243,N110243,N110243,sa1,1
13057,N110095 /1 undetected,output,,N110095,N110095,1,undetected,N110095,N110095,N110095,sa1,1
13058,N110021 /1 undetected,output,,N110021,N110021,1,undetected,N110021,N110021,N110021,sa1,1
13059,N110208 /1 undetected,output,,N110208,N110208,1,undetected,N110208,N110208,N110208,sa1,1
13060,N110241 /1 undetected,output,,N110241,N110241,1,undetected,N110241,N110241,N110241,sa1,1
13061,N110088 /1 undetected,output,,N110088,N110088,1,undetected,N110088,N110088,N110088,sa1,1
13062,N110013 /1 undetected,output,,N110013,N110013,1,undetected,N110013,N110013,N110013,sa1,1
13063,N110206 /1 undetected,output,,N110206,N110206,1,undetected,N110206,N110206,N110206,sa1,1
13064,N88504 /1 undetected,output,,N88504,N88504,1,undetected,N88504,N88504,N88504,sa1,1
13065,N79703 /1 undetected,output,,N79703,N79703,1,undetected,N79703,N79703,N79703,sa1,1
13066,N81329 /1 undetected,output,,N81329,N81329,1,undetected,N81329,N81329,N81329,sa1,1
13067,N107451 /1 undetected,output,,N107451,N107451,1,undetected,N107451,N107451,N107451,sa1,1
13068,N89702 /1 undetected,output,,N89702,N89702,1,undetected,N89702,N89702,N89702,sa1,1
13069,N107382 /1 undetected,output,,N107382,N107382,1,undetected,N107382,N107382,N107382,sa1,1
13070,N110476 /1 undetected,output,,N110476,N110476,1,undetected,N110476,N110476,N110476,sa1,1
13071,N110372 /1 undetected,output,,N110372,N110372,1,undetected,N110372,N110372,N110372,sa1,1
13072,N110086 /1 undetected,output,,N110086,N110086,1,undetected,N110086,N110086,N110086,sa1,1
13073,N110011 /1 undetected,output,,N110011,N110011,1,undetected,N110011,N110011,N110011,sa1,1
13074,N111965 /1 undetected,output,,N111965,N111965,1,undetected,N111965,N111965,N111965,sa1,1
13075,N111980 /1 undetected,output,,N111980,N111980,1,undetected,N111980,N111980,N111980,sa1,1
13076,N79565 /1 undetected,output,,N79565,N79565,1,undetected,N79565,N79565,N79565,sa1,1
13077,N88458 /1 undetected,output,,N88458,N88458,1,undetected,N88458,N88458,N88458,sa1,1
13078,N109878 /1 undetected,output,,N109878,N109878,1,undetected,N109878,N109878,N109878,sa1,1
13079,N110543 /1 undetected,output,,N110543,N110543,1,undetected,N110543,N110543,N110543,sa1,1
13080,N109813 /1 undetected,output,,N109813,N109813,1,undetected,N109813,N109813,N109813,sa1,1
13081,N110589 /1 undetected,output,,N110589,N110589,1,undetected,N110589,N110589,N110589,sa1,1
13082,N79733 /1 undetected,output,,N79733,N79733,1,undetected,N79733,N79733,N79733,sa1,1
13083,N88523 /1 undetected,output,,N88523,N88523,1,undetected,N88523,N88523,N88523,sa1,1
13084,N79719 /1 undetected,output,,N79719,N79719,1,undetected,N79719,N79719,N79719,sa1,1
13085,N88510 /1 undetected,output,,N88510,N88510,1,undetected,N88510,N88510,N88510,sa1,1
13086,N110979 /1 undetected,output,,N110979,N110979,1,undetected,N110979,N110979,N110979,sa1,1
13087,N110918 /1 undetected,output,,N110918,N110918,1,undetected,N110918,N110918,N110918,sa1,1
13088,N79873 /1 undetected,output,,N79873,N79873,1,undetected,N79873,N79873,N79873,sa1,1
13089,N108483 /1 undetected,output,,N108483,N108483,1,undetected,N108483,N108483,N108483,sa1,1
13090,N108643 /1 undetected,output,,N108643,N108643,1,undetected,N108643,N108643,N108643,sa1,1
13091,N108822 /1 undetected,output,,N108822,N108822,1,undetected,N108822,N108822,N108822,sa1,1
13092,N80007 /1 undetected,output,,N80007,N80007,1,undetected,N80007,N80007,N80007,sa1,1
13093,N108231 /1 undetected,output,,N108231,N108231,1,undetected,N108231,N108231,N108231,sa1,1
13094,N108335 /1 undetected,output,,N108335,N108335,1,undetected,N108335,N108335,N108335,sa1,1
13095,N109601 /1 undetected,output,,N109601,N109601,1,undetected,N109601,N109601,N109601,sa1,1
13096,N80141 /1 undetected,output,,N80141,N80141,1,undetected,N80141,N80141,N80141,sa1,1
13097,N89191 /1 undetected,output,,N89191,N89191,1,undetected,N89191,N89191,N89191,sa1,1
13098,N109511 /1 undetected,output,,N109511,N109511,1,undetected,N109511,N109511,N109511,sa1,1
13099,N80769 /1 undetected,output,,N80769,N80769,1,undetected,N80769,N80769,N80769,sa1,1
13100,N109472 /1 undetected,output,,N109472,N109472,1,undetected,N109472,N109472,N109472,sa1,1
13101,N109426 /1 undetected,output,,N109426,N109426,1,undetected,N109426,N109426,N109426,sa1,1
13102,N80283 /1 undetected,output,,N80283,N80283,1,undetected,N80283,N80283,N80283,sa1,1
13103,N107520 /1 undetected,output,,N107520,N107520,1,undetected,N107520,N107520,N107520,sa1,1
13104,N89000 /1 undetected,output,,N89000,N89000,1,undetected,N89000,N89000,N89000,sa1,1
13105,N80574 /1 undetected,output,,N80574,N80574,1,undetected,N80574,N80574,N80574,sa1,1
13106,N107491 /1 undetected,output,,N107491,N107491,1,undetected,N107491,N107491,N107491,sa1,1
13107,N91832 /1 undetected,output,,N91832,N91832,1,undetected,N91832,N91832,N91832,sa1,1
13108,N43014 /1 undetected,output,,N43014,N43014,1,undetected,N43014,N43014,N43014,sa1,1
13109,N43012 /1 undetected,output,,N43012,N43012,1,undetected,N43012,N43012,N43012,sa1,1
13110,N43011 /1 undetected,output,,N43011,N43011,1,undetected,N43011,N43011,N43011,sa1,1
13111,N81957 /1 undetected,output,,N81957,N81957,1,undetected,N81957,N81957,N81957,sa1,1
13112,N43010 /1 undetected,output,,N43010,N43010,1,undetected,N43010,N43010,N43010,sa1,1
13113,N112483 /1 undetected,output,,N112483,N112483,1,undetected,N112483,N112483,N112483,sa1,1
13114,N43008 /1 undetected,output,,N43008,N43008,1,undetected,N43008,N43008,N43008,sa1,1
13115,N90196 /1 undetected,output,,N90196,N90196,1,undetected,N90196,N90196,N90196,sa1,1
13116,N78732 /1 undetected,output,,N78732,N78732,1,undetected,N78732,N78732,N78732,sa1,1
13117,N43007 /1 undetected,output,,N43007,N43007,1,undetected,N43007,N43007,N43007,sa1,1
13118,N116996 /1 undetected,output,,N116996,N116996,1,undetected,N116996,N116996,N116996,sa1,1
13119,N112459 /1 undetected,output,,N112459,N112459,1,undetected,N112459,N112459,N112459,sa1,1
13120,N43005 /1 undetected,output,,N43005,N43005,1,undetected,N43005,N43005,N43005,sa1,1
13121,N43003 /1 undetected,output,,N43003,N43003,1,undetected,N43003,N43003,N43003,sa1,1
13122,N43002 /1 undetected,output,,N43002,N43002,1,undetected,N43002,N43002,N43002,sa1,1
13123,N112444 /1 undetected,output,,N112444,N112444,1,undetected,N112444,N112444,N112444,sa1,1
13124,N81950 /1 undetected,output,,N81950,N81950,1,undetected,N81950,N81950,N81950,sa1,1
13125,N43001 /1 undetected,output,,N43001,N43001,1,undetected,N43001,N43001,N43001,sa1,1
13126,N112437 /1 undetected,output,,N112437,N112437,1,undetected,N112437,N112437,N112437,sa1,1
13127,N78731 /1 undetected,output,,N78731,N78731,1,undetected,N78731,N78731,N78731,sa1,1
13128,N42999 /1 undetected,output,,N42999,N42999,1,undetected,N42999,N42999,N42999,sa1,1
13129,N112423 /1 undetected,output,,N112423,N112423,1,undetected,N112423,N112423,N112423,sa1,1
13130,N87610 /1 undetected,output,,N87610,N87610,1,undetected,N87610,N87610,N87610,sa1,1
13131,N90200 /1 undetected,output,,N90200,N90200,1,undetected,N90200,N90200,N90200,sa1,1
13132,N110251 /1 undetected,output,,N110251,N110251,1,undetected,N110251,N110251,N110251,sa1,1
13133,N110114 /1 undetected,output,,N110114,N110114,1,undetected,N110114,N110114,N110114,sa1,1
13134,N110040 /1 undetected,output,,N110040,N110040,1,undetected,N110040,N110040,N110040,sa1,1
13135,N110216 /1 undetected,output,,N110216,N110216,1,undetected,N110216,N110216,N110216,sa1,1
13136,N110246 /1 undetected,output,,N110246,N110246,1,undetected,N110246,N110246,N110246,sa1,1
13137,N110103 /1 undetected,output,,N110103,N110103,1,undetected,N110103,N110103,N110103,sa1,1
13138,N110029 /1 undetected,output,,N110029,N110029,1,undetected,N110029,N110029,N110029,sa1,1
13139,N110211 /1 undetected,output,,N110211,N110211,1,undetected,N110211,N110211,N110211,sa1,1
13140,N112739 /1 undetected,output,,N112739,N112739,1,undetected,N112739,N112739,N112739,sa1,1
13141,N112729 /1 undetected,output,,N112729,N112729,1,undetected,N112729,N112729,N112729,sa1,1
13142,N110959 /1 undetected,output,,N110959,N110959,1,undetected,N110959,N110959,N110959,sa1,1
13143,N110898 /1 undetected,output,,N110898,N110898,1,undetected,N110898,N110898,N110898,sa1,1
13144,N79807 /1 undetected,output,,N79807,N79807,1,undetected,N79807,N79807,N79807,sa1,1
13145,N108430 /1 undetected,output,,N108430,N108430,1,undetected,N108430,N108430,N108430,sa1,1
13146,N108590 /1 undetected,output,,N108590,N108590,1,undetected,N108590,N108590,N108590,sa1,1
13147,N108790 /1 undetected,output,,N108790,N108790,1,undetected,N108790,N108790,N108790,sa1,1
13148,N79940 /1 undetected,output,,N79940,N79940,1,undetected,N79940,N79940,N79940,sa1,1
13149,N108203 /1 undetected,output,,N108203,N108203,1,undetected,N108203,N108203,N108203,sa1,1
13150,N108307 /1 undetected,output,,N108307,N108307,1,undetected,N108307,N108307,N108307,sa1,1
13151,N109585 /1 undetected,output,,N109585,N109585,1,undetected,N109585,N109585,N109585,sa1,1
13152,N80075 /1 undetected,output,,N80075,N80075,1,undetected,N80075,N80075,N80075,sa1,1
13153,N89158 /1 undetected,output,,N89158,N89158,1,undetected,N89158,N89158,N89158,sa1,1
13154,N109490 /1 undetected,output,,N109490,N109490,1,undetected,N109490,N109490,N109490,sa1,1
13155,N80736 /1 undetected,output,,N80736,N80736,1,undetected,N80736,N80736,N80736,sa1,1
13156,N109451 /1 undetected,output,,N109451,N109451,1,undetected,N109451,N109451,N109451,sa1,1
13157,N109398 /1 undetected,output,,N109398,N109398,1,undetected,N109398,N109398,N109398,sa1,1
13158,N80210 /1 undetected,output,,N80210,N80210,1,undetected,N80210,N80210,N80210,sa1,1
13159,N107507 /1 undetected,output,,N107507,N107507,1,undetected,N107507,N107507,N107507,sa1,1
13160,N88967 /1 undetected,output,,N88967,N88967,1,undetected,N88967,N88967,N88967,sa1,1
13161,N80541 /1 undetected,output,,N80541,N80541,1,undetected,N80541,N80541,N80541,sa1,1
13162,N107478 /1 undetected,output,,N107478,N107478,1,undetected,N107478,N107478,N107478,sa1,1
13163,N28308 /1 undetected,output,,N28308,N28308,1,undetected,N28308,N28308,N28308,sa1,1
13164,N91802 /1 undetected,output,,N91802,N91802,1,undetected,N91802,N91802,N91802,sa1,1
13165,N112348 /1 undetected,output,,N112348,N112348,1,undetected,N112348,N112348,N112348,sa1,1
13166,N89968 /1 undetected,output,,N89968,N89968,1,undetected,N89968,N89968,N89968,sa1,1
13167,N28303 /1 undetected,output,,N28303,N28303,1,undetected,N28303,N28303,N28303,sa1,1
13168,N28302 /1 undetected,output,,N28302,N28302,1,undetected,N28302,N28302,N28302,sa1,1
13169,N81741 /1 undetected,output,,N81741,N81741,1,undetected,N81741,N81741,N81741,sa1,1
13170,N28301 /1 undetected,output,,N28301,N28301,1,undetected,N28301,N28301,N28301,sa1,1
13171,N112481 /1 undetected,output,,N112481,N112481,1,undetected,N112481,N112481,N112481,sa1,1
13172,N89961 /1 undetected,output,,N89961,N89961,1,undetected,N89961,N89961,N89961,sa1,1
13173,N28284 /1 undetected,output,,N28284,N28284,1,undetected,N28284,N28284,N28284,sa1,1
13174,N112311 /1 undetected,output,,N112311,N112311,1,undetected,N112311,N112311,N112311,sa1,1
13175,N28272 /1 undetected,output,,N28272,N28272,1,undetected,N28272,N28272,N28272,sa1,1
13176,N28270 /1 undetected,output,,N28270,N28270,1,undetected,N28270,N28270,N28270,sa1,1
13177,N81735 /1 undetected,output,,N81735,N81735,1,undetected,N81735,N81735,N81735,sa1,1
13178,N28269 /1 undetected,output,,N28269,N28269,1,undetected,N28269,N28269,N28269,sa1,1
13179,N112440 /1 undetected,output,,N112440,N112440,1,undetected,N112440,N112440,N112440,sa1,1
13180,N28266 /1 undetected,output,,N28266,N28266,1,undetected,N28266,N28266,N28266,sa1,1
13181,N112436 /1 undetected,output,,N112436,N112436,1,undetected,N112436,N112436,N112436,sa1,1
13182,N79370 /1 undetected,output,,N79370,N79370,1,undetected,N79370,N79370,N79370,sa1,1
13183,N28256 /1 undetected,output,,N28256,N28256,1,undetected,N28256,N28256,N28256,sa1,1
13184,N112421 /1 undetected,output,,N112421,N112421,1,undetected,N112421,N112421,N112421,sa1,1
13185,N88306 /1 undetected,output,,N88306,N88306,1,undetected,N88306,N88306,N88306,sa1,1
13186,N52394 /0 undetected,output,,N52394,N52394,0,undetected,N52394,N52394,N52394,sa0,1
13187,N120073 /1 undetected,output,,N120073,N120073,1,undetected,N120073,N120073,N120073,sa1,1
13188,N79472 /1 undetected,output,,N79472,N79472,1,undetected,N79472,N79472,N79472,sa1,1
13189,N106264 /1 undetected,output,,N106264,N106264,1,undetected,N106264,N106264,N106264,sa1,1
13190,N88420 /1 undetected,output,,N88420,N88420,1,undetected,N88420,N88420,N88420,sa1,1
13191,N52386 /0 undetected,output,,N52386,N52386,0,undetected,N52386,N52386,N52386,sa0,1
13192,N120072 /1 undetected,output,,N120072,N120072,1,undetected,N120072,N120072,N120072,sa1,1
13193,N88419 /1 undetected,output,,N88419,N88419,1,undetected,N88419,N88419,N88419,sa1,1
13194,N106263 /1 undetected,output,,N106263,N106263,1,undetected,N106263,N106263,N106263,sa1,1
13195,N79471 /1 undetected,output,,N79471,N79471,1,undetected,N79471,N79471,N79471,sa1,1
13196,N79527 /1 undetected,output,,N79527,N79527,1,undetected,N79527,N79527,N79527,sa1,1
13197,N88445 /1 undetected,output,,N88445,N88445,1,undetected,N88445,N88445,N88445,sa1,1
13198,N81302 /1 undetected,output,,N81302,N81302,1,undetected,N81302,N81302,N81302,sa1,1
13199,N107418 /1 undetected,output,,N107418,N107418,1,undetected,N107418,N107418,N107418,sa1,1
13200,N89675 /1 undetected,output,,N89675,N89675,1,undetected,N89675,N89675,N89675,sa1,1
13201,N107349 /1 undetected,output,,N107349,N107349,1,undetected,N107349,N107349,N107349,sa1,1
13202,N79632 /1 undetected,output,,N79632,N79632,1,undetected,N79632,N79632,N79632,sa1,1
13203,N88485 /1 undetected,output,,N88485,N88485,1,undetected,N88485,N88485,N88485,sa1,1
13204,N110265 /1 undetected,output,,N110265,N110265,1,undetected,N110265,N110265,N110265,sa1,1
13205,N110234 /1 undetected,output,,N110234,N110234,1,undetected,N110234,N110234,N110234,sa1,1
13206,N88574 /1 undetected,output,,N88574,N88574,1,undetected,N88574,N88574,N88574,sa1,1
13207,N79872 /1 undetected,output,,N79872,N79872,1,undetected,N79872,N79872,N79872,sa1,1
13208,N112740 /1 undetected,output,,N112740,N112740,1,undetected,N112740,N112740,N112740,sa1,1
13209,N112730 /1 undetected,output,,N112730,N112730,1,undetected,N112730,N112730,N112730,sa1,1
13210,N110964 /1 undetected,output,,N110964,N110964,1,undetected,N110964,N110964,N110964,sa1,1
13211,N110903 /1 undetected,output,,N110903,N110903,1,undetected,N110903,N110903,N110903,sa1,1
13212,N79594 /1 undetected,output,,N79594,N79594,1,undetected,N79594,N79594,N79594,sa1,1
13213,N88472 /1 undetected,output,,N88472,N88472,1,undetected,N88472,N88472,N88472,sa1,1
13214,N79591 /1 undetected,output,,N79591,N79591,1,undetected,N79591,N79591,N79591,sa1,1
13215,N88471 /1 undetected,output,,N88471,N88471,1,undetected,N88471,N88471,N88471,sa1,1
13216,N88591 /1 undetected,output,,N88591,N88591,1,undetected,N88591,N88591,N88591,sa1,1
13217,N79907 /1 undetected,output,,N79907,N79907,1,undetected,N79907,N79907,N79907,sa1,1
13218,N111976 /1 undetected,output,,N111976,N111976,1,undetected,N111976,N111976,N111976,sa1,1
13219,N111992 /1 undetected,output,,N111992,N111992,1,undetected,N111992,N111992,N111992,sa1,1
13220,N111974 /1 undetected,output,,N111974,N111974,1,undetected,N111974,N111974,N111974,sa1,1
13221,N111989 /1 undetected,output,,N111989,N111989,1,undetected,N111989,N111989,N111989,sa1,1
13222,N111973 /1 undetected,output,,N111973,N111973,1,undetected,N111973,N111973,N111973,sa1,1
13223,N111988 /1 undetected,output,,N111988,N111988,1,undetected,N111988,N111988,N111988,sa1,1
13224,N111970 /1 undetected,output,,N111970,N111970,1,undetected,N111970,N111970,N111970,sa1,1
13225,N111985 /1 undetected,output,,N111985,N111985,1,undetected,N111985,N111985,N111985,sa1,1
13226,N110575 /1 undetected,output,,N110575,N110575,1,undetected,N110575,N110575,N110575,sa1,1
13227,N109803 /1 undetected,output,,N109803,N109803,1,undetected,N109803,N109803,N109803,sa1,1
13228,N109868 /1 undetected,output,,N109868,N109868,1,undetected,N109868,N109868,N109868,sa1,1
13229,N110529 /1 undetected,output,,N110529,N110529,1,undetected,N110529,N110529,N110529,sa1,1
13230,N110076 /1 undetected,output,,N110076,N110076,1,undetected,N110076,N110076,N110076,sa1,1
13231,N110003 /1 undetected,output,,N110003,N110003,1,undetected,N110003,N110003,N110003,sa1,1
13232,N110270 /1 undetected,output,,N110270,N110270,1,undetected,N110270,N110270,N110270,sa1,1
13233,N110297 /1 undetected,output,,N110297,N110297,1,undetected,N110297,N110297,N110297,sa1,1
13234,N108823 /1 undetected,output,,N108823,N108823,1,undetected,N108823,N108823,N108823,sa1,1
13235,N80009 /1 undetected,output,,N80009,N80009,1,undetected,N80009,N80009,N80009,sa1,1
13236,N89378 /1 undetected,output,,N89378,N89378,1,undetected,N89378,N89378,N89378,sa1,1
13237,N108233 /1 undetected,output,,N108233,N108233,1,undetected,N108233,N108233,N108233,sa1,1
13238,N80984 /1 undetected,output,,N80984,N80984,1,undetected,N80984,N80984,N80984,sa1,1
13239,N108337 /1 undetected,output,,N108337,N108337,1,undetected,N108337,N108337,N108337,sa1,1
13240,N109602 /1 undetected,output,,N109602,N109602,1,undetected,N109602,N109602,N109602,sa1,1
13241,N80143 /1 undetected,output,,N80143,N80143,1,undetected,N80143,N80143,N80143,sa1,1
13242,N89192 /1 undetected,output,,N89192,N89192,1,undetected,N89192,N89192,N89192,sa1,1
13243,N109512 /1 undetected,output,,N109512,N109512,1,undetected,N109512,N109512,N109512,sa1,1
13244,N80770 /1 undetected,output,,N80770,N80770,1,undetected,N80770,N80770,N80770,sa1,1
13245,N109473 /1 undetected,output,,N109473,N109473,1,undetected,N109473,N109473,N109473,sa1,1
13246,N109427 /1 undetected,output,,N109427,N109427,1,undetected,N109427,N109427,N109427,sa1,1
13247,N80285 /1 undetected,output,,N80285,N80285,1,undetected,N80285,N80285,N80285,sa1,1
13248,N107521 /1 undetected,output,,N107521,N107521,1,undetected,N107521,N107521,N107521,sa1,1
13249,N80575 /1 undetected,output,,N80575,N80575,1,undetected,N80575,N80575,N80575,sa1,1
13250,N89001 /1 undetected,output,,N89001,N89001,1,undetected,N89001,N89001,N89001,sa1,1
13251,N107492 /1 undetected,output,,N107492,N107492,1,undetected,N107492,N107492,N107492,sa1,1
13252,N91835 /1 undetected,output,,N91835,N91835,1,undetected,N91835,N91835,N91835,sa1,1
13253,N43447 /1 undetected,output,,N43447,N43447,1,undetected,N43447,N43447,N43447,sa1,1
13254,N43445 /1 undetected,output,,N43445,N43445,1,undetected,N43445,N43445,N43445,sa1,1
13255,N81783 /1 undetected,output,,N81783,N81783,1,undetected,N81783,N81783,N81783,sa1,1
13256,N43442 /1 undetected,output,,N43442,N43442,1,undetected,N43442,N43442,N43442,sa1,1
13257,N43440 /1 undetected,output,,N43440,N43440,1,undetected,N43440,N43440,N43440,sa1,1
13258,N90002 /1 undetected,output,,N90002,N90002,1,undetected,N90002,N90002,N90002,sa1,1
13259,N43437 /1 undetected,output,,N43437,N43437,1,undetected,N43437,N43437,N43437,sa1,1
13260,N112477 /1 undetected,output,,N112477,N112477,1,undetected,N112477,N112477,N112477,sa1,1
13261,N79308 /1 undetected,output,,N79308,N79308,1,undetected,N79308,N79308,N79308,sa1,1
13262,N43439 /1 undetected,output,,N43439,N43439,1,undetected,N43439,N43439,N43439,sa1,1
13263,N112454 /1 undetected,output,,N112454,N112454,1,undetected,N112454,N112454,N112454,sa1,1
13264,N88230 /1 undetected,output,,N88230,N88230,1,undetected,N88230,N88230,N88230,sa1,1
13265,N43433 /1 undetected,output,,N43433,N43433,1,undetected,N43433,N43433,N43433,sa1,1
13266,N43432 /1 undetected,output,,N43432,N43432,1,undetected,N43432,N43432,N43432,sa1,1
13267,N79307 /1 undetected,output,,N79307,N79307,1,undetected,N79307,N79307,N79307,sa1,1
13268,N43428 /1 undetected,output,,N43428,N43428,1,undetected,N43428,N43428,N43428,sa1,1
13269,N112445 /1 undetected,output,,N112445,N112445,1,undetected,N112445,N112445,N112445,sa1,1
13270,N81778 /1 undetected,output,,N81778,N81778,1,undetected,N81778,N81778,N81778,sa1,1
13271,N43430 /1 undetected,output,,N43430,N43430,1,undetected,N43430,N43430,N43430,sa1,1
13272,N112424 /1 undetected,output,,N112424,N112424,1,undetected,N112424,N112424,N112424,sa1,1
13273,N90008 /1 undetected,output,,N90008,N90008,1,undetected,N90008,N90008,N90008,sa1,1
13274,N43174 /1 undetected,output,,N43174,N43174,1,undetected,N43174,N43174,N43174,sa1,1
13275,N79875 /1 undetected,output,,N79875,N79875,1,undetected,N79875,N79875,N79875,sa1,1
13276,N108645 /1 undetected,output,,N108645,N108645,1,undetected,N108645,N108645,N108645,sa1,1
13277,N108485 /1 undetected,output,,N108485,N108485,1,undetected,N108485,N108485,N108485,sa1,1
13278,N108804 /1 undetected,output,,N108804,N108804,1,undetected,N108804,N108804,N108804,sa1,1
13279,N109592 /1 undetected,output,,N109592,N109592,1,undetected,N109592,N109592,N109592,sa1,1
13280,N80105 /1 undetected,output,,N80105,N80105,1,undetected,N80105,N80105,N80105,sa1,1
13281,N89173 /1 undetected,output,,N89173,N89173,1,undetected,N89173,N89173,N89173,sa1,1
13282,N109500 /1 undetected,output,,N109500,N109500,1,undetected,N109500,N109500,N109500,sa1,1
13283,N80751 /1 undetected,output,,N80751,N80751,1,undetected,N80751,N80751,N80751,sa1,1
13284,N109461 /1 undetected,output,,N109461,N109461,1,undetected,N109461,N109461,N109461,sa1,1
13285,N109411 /1 undetected,output,,N109411,N109411,1,undetected,N109411,N109411,N109411,sa1,1
13286,N80243 /1 undetected,output,,N80243,N80243,1,undetected,N80243,N80243,N80243,sa1,1
13287,N107512 /1 undetected,output,,N107512,N107512,1,undetected,N107512,N107512,N107512,sa1,1
13288,N107483 /1 undetected,output,,N107483,N107483,1,undetected,N107483,N107483,N107483,sa1,1
13289,N36593 /1 undetected,output,,N36593,N36593,1,undetected,N36593,N36593,N36593,sa1,1
13290,N91820 /1 undetected,output,,N91820,N91820,1,undetected,N91820,N91820,N91820,sa1,1
13291,N36587 /1 undetected,output,,N36587,N36587,1,undetected,N36587,N36587,N36587,sa1,1
13292,N113880 /1 undetected,output,,N113880,N113880,1,undetected,N113880,N113880,N113880,sa1,1
13293,N36586 /1 undetected,output,,N36586,N36586,1,undetected,N36586,N36586,N36586,sa1,1
13294,N36584 /1 undetected,output,,N36584,N36584,1,undetected,N36584,N36584,N36584,sa1,1
13295,N74692 /1 undetected,output,,N74692,N74692,1,undetected,N74692,N74692,N74692,sa1,1
13296,N36581 /1 undetected,output,,N36581,N36581,1,undetected,N36581,N36581,N36581,sa1,1
13297,N112472 /1 undetected,output,,N112472,N112472,1,undetected,N112472,N112472,N112472,sa1,1
13298,N78814 /1 undetected,output,,N78814,N78814,1,undetected,N78814,N78814,N78814,sa1,1
13299,N36583 /1 undetected,output,,N36583,N36583,1,undetected,N36583,N36583,N36583,sa1,1
13300,N109349 /1 undetected,output,,N109349,N109349,1,undetected,N109349,N109349,N109349,sa1,1
13301,N87712 /1 undetected,output,,N87712,N87712,1,undetected,N87712,N87712,N87712,sa1,1
13302,N36579 /1 undetected,output,,N36579,N36579,1,undetected,N36579,N36579,N36579,sa1,1
13303,N36577 /1 undetected,output,,N36577,N36577,1,undetected,N36577,N36577,N36577,sa1,1
13304,N84598 /1 undetected,output,,N84598,N84598,1,undetected,N84598,N84598,N84598,sa1,1
13305,N36576 /1 undetected,output,,N36576,N36576,1,undetected,N36576,N36576,N36576,sa1,1
13306,N112468 /1 undetected,output,,N112468,N112468,1,undetected,N112468,N112468,N112468,sa1,1
13307,N78813 /1 undetected,output,,N78813,N78813,1,undetected,N78813,N78813,N78813,sa1,1
13308,N87711 /1 undetected,output,,N87711,N87711,1,undetected,N87711,N87711,N87711,sa1,1
13309,N28276 /1 undetected,output,,N28276,N28276,1,undetected,N28276,N28276,N28276,sa1,1
13310,N36572 /1 undetected,output,,N36572,N36572,1,undetected,N36572,N36572,N36572,sa1,1
13311,N36570 /1 undetected,output,,N36570,N36570,1,undetected,N36570,N36570,N36570,sa1,1
13312,N113864 /1 undetected,output,,N113864,N113864,1,undetected,N113864,N113864,N113864,sa1,1
13313,N36569 /1 undetected,output,,N36569,N36569,1,undetected,N36569,N36569,N36569,sa1,1
13314,N115128 /1 undetected,output,,N115128,N115128,1,undetected,N115128,N115128,N115128,sa1,1
13315,N111754 /1 undetected,output,,N111754,N111754,1,undetected,N111754,N111754,N111754,sa1,1
13316,N36567 /1 undetected,output,,N36567,N36567,1,undetected,N36567,N36567,N36567,sa1,1
13317,N84597 /1 undetected,output,,N84597,N84597,1,undetected,N84597,N84597,N84597,sa1,1
13318,N36565 /1 undetected,output,,N36565,N36565,1,undetected,N36565,N36565,N36565,sa1,1
13319,N36564 /1 undetected,output,,N36564,N36564,1,undetected,N36564,N36564,N36564,sa1,1
13320,N112434 /1 undetected,output,,N112434,N112434,1,undetected,N112434,N112434,N112434,sa1,1
13321,N78812 /1 undetected,output,,N78812,N78812,1,undetected,N78812,N78812,N78812,sa1,1
13322,N36562 /1 undetected,output,,N36562,N36562,1,undetected,N36562,N36562,N36562,sa1,1
13323,N87710 /1 undetected,output,,N87710,N87710,1,undetected,N87710,N87710,N87710,sa1,1
13324,N28237 /1 undetected,output,,N28237,N28237,1,undetected,N28237,N28237,N28237,sa1,1
13325,N81875 /1 undetected,output,,N81875,N81875,1,undetected,N81875,N81875,N81875,sa1,1
13326,N36383 /1 undetected,output,,N36383,N36383,1,undetected,N36383,N36383,N36383,sa1,1
13327,N79971 /1 undetected,output,,N79971,N79971,1,undetected,N79971,N79971,N79971,sa1,1
13328,N80965 /1 undetected,output,,N80965,N80965,1,undetected,N80965,N80965,N80965,sa1,1
13329,N108320 /1 undetected,output,,N108320,N108320,1,undetected,N108320,N108320,N108320,sa1,1
13330,N89368 /1 undetected,output,,N89368,N89368,1,undetected,N89368,N89368,N89368,sa1,1
13331,N108216 /1 undetected,output,,N108216,N108216,1,undetected,N108216,N108216,N108216,sa1,1
13332,N79837 /1 undetected,output,,N79837,N79837,1,undetected,N79837,N79837,N79837,sa1,1
13333,N108614 /1 undetected,output,,N108614,N108614,1,undetected,N108614,N108614,N108614,sa1,1
13334,N108454 /1 undetected,output,,N108454,N108454,1,undetected,N108454,N108454,N108454,sa1,1
13335,N79735 /1 undetected,output,,N79735,N79735,1,undetected,N79735,N79735,N79735,sa1,1
13336,N88525 /1 undetected,output,,N88525,N88525,1,undetected,N88525,N88525,N88525,sa1,1
13337,N51536 /0 undetected,output,,N51536,N51536,0,undetected,N51536,N51536,N51536,sa0,1
13338,N119827 /1 undetected,output,,N119827,N119827,1,undetected,N119827,N119827,N119827,sa1,1
13339,N110140 /1 undetected,output,,N110140,N110140,1,undetected,N110140,N110140,N110140,sa1,1
13340,N110065 /1 undetected,output,,N110065,N110065,1,undetected,N110065,N110065,N110065,sa1,1
13341,N106260 /1 undetected,output,,N106260,N106260,1,undetected,N106260,N106260,N106260,sa1,1
13342,N79902 /1 undetected,output,,N79902,N79902,1,undetected,N79902,N79902,N79902,sa1,1
13343,N108507 /1 undetected,output,,N108507,N108507,1,undetected,N108507,N108507,N108507,sa1,1
13344,N108667 /1 undetected,output,,N108667,N108667,1,undetected,N108667,N108667,N108667,sa1,1
13345,N108837 /1 undetected,output,,N108837,N108837,1,undetected,N108837,N108837,N108837,sa1,1
13346,N109608 /1 undetected,output,,N109608,N109608,1,undetected,N109608,N109608,N109608,sa1,1
13347,N109384 /1 undetected,output,,N109384,N109384,1,undetected,N109384,N109384,N109384,sa1,1
13348,N89111 /1 undetected,output,,N89111,N89111,1,undetected,N89111,N89111,N89111,sa1,1
13349,N109394 /1 undetected,output,,N109394,N109394,1,undetected,N109394,N109394,N109394,sa1,1
13350,N80687 /1 undetected,output,,N80687,N80687,1,undetected,N80687,N80687,N80687,sa1,1
13351,N80318 /1 undetected,output,,N80318,N80318,1,undetected,N80318,N80318,N80318,sa1,1
13352,N107526 /1 undetected,output,,N107526,N107526,1,undetected,N107526,N107526,N107526,sa1,1
13353,N48387 /1 undetected,output,,N48387,N48387,1,undetected,N48387,N48387,N48387,sa1,1
13354,N48385 /1 undetected,output,,N48385,N48385,1,undetected,N48385,N48385,N48385,sa1,1
13355,N118579 /1 undetected,output,,N118579,N118579,1,undetected,N118579,N118579,N118579,sa1,1
13356,N107470 /1 undetected,output,,N107470,N107470,1,undetected,N107470,N107470,N107470,sa1,1
13357,N91853 /1 undetected,output,,N91853,N91853,1,undetected,N91853,N91853,N91853,sa1,1
13358,N90247 /1 undetected,output,,N90247,N90247,1,undetected,N90247,N90247,N90247,sa1,1
13359,N48144 /1 undetected,output,,N48144,N48144,1,undetected,N48144,N48144,N48144,sa1,1
13360,N48378 /1 undetected,output,,N48378,N48378,1,undetected,N48378,N48378,N48378,sa1,1
13361,N48376 /1 undetected,output,,N48376,N48376,1,undetected,N48376,N48376,N48376,sa1,1
13362,N82026 /1 undetected,output,,N82026,N82026,1,undetected,N82026,N82026,N82026,sa1,1
13363,N48373 /1 undetected,output,,N48373,N48373,1,undetected,N48373,N48373,N48373,sa1,1
13364,N48371 /1 undetected,output,,N48371,N48371,1,undetected,N48371,N48371,N48371,sa1,1
13365,N88399 /1 undetected,output,,N88399,N88399,1,undetected,N88399,N88399,N88399,sa1,1
13366,N48370 /1 undetected,output,,N48370,N48370,1,undetected,N48370,N48370,N48370,sa1,1
13367,N112456 /1 undetected,output,,N112456,N112456,1,undetected,N112456,N112456,N112456,sa1,1
13368,N82035 /1 undetected,output,,N82035,N82035,1,undetected,N82035,N82035,N82035,sa1,1
13369,N48368 /1 undetected,output,,N48368,N48368,1,undetected,N48368,N48368,N48368,sa1,1
13370,N112426 /1 undetected,output,,N112426,N112426,1,undetected,N112426,N112426,N112426,sa1,1
13371,N90253 /1 undetected,output,,N90253,N90253,1,undetected,N90253,N90253,N90253,sa1,1
13372,N48364 /1 undetected,output,,N48364,N48364,1,undetected,N48364,N48364,N48364,sa1,1
13373,N79454 /1 undetected,output,,N79454,N79454,1,undetected,N79454,N79454,N79454,sa1,1
13374,N48363 /1 undetected,output,,N48363,N48363,1,undetected,N48363,N48363,N48363,sa1,1
13375,N114997 /1 undetected,output,,N114997,N114997,1,undetected,N114997,N114997,N114997,sa1,1
13376,N90252 /1 undetected,output,,N90252,N90252,1,undetected,N90252,N90252,N90252,sa1,1
13377,N48361 /1 undetected,output,,N48361,N48361,1,undetected,N48361,N48361,N48361,sa1,1
13378,N82034 /1 undetected,output,,N82034,N82034,1,undetected,N82034,N82034,N82034,sa1,1
13379,N48359 /1 undetected,output,,N48359,N48359,1,undetected,N48359,N48359,N48359,sa1,1
13380,N118649 /1 undetected,output,,N118649,N118649,1,undetected,N118649,N118649,N118649,sa1,1
13381,N80616 /1 undetected,output,,N80616,N80616,1,undetected,N80616,N80616,N80616,sa1,1
13382,N118651 /1 undetected,output,,N118651,N118651,1,undetected,N118651,N118651,N118651,sa1,1
13383,N89039 /1 undetected,output,,N89039,N89039,1,undetected,N89039,N89039,N89039,sa1,1
13384,N80035 /1 undetected,output,,N80035,N80035,1,undetected,N80035,N80035,N80035,sa1,1
13385,N111745 /1 undetected,output,,N111745,N111745,1,undetected,N111745,N111745,N111745,sa1,1
13386,N107127 /1 undetected,output,,N107127,N107127,1,undetected,N107127,N107127,N107127,sa1,1
13387,N107167 /1 undetected,output,,N107167,N107167,1,undetected,N107167,N107167,N107167,sa1,1
13388,N79806 /1 undetected,output,,N79806,N79806,1,undetected,N79806,N79806,N79806,sa1,1
13389,N88543 /1 undetected,output,,N88543,N88543,1,undetected,N88543,N88543,N88543,sa1,1
13390,N79909 /1 undetected,output,,N79909,N79909,1,undetected,N79909,N79909,N79909,sa1,1
13391,N88592 /1 undetected,output,,N88592,N88592,1,undetected,N88592,N88592,N88592,sa1,1
13392,N79699 /1 undetected,output,,N79699,N79699,1,undetected,N79699,N79699,N79699,sa1,1
13393,N88503 /1 undetected,output,,N88503,N88503,1,undetected,N88503,N88503,N88503,sa1,1
13394,N111450 /1 undetected,output,,N111450,N111450,1,undetected,N111450,N111450,N111450,sa1,1
13395,N111438 /1 undetected,output,,N111438,N111438,1,undetected,N111438,N111438,N111438,sa1,1
13396,N111449 /1 undetected,output,,N111449,N111449,1,undetected,N111449,N111449,N111449,sa1,1
13397,N111437 /1 undetected,output,,N111437,N111437,1,undetected,N111437,N111437,N111437,sa1,1
13398,N79640 /1 undetected,output,,N79640,N79640,1,undetected,N79640,N79640,N79640,sa1,1
13399,N88487 /1 undetected,output,,N88487,N88487,1,undetected,N88487,N88487,N88487,sa1,1
13400,N111982 /1 undetected,output,,N111982,N111982,1,undetected,N111982,N111982,N111982,sa1,1
13401,N111966 /1 undetected,output,,N111966,N111966,1,undetected,N111966,N111966,N111966,sa1,1
13402,N88483 /1 undetected,output,,N88483,N88483,1,undetected,N88483,N88483,N88483,sa1,1
13403,N79625 /1 undetected,output,,N79625,N79625,1,undetected,N79625,N79625,N79625,sa1,1
13404,N79693 /1 undetected,output,,N79693,N79693,1,undetected,N79693,N79693,N79693,sa1,1
13405,N88501 /1 undetected,output,,N88501,N88501,1,undetected,N88501,N88501,N88501,sa1,1
13406,N88588 /1 undetected,output,,N88588,N88588,1,undetected,N88588,N88588,N88588,sa1,1
13407,N79901 /1 undetected,output,,N79901,N79901,1,undetected,N79901,N79901,N79901,sa1,1
13408,N110288 /1 undetected,output,,N110288,N110288,1,undetected,N110288,N110288,N110288,sa1,1
13409,N110314 /1 undetected,output,,N110314,N110314,1,undetected,N110314,N110314,N110314,sa1,1
13410,N108648 /1 undetected,output,,N108648,N108648,1,undetected,N108648,N108648,N108648,sa1,1
13411,N108558 /1 undetected,output,,N108558,N108558,1,undetected,N108558,N108558,N108558,sa1,1
13412,N108488 /1 undetected,output,,N108488,N108488,1,undetected,N108488,N108488,N108488,sa1,1
13413,N108397 /1 undetected,output,,N108397,N108397,1,undetected,N108397,N108397,N108397,sa1,1
13414,N110283 /1 undetected,output,,N110283,N110283,1,undetected,N110283,N110283,N110283,sa1,1
13415,N110309 /1 undetected,output,,N110309,N110309,1,undetected,N110309,N110309,N110309,sa1,1
13416,N111972 /1 undetected,output,,N111972,N111972,1,undetected,N111972,N111972,N111972,sa1,1
13417,N111987 /1 undetected,output,,N111987,N111987,1,undetected,N111987,N111987,N111987,sa1,1
13418,N111969 /1 undetected,output,,N111969,N111969,1,undetected,N111969,N111969,N111969,sa1,1
13419,N111984 /1 undetected,output,,N111984,N111984,1,undetected,N111984,N111984,N111984,sa1,1
13420,N79638 /1 undetected,output,,N79638,N79638,1,undetected,N79638,N79638,N79638,sa1,1
13421,N88486 /1 undetected,output,,N88486,N88486,1,undetected,N88486,N88486,N88486,sa1,1
13422,N111955 /1 undetected,output,,N111955,N111955,1,undetected,N111955,N111955,N111955,sa1,1
13423,N111959 /1 undetected,output,,N111959,N111959,1,undetected,N111959,N111959,N111959,sa1,1
13424,N110616 /1 undetected,output,,N110616,N110616,1,undetected,N110616,N110616,N110616,sa1,1
13425,N109834 /1 undetected,output,,N109834,N109834,1,undetected,N109834,N109834,N109834,sa1,1
13426,N109884 /1 undetected,output,,N109884,N109884,1,undetected,N109884,N109884,N109884,sa1,1
13427,N110555 /1 undetected,output,,N110555,N110555,1,undetected,N110555,N110555,N110555,sa1,1
13428,N108760 /1 undetected,output,,N108760,N108760,1,undetected,N108760,N108760,N108760,sa1,1
13429,N107442 /1 undetected,output,,N107442,N107442,1,undetected,N107442,N107442,N107442,sa1,1
13430,N107373 /1 undetected,output,,N107373,N107373,1,undetected,N107373,N107373,N107373,sa1,1
13431,N107310 /1 undetected,output,,N107310,N107310,1,undetected,N107310,N107310,N107310,sa1,1
13432,N111975 /1 undetected,output,,N111975,N111975,1,undetected,N111975,N111975,N111975,sa1,1
13433,N111990 /1 undetected,output,,N111990,N111990,1,undetected,N111990,N111990,N111990,sa1,1
13434,N111971 /1 undetected,output,,N111971,N111971,1,undetected,N111971,N111971,N111971,sa1,1
13435,N111986 /1 undetected,output,,N111986,N111986,1,undetected,N111986,N111986,N111986,sa1,1
13436,N110579 /1 undetected,output,,N110579,N110579,1,undetected,N110579,N110579,N110579,sa1,1
13437,N109806 /1 undetected,output,,N109806,N109806,1,undetected,N109806,N109806,N109806,sa1,1
13438,N109871 /1 undetected,output,,N109871,N109871,1,undetected,N109871,N109871,N109871,sa1,1
13439,N110532 /1 undetected,output,,N110532,N110532,1,undetected,N110532,N110532,N110532,sa1,1
13440,N110983 /1 undetected,output,,N110983,N110983,1,undetected,N110983,N110983,N110983,sa1,1
13441,N110922 /1 undetected,output,,N110922,N110922,1,undetected,N110922,N110922,N110922,sa1,1
13442,N79832 /1 undetected,output,,N79832,N79832,1,undetected,N79832,N79832,N79832,sa1,1
13443,N88554 /1 undetected,output,,N88554,N88554,1,undetected,N88554,N88554,N88554,sa1,1
13444,N88484 /1 undetected,output,,N88484,N88484,1,undetected,N88484,N88484,N88484,sa1,1
13445,N79629 /1 undetected,output,,N79629,N79629,1,undetected,N79629,N79629,N79629,sa1,1
13446,N108761 /1 undetected,output,,N108761,N108761,1,undetected,N108761,N108761,N108761,sa1,1
13447,N107444 /1 undetected,output,,N107444,N107444,1,undetected,N107444,N107444,N107444,sa1,1
13448,N107375 /1 undetected,output,,N107375,N107375,1,undetected,N107375,N107375,N107375,sa1,1
13449,N107311 /1 undetected,output,,N107311,N107311,1,undetected,N107311,N107311,N107311,sa1,1
13450,N79622 /1 undetected,output,,N79622,N79622,1,undetected,N79622,N79622,N79622,sa1,1
13451,N88482 /1 undetected,output,,N88482,N88482,1,undetected,N88482,N88482,N88482,sa1,1
13452,N108746 /1 undetected,output,,N108746,N108746,1,undetected,N108746,N108746,N108746,sa1,1
13453,N107407 /1 undetected,output,,N107407,N107407,1,undetected,N107407,N107407,N107407,sa1,1
13454,N107338 /1 undetected,output,,N107338,N107338,1,undetected,N107338,N107338,N107338,sa1,1
13455,N107296 /1 undetected,output,,N107296,N107296,1,undetected,N107296,N107296,N107296,sa1,1
13456,N79795 /1 undetected,output,,N79795,N79795,1,undetected,N79795,N79795,N79795,sa1,1
13457,N108418 /1 undetected,output,,N108418,N108418,1,undetected,N108418,N108418,N108418,sa1,1
13458,N108578 /1 undetected,output,,N108578,N108578,1,undetected,N108578,N108578,N108578,sa1,1
13459,N108784 /1 undetected,output,,N108784,N108784,1,undetected,N108784,N108784,N108784,sa1,1
13460,N79928 /1 undetected,output,,N79928,N79928,1,undetected,N79928,N79928,N79928,sa1,1
13461,N108196 /1 undetected,output,,N108196,N108196,1,undetected,N108196,N108196,N108196,sa1,1
13462,N108300 /1 undetected,output,,N108300,N108300,1,undetected,N108300,N108300,N108300,sa1,1
13463,N109582 /1 undetected,output,,N109582,N109582,1,undetected,N109582,N109582,N109582,sa1,1
13464,N80063 /1 undetected,output,,N80063,N80063,1,undetected,N80063,N80063,N80063,sa1,1
13465,N89152 /1 undetected,output,,N89152,N89152,1,undetected,N89152,N89152,N89152,sa1,1
13466,N109487 /1 undetected,output,,N109487,N109487,1,undetected,N109487,N109487,N109487,sa1,1
13467,N80730 /1 undetected,output,,N80730,N80730,1,undetected,N80730,N80730,N80730,sa1,1
13468,N109448 /1 undetected,output,,N109448,N109448,1,undetected,N109448,N109448,N109448,sa1,1
13469,N109395 /1 undetected,output,,N109395,N109395,1,undetected,N109395,N109395,N109395,sa1,1
13470,N80196 /1 undetected,output,,N80196,N80196,1,undetected,N80196,N80196,N80196,sa1,1
13471,N107504 /1 undetected,output,,N107504,N107504,1,undetected,N107504,N107504,N107504,sa1,1
13472,N107476 /1 undetected,output,,N107476,N107476,1,undetected,N107476,N107476,N107476,sa1,1
13473,N91793 /1 undetected,output,,N91793,N91793,1,undetected,N91793,N91793,N91793,sa1,1
13474,N25430 /1 undetected,output,,N25430,N25430,1,undetected,N25430,N25430,N25430,sa1,1
13475,N108057 /1 undetected,output,,N108057,N108057,1,undetected,N108057,N108057,N108057,sa1,1
13476,N80370 /1 undetected,output,,N80370,N80370,1,undetected,N80370,N80370,N80370,sa1,1
13477,N88852 /1 undetected,output,,N88852,N88852,1,undetected,N88852,N88852,N88852,sa1,1
13478,N25428 /1 undetected,output,,N25428,N25428,1,undetected,N25428,N25428,N25428,sa1,1
13479,N25426 /1 undetected,output,,N25426,N25426,1,undetected,N25426,N25426,N25426,sa1,1
13480,N25425 /1 undetected,output,,N25425,N25425,1,undetected,N25425,N25425,N25425,sa1,1
13481,N106482 /1 undetected,output,,N106482,N106482,1,undetected,N106482,N106482,N106482,sa1,1
13482,N74663 /1 undetected,output,,N74663,N74663,1,undetected,N74663,N74663,N74663,sa1,1
13483,N25424 /1 undetected,output,,N25424,N25424,1,undetected,N25424,N25424,N25424,sa1,1
13484,N109346 /1 undetected,output,,N109346,N109346,1,undetected,N109346,N109346,N109346,sa1,1
13485,N108055 /1 undetected,output,,N108055,N108055,1,undetected,N108055,N108055,N108055,sa1,1
13486,N84747 /1 undetected,output,,N84747,N84747,1,undetected,N84747,N84747,N84747,sa1,1
13487,N25418 /1 undetected,output,,N25418,N25418,1,undetected,N25418,N25418,N25418,sa1,1
13488,N25416 /1 undetected,output,,N25416,N25416,1,undetected,N25416,N25416,N25416,sa1,1
13489,N107911 /1 undetected,output,,N107911,N107911,1,undetected,N107911,N107911,N107911,sa1,1
13490,N25414 /1 undetected,output,,N25414,N25414,1,undetected,N25414,N25414,N25414,sa1,1
13491,N109020 /1 undetected,output,,N109020,N109020,1,undetected,N109020,N109020,N109020,sa1,1
13492,N92284 /1 undetected,output,,N92284,N92284,1,undetected,N92284,N92284,N92284,sa1,1
13493,N25410 /1 undetected,output,,N25410,N25410,1,undetected,N25410,N25410,N25410,sa1,1
13494,N109343 /1 undetected,output,,N109343,N109343,1,undetected,N109343,N109343,N109343,sa1,1
13495,N80364 /1 undetected,output,,N80364,N80364,1,undetected,N80364,N80364,N80364,sa1,1
13496,N25407 /1 undetected,output,,N25407,N25407,1,undetected,N25407,N25407,N25407,sa1,1
13497,N105574 /1 undetected,output,,N105574,N105574,1,undetected,N105574,N105574,N105574,sa1,1
13498,N109340 /1 undetected,output,,N109340,N109340,1,undetected,N109340,N109340,N109340,sa1,1
13499,N108054 /1 undetected,output,,N108054,N108054,1,undetected,N108054,N108054,N108054,sa1,1
13500,N25397 /1 undetected,output,,N25397,N25397,1,undetected,N25397,N25397,N25397,sa1,1
13501,N92389 /1 undetected,output,,N92389,N92389,1,undetected,N92389,N92389,N92389,sa1,1
13502,N25395 /1 undetected,output,,N25395,N25395,1,undetected,N25395,N25395,N25395,sa1,1
13503,N25378 /1 undetected,output,,N25378,N25378,1,undetected,N25378,N25378,N25378,sa1,1
13504,N25377 /1 undetected,output,,N25377,N25377,1,undetected,N25377,N25377,N25377,sa1,1
13505,N109299 /1 undetected,output,,N109299,N109299,1,undetected,N109299,N109299,N109299,sa1,1
13506,N109216 /1 undetected,output,,N109216,N109216,1,undetected,N109216,N109216,N109216,sa1,1
13507,N25366 /1 undetected,output,,N25366,N25366,1,undetected,N25366,N25366,N25366,sa1,1
13508,N109277 /1 undetected,output,,N109277,N109277,1,undetected,N109277,N109277,N109277,sa1,1
13509,N107910 /1 undetected,output,,N107910,N107910,1,undetected,N107910,N107910,N107910,sa1,1
13510,N25352 /1 undetected,output,,N25352,N25352,1,undetected,N25352,N25352,N25352,sa1,1
13511,N109238 /1 undetected,output,,N109238,N109238,1,undetected,N109238,N109238,N109238,sa1,1
13512,N107791 /1 undetected,output,,N107791,N107791,1,undetected,N107791,N107791,N107791,sa1,1
13513,N25348 /1 undetected,output,,N25348,N25348,1,undetected,N25348,N25348,N25348,sa1,1
13514,N97757 /1 undetected,output,,N97757,N97757,1,undetected,N97757,N97757,N97757,sa1,1
13515,N25346 /1 undetected,output,,N25346,N25346,1,undetected,N25346,N25346,N25346,sa1,1
13516,N25337 /1 undetected,output,,N25337,N25337,1,undetected,N25337,N25337,N25337,sa1,1
13517,N25336 /1 undetected,output,,N25336,N25336,1,undetected,N25336,N25336,N25336,sa1,1
13518,N25335 /1 undetected,output,,N25335,N25335,1,undetected,N25335,N25335,N25335,sa1,1
13519,N109215 /1 undetected,output,,N109215,N109215,1,undetected,N109215,N109215,N109215,sa1,1
13520,N109194 /1 undetected,output,,N109194,N109194,1,undetected,N109194,N109194,N109194,sa1,1
13521,N25216 /1 undetected,output,,N25216,N25216,1,undetected,N25216,N25216,N25216,sa1,1
13522,N109098 /1 undetected,output,,N109098,N109098,1,undetected,N109098,N109098,N109098,sa1,1
13523,N108053 /1 undetected,output,,N108053,N108053,1,undetected,N108053,N108053,N108053,sa1,1
13524,N25115 /1 undetected,output,,N25115,N25115,1,undetected,N25115,N25115,N25115,sa1,1
13525,N109051 /1 undetected,output,,N109051,N109051,1,undetected,N109051,N109051,N109051,sa1,1
13526,N107909 /1 undetected,output,,N107909,N107909,1,undetected,N107909,N107909,N107909,sa1,1
13527,N24989 /1 undetected,output,,N24989,N24989,1,undetected,N24989,N24989,N24989,sa1,1
13528,N108953 /1 undetected,output,,N108953,N108953,1,undetected,N108953,N108953,N108953,sa1,1
13529,N107790 /1 undetected,output,,N107790,N107790,1,undetected,N107790,N107790,N107790,sa1,1
13530,N108720 /1 undetected,output,,N108720,N108720,1,undetected,N108720,N108720,N108720,sa1,1
13531,N108710 /1 undetected,output,,N108710,N108710,1,undetected,N108710,N108710,N108710,sa1,1
13532,N108699 /1 undetected,output,,N108699,N108699,1,undetected,N108699,N108699,N108699,sa1,1
13533,N108689 /1 undetected,output,,N108689,N108689,1,undetected,N108689,N108689,N108689,sa1,1
13534,N88575 /1 undetected,output,,N88575,N88575,1,undetected,N88575,N88575,N88575,sa1,1
13535,N79874 /1 undetected,output,,N79874,N79874,1,undetected,N79874,N79874,N79874,sa1,1
13536,N79845 /1 undetected,output,,N79845,N79845,1,undetected,N79845,N79845,N79845,sa1,1
13537,N108461 /1 undetected,output,,N108461,N108461,1,undetected,N108461,N108461,N108461,sa1,1
13538,N108621 /1 undetected,output,,N108621,N108621,1,undetected,N108621,N108621,N108621,sa1,1
13539,N108808 /1 undetected,output,,N108808,N108808,1,undetected,N108808,N108808,N108808,sa1,1
13540,N79979 /1 undetected,output,,N79979,N79979,1,undetected,N79979,N79979,N79979,sa1,1
13541,N108220 /1 undetected,output,,N108220,N108220,1,undetected,N108220,N108220,N108220,sa1,1
13542,N108324 /1 undetected,output,,N108324,N108324,1,undetected,N108324,N108324,N108324,sa1,1
13543,N109594 /1 undetected,output,,N109594,N109594,1,undetected,N109594,N109594,N109594,sa1,1
13544,N80113 /1 undetected,output,,N80113,N80113,1,undetected,N80113,N80113,N80113,sa1,1
13545,N89177 /1 undetected,output,,N89177,N89177,1,undetected,N89177,N89177,N89177,sa1,1
13546,N109503 /1 undetected,output,,N109503,N109503,1,undetected,N109503,N109503,N109503,sa1,1
13547,N80755 /1 undetected,output,,N80755,N80755,1,undetected,N80755,N80755,N80755,sa1,1
13548,N109464 /1 undetected,output,,N109464,N109464,1,undetected,N109464,N109464,N109464,sa1,1
13549,N109415 /1 undetected,output,,N109415,N109415,1,undetected,N109415,N109415,N109415,sa1,1
13550,N80251 /1 undetected,output,,N80251,N80251,1,undetected,N80251,N80251,N80251,sa1,1
13551,N38012 /1 undetected,output,,N38012,N38012,1,undetected,N38012,N38012,N38012,sa1,1
13552,N106895 /1 undetected,output,,N106895,N106895,1,undetected,N106895,N106895,N106895,sa1,1
13553,N106940 /1 undetected,output,,N106940,N106940,1,undetected,N106940,N106940,N106940,sa1,1
13554,N38003 /1 undetected,output,,N38003,N38003,1,undetected,N38003,N38003,N38003,sa1,1
13555,N38001 /1 undetected,output,,N38001,N38001,1,undetected,N38001,N38001,N38001,sa1,1
13556,N115589 /1 undetected,output,,N115589,N115589,1,undetected,N115589,N115589,N115589,sa1,1
13557,N107469 /1 undetected,output,,N107469,N107469,1,undetected,N107469,N107469,N107469,sa1,1
13558,N90114 /1 undetected,output,,N90114,N90114,1,undetected,N90114,N90114,N90114,sa1,1
13559,N37992 /1 undetected,output,,N37992,N37992,1,undetected,N37992,N37992,N37992,sa1,1
13560,N81882 /1 undetected,output,,N81882,N81882,1,undetected,N81882,N81882,N81882,sa1,1
13561,N37990 /1 undetected,output,,N37990,N37990,1,undetected,N37990,N37990,N37990,sa1,1
13562,N37988 /1 undetected,output,,N37988,N37988,1,undetected,N37988,N37988,N37988,sa1,1
13563,N37987 /1 undetected,output,,N37987,N37987,1,undetected,N37987,N37987,N37987,sa1,1
13564,N115544 /1 undetected,output,,N115544,N115544,1,undetected,N115544,N115544,N115544,sa1,1
13565,N111755 /1 undetected,output,,N111755,N111755,1,undetected,N111755,N111755,N111755,sa1,1
13566,N37978 /1 undetected,output,,N37978,N37978,1,undetected,N37978,N37978,N37978,sa1,1
13567,N37976 /1 undetected,output,,N37976,N37976,1,undetected,N37976,N37976,N37976,sa1,1
13568,N97773 /1 undetected,output,,N97773,N97773,1,undetected,N97773,N97773,N97773,sa1,1
13569,N37975 /1 undetected,output,,N37975,N37975,1,undetected,N37975,N37975,N37975,sa1,1
13570,N109202 /1 undetected,output,,N109202,N109202,1,undetected,N109202,N109202,N109202,sa1,1
13571,N79329 /1 undetected,output,,N79329,N79329,1,undetected,N79329,N79329,N79329,sa1,1
13572,N37973 /1 undetected,output,,N37973,N37973,1,undetected,N37973,N37973,N37973,sa1,1
13573,N109231 /1 undetected,output,,N109231,N109231,1,undetected,N109231,N109231,N109231,sa1,1
13574,N88254 /1 undetected,output,,N88254,N88254,1,undetected,N88254,N88254,N88254,sa1,1
13575,N37985 /1 undetected,output,,N37985,N37985,1,undetected,N37985,N37985,N37985,sa1,1
13576,N37983 /1 undetected,output,,N37983,N37983,1,undetected,N37983,N37983,N37983,sa1,1
13577,N92396 /1 undetected,output,,N92396,N92396,1,undetected,N92396,N92396,N92396,sa1,1
13578,N37980 /1 undetected,output,,N37980,N37980,1,undetected,N37980,N37980,N37980,sa1,1
13579,N109242 /1 undetected,output,,N109242,N109242,1,undetected,N109242,N109242,N109242,sa1,1
13580,N88255 /1 undetected,output,,N88255,N88255,1,undetected,N88255,N88255,N88255,sa1,1
13581,N37982 /1 undetected,output,,N37982,N37982,1,undetected,N37982,N37982,N37982,sa1,1
13582,N109302 /1 undetected,output,,N109302,N109302,1,undetected,N109302,N109302,N109302,sa1,1
13583,N79330 /1 undetected,output,,N79330,N79330,1,undetected,N79330,N79330,N79330,sa1,1
13584,N37970 /1 undetected,output,,N37970,N37970,1,undetected,N37970,N37970,N37970,sa1,1
13585,N115580 /1 undetected,output,,N115580,N115580,1,undetected,N115580,N115580,N115580,sa1,1
13586,N112482 /1 undetected,output,,N112482,N112482,1,undetected,N112482,N112482,N112482,sa1,1
13587,N90106 /1 undetected,output,,N90106,N90106,1,undetected,N90106,N90106,N90106,sa1,1
13588,N115582 /1 undetected,output,,N115582,N115582,1,undetected,N115582,N115582,N115582,sa1,1
13589,N115542 /1 undetected,output,,N115542,N115542,1,undetected,N115542,N115542,N115542,sa1,1
13590,N88556 /1 undetected,output,,N88556,N88556,1,undetected,N88556,N88556,N88556,sa1,1
13591,N79836 /1 undetected,output,,N79836,N79836,1,undetected,N79836,N79836,N79836,sa1,1
13592,N52382 /1 undetected,output,,N52382,N52382,1,undetected,N52382,N52382,N52382,sa1,1
13593,N52381 /1 undetected,output,,N52381,N52381,1,undetected,N52381,N52381,N52381,sa1,1
13594,N112734 /1 undetected,output,,N112734,N112734,1,undetected,N112734,N112734,N112734,sa1,1
13595,N52379 /1 undetected,output,,N52379,N52379,1,undetected,N52379,N52379,N52379,sa1,1
13596,N112743 /1 undetected,output,,N112743,N112743,1,undetected,N112743,N112743,N112743,sa1,1
13597,N110890 /1 undetected,output,,N110890,N110890,1,undetected,N110890,N110890,N110890,sa1,1
13598,N110951 /1 undetected,output,,N110951,N110951,1,undetected,N110951,N110951,N110951,sa1,1
13599,N108725 /1 undetected,output,,N108725,N108725,1,undetected,N108725,N108725,N108725,sa1,1
13600,N108715 /1 undetected,output,,N108715,N108715,1,undetected,N108715,N108715,N108715,sa1,1
13601,N108694 /1 undetected,output,,N108694,N108694,1,undetected,N108694,N108694,N108694,sa1,1
13602,N108704 /1 undetected,output,,N108704,N108704,1,undetected,N108704,N108704,N108704,sa1,1
13603,N109836 /1 undetected,output,,N109836,N109836,1,undetected,N109836,N109836,N109836,sa1,1
13604,N110620 /1 undetected,output,,N110620,N110620,1,undetected,N110620,N110620,N110620,sa1,1
13605,N109885 /1 undetected,output,,N109885,N109885,1,undetected,N109885,N109885,N109885,sa1,1
13606,N110557 /1 undetected,output,,N110557,N110557,1,undetected,N110557,N110557,N110557,sa1,1
13607,N79825 /1 undetected,output,,N79825,N79825,1,undetected,N79825,N79825,N79825,sa1,1
13608,N108603 /1 undetected,output,,N108603,N108603,1,undetected,N108603,N108603,N108603,sa1,1
13609,N108443 /1 undetected,output,,N108443,N108443,1,undetected,N108443,N108443,N108443,sa1,1
13610,N108798 /1 undetected,output,,N108798,N108798,1,undetected,N108798,N108798,N108798,sa1,1
13611,N79959 /1 undetected,output,,N79959,N79959,1,undetected,N79959,N79959,N79959,sa1,1
13612,N108211 /1 undetected,output,,N108211,N108211,1,undetected,N108211,N108211,N108211,sa1,1
13613,N108315 /1 undetected,output,,N108315,N108315,1,undetected,N108315,N108315,N108315,sa1,1
13614,N109589 /1 undetected,output,,N109589,N109589,1,undetected,N109589,N109589,N109589,sa1,1
13615,N80091 /1 undetected,output,,N80091,N80091,1,undetected,N80091,N80091,N80091,sa1,1
13616,N89167 /1 undetected,output,,N89167,N89167,1,undetected,N89167,N89167,N89167,sa1,1
13617,N109496 /1 undetected,output,,N109496,N109496,1,undetected,N109496,N109496,N109496,sa1,1
13618,N80745 /1 undetected,output,,N80745,N80745,1,undetected,N80745,N80745,N80745,sa1,1
13619,N109457 /1 undetected,output,,N109457,N109457,1,undetected,N109457,N109457,N109457,sa1,1
13620,N109407 /1 undetected,output,,N109407,N109407,1,undetected,N109407,N109407,N109407,sa1,1
13621,N80230 /1 undetected,output,,N80230,N80230,1,undetected,N80230,N80230,N80230,sa1,1
13622,N80550 /1 undetected,output,,N80550,N80550,1,undetected,N80550,N80550,N80550,sa1,1
13623,N106934 /1 undetected,output,,N106934,N106934,1,undetected,N106934,N106934,N106934,sa1,1
13624,N106982 /1 undetected,output,,N106982,N106982,1,undetected,N106982,N106982,N106982,sa1,1
13625,N88976 /1 undetected,output,,N88976,N88976,1,undetected,N88976,N88976,N88976,sa1,1
13626,N106889 /1 undetected,output,,N106889,N106889,1,undetected,N106889,N106889,N106889,sa1,1
13627,N106847 /1 undetected,output,,N106847,N106847,1,undetected,N106847,N106847,N106847,sa1,1
13628,N88751 /1 undetected,output,,N88751,N88751,1,undetected,N88751,N88751,N88751,sa1,1
13629,N110882 /1 undetected,output,,N110882,N110882,1,undetected,N110882,N110882,N110882,sa1,1
13630,N110870 /1 undetected,output,,N110870,N110870,1,undetected,N110870,N110870,N110870,sa1,1
13631,N112745 /1 undetected,output,,N112745,N112745,1,undetected,N112745,N112745,N112745,sa1,1
13632,N112737 /1 undetected,output,,N112737,N112737,1,undetected,N112737,N112737,N112737,sa1,1
13633,N88560 /1 undetected,output,,N88560,N88560,1,undetected,N88560,N88560,N88560,sa1,1
13634,N79844 /1 undetected,output,,N79844,N79844,1,undetected,N79844,N79844,N79844,sa1,1
13635,N107395 /1 undetected,output,,N107395,N107395,1,undetected,N107395,N107395,N107395,sa1,1
13636,N107318 /1 undetected,output,,N107318,N107318,1,undetected,N107318,N107318,N107318,sa1,1
13637,N108768 /1 undetected,output,,N108768,N108768,1,undetected,N108768,N108768,N108768,sa1,1
13638,N107464 /1 undetected,output,,N107464,N107464,1,undetected,N107464,N107464,N107464,sa1,1
13639,N88500 /1 undetected,output,,N88500,N88500,1,undetected,N88500,N88500,N88500,sa1,1
13640,N79691 /1 undetected,output,,N79691,N79691,1,undetected,N79691,N79691,N79691,sa1,1
13641,N88494 /1 undetected,output,,N88494,N88494,1,undetected,N88494,N88494,N88494,sa1,1
13642,N79662 /1 undetected,output,,N79662,N79662,1,undetected,N79662,N79662,N79662,sa1,1
13643,N88493 /1 undetected,output,,N88493,N88493,1,undetected,N88493,N88493,N88493,sa1,1
13644,N79660 /1 undetected,output,,N79660,N79660,1,undetected,N79660,N79660,N79660,sa1,1
13645,N88490 /1 undetected,output,,N88490,N88490,1,undetected,N88490,N88490,N88490,sa1,1
13646,N79651 /1 undetected,output,,N79651,N79651,1,undetected,N79651,N79651,N79651,sa1,1
13647,N110602 /1 undetected,output,,N110602,N110602,1,undetected,N110602,N110602,N110602,sa1,1
13648,N109823 /1 undetected,output,,N109823,N109823,1,undetected,N109823,N109823,N109823,sa1,1
13649,N109881 /1 undetected,output,,N109881,N109881,1,undetected,N109881,N109881,N109881,sa1,1
13650,N110549 /1 undetected,output,,N110549,N110549,1,undetected,N110549,N110549,N110549,sa1,1
13651,N79609 /1 undetected,output,,N79609,N79609,1,undetected,N79609,N79609,N79609,sa1,1
13652,N88477 /1 undetected,output,,N88477,N88477,1,undetected,N88477,N88477,N88477,sa1,1
13653,N108750 /1 undetected,output,,N108750,N108750,1,undetected,N108750,N108750,N108750,sa1,1
13654,N107417 /1 undetected,output,,N107417,N107417,1,undetected,N107417,N107417,N107417,sa1,1
13655,N107300 /1 undetected,output,,N107300,N107300,1,undetected,N107300,N107300,N107300,sa1,1
13656,N107348 /1 undetected,output,,N107348,N107348,1,undetected,N107348,N107348,N107348,sa1,1
13657,N88512 /1 undetected,output,,N88512,N88512,1,undetected,N88512,N88512,N88512,sa1,1
13658,N79721 /1 undetected,output,,N79721,N79721,1,undetected,N79721,N79721,N79721,sa1,1
13659,N79883 /1 undetected,output,,N79883,N79883,1,undetected,N79883,N79883,N79883,sa1,1
13660,N108493 /1 undetected,output,,N108493,N108493,1,undetected,N108493,N108493,N108493,sa1,1
13661,N108653 /1 undetected,output,,N108653,N108653,1,undetected,N108653,N108653,N108653,sa1,1
13662,N108827 /1 undetected,output,,N108827,N108827,1,undetected,N108827,N108827,N108827,sa1,1
13663,N80017 /1 undetected,output,,N80017,N80017,1,undetected,N80017,N80017,N80017,sa1,1
13664,N108237 /1 undetected,output,,N108237,N108237,1,undetected,N108237,N108237,N108237,sa1,1
13665,N108341 /1 undetected,output,,N108341,N108341,1,undetected,N108341,N108341,N108341,sa1,1
13666,N109604 /1 undetected,output,,N109604,N109604,1,undetected,N109604,N109604,N109604,sa1,1
13667,N80151 /1 undetected,output,,N80151,N80151,1,undetected,N80151,N80151,N80151,sa1,1
13668,N89196 /1 undetected,output,,N89196,N89196,1,undetected,N89196,N89196,N89196,sa1,1
13669,N109516 /1 undetected,output,,N109516,N109516,1,undetected,N109516,N109516,N109516,sa1,1
13670,N80774 /1 undetected,output,,N80774,N80774,1,undetected,N80774,N80774,N80774,sa1,1
13671,N109477 /1 undetected,output,,N109477,N109477,1,undetected,N109477,N109477,N109477,sa1,1
13672,N109431 /1 undetected,output,,N109431,N109431,1,undetected,N109431,N109431,N109431,sa1,1
13673,N80294 /1 undetected,output,,N80294,N80294,1,undetected,N80294,N80294,N80294,sa1,1
13674,N80579 /1 undetected,output,,N80579,N80579,1,undetected,N80579,N80579,N80579,sa1,1
13675,N106951 /1 undetected,output,,N106951,N106951,1,undetected,N106951,N106951,N106951,sa1,1
13676,N106998 /1 undetected,output,,N106998,N106998,1,undetected,N106998,N106998,N106998,sa1,1
13677,N89005 /1 undetected,output,,N89005,N89005,1,undetected,N89005,N89005,N89005,sa1,1
13678,N106906 /1 undetected,output,,N106906,N106906,1,undetected,N106906,N106906,N106906,sa1,1
13679,N106863 /1 undetected,output,,N106863,N106863,1,undetected,N106863,N106863,N106863,sa1,1
13680,N88801 /1 undetected,output,,N88801,N88801,1,undetected,N88801,N88801,N88801,sa1,1
13681,N79814 /1 undetected,output,,N79814,N79814,1,undetected,N79814,N79814,N79814,sa1,1
13682,N108434 /1 undetected,output,,N108434,N108434,1,undetected,N108434,N108434,N108434,sa1,1
13683,N108594 /1 undetected,output,,N108594,N108594,1,undetected,N108594,N108594,N108594,sa1,1
13684,N108792 /1 undetected,output,,N108792,N108792,1,undetected,N108792,N108792,N108792,sa1,1
13685,N79947 /1 undetected,output,,N79947,N79947,1,undetected,N79947,N79947,N79947,sa1,1
13686,N108205 /1 undetected,output,,N108205,N108205,1,undetected,N108205,N108205,N108205,sa1,1
13687,N108309 /1 undetected,output,,N108309,N108309,1,undetected,N108309,N108309,N108309,sa1,1
13688,N109586 /1 undetected,output,,N109586,N109586,1,undetected,N109586,N109586,N109586,sa1,1
13689,N80080 /1 undetected,output,,N80080,N80080,1,undetected,N80080,N80080,N80080,sa1,1
13690,N89162 /1 undetected,output,,N89162,N89162,1,undetected,N89162,N89162,N89162,sa1,1
13691,N109492 /1 undetected,output,,N109492,N109492,1,undetected,N109492,N109492,N109492,sa1,1
13692,N80740 /1 undetected,output,,N80740,N80740,1,undetected,N80740,N80740,N80740,sa1,1
13693,N109453 /1 undetected,output,,N109453,N109453,1,undetected,N109453,N109453,N109453,sa1,1
13694,N109401 /1 undetected,output,,N109401,N109401,1,undetected,N109401,N109401,N109401,sa1,1
13695,N80216 /1 undetected,output,,N80216,N80216,1,undetected,N80216,N80216,N80216,sa1,1
13696,N80544 /1 undetected,output,,N80544,N80544,1,undetected,N80544,N80544,N80544,sa1,1
13697,N106930 /1 undetected,output,,N106930,N106930,1,undetected,N106930,N106930,N106930,sa1,1
13698,N106978 /1 undetected,output,,N106978,N106978,1,undetected,N106978,N106978,N106978,sa1,1
13699,N88970 /1 undetected,output,,N88970,N88970,1,undetected,N88970,N88970,N88970,sa1,1
13700,N106885 /1 undetected,output,,N106885,N106885,1,undetected,N106885,N106885,N106885,sa1,1
13701,N106843 /1 undetected,output,,N106843,N106843,1,undetected,N106843,N106843,N106843,sa1,1
13702,N88739 /1 undetected,output,,N88739,N88739,1,undetected,N88739,N88739,N88739,sa1,1
13703,N111005 /1 undetected,output,,N111005,N111005,1,undetected,N111005,N111005,N111005,sa1,1
13704,N110942 /1 undetected,output,,N110942,N110942,1,undetected,N110942,N110942,N110942,sa1,1
13705,N110068 /1 undetected,output,,N110068,N110068,1,undetected,N110068,N110068,N110068,sa1,1
13706,N110143 /1 undetected,output,,N110143,N110143,1,undetected,N110143,N110143,N110143,sa1,1
13707,N51533 /1 undetected,output,,N51533,N51533,1,undetected,N51533,N51533,N51533,sa1,1
13708,N119824 /1 undetected,output,,N119824,N119824,1,undetected,N119824,N119824,N119824,sa1,1
13709,N111000 /1 undetected,output,,N111000,N111000,1,undetected,N111000,N111000,N111000,sa1,1
13710,N110938 /1 undetected,output,,N110938,N110938,1,undetected,N110938,N110938,N110938,sa1,1
13711,N106261 /1 undetected,output,,N106261,N106261,1,undetected,N106261,N106261,N106261,sa1,1
13712,N110992 /1 undetected,output,,N110992,N110992,1,undetected,N110992,N110992,N110992,sa1,1
13713,N110930 /1 undetected,output,,N110930,N110930,1,undetected,N110930,N110930,N110930,sa1,1
13714,N110990 /1 undetected,output,,N110990,N110990,1,undetected,N110990,N110990,N110990,sa1,1
13715,N110928 /1 undetected,output,,N110928,N110928,1,undetected,N110928,N110928,N110928,sa1,1
13716,N110988 /1 undetected,output,,N110988,N110988,1,undetected,N110988,N110988,N110988,sa1,1
13717,N110926 /1 undetected,output,,N110926,N110926,1,undetected,N110926,N110926,N110926,sa1,1
13718,N110972 /1 undetected,output,,N110972,N110972,1,undetected,N110972,N110972,N110972,sa1,1
13719,N110911 /1 undetected,output,,N110911,N110911,1,undetected,N110911,N110911,N110911,sa1,1
13720,N110970 /1 undetected,output,,N110970,N110970,1,undetected,N110970,N110970,N110970,sa1,1
13721,N110909 /1 undetected,output,,N110909,N110909,1,undetected,N110909,N110909,N110909,sa1,1
13722,N110966 /1 undetected,output,,N110966,N110966,1,undetected,N110966,N110966,N110966,sa1,1
13723,N110905 /1 undetected,output,,N110905,N110905,1,undetected,N110905,N110905,N110905,sa1,1
13724,N110961 /1 undetected,output,,N110961,N110961,1,undetected,N110961,N110961,N110961,sa1,1
13725,N110900 /1 undetected,output,,N110900,N110900,1,undetected,N110900,N110900,N110900,sa1,1
13726,N110953 /1 undetected,output,,N110953,N110953,1,undetected,N110953,N110953,N110953,sa1,1
13727,N110892 /1 undetected,output,,N110892,N110892,1,undetected,N110892,N110892,N110892,sa1,1
13728,N109890 /1 undetected,output,,N109890,N109890,1,undetected,N109890,N109890,N109890,sa1,1
13729,N110565 /1 undetected,output,,N110565,N110565,1,undetected,N110565,N110565,N110565,sa1,1
13730,N110633 /1 undetected,output,,N110633,N110633,1,undetected,N110633,N110633,N110633,sa1,1
13731,N109847 /1 undetected,output,,N109847,N109847,1,undetected,N109847,N109847,N109847,sa1,1
13732,N109889 /1 undetected,output,,N109889,N109889,1,undetected,N109889,N109889,N109889,sa1,1
13733,N110564 /1 undetected,output,,N110564,N110564,1,undetected,N110564,N110564,N110564,sa1,1
13734,N110632 /1 undetected,output,,N110632,N110632,1,undetected,N110632,N110632,N110632,sa1,1
13735,N109846 /1 undetected,output,,N109846,N109846,1,undetected,N109846,N109846,N109846,sa1,1
13736,N79722 /1 undetected,output,,N79722,N79722,1,undetected,N79722,N79722,N79722,sa1,1
13737,N88513 /1 undetected,output,,N88513,N88513,1,undetected,N88513,N88513,N88513,sa1,1
13738,N108721 /1 undetected,output,,N108721,N108721,1,undetected,N108721,N108721,N108721,sa1,1
13739,N108711 /1 undetected,output,,N108711,N108711,1,undetected,N108711,N108711,N108711,sa1,1
13740,N108700 /1 undetected,output,,N108700,N108700,1,undetected,N108700,N108700,N108700,sa1,1
13741,N108690 /1 undetected,output,,N108690,N108690,1,undetected,N108690,N108690,N108690,sa1,1
13742,N110885 /1 undetected,output,,N110885,N110885,1,undetected,N110885,N110885,N110885,sa1,1
13743,N110873 /1 undetected,output,,N110873,N110873,1,undetected,N110873,N110873,N110873,sa1,1
13744,N79799 /1 undetected,output,,N79799,N79799,1,undetected,N79799,N79799,N79799,sa1,1
13745,N108422 /1 undetected,output,,N108422,N108422,1,undetected,N108422,N108422,N108422,sa1,1
13746,N108582 /1 undetected,output,,N108582,N108582,1,undetected,N108582,N108582,N108582,sa1,1
13747,N108786 /1 undetected,output,,N108786,N108786,1,undetected,N108786,N108786,N108786,sa1,1
13748,N109386 /1 undetected,output,,N109386,N109386,1,undetected,N109386,N109386,N109386,sa1,1
13749,N80626 /1 undetected,output,,N80626,N80626,1,undetected,N80626,N80626,N80626,sa1,1
13750,N26406 /1 undetected,output,,N26406,N26406,1,undetected,N26406,N26406,N26406,sa1,1
13751,N111758 /1 undetected,output,,N111758,N111758,1,undetected,N111758,N111758,N111758,sa1,1
13752,N80604 /1 undetected,output,,N80604,N80604,1,undetected,N80604,N80604,N80604,sa1,1
13753,N111750 /1 undetected,output,,N111750,N111750,1,undetected,N111750,N111750,N111750,sa1,1
13754,N89028 /1 undetected,output,,N89028,N89028,1,undetected,N89028,N89028,N89028,sa1,1
13755,N107477 /1 undetected,output,,N107477,N107477,1,undetected,N107477,N107477,N107477,sa1,1
13756,N26390 /1 undetected,output,,N26390,N26390,1,undetected,N26390,N26390,N26390,sa1,1
13757,N92708 /1 undetected,output,,N92708,N92708,1,undetected,N92708,N92708,N92708,sa1,1
13758,N26388 /1 undetected,output,,N26388,N26388,1,undetected,N26388,N26388,N26388,sa1,1
13759,N26387 /1 undetected,output,,N26387,N26387,1,undetected,N26387,N26387,N26387,sa1,1
13760,N26386 /1 undetected,output,,N26386,N26386,1,undetected,N26386,N26386,N26386,sa1,1
13761,N111569 /1 undetected,output,,N111569,N111569,1,undetected,N111569,N111569,N111569,sa1,1
13762,N109338 /1 undetected,output,,N109338,N109338,1,undetected,N109338,N109338,N109338,sa1,1
13763,N26369 /1 undetected,output,,N26369,N26369,1,undetected,N26369,N26369,N26369,sa1,1
13764,N84750 /1 undetected,output,,N84750,N84750,1,undetected,N84750,N84750,N84750,sa1,1
13765,N26367 /1 undetected,output,,N26367,N26367,1,undetected,N26367,N26367,N26367,sa1,1
13766,N26365 /1 undetected,output,,N26365,N26365,1,undetected,N26365,N26365,N26365,sa1,1
13767,N111756 /1 undetected,output,,N111756,N111756,1,undetected,N111756,N111756,N111756,sa1,1
13768,N109278 /1 undetected,output,,N109278,N109278,1,undetected,N109278,N109278,N109278,sa1,1
13769,N26362 /1 undetected,output,,N26362,N26362,1,undetected,N26362,N26362,N26362,sa1,1
13770,N89931 /1 undetected,output,,N89931,N89931,1,undetected,N89931,N89931,N89931,sa1,1
13771,N26360 /1 undetected,output,,N26360,N26360,1,undetected,N26360,N26360,N26360,sa1,1
13772,N26359 /1 undetected,output,,N26359,N26359,1,undetected,N26359,N26359,N26359,sa1,1
13773,N109291 /1 undetected,output,,N109291,N109291,1,undetected,N109291,N109291,N109291,sa1,1
13774,N78800 /1 undetected,output,,N78800,N78800,1,undetected,N78800,N78800,N78800,sa1,1
13775,N26357 /1 undetected,output,,N26357,N26357,1,undetected,N26357,N26357,N26357,sa1,1
13776,N109250 /1 undetected,output,,N109250,N109250,1,undetected,N109250,N109250,N109250,sa1,1
13777,N87688 /1 undetected,output,,N87688,N87688,1,undetected,N87688,N87688,N87688,sa1,1
13778,N26384 /1 undetected,output,,N26384,N26384,1,undetected,N26384,N26384,N26384,sa1,1
13779,N26382 /1 undetected,output,,N26382,N26382,1,undetected,N26382,N26382,N26382,sa1,1
13780,N74805 /1 undetected,output,,N74805,N74805,1,undetected,N74805,N74805,N74805,sa1,1
13781,N26381 /1 undetected,output,,N26381,N26381,1,undetected,N26381,N26381,N26381,sa1,1
13782,N26380 /1 undetected,output,,N26380,N26380,1,undetected,N26380,N26380,N26380,sa1,1
13783,N111568 /1 undetected,output,,N111568,N111568,1,undetected,N111568,N111568,N111568,sa1,1
13784,N109105 /1 undetected,output,,N109105,N109105,1,undetected,N109105,N109105,N109105,sa1,1
13785,N26378 /1 undetected,output,,N26378,N26378,1,undetected,N26378,N26378,N26378,sa1,1
13786,N111757 /1 undetected,output,,N111757,N111757,1,undetected,N111757,N111757,N111757,sa1,1
13787,N109039 /1 undetected,output,,N109039,N109039,1,undetected,N109039,N109039,N109039,sa1,1
13788,N26376 /1 undetected,output,,N26376,N26376,1,undetected,N26376,N26376,N26376,sa1,1
13789,N26374 /1 undetected,output,,N26374,N26374,1,undetected,N26374,N26374,N26374,sa1,1
13790,N89932 /1 undetected,output,,N89932,N89932,1,undetected,N89932,N89932,N89932,sa1,1
13791,N26373 /1 undetected,output,,N26373,N26373,1,undetected,N26373,N26373,N26373,sa1,1
13792,N109195 /1 undetected,output,,N109195,N109195,1,undetected,N109195,N109195,N109195,sa1,1
13793,N78802 /1 undetected,output,,N78802,N78802,1,undetected,N78802,N78802,N78802,sa1,1
13794,N26371 /1 undetected,output,,N26371,N26371,1,undetected,N26371,N26371,N26371,sa1,1
13795,N109224 /1 undetected,output,,N109224,N109224,1,undetected,N109224,N109224,N109224,sa1,1
13796,N87689 /1 undetected,output,,N87689,N87689,1,undetected,N87689,N87689,N87689,sa1,1
13797,N91796 /1 undetected,output,,N91796,N91796,1,undetected,N91796,N91796,N91796,sa1,1
13798,N26353 /1 undetected,output,,N26353,N26353,1,undetected,N26353,N26353,N26353,sa1,1
13799,N81697 /1 undetected,output,,N81697,N81697,1,undetected,N81697,N81697,N81697,sa1,1
13800,N26351 /1 undetected,output,,N26351,N26351,1,undetected,N26351,N26351,N26351,sa1,1
13801,N111753 /1 undetected,output,,N111753,N111753,1,undetected,N111753,N111753,N111753,sa1,1
13802,N111566 /1 undetected,output,,N111566,N111566,1,undetected,N111566,N111566,N111566,sa1,1
13803,N89938 /1 undetected,output,,N89938,N89938,1,undetected,N89938,N89938,N89938,sa1,1
13804,N80201 /1 undetected,output,,N80201,N80201,1,undetected,N80201,N80201,N80201,sa1,1
13805,N107505 /1 undetected,output,,N107505,N107505,1,undetected,N107505,N107505,N107505,sa1,1
13806,N109583 /1 undetected,output,,N109583,N109583,1,undetected,N109583,N109583,N109583,sa1,1
13807,N109377 /1 undetected,output,,N109377,N109377,1,undetected,N109377,N109377,N109377,sa1,1
13808,N89050 /1 undetected,output,,N89050,N89050,1,undetected,N89050,N89050,N89050,sa1,1
13809,N79932 /1 undetected,output,,N79932,N79932,1,undetected,N79932,N79932,N79932,sa1,1
13810,N89358 /1 undetected,output,,N89358,N89358,1,undetected,N89358,N89358,N89358,sa1,1
13811,N111738 /1 undetected,output,,N111738,N111738,1,undetected,N111738,N111738,N111738,sa1,1
13812,N107101 /1 undetected,output,,N107101,N107101,1,undetected,N107101,N107101,N107101,sa1,1
13813,N107137 /1 undetected,output,,N107137,N107137,1,undetected,N107137,N107137,N107137,sa1,1
13814,N80946 /1 undetected,output,,N80946,N80946,1,undetected,N80946,N80946,N80946,sa1,1
13815,N110986 /1 undetected,output,,N110986,N110986,1,undetected,N110986,N110986,N110986,sa1,1
13816,N110924 /1 undetected,output,,N110924,N110924,1,undetected,N110924,N110924,N110924,sa1,1
13817,N80012 /1 undetected,output,,N80012,N80012,1,undetected,N80012,N80012,N80012,sa1,1
13818,N88639 /1 undetected,output,,N88639,N88639,1,undetected,N88639,N88639,N88639,sa1,1
13819,N108642 /1 undetected,output,,N108642,N108642,1,undetected,N108642,N108642,N108642,sa1,1
13820,N108555 /1 undetected,output,,N108555,N108555,1,undetected,N108555,N108555,N108555,sa1,1
13821,N108482 /1 undetected,output,,N108482,N108482,1,undetected,N108482,N108482,N108482,sa1,1
13822,N108394 /1 undetected,output,,N108394,N108394,1,undetected,N108394,N108394,N108394,sa1,1
13823,N110976 /1 undetected,output,,N110976,N110976,1,undetected,N110976,N110976,N110976,sa1,1
13824,N110915 /1 undetected,output,,N110915,N110915,1,undetected,N110915,N110915,N110915,sa1,1
13825,N110973 /1 undetected,output,,N110973,N110973,1,undetected,N110973,N110973,N110973,sa1,1
13826,N110912 /1 undetected,output,,N110912,N110912,1,undetected,N110912,N110912,N110912,sa1,1
13827,N88492 /1 undetected,output,,N88492,N88492,1,undetected,N88492,N88492,N88492,sa1,1
13828,N79657 /1 undetected,output,,N79657,N79657,1,undetected,N79657,N79657,N79657,sa1,1
13829,N110968 /1 undetected,output,,N110968,N110968,1,undetected,N110968,N110968,N110968,sa1,1
13830,N110907 /1 undetected,output,,N110907,N110907,1,undetected,N110907,N110907,N110907,sa1,1
13831,N88488 /1 undetected,output,,N88488,N88488,1,undetected,N88488,N88488,N88488,sa1,1
13832,N79644 /1 undetected,output,,N79644,N79644,1,undetected,N79644,N79644,N79644,sa1,1
13833,N111150 /1 undetected,output,,N111150,N111150,1,undetected,N111150,N111150,N111150,sa1,1
13834,N111149 /1 undetected,output,,N111149,N111149,1,undetected,N111149,N111149,N111149,sa1,1
13835,N108589 /1 undetected,output,,N108589,N108589,1,undetected,N108589,N108589,N108589,sa1,1
13836,N108533 /1 undetected,output,,N108533,N108533,1,undetected,N108533,N108533,N108533,sa1,1
13837,N108429 /1 undetected,output,,N108429,N108429,1,undetected,N108429,N108429,N108429,sa1,1
13838,N108372 /1 undetected,output,,N108372,N108372,1,undetected,N108372,N108372,N108372,sa1,1
13839,N108514 /1 undetected,output,,N108514,N108514,1,undetected,N108514,N108514,N108514,sa1,1
13840,N108408 /1 undetected,output,,N108408,N108408,1,undetected,N108408,N108408,N108408,sa1,1
13841,N108674 /1 undetected,output,,N108674,N108674,1,undetected,N108674,N108674,N108674,sa1,1
13842,N108569 /1 undetected,output,,N108569,N108569,1,undetected,N108569,N108569,N108569,sa1,1
13843,N108767 /1 undetected,output,,N108767,N108767,1,undetected,N108767,N108767,N108767,sa1,1
13844,N107462 /1 undetected,output,,N107462,N107462,1,undetected,N107462,N107462,N107462,sa1,1
13845,N107317 /1 undetected,output,,N107317,N107317,1,undetected,N107317,N107317,N107317,sa1,1
13846,N107393 /1 undetected,output,,N107393,N107393,1,undetected,N107393,N107393,N107393,sa1,1
13847,N108672 /1 undetected,output,,N108672,N108672,1,undetected,N108672,N108672,N108672,sa1,1
13848,N108568 /1 undetected,output,,N108568,N108568,1,undetected,N108568,N108568,N108568,sa1,1
13849,N108512 /1 undetected,output,,N108512,N108512,1,undetected,N108512,N108512,N108512,sa1,1
13850,N108407 /1 undetected,output,,N108407,N108407,1,undetected,N108407,N108407,N108407,sa1,1
13851,N106474 /1 undetected,output,,N106474,N106474,1,undetected,N106474,N106474,N106474,sa1,1
13852,N106454 /1 undetected,output,,N106454,N106454,1,undetected,N106454,N106454,N106454,sa1,1
13853,N106473 /1 undetected,output,,N106473,N106473,1,undetected,N106473,N106473,N106473,sa1,1
13854,N106453 /1 undetected,output,,N106453,N106453,1,undetected,N106453,N106453,N106453,sa1,1
13855,N111448 /1 undetected,output,,N111448,N111448,1,undetected,N111448,N111448,N111448,sa1,1
13856,N111436 /1 undetected,output,,N111436,N111436,1,undetected,N111436,N111436,N111436,sa1,1
13857,N79676 /1 undetected,output,,N79676,N79676,1,undetected,N79676,N79676,N79676,sa1,1
13858,N88498 /1 undetected,output,,N88498,N88498,1,undetected,N88498,N88498,N88498,sa1,1
13859,N106471 /1 undetected,output,,N106471,N106471,1,undetected,N106471,N106471,N106471,sa1,1
13860,N106451 /1 undetected,output,,N106451,N106451,1,undetected,N106451,N106451,N106451,sa1,1
13861,N88495 /1 undetected,output,,N88495,N88495,1,undetected,N88495,N88495,N88495,sa1,1
13862,N79666 /1 undetected,output,,N79666,N79666,1,undetected,N79666,N79666,N79666,sa1,1
13863,N88491 /1 undetected,output,,N88491,N88491,1,undetected,N88491,N88491,N88491,sa1,1
13864,N79654 /1 undetected,output,,N79654,N79654,1,undetected,N79654,N79654,N79654,sa1,1
13865,N108751 /1 undetected,output,,N108751,N108751,1,undetected,N108751,N108751,N108751,sa1,1
13866,N107422 /1 undetected,output,,N107422,N107422,1,undetected,N107422,N107422,N107422,sa1,1
13867,N107353 /1 undetected,output,,N107353,N107353,1,undetected,N107353,N107353,N107353,sa1,1
13868,N107301 /1 undetected,output,,N107301,N107301,1,undetected,N107301,N107301,N107301,sa1,1
13869,N111446 /1 undetected,output,,N111446,N111446,1,undetected,N111446,N111446,N111446,sa1,1
13870,N111435 /1 undetected,output,,N111435,N111435,1,undetected,N111435,N111435,N111435,sa1,1
13871,N79612 /1 undetected,output,,N79612,N79612,1,undetected,N79612,N79612,N79612,sa1,1
13872,N88478 /1 undetected,output,,N88478,N88478,1,undetected,N88478,N88478,N88478,sa1,1
13873,N112744 /1 undetected,output,,N112744,N112744,1,undetected,N112744,N112744,N112744,sa1,1
13874,N112736 /1 undetected,output,,N112736,N112736,1,undetected,N112736,N112736,N112736,sa1,1
13875,N108765 /1 undetected,output,,N108765,N108765,1,undetected,N108765,N108765,N108765,sa1,1
13876,N107458 /1 undetected,output,,N107458,N107458,1,undetected,N107458,N107458,N107458,sa1,1
13877,N107389 /1 undetected,output,,N107389,N107389,1,undetected,N107389,N107389,N107389,sa1,1
13878,N107315 /1 undetected,output,,N107315,N107315,1,undetected,N107315,N107315,N107315,sa1,1
13879,N88579 /1 undetected,output,,N88579,N88579,1,undetected,N88579,N88579,N88579,sa1,1
13880,N79882 /1 undetected,output,,N79882,N79882,1,undetected,N79882,N79882,N79882,sa1,1
13881,N106472 /1 undetected,output,,N106472,N106472,1,undetected,N106472,N106472,N106472,sa1,1
13882,N106452 /1 undetected,output,,N106452,N106452,1,undetected,N106452,N106452,N106452,sa1,1
13883,N107344 /1 undetected,output,,N107344,N107344,1,undetected,N107344,N107344,N107344,sa1,1
13884,N107298 /1 undetected,output,,N107298,N107298,1,undetected,N107298,N107298,N107298,sa1,1
13885,N108748 /1 undetected,output,,N108748,N108748,1,undetected,N108748,N108748,N108748,sa1,1
13886,N107413 /1 undetected,output,,N107413,N107413,1,undetected,N107413,N107413,N107413,sa1,1
13887,N106461 /1 undetected,output,,N106461,N106461,1,undetected,N106461,N106461,N106461,sa1,1
13888,N106436 /1 undetected,output,,N106436,N106436,1,undetected,N106436,N106436,N106436,sa1,1
13889,N79793 /1 undetected,output,,N79793,N79793,1,undetected,N79793,N79793,N79793,sa1,1
13890,N88537 /1 undetected,output,,N88537,N88537,1,undetected,N88537,N88537,N88537,sa1,1
13891,N51529 /0 undetected,output,,N51529,N51529,0,undetected,N51529,N51529,N51529,sa0,1
13892,N108666 /1 undetected,output,,N108666,N108666,1,undetected,N108666,N108666,N108666,sa1,1
13893,N108565 /1 undetected,output,,N108565,N108565,1,undetected,N108565,N108565,N108565,sa1,1
13894,N108506 /1 undetected,output,,N108506,N108506,1,undetected,N108506,N108506,N108506,sa1,1
13895,N108404 /1 undetected,output,,N108404,N108404,1,undetected,N108404,N108404,N108404,sa1,1
13896,N108449 /1 undetected,output,,N108449,N108449,1,undetected,N108449,N108449,N108449,sa1,1
13897,N108381 /1 undetected,output,,N108381,N108381,1,undetected,N108381,N108381,N108381,sa1,1
13898,N108609 /1 undetected,output,,N108609,N108609,1,undetected,N108609,N108609,N108609,sa1,1
13899,N108542 /1 undetected,output,,N108542,N108542,1,undetected,N108542,N108542,N108542,sa1,1
13900,N88550 /1 undetected,output,,N88550,N88550,1,undetected,N88550,N88550,N88550,sa1,1
13901,N79824 /1 undetected,output,,N79824,N79824,1,undetected,N79824,N79824,N79824,sa1,1
13902,N79813 /1 undetected,output,,N79813,N79813,1,undetected,N79813,N79813,N79813,sa1,1
13903,N88545 /1 undetected,output,,N88545,N88545,1,undetected,N88545,N88545,N88545,sa1,1
13904,N79680 /1 undetected,output,,N79680,N79680,1,undetected,N79680,N79680,N79680,sa1,1
13905,N88499 /1 undetected,output,,N88499,N88499,1,undetected,N88499,N88499,N88499,sa1,1
13906,N108747 /1 undetected,output,,N108747,N108747,1,undetected,N108747,N108747,N108747,sa1,1
13907,N107410 /1 undetected,output,,N107410,N107410,1,undetected,N107410,N107410,N107410,sa1,1
13908,N107297 /1 undetected,output,,N107297,N107297,1,undetected,N107297,N107297,N107297,sa1,1
13909,N107341 /1 undetected,output,,N107341,N107341,1,undetected,N107341,N107341,N107341,sa1,1
13910,N79490 /1 undetected,output,,N79490,N79490,1,undetected,N79490,N79490,N79490,sa1,1
13911,N88431 /1 undetected,output,,N88431,N88431,1,undetected,N88431,N88431,N88431,sa1,1
13912,N79817 /1 undetected,output,,N79817,N79817,1,undetected,N79817,N79817,N79817,sa1,1
13913,N88547 /1 undetected,output,,N88547,N88547,1,undetected,N88547,N88547,N88547,sa1,1
13914,N106457 /1 undetected,output,,N106457,N106457,1,undetected,N106457,N106457,N106457,sa1,1
13915,N106477 /1 undetected,output,,N106477,N106477,1,undetected,N106477,N106477,N106477,sa1,1
13916,N79647 /1 undetected,output,,N79647,N79647,1,undetected,N79647,N79647,N79647,sa1,1
13917,N88489 /1 undetected,output,,N88489,N88489,1,undetected,N88489,N88489,N88489,sa1,1
13918,N107346 /1 undetected,output,,N107346,N107346,1,undetected,N107346,N107346,N107346,sa1,1
13919,N107299 /1 undetected,output,,N107299,N107299,1,undetected,N107299,N107299,N107299,sa1,1
13920,N108749 /1 undetected,output,,N108749,N108749,1,undetected,N108749,N108749,N108749,sa1,1
13921,N107415 /1 undetected,output,,N107415,N107415,1,undetected,N107415,N107415,N107415,sa1,1
13922,N106464 /1 undetected,output,,N106464,N106464,1,undetected,N106464,N106464,N106464,sa1,1
13923,N106444 /1 undetected,output,,N106444,N106444,1,undetected,N106444,N106444,N106444,sa1,1
13924,N79918 /1 undetected,output,,N79918,N79918,1,undetected,N79918,N79918,N79918,sa1,1
13925,N88597 /1 undetected,output,,N88597,N88597,1,undetected,N88597,N88597,N88597,sa1,1
13926,N111004 /1 undetected,output,,N111004,N111004,1,undetected,N111004,N111004,N111004,sa1,1
13927,N110941 /1 undetected,output,,N110941,N110941,1,undetected,N110941,N110941,N110941,sa1,1
13928,N108644 /1 undetected,output,,N108644,N108644,1,undetected,N108644,N108644,N108644,sa1,1
13929,N108556 /1 undetected,output,,N108556,N108556,1,undetected,N108556,N108556,N108556,sa1,1
13930,N108484 /1 undetected,output,,N108484,N108484,1,undetected,N108484,N108484,N108484,sa1,1
13931,N108395 /1 undetected,output,,N108395,N108395,1,undetected,N108395,N108395,N108395,sa1,1
13932,N108613 /1 undetected,output,,N108613,N108613,1,undetected,N108613,N108613,N108613,sa1,1
13933,N108544 /1 undetected,output,,N108544,N108544,1,undetected,N108544,N108544,N108544,sa1,1
13934,N108453 /1 undetected,output,,N108453,N108453,1,undetected,N108453,N108453,N108453,sa1,1
13935,N108383 /1 undetected,output,,N108383,N108383,1,undetected,N108383,N108383,N108383,sa1,1
13936,N108740 /1 undetected,output,,N108740,N108740,1,undetected,N108740,N108740,N108740,sa1,1
13937,N107401 /1 undetected,output,,N107401,N107401,1,undetected,N107401,N107401,N107401,sa1,1
13938,N107331 /1 undetected,output,,N107331,N107331,1,undetected,N107331,N107331,N107331,sa1,1
13939,N107290 /1 undetected,output,,N107290,N107290,1,undetected,N107290,N107290,N107290,sa1,1
13940,N79798 /1 undetected,output,,N79798,N79798,1,undetected,N79798,N79798,N79798,sa1,1
13941,N88539 /1 undetected,output,,N88539,N88539,1,undetected,N88539,N88539,N88539,sa1,1
13942,N79916 /1 undetected,output,,N79916,N79916,1,undetected,N79916,N79916,N79916,sa1,1
13943,N108678 /1 undetected,output,,N108678,N108678,1,undetected,N108678,N108678,N108678,sa1,1
13944,N108518 /1 undetected,output,,N108518,N108518,1,undetected,N108518,N108518,N108518,sa1,1
13945,N108843 /1 undetected,output,,N108843,N108843,1,undetected,N108843,N108843,N108843,sa1,1
13946,N80051 /1 undetected,output,,N80051,N80051,1,undetected,N80051,N80051,N80051,sa1,1
13947,N111746 /1 undetected,output,,N111746,N111746,1,undetected,N111746,N111746,N111746,sa1,1
13948,N107173 /1 undetected,output,,N107173,N107173,1,undetected,N107173,N107173,N107173,sa1,1
13949,N107132 /1 undetected,output,,N107132,N107132,1,undetected,N107132,N107132,N107132,sa1,1
13950,N81006 /1 undetected,output,,N81006,N81006,1,undetected,N81006,N81006,N81006,sa1,1
13951,N89390 /1 undetected,output,,N89390,N89390,1,undetected,N89390,N89390,N89390,sa1,1
13952,N109611 /1 undetected,output,,N109611,N109611,1,undetected,N109611,N109611,N109611,sa1,1
13953,N80187 /1 undetected,output,,N80187,N80187,1,undetected,N80187,N80187,N80187,sa1,1
13954,N80792 /1 undetected,output,,N80792,N80792,1,undetected,N80792,N80792,N80792,sa1,1
13955,N89214 /1 undetected,output,,N89214,N89214,1,undetected,N89214,N89214,N89214,sa1,1
13956,N112713 /1 undetected,output,,N112713,N112713,1,undetected,N112713,N112713,N112713,sa1,1
13957,N109444 /1 undetected,output,,N109444,N109444,1,undetected,N109444,N109444,N109444,sa1,1
13958,N80335 /1 undetected,output,,N80335,N80335,1,undetected,N80335,N80335,N80335,sa1,1
13959,N106917 /1 undetected,output,,N106917,N106917,1,undetected,N106917,N106917,N106917,sa1,1
13960,N106965 /1 undetected,output,,N106965,N106965,1,undetected,N106965,N106965,N106965,sa1,1
13961,N107500 /1 undetected,output,,N107500,N107500,1,undetected,N107500,N107500,N107500,sa1,1
13962,N54343 /1 undetected,output,,N54343,N54343,1,undetected,N54343,N54343,N54343,sa1,1
13963,N91880 /1 undetected,output,,N91880,N91880,1,undetected,N91880,N91880,N91880,sa1,1
13964,N54342 /1 undetected,output,,N54342,N54342,1,undetected,N54342,N54342,N54342,sa1,1
13965,N74710 /1 undetected,output,,N74710,N74710,1,undetected,N74710,N74710,N74710,sa1,1
13966,N109074 /1 undetected,output,,N109074,N109074,1,undetected,N109074,N109074,N109074,sa1,1
13967,N54339 /1 undetected,output,,N54339,N54339,1,undetected,N54339,N54339,N54339,sa1,1
13968,N54337 /1 undetected,output,,N54337,N54337,1,undetected,N54337,N54337,N54337,sa1,1
13969,N85911 /1 undetected,output,,N85911,N85911,1,undetected,N85911,N85911,N85911,sa1,1
13970,N85694 /1 undetected,output,,N85694,N85694,1,undetected,N85694,N85694,N85694,sa1,1
13971,N54335 /1 undetected,output,,N54335,N54335,1,undetected,N54335,N54335,N54335,sa1,1
13972,N120563 /1 undetected,output,,N120563,N120563,1,undetected,N120563,N120563,N120563,sa1,1
13973,N120510 /1 undetected,output,,N120510,N120510,1,undetected,N120510,N120510,N120510,sa1,1
13974,N54333 /1 undetected,output,,N54333,N54333,1,undetected,N54333,N54333,N54333,sa1,1
13975,N54331 /1 undetected,output,,N54331,N54331,1,undetected,N54331,N54331,N54331,sa1,1
13976,N106154 /1 undetected,output,,N106154,N106154,1,undetected,N106154,N106154,N106154,sa1,1
13977,N54329 /1 undetected,output,,N54329,N54329,1,undetected,N54329,N54329,N54329,sa1,1
13978,N54328 /1 undetected,output,,N54328,N54328,1,undetected,N54328,N54328,N54328,sa1,1
13979,N108943 /1 undetected,output,,N108943,N108943,1,undetected,N108943,N108943,N108943,sa1,1
13980,N85693 /1 undetected,output,,N85693,N85693,1,undetected,N85693,N85693,N85693,sa1,1
13981,N54155 /1 undetected,output,,N54155,N54155,1,undetected,N54155,N54155,N54155,sa1,1
13982,N120569 /1 undetected,output,,N120569,N120569,1,undetected,N120569,N120569,N120569,sa1,1
13983,N120441 /1 undetected,output,,N120441,N120441,1,undetected,N120441,N120441,N120441,sa1,1
13984,N92407 /1 undetected,output,,N92407,N92407,1,undetected,N92407,N92407,N92407,sa1,1
13985,N54324 /1 undetected,output,,N54324,N54324,1,undetected,N54324,N54324,N54324,sa1,1
13986,N54322 /1 undetected,output,,N54322,N54322,1,undetected,N54322,N54322,N54322,sa1,1
13987,N54320 /1 undetected,output,,N54320,N54320,1,undetected,N54320,N54320,N54320,sa1,1
13988,N75641 /1 undetected,output,,N75641,N75641,1,undetected,N75641,N75641,N75641,sa1,1
13989,N54319 /1 undetected,output,,N54319,N54319,1,undetected,N54319,N54319,N54319,sa1,1
13990,N54317 /1 undetected,output,,N54317,N54317,1,undetected,N54317,N54317,N54317,sa1,1
13991,N54316 /1 undetected,output,,N54316,N54316,1,undetected,N54316,N54316,N54316,sa1,1
13992,N120662 /1 undetected,output,,N120662,N120662,1,undetected,N120662,N120662,N120662,sa1,1
13993,N76098 /1 undetected,output,,N76098,N76098,1,undetected,N76098,N76098,N76098,sa1,1
13994,N54315 /1 undetected,output,,N54315,N54315,1,undetected,N54315,N54315,N54315,sa1,1
13995,N107825 /1 undetected,output,,N107825,N107825,1,undetected,N107825,N107825,N107825,sa1,1
13996,N85692 /1 undetected,output,,N85692,N85692,1,undetected,N85692,N85692,N85692,sa1,1
13997,N54313 /1 undetected,output,,N54313,N54313,1,undetected,N54313,N54313,N54313,sa1,1
13998,N120574 /1 undetected,output,,N120574,N120574,1,undetected,N120574,N120574,N120574,sa1,1
13999,N109286 /1 undetected,output,,N109286,N109286,1,undetected,N109286,N109286,N109286,sa1,1
14000,N54311 /1 undetected,output,,N54311,N54311,1,undetected,N54311,N54311,N54311,sa1,1
14001,N85910 /1 undetected,output,,N85910,N85910,1,undetected,N85910,N85910,N85910,sa1,1
14002,N54309 /1 undetected,output,,N54309,N54309,1,undetected,N54309,N54309,N54309,sa1,1
14003,N54307 /1 undetected,output,,N54307,N54307,1,undetected,N54307,N54307,N54307,sa1,1
14004,N120562 /1 undetected,output,,N120562,N120562,1,undetected,N120562,N120562,N120562,sa1,1
14005,N109285 /1 undetected,output,,N109285,N109285,1,undetected,N109285,N109285,N109285,sa1,1
14006,N54305 /1 undetected,output,,N54305,N54305,1,undetected,N54305,N54305,N54305,sa1,1
14007,N107824 /1 undetected,output,,N107824,N107824,1,undetected,N107824,N107824,N107824,sa1,1
14008,N75758 /1 undetected,output,,N75758,N75758,1,undetected,N75758,N75758,N75758,sa1,1
14009,N54296 /1 undetected,output,,N54296,N54296,1,undetected,N54296,N54296,N54296,sa1,1
14010,N85572 /1 undetected,output,,N85572,N85572,1,undetected,N85572,N85572,N85572,sa1,1
14011,N54295 /1 undetected,output,,N54295,N54295,1,undetected,N54295,N54295,N54295,sa1,1
14012,N120659 /1 undetected,output,,N120659,N120659,1,undetected,N120659,N120659,N120659,sa1,1
14013,N54286 /1 undetected,output,,N54286,N54286,1,undetected,N54286,N54286,N54286,sa1,1
14014,N107805 /1 undetected,output,,N107805,N107805,1,undetected,N107805,N107805,N107805,sa1,1
14015,N85691 /1 undetected,output,,N85691,N85691,1,undetected,N85691,N85691,N85691,sa1,1
14016,N54284 /1 undetected,output,,N54284,N54284,1,undetected,N54284,N54284,N54284,sa1,1
14017,N120573 /1 undetected,output,,N120573,N120573,1,undetected,N120573,N120573,N120573,sa1,1
14018,N109260 /1 undetected,output,,N109260,N109260,1,undetected,N109260,N109260,N109260,sa1,1
14019,N54282 /1 undetected,output,,N54282,N54282,1,undetected,N54282,N54282,N54282,sa1,1
14020,N85909 /1 undetected,output,,N85909,N85909,1,undetected,N85909,N85909,N85909,sa1,1
14021,N54278 /1 undetected,output,,N54278,N54278,1,undetected,N54278,N54278,N54278,sa1,1
14022,N120561 /1 undetected,output,,N120561,N120561,1,undetected,N120561,N120561,N120561,sa1,1
14023,N109259 /1 undetected,output,,N109259,N109259,1,undetected,N109259,N109259,N109259,sa1,1
14024,N54276 /1 undetected,output,,N54276,N54276,1,undetected,N54276,N54276,N54276,sa1,1
14025,N107804 /1 undetected,output,,N107804,N107804,1,undetected,N107804,N107804,N107804,sa1,1
14026,N75757 /1 undetected,output,,N75757,N75757,1,undetected,N75757,N75757,N75757,sa1,1
14027,N54271 /1 undetected,output,,N54271,N54271,1,undetected,N54271,N54271,N54271,sa1,1
14028,N54270 /1 undetected,output,,N54270,N54270,1,undetected,N54270,N54270,N54270,sa1,1
14029,N54269 /1 undetected,output,,N54269,N54269,1,undetected,N54269,N54269,N54269,sa1,1
14030,N97785 /1 undetected,output,,N97785,N97785,1,undetected,N97785,N97785,N97785,sa1,1
14031,N54268 /1 undetected,output,,N54268,N54268,1,undetected,N54268,N54268,N54268,sa1,1
14032,N97155 /1 undetected,output,,N97155,N97155,1,undetected,N97155,N97155,N97155,sa1,1
14033,N54266 /1 undetected,output,,N54266,N54266,1,undetected,N54266,N54266,N54266,sa1,1
14034,N54264 /1 undetected,output,,N54264,N54264,1,undetected,N54264,N54264,N54264,sa1,1
14035,N54262 /1 undetected,output,,N54262,N54262,1,undetected,N54262,N54262,N54262,sa1,1
14036,N85908 /1 undetected,output,,N85908,N85908,1,undetected,N85908,N85908,N85908,sa1,1
14037,N54261 /1 undetected,output,,N54261,N54261,1,undetected,N54261,N54261,N54261,sa1,1
14038,N120649 /1 undetected,output,,N120649,N120649,1,undetected,N120649,N120649,N120649,sa1,1
14039,N94452 /1 undetected,output,,N94452,N94452,1,undetected,N94452,N94452,N94452,sa1,1
14040,N54259 /1 undetected,output,,N54259,N54259,1,undetected,N54259,N54259,N54259,sa1,1
14041,N120658 /1 undetected,output,,N120658,N120658,1,undetected,N120658,N120658,N120658,sa1,1
14042,N94363 /1 undetected,output,,N94363,N94363,1,undetected,N94363,N94363,N94363,sa1,1
14043,N54257 /1 undetected,output,,N54257,N54257,1,undetected,N54257,N54257,N54257,sa1,1
14044,N54255 /1 undetected,output,,N54255,N54255,1,undetected,N54255,N54255,N54255,sa1,1
14045,N76096 /1 undetected,output,,N76096,N76096,1,undetected,N76096,N76096,N76096,sa1,1
14046,N54252 /1 undetected,output,,N54252,N54252,1,undetected,N54252,N54252,N54252,sa1,1
14047,N120654 /1 undetected,output,,N120654,N120654,1,undetected,N120654,N120654,N120654,sa1,1
14048,N94451 /1 undetected,output,,N94451,N94451,1,undetected,N94451,N94451,N94451,sa1,1
14049,N54254 /1 undetected,output,,N54254,N54254,1,undetected,N54254,N54254,N54254,sa1,1
14050,N120656 /1 undetected,output,,N120656,N120656,1,undetected,N120656,N120656,N120656,sa1,1
14051,N94362 /1 undetected,output,,N94362,N94362,1,undetected,N94362,N94362,N94362,sa1,1
14052,N54250 /1 undetected,output,,N54250,N54250,1,undetected,N54250,N54250,N54250,sa1,1
14053,N98420 /1 undetected,output,,N98420,N98420,1,undetected,N98420,N98420,N98420,sa1,1
14054,N54248 /1 undetected,output,,N54248,N54248,1,undetected,N54248,N54248,N54248,sa1,1
14055,N54246 /1 undetected,output,,N54246,N54246,1,undetected,N54246,N54246,N54246,sa1,1
14056,N54244 /1 undetected,output,,N54244,N54244,1,undetected,N54244,N54244,N54244,sa1,1
14057,N85907 /1 undetected,output,,N85907,N85907,1,undetected,N85907,N85907,N85907,sa1,1
14058,N54243 /1 undetected,output,,N54243,N54243,1,undetected,N54243,N54243,N54243,sa1,1
14059,N120648 /1 undetected,output,,N120648,N120648,1,undetected,N120648,N120648,N120648,sa1,1
14060,N93884 /1 undetected,output,,N93884,N93884,1,undetected,N93884,N93884,N93884,sa1,1
14061,N54241 /1 undetected,output,,N54241,N54241,1,undetected,N54241,N54241,N54241,sa1,1
14062,N120657 /1 undetected,output,,N120657,N120657,1,undetected,N120657,N120657,N120657,sa1,1
14063,N93805 /1 undetected,output,,N93805,N93805,1,undetected,N93805,N93805,N93805,sa1,1
14064,N54238 /1 undetected,output,,N54238,N54238,1,undetected,N54238,N54238,N54238,sa1,1
14065,N54236 /1 undetected,output,,N54236,N54236,1,undetected,N54236,N54236,N54236,sa1,1
14066,N76095 /1 undetected,output,,N76095,N76095,1,undetected,N76095,N76095,N76095,sa1,1
14067,N54231 /1 undetected,output,,N54231,N54231,1,undetected,N54231,N54231,N54231,sa1,1
14068,N120653 /1 undetected,output,,N120653,N120653,1,undetected,N120653,N120653,N120653,sa1,1
14069,N93883 /1 undetected,output,,N93883,N93883,1,undetected,N93883,N93883,N93883,sa1,1
14070,N54235 /1 undetected,output,,N54235,N54235,1,undetected,N54235,N54235,N54235,sa1,1
14071,N120655 /1 undetected,output,,N120655,N120655,1,undetected,N120655,N120655,N120655,sa1,1
14072,N93804 /1 undetected,output,,N93804,N93804,1,undetected,N93804,N93804,N93804,sa1,1
14073,N54185 /1 undetected,output,,N54185,N54185,1,undetected,N54185,N54185,N54185,sa1,1
14074,N102910 /1 undetected,output,,N102910,N102910,1,undetected,N102910,N102910,N102910,sa1,1
14075,N120642 /1 undetected,output,,N120642,N120642,1,undetected,N120642,N120642,N120642,sa1,1
14076,N85874 /1 undetected,output,,N85874,N85874,1,undetected,N85874,N85874,N85874,sa1,1
14077,N54180 /1 undetected,output,,N54180,N54180,1,undetected,N54180,N54180,N54180,sa1,1
14078,N54178 /1 undetected,output,,N54178,N54178,1,undetected,N54178,N54178,N54178,sa1,1
14079,N76044 /1 undetected,output,,N76044,N76044,1,undetected,N76044,N76044,N76044,sa1,1
14080,N54177 /1 undetected,output,,N54177,N54177,1,undetected,N54177,N54177,N54177,sa1,1
14081,N120638 /1 undetected,output,,N120638,N120638,1,undetected,N120638,N120638,N120638,sa1,1
14082,N94361 /1 undetected,output,,N94361,N94361,1,undetected,N94361,N94361,N94361,sa1,1
14083,N54175 /1 undetected,output,,N54175,N54175,1,undetected,N54175,N54175,N54175,sa1,1
14084,N120631 /1 undetected,output,,N120631,N120631,1,undetected,N120631,N120631,N120631,sa1,1
14085,N94450 /1 undetected,output,,N94450,N94450,1,undetected,N94450,N94450,N94450,sa1,1
14086,N54173 /1 undetected,output,,N54173,N54173,1,undetected,N54173,N54173,N54173,sa1,1
14087,N54170 /1 undetected,output,,N54170,N54170,1,undetected,N54170,N54170,N54170,sa1,1
14088,N120615 /1 undetected,output,,N120615,N120615,1,undetected,N120615,N120615,N120615,sa1,1
14089,N94360 /1 undetected,output,,N94360,N94360,1,undetected,N94360,N94360,N94360,sa1,1
14090,N54168 /1 undetected,output,,N54168,N54168,1,undetected,N54168,N54168,N54168,sa1,1
14091,N120640 /1 undetected,output,,N120640,N120640,1,undetected,N120640,N120640,N120640,sa1,1
14092,N94449 /1 undetected,output,,N94449,N94449,1,undetected,N94449,N94449,N94449,sa1,1
14093,N54166 /1 undetected,output,,N54166,N54166,1,undetected,N54166,N54166,N54166,sa1,1
14094,N54164 /1 undetected,output,,N54164,N54164,1,undetected,N54164,N54164,N54164,sa1,1
14095,N95743 /1 undetected,output,,N95743,N95743,1,undetected,N95743,N95743,N95743,sa1,1
14096,N54163 /1 undetected,output,,N54163,N54163,1,undetected,N54163,N54163,N54163,sa1,1
14097,N120641 /1 undetected,output,,N120641,N120641,1,undetected,N120641,N120641,N120641,sa1,1
14098,N120508 /1 undetected,output,,N120508,N120508,1,undetected,N120508,N120508,N120508,sa1,1
14099,N54153 /1 undetected,output,,N54153,N54153,1,undetected,N54153,N54153,N54153,sa1,1
14100,N54151 /1 undetected,output,,N54151,N54151,1,undetected,N54151,N54151,N54151,sa1,1
14101,N95845 /1 undetected,output,,N95845,N95845,1,undetected,N95845,N95845,N95845,sa1,1
14102,N54150 /1 undetected,output,,N54150,N54150,1,undetected,N54150,N54150,N54150,sa1,1
14103,N85906 /1 undetected,output,,N85906,N85906,1,undetected,N85906,N85906,N85906,sa1,1
14104,N54141 /1 undetected,output,,N54141,N54141,1,undetected,N54141,N54141,N54141,sa1,1
14105,N54140 /1 undetected,output,,N54140,N54140,1,undetected,N54140,N54140,N54140,sa1,1
14106,N93803 /1 undetected,output,,N93803,N93803,1,undetected,N93803,N93803,N93803,sa1,1
14107,N54138 /1 undetected,output,,N54138,N54138,1,undetected,N54138,N54138,N54138,sa1,1
14108,N54115 /1 undetected,output,,N54115,N54115,1,undetected,N54115,N54115,N54115,sa1,1
14109,N93881 /1 undetected,output,,N93881,N93881,1,undetected,N93881,N93881,N93881,sa1,1
14110,N54113 /1 undetected,output,,N54113,N54113,1,undetected,N54113,N54113,N54113,sa1,1
14111,N54148 /1 undetected,output,,N54148,N54148,1,undetected,N54148,N54148,N54148,sa1,1
14112,N54146 /1 undetected,output,,N54146,N54146,1,undetected,N54146,N54146,N54146,sa1,1
14113,N76094 /1 undetected,output,,N76094,N76094,1,undetected,N76094,N76094,N76094,sa1,1
14114,N54069 /1 undetected,output,,N54069,N54069,1,undetected,N54069,N54069,N54069,sa1,1
14115,N120614 /1 undetected,output,,N120614,N120614,1,undetected,N120614,N120614,N120614,sa1,1
14116,N93802 /1 undetected,output,,N93802,N93802,1,undetected,N93802,N93802,N93802,sa1,1
14117,N54145 /1 undetected,output,,N54145,N54145,1,undetected,N54145,N54145,N54145,sa1,1
14118,N120639 /1 undetected,output,,N120639,N120639,1,undetected,N120639,N120639,N120639,sa1,1
14119,N93882 /1 undetected,output,,N93882,N93882,1,undetected,N93882,N93882,N93882,sa1,1
14120,N79821 /1 undetected,output,,N79821,N79821,1,undetected,N79821,N79821,N79821,sa1,1
14121,N88549 /1 undetected,output,,N88549,N88549,1,undetected,N88549,N88549,N88549,sa1,1
14122,N51528 /1 undetected,output,,N51528,N51528,1,undetected,N51528,N51528,N51528,sa1,1
14123,N51527 /1 undetected,output,,N51527,N51527,1,undetected,N51527,N51527,N51527,sa1,1
14124,N79911 /1 undetected,output,,N79911,N79911,1,undetected,N79911,N79911,N79911,sa1,1
14125,N51525 /1 undetected,output,,N51525,N51525,1,undetected,N51525,N51525,N51525,sa1,1
14126,N88593 /1 undetected,output,,N88593,N88593,1,undetected,N88593,N88593,N88593,sa1,1
14127,N79899 /1 undetected,output,,N79899,N79899,1,undetected,N79899,N79899,N79899,sa1,1
14128,N88587 /1 undetected,output,,N88587,N88587,1,undetected,N88587,N88587,N88587,sa1,1
14129,N79895 /1 undetected,output,,N79895,N79895,1,undetected,N79895,N79895,N79895,sa1,1
14130,N88585 /1 undetected,output,,N88585,N88585,1,undetected,N88585,N88585,N88585,sa1,1
14131,N79891 /1 undetected,output,,N79891,N79891,1,undetected,N79891,N79891,N79891,sa1,1
14132,N88583 /1 undetected,output,,N88583,N88583,1,undetected,N88583,N88583,N88583,sa1,1
14133,N79887 /1 undetected,output,,N79887,N79887,1,undetected,N79887,N79887,N79887,sa1,1
14134,N88581 /1 undetected,output,,N88581,N88581,1,undetected,N88581,N88581,N88581,sa1,1
14135,N80006 /1 undetected,output,,N80006,N80006,1,undetected,N80006,N80006,N80006,sa1,1
14136,N88636 /1 undetected,output,,N88636,N88636,1,undetected,N88636,N88636,N88636,sa1,1
14137,N79862 /1 undetected,output,,N79862,N79862,1,undetected,N79862,N79862,N79862,sa1,1
14138,N88569 /1 undetected,output,,N88569,N88569,1,undetected,N88569,N88569,N88569,sa1,1
14139,N79860 /1 undetected,output,,N79860,N79860,1,undetected,N79860,N79860,N79860,sa1,1
14140,N88568 /1 undetected,output,,N88568,N88568,1,undetected,N88568,N88568,N88568,sa1,1
14141,N79856 /1 undetected,output,,N79856,N79856,1,undetected,N79856,N79856,N79856,sa1,1
14142,N88566 /1 undetected,output,,N88566,N88566,1,undetected,N88566,N88566,N88566,sa1,1
14143,N79848 /1 undetected,output,,N79848,N79848,1,undetected,N79848,N79848,N79848,sa1,1
14144,N88562 /1 undetected,output,,N88562,N88562,1,undetected,N88562,N88562,N88562,sa1,1
14145,N108620 /1 undetected,output,,N108620,N108620,1,undetected,N108620,N108620,N108620,sa1,1
14146,N108547 /1 undetected,output,,N108547,N108547,1,undetected,N108547,N108547,N108547,sa1,1
14147,N108460 /1 undetected,output,,N108460,N108460,1,undetected,N108460,N108460,N108460,sa1,1
14148,N108386 /1 undetected,output,,N108386,N108386,1,undetected,N108386,N108386,N108386,sa1,1
14149,N79840 /1 undetected,output,,N79840,N79840,1,undetected,N79840,N79840,N79840,sa1,1
14150,N88558 /1 undetected,output,,N88558,N88558,1,undetected,N88558,N88558,N88558,sa1,1
14151,N79828 /1 undetected,output,,N79828,N79828,1,undetected,N79828,N79828,N79828,sa1,1
14152,N88552 /1 undetected,output,,N88552,N88552,1,undetected,N88552,N88552,N88552,sa1,1
14153,N79939 /1 undetected,output,,N79939,N79939,1,undetected,N79939,N79939,N79939,sa1,1
14154,N88605 /1 undetected,output,,N88605,N88605,1,undetected,N88605,N88605,N88605,sa1,1
14155,N52370 /1 undetected,output,,N52370,N52370,1,undetected,N52370,N52370,N52370,sa1,1
14156,N89848 /1 undetected,output,,N89848,N89848,1,undetected,N89848,N89848,N89848,sa1,1
14157,N80042 /1 undetected,output,,N80042,N80042,1,undetected,N80042,N80042,N80042,sa1,1
14158,N88655 /1 undetected,output,,N88655,N88655,1,undetected,N88655,N88655,N88655,sa1,1
14159,N80040 /1 undetected,output,,N80040,N80040,1,undetected,N80040,N80040,N80040,sa1,1
14160,N88653 /1 undetected,output,,N88653,N88653,1,undetected,N88653,N88653,N88653,sa1,1
14161,N108764 /1 undetected,output,,N108764,N108764,1,undetected,N108764,N108764,N108764,sa1,1
14162,N107457 /1 undetected,output,,N107457,N107457,1,undetected,N107457,N107457,N107457,sa1,1
14163,N107388 /1 undetected,output,,N107388,N107388,1,undetected,N107388,N107388,N107388,sa1,1
14164,N107314 /1 undetected,output,,N107314,N107314,1,undetected,N107314,N107314,N107314,sa1,1
14165,N107070 /1 undetected,output,,N107070,N107070,1,undetected,N107070,N107070,N107070,sa1,1
14166,N107043 /1 undetected,output,,N107043,N107043,1,undetected,N107043,N107043,N107043,sa1,1
14167,N107368 /1 undetected,output,,N107368,N107368,1,undetected,N107368,N107368,N107368,sa1,1
14168,N107308 /1 undetected,output,,N107308,N107308,1,undetected,N107308,N107308,N107308,sa1,1
14169,N108758 /1 undetected,output,,N108758,N108758,1,undetected,N108758,N108758,N108758,sa1,1
14170,N107437 /1 undetected,output,,N107437,N107437,1,undetected,N107437,N107437,N107437,sa1,1
14171,N107367 /1 undetected,output,,N107367,N107367,1,undetected,N107367,N107367,N107367,sa1,1
14172,N107307 /1 undetected,output,,N107307,N107307,1,undetected,N107307,N107307,N107307,sa1,1
14173,N108757 /1 undetected,output,,N108757,N108757,1,undetected,N108757,N108757,N108757,sa1,1
14174,N107436 /1 undetected,output,,N107436,N107436,1,undetected,N107436,N107436,N107436,sa1,1
14175,N107361 /1 undetected,output,,N107361,N107361,1,undetected,N107361,N107361,N107361,sa1,1
14176,N107304 /1 undetected,output,,N107304,N107304,1,undetected,N107304,N107304,N107304,sa1,1
14177,N108754 /1 undetected,output,,N108754,N108754,1,undetected,N108754,N108754,N108754,sa1,1
14178,N107430 /1 undetected,output,,N107430,N107430,1,undetected,N107430,N107430,N107430,sa1,1
14179,N111679 /1 undetected,output,,N111679,N111679,1,undetected,N111679,N111679,N111679,sa1,1
14180,N111687 /1 undetected,output,,N111687,N111687,1,undetected,N111687,N111687,N111687,sa1,1
14181,N88594 /1 undetected,output,,N88594,N88594,1,undetected,N88594,N88594,N88594,sa1,1
14182,N79915 /1 undetected,output,,N79915,N79915,1,undetected,N79915,N79915,N79915,sa1,1
14183,N106476 /1 undetected,output,,N106476,N106476,1,undetected,N106476,N106476,N106476,sa1,1
14184,N106456 /1 undetected,output,,N106456,N106456,1,undetected,N106456,N106456,N106456,sa1,1
14185,N108338 /1 undetected,output,,N108338,N108338,1,undetected,N108338,N108338,N108338,sa1,1
14186,N108280 /1 undetected,output,,N108280,N108280,1,undetected,N108280,N108280,N108280,sa1,1
14187,N108234 /1 undetected,output,,N108234,N108234,1,undetected,N108234,N108234,N108234,sa1,1
14188,N108177 /1 undetected,output,,N108177,N108177,1,undetected,N108177,N108177,N108177,sa1,1
14189,N79868 /1 undetected,output,,N79868,N79868,1,undetected,N79868,N79868,N79868,sa1,1
14190,N88572 /1 undetected,output,,N88572,N88572,1,undetected,N88572,N88572,N88572,sa1,1
14191,N79852 /1 undetected,output,,N79852,N79852,1,undetected,N79852,N79852,N79852,sa1,1
14192,N88564 /1 undetected,output,,N88564,N88564,1,undetected,N88564,N88564,N88564,sa1,1
14193,N106465 /1 undetected,output,,N106465,N106465,1,undetected,N106465,N106465,N106465,sa1,1
14194,N106445 /1 undetected,output,,N106445,N106445,1,undetected,N106445,N106445,N106445,sa1,1
14195,N107076 /1 undetected,output,,N107076,N107076,1,undetected,N107076,N107076,N107076,sa1,1
14196,N107049 /1 undetected,output,,N107049,N107049,1,undetected,N107049,N107049,N107049,sa1,1
14197,N107075 /1 undetected,output,,N107075,N107075,1,undetected,N107075,N107075,N107075,sa1,1
14198,N107048 /1 undetected,output,,N107048,N107048,1,undetected,N107048,N107048,N107048,sa1,1
14199,N111691 /1 undetected,output,,N111691,N111691,1,undetected,N111691,N111691,N111691,sa1,1
14200,N111683 /1 undetected,output,,N111683,N111683,1,undetected,N111683,N111683,N111683,sa1,1
14201,N107072 /1 undetected,output,,N107072,N107072,1,undetected,N107072,N107072,N107072,sa1,1
14202,N107045 /1 undetected,output,,N107045,N107045,1,undetected,N107045,N107045,N107045,sa1,1
14203,N108762 /1 undetected,output,,N108762,N108762,1,undetected,N108762,N108762,N108762,sa1,1
14204,N107447 /1 undetected,output,,N107447,N107447,1,undetected,N107447,N107447,N107447,sa1,1
14205,N107378 /1 undetected,output,,N107378,N107378,1,undetected,N107378,N107378,N107378,sa1,1
14206,N107312 /1 undetected,output,,N107312,N107312,1,undetected,N107312,N107312,N107312,sa1,1
14207,N107071 /1 undetected,output,,N107071,N107071,1,undetected,N107071,N107071,N107071,sa1,1
14208,N107044 /1 undetected,output,,N107044,N107044,1,undetected,N107044,N107044,N107044,sa1,1
14209,N107066 /1 undetected,output,,N107066,N107066,1,undetected,N107066,N107066,N107066,sa1,1
14210,N107039 /1 undetected,output,,N107039,N107039,1,undetected,N107039,N107039,N107039,sa1,1
14211,N111686 /1 undetected,output,,N111686,N111686,1,undetected,N111686,N111686,N111686,sa1,1
14212,N111678 /1 undetected,output,,N111678,N111678,1,undetected,N111678,N111678,N111678,sa1,1
14213,N106462 /1 undetected,output,,N106462,N106462,1,undetected,N106462,N106462,N106462,sa1,1
14214,N106439 /1 undetected,output,,N106439,N106439,1,undetected,N106439,N106439,N106439,sa1,1
14215,N107060 /1 undetected,output,,N107060,N107060,1,undetected,N107060,N107060,N107060,sa1,1
14216,N107033 /1 undetected,output,,N107033,N107033,1,undetected,N107033,N107033,N107033,sa1,1
14217,N108742 /1 undetected,output,,N108742,N108742,1,undetected,N108742,N108742,N108742,sa1,1
14218,N107402 /1 undetected,output,,N107402,N107402,1,undetected,N107402,N107402,N107402,sa1,1
14219,N107333 /1 undetected,output,,N107333,N107333,1,undetected,N107333,N107333,N107333,sa1,1
14220,N107292 /1 undetected,output,,N107292,N107292,1,undetected,N107292,N107292,N107292,sa1,1
14221,N107059 /1 undetected,output,,N107059,N107059,1,undetected,N107059,N107059,N107059,sa1,1
14222,N107031 /1 undetected,output,,N107031,N107031,1,undetected,N107031,N107031,N107031,sa1,1
14223,N52346 /0 undetected,output,,N52346,N52346,0,undetected,N52346,N52346,N52346,sa0,1
14224,N79595 /1 undetected,output,,N79595,N79595,1,undetected,N79595,N79595,N79595,sa1,1
14225,N52344 /1 undetected,output,,N52344,N52344,1,undetected,N52344,N52344,N52344,sa1,1
14226,N52340 /1 undetected,output,,N52340,N52340,1,undetected,N52340,N52340,N52340,sa1,1
14227,N110200 /1 undetected,output,,N110200,N110200,1,undetected,N110200,N110200,N110200,sa1,1
14228,N52339 /1 undetected,output,,N52339,N52339,1,undetected,N52339,N52339,N52339,sa1,1
14229,N89767 /1 undetected,output,,N89767,N89767,1,undetected,N89767,N89767,N89767,sa1,1
14230,N52337 /1 undetected,output,,N52337,N52337,1,undetected,N52337,N52337,N52337,sa1,1
14231,N81395 /1 undetected,output,,N81395,N81395,1,undetected,N81395,N81395,N81395,sa1,1
14232,N52333 /1 undetected,output,,N52333,N52333,1,undetected,N52333,N52333,N52333,sa1,1
14233,N110164 /1 undetected,output,,N110164,N110164,1,undetected,N110164,N110164,N110164,sa1,1
14234,N52332 /1 undetected,output,,N52332,N52332,1,undetected,N52332,N52332,N52332,sa1,1
14235,N81394 /1 undetected,output,,N81394,N81394,1,undetected,N81394,N81394,N81394,sa1,1
14236,N52330 /1 undetected,output,,N52330,N52330,1,undetected,N52330,N52330,N52330,sa1,1
14237,N89766 /1 undetected,output,,N89766,N89766,1,undetected,N89766,N89766,N89766,sa1,1
14238,N52255 /1 undetected,output,,N52255,N52255,1,undetected,N52255,N52255,N52255,sa1,1
14239,N82157 /1 undetected,output,,N82157,N82157,1,undetected,N82157,N82157,N82157,sa1,1
14240,N52254 /1 undetected,output,,N52254,N52254,1,undetected,N52254,N52254,N52254,sa1,1
14241,N79139 /1 undetected,output,,N79139,N79139,1,undetected,N79139,N79139,N79139,sa1,1
14242,N119889 /1 undetected,output,,N119889,N119889,1,undetected,N119889,N119889,N119889,sa1,1
14243,N90332 /1 undetected,output,,N90332,N90332,1,undetected,N90332,N90332,N90332,sa1,1
14244,N51622 /1 undetected,output,,N51622,N51622,1,undetected,N51622,N51622,N51622,sa1,1
14245,N82143 /1 undetected,output,,N82143,N82143,1,undetected,N82143,N82143,N82143,sa1,1
14246,N51621 /1 undetected,output,,N51621,N51621,1,undetected,N51621,N51621,N51621,sa1,1
14247,N79183 /1 undetected,output,,N79183,N79183,1,undetected,N79183,N79183,N79183,sa1,1
14248,N119888 /1 undetected,output,,N119888,N119888,1,undetected,N119888,N119888,N119888,sa1,1
14249,N90319 /1 undetected,output,,N90319,N90319,1,undetected,N90319,N90319,N90319,sa1,1
14250,N80034 /1 undetected,output,,N80034,N80034,1,undetected,N80034,N80034,N80034,sa1,1
14251,N88650 /1 undetected,output,,N88650,N88650,1,undetected,N88650,N88650,N88650,sa1,1
14252,N107365 /1 undetected,output,,N107365,N107365,1,undetected,N107365,N107365,N107365,sa1,1
14253,N107306 /1 undetected,output,,N107306,N107306,1,undetected,N107306,N107306,N107306,sa1,1
14254,N108756 /1 undetected,output,,N108756,N108756,1,undetected,N108756,N108756,N108756,sa1,1
14255,N107434 /1 undetected,output,,N107434,N107434,1,undetected,N107434,N107434,N107434,sa1,1
14256,N108752 /1 undetected,output,,N108752,N108752,1,undetected,N108752,N108752,N108752,sa1,1
14257,N107425 /1 undetected,output,,N107425,N107425,1,undetected,N107425,N107425,N107425,sa1,1
14258,N107356 /1 undetected,output,,N107356,N107356,1,undetected,N107356,N107356,N107356,sa1,1
14259,N107302 /1 undetected,output,,N107302,N107302,1,undetected,N107302,N107302,N107302,sa1,1
14260,N79966 /1 undetected,output,,N79966,N79966,1,undetected,N79966,N79966,N79966,sa1,1
14261,N88616 /1 undetected,output,,N88616,N88616,1,undetected,N88616,N88616,N88616,sa1,1
14262,N108759 /1 undetected,output,,N108759,N108759,1,undetected,N108759,N108759,N108759,sa1,1
14263,N107440 /1 undetected,output,,N107440,N107440,1,undetected,N107440,N107440,N107440,sa1,1
14264,N107371 /1 undetected,output,,N107371,N107371,1,undetected,N107371,N107371,N107371,sa1,1
14265,N107309 /1 undetected,output,,N107309,N107309,1,undetected,N107309,N107309,N107309,sa1,1
14266,N107363 /1 undetected,output,,N107363,N107363,1,undetected,N107363,N107363,N107363,sa1,1
14267,N107305 /1 undetected,output,,N107305,N107305,1,undetected,N107305,N107305,N107305,sa1,1
14268,N108755 /1 undetected,output,,N108755,N108755,1,undetected,N108755,N108755,N108755,sa1,1
14269,N107432 /1 undetected,output,,N107432,N107432,1,undetected,N107432,N107432,N107432,sa1,1
14270,N111677 /1 undetected,output,,N111677,N111677,1,undetected,N111677,N111677,N111677,sa1,1
14271,N111685 /1 undetected,output,,N111685,N111685,1,undetected,N111685,N111685,N111685,sa1,1
14272,N52569 /0 undetected,output,,N52569,N52569,0,undetected,N52569,N52569,N52569,sa0,1
14273,N94879 /1 undetected,output,,N94879,N94879,1,undetected,N94879,N94879,N94879,sa1,1
14274,N52565 /1 undetected,output,,N52565,N52565,1,undetected,N52565,N52565,N52565,sa1,1
14275,N52564 /1 undetected,output,,N52564,N52564,1,undetected,N52564,N52564,N52564,sa1,1
14276,N111962 /1 undetected,output,,N111962,N111962,1,undetected,N111962,N111962,N111962,sa1,1
14277,N110233 /1 undetected,output,,N110233,N110233,1,undetected,N110233,N110233,N110233,sa1,1
14278,N52556 /1 undetected,output,,N52556,N52556,1,undetected,N52556,N52556,N52556,sa1,1
14279,N81677 /1 undetected,output,,N81677,N81677,1,undetected,N81677,N81677,N81677,sa1,1
14280,N120112 /1 undetected,output,,N120112,N120112,1,undetected,N120112,N120112,N120112,sa1,1
14281,N88422 /1 undetected,output,,N88422,N88422,1,undetected,N88422,N88422,N88422,sa1,1
14282,N120110 /1 undetected,output,,N120110,N120110,1,undetected,N120110,N120110,N120110,sa1,1
14283,N79474 /1 undetected,output,,N79474,N79474,1,undetected,N79474,N79474,N79474,sa1,1
14284,N52561 /1 undetected,output,,N52561,N52561,1,undetected,N52561,N52561,N52561,sa1,1
14285,N109958 /1 undetected,output,,N109958,N109958,1,undetected,N109958,N109958,N109958,sa1,1
14286,N52559 /1 undetected,output,,N52559,N52559,1,undetected,N52559,N52559,N52559,sa1,1
14287,N120111 /1 undetected,output,,N120111,N120111,1,undetected,N120111,N120111,N120111,sa1,1
14288,N52557 /1 undetected,output,,N52557,N52557,1,undetected,N52557,N52557,N52557,sa1,1
14289,N120113 /1 undetected,output,,N120113,N120113,1,undetected,N120113,N120113,N120113,sa1,1
14290,N81678 /1 undetected,output,,N81678,N81678,1,undetected,N81678,N81678,N81678,sa1,1
14291,N79805 /1 undetected,output,,N79805,N79805,1,undetected,N79805,N79805,N79805,sa1,1
14292,N108588 /1 undetected,output,,N108588,N108588,1,undetected,N108588,N108588,N108588,sa1,1
14293,N108428 /1 undetected,output,,N108428,N108428,1,undetected,N108428,N108428,N108428,sa1,1
14294,N108789 /1 undetected,output,,N108789,N108789,1,undetected,N108789,N108789,N108789,sa1,1
14295,N109387 /1 undetected,output,,N109387,N109387,1,undetected,N109387,N109387,N109387,sa1,1
14296,N80630 /1 undetected,output,,N80630,N80630,1,undetected,N80630,N80630,N80630,sa1,1
14297,N27850 /1 undetected,output,,N27850,N27850,1,undetected,N27850,N27850,N27850,sa1,1
14298,N112221 /1 undetected,output,,N112221,N112221,1,undetected,N112221,N112221,N112221,sa1,1
14299,N89030 /1 undetected,output,,N89030,N89030,1,undetected,N89030,N89030,N89030,sa1,1
14300,N112240 /1 undetected,output,,N112240,N112240,1,undetected,N112240,N112240,N112240,sa1,1
14301,N80607 /1 undetected,output,,N80607,N80607,1,undetected,N80607,N80607,N80607,sa1,1
14302,N27840 /1 undetected,output,,N27840,N27840,1,undetected,N27840,N27840,N27840,sa1,1
14303,N27838 /1 undetected,output,,N27838,N27838,1,undetected,N27838,N27838,N27838,sa1,1
14304,N112119 /1 undetected,output,,N112119,N112119,1,undetected,N112119,N112119,N112119,sa1,1
14305,N107467 /1 undetected,output,,N107467,N107467,1,undetected,N107467,N107467,N107467,sa1,1
14306,N84536 /1 undetected,output,,N84536,N84536,1,undetected,N84536,N84536,N84536,sa1,1
14307,N27830 /1 undetected,output,,N27830,N27830,1,undetected,N27830,N27830,N27830,sa1,1
14308,N27828 /1 undetected,output,,N27828,N27828,1,undetected,N27828,N27828,N27828,sa1,1
14309,N27827 /1 undetected,output,,N27827,N27827,1,undetected,N27827,N27827,N27827,sa1,1
14310,N27825 /1 undetected,output,,N27825,N27825,1,undetected,N27825,N27825,N27825,sa1,1
14311,N101225 /1 undetected,output,,N101225,N101225,1,undetected,N101225,N101225,N101225,sa1,1
14312,N27824 /1 undetected,output,,N27824,N27824,1,undetected,N27824,N27824,N27824,sa1,1
14313,N27822 /1 undetected,output,,N27822,N27822,1,undetected,N27822,N27822,N27822,sa1,1
14314,N76121 /1 undetected,output,,N76121,N76121,1,undetected,N76121,N76121,N76121,sa1,1
14315,N27821 /1 undetected,output,,N27821,N27821,1,undetected,N27821,N27821,N27821,sa1,1
14316,N112239 /1 undetected,output,,N112239,N112239,1,undetected,N112239,N112239,N112239,sa1,1
14317,N94334 /1 undetected,output,,N94334,N94334,1,undetected,N94334,N94334,N94334,sa1,1
14318,N27819 /1 undetected,output,,N27819,N27819,1,undetected,N27819,N27819,N27819,sa1,1
14319,N112237 /1 undetected,output,,N112237,N112237,1,undetected,N112237,N112237,N112237,sa1,1
14320,N94422 /1 undetected,output,,N94422,N94422,1,undetected,N94422,N94422,N94422,sa1,1
14321,N27817 /1 undetected,output,,N27817,N27817,1,undetected,N27817,N27817,N27817,sa1,1
14322,N27815 /1 undetected,output,,N27815,N27815,1,undetected,N27815,N27815,N27815,sa1,1
14323,N85934 /1 undetected,output,,N85934,N85934,1,undetected,N85934,N85934,N85934,sa1,1
14324,N27814 /1 undetected,output,,N27814,N27814,1,undetected,N27814,N27814,N27814,sa1,1
14325,N112235 /1 undetected,output,,N112235,N112235,1,undetected,N112235,N112235,N112235,sa1,1
14326,N112101 /1 undetected,output,,N112101,N112101,1,undetected,N112101,N112101,N112101,sa1,1
14327,N27812 /1 undetected,output,,N27812,N27812,1,undetected,N27812,N27812,N27812,sa1,1
14328,N27810 /1 undetected,output,,N27810,N27810,1,undetected,N27810,N27810,N27810,sa1,1
14329,N95960 /1 undetected,output,,N95960,N95960,1,undetected,N95960,N95960,N95960,sa1,1
14330,N27809 /1 undetected,output,,N27809,N27809,1,undetected,N27809,N27809,N27809,sa1,1
14331,N112233 /1 undetected,output,,N112233,N112233,1,undetected,N112233,N112233,N112233,sa1,1
14332,N94421 /1 undetected,output,,N94421,N94421,1,undetected,N94421,N94421,N94421,sa1,1
14333,N27807 /1 undetected,output,,N27807,N27807,1,undetected,N27807,N27807,N27807,sa1,1
14334,N112231 /1 undetected,output,,N112231,N112231,1,undetected,N112231,N112231,N112231,sa1,1
14335,N94333 /1 undetected,output,,N94333,N94333,1,undetected,N94333,N94333,N94333,sa1,1
14336,N27805 /1 undetected,output,,N27805,N27805,1,undetected,N27805,N27805,N27805,sa1,1
14337,N27803 /1 undetected,output,,N27803,N27803,1,undetected,N27803,N27803,N27803,sa1,1
14338,N101527 /1 undetected,output,,N101527,N101527,1,undetected,N101527,N101527,N101527,sa1,1
14339,N27802 /1 undetected,output,,N27802,N27802,1,undetected,N27802,N27802,N27802,sa1,1
14340,N27800 /1 undetected,output,,N27800,N27800,1,undetected,N27800,N27800,N27800,sa1,1
14341,N75171 /1 undetected,output,,N75171,N75171,1,undetected,N75171,N75171,N75171,sa1,1
14342,N27799 /1 undetected,output,,N27799,N27799,1,undetected,N27799,N27799,N27799,sa1,1
14343,N112238 /1 undetected,output,,N112238,N112238,1,undetected,N112238,N112238,N112238,sa1,1
14344,N93788 /1 undetected,output,,N93788,N93788,1,undetected,N93788,N93788,N93788,sa1,1
14345,N27778 /1 undetected,output,,N27778,N27778,1,undetected,N27778,N27778,N27778,sa1,1
14346,N112236 /1 undetected,output,,N112236,N112236,1,undetected,N112236,N112236,N112236,sa1,1
14347,N93865 /1 undetected,output,,N93865,N93865,1,undetected,N93865,N93865,N93865,sa1,1
14348,N27757 /1 undetected,output,,N27757,N27757,1,undetected,N27757,N27757,N27757,sa1,1
14349,N27755 /1 undetected,output,,N27755,N27755,1,undetected,N27755,N27755,N27755,sa1,1
14350,N85170 /1 undetected,output,,N85170,N85170,1,undetected,N85170,N85170,N85170,sa1,1
14351,N27754 /1 undetected,output,,N27754,N27754,1,undetected,N27754,N27754,N27754,sa1,1
14352,N112234 /1 undetected,output,,N112234,N112234,1,undetected,N112234,N112234,N112234,sa1,1
14353,N112043 /1 undetected,output,,N112043,N112043,1,undetected,N112043,N112043,N112043,sa1,1
14354,N27744 /1 undetected,output,,N27744,N27744,1,undetected,N27744,N27744,N27744,sa1,1
14355,N27742 /1 undetected,output,,N27742,N27742,1,undetected,N27742,N27742,N27742,sa1,1
14356,N95824 /1 undetected,output,,N95824,N95824,1,undetected,N95824,N95824,N95824,sa1,1
14357,N27741 /1 undetected,output,,N27741,N27741,1,undetected,N27741,N27741,N27741,sa1,1
14358,N112232 /1 undetected,output,,N112232,N112232,1,undetected,N112232,N112232,N112232,sa1,1
14359,N93864 /1 undetected,output,,N93864,N93864,1,undetected,N93864,N93864,N93864,sa1,1
14360,N27721 /1 undetected,output,,N27721,N27721,1,undetected,N27721,N27721,N27721,sa1,1
14361,N112230 /1 undetected,output,,N112230,N112230,1,undetected,N112230,N112230,N112230,sa1,1
14362,N93787 /1 undetected,output,,N93787,N93787,1,undetected,N93787,N93787,N93787,sa1,1
14363,N27699 /1 undetected,output,,N27699,N27699,1,undetected,N27699,N27699,N27699,sa1,1
14364,N84756 /1 undetected,output,,N84756,N84756,1,undetected,N84756,N84756,N84756,sa1,1
14365,N27698 /1 undetected,output,,N27698,N27698,1,undetected,N27698,N27698,N27698,sa1,1
14366,N89952 /1 undetected,output,,N89952,N89952,1,undetected,N89952,N89952,N89952,sa1,1
14367,N27696 /1 undetected,output,,N27696,N27696,1,undetected,N27696,N27696,N27696,sa1,1
14368,N27693 /1 undetected,output,,N27693,N27693,1,undetected,N27693,N27693,N27693,sa1,1
14369,N81726 /1 undetected,output,,N81726,N81726,1,undetected,N81726,N81726,N81726,sa1,1
14370,N27692 /1 undetected,output,,N27692,N27692,1,undetected,N27692,N27692,N27692,sa1,1
14371,N112087 /1 undetected,output,,N112087,N112087,1,undetected,N112087,N112087,N112087,sa1,1
14372,N109251 /1 undetected,output,,N109251,N109251,1,undetected,N109251,N109251,N109251,sa1,1
14373,N27690 /1 undetected,output,,N27690,N27690,1,undetected,N27690,N27690,N27690,sa1,1
14374,N112225 /1 undetected,output,,N112225,N112225,1,undetected,N112225,N112225,N112225,sa1,1
14375,N109292 /1 undetected,output,,N109292,N109292,1,undetected,N109292,N109292,N109292,sa1,1
14376,N27687 /1 undetected,output,,N27687,N27687,1,undetected,N27687,N27687,N27687,sa1,1
14377,N27685 /1 undetected,output,,N27685,N27685,1,undetected,N27685,N27685,N27685,sa1,1
14378,N81709 /1 undetected,output,,N81709,N81709,1,undetected,N81709,N81709,N81709,sa1,1
14379,N27677 /1 undetected,output,,N27677,N27677,1,undetected,N27677,N27677,N27677,sa1,1
14380,N27675 /1 undetected,output,,N27675,N27675,1,undetected,N27675,N27675,N27675,sa1,1
14381,N112105 /1 undetected,output,,N112105,N112105,1,undetected,N112105,N112105,N112105,sa1,1
14382,N27673 /1 undetected,output,,N27673,N27673,1,undetected,N27673,N27673,N27673,sa1,1
14383,N106751 /1 undetected,output,,N106751,N106751,1,undetected,N106751,N106751,N106751,sa1,1
14384,N105484 /1 undetected,output,,N105484,N105484,1,undetected,N105484,N105484,N105484,sa1,1
14385,N27672 /1 undetected,output,,N27672,N27672,1,undetected,N27672,N27672,N27672,sa1,1
14386,N85538 /1 undetected,output,,N85538,N85538,1,undetected,N85538,N85538,N85538,sa1,1
14387,N27671 /1 undetected,output,,N27671,N27671,1,undetected,N27671,N27671,N27671,sa1,1
14388,N112107 /1 undetected,output,,N112107,N112107,1,undetected,N112107,N112107,N112107,sa1,1
14389,N106785 /1 undetected,output,,N106785,N106785,1,undetected,N106785,N106785,N106785,sa1,1
14390,N27684 /1 undetected,output,,N27684,N27684,1,undetected,N27684,N27684,N27684,sa1,1
14391,N27682 /1 undetected,output,,N27682,N27682,1,undetected,N27682,N27682,N27682,sa1,1
14392,N75584 /1 undetected,output,,N75584,N75584,1,undetected,N75584,N75584,N75584,sa1,1
14393,N27681 /1 undetected,output,,N27681,N27681,1,undetected,N27681,N27681,N27681,sa1,1
14394,N112109 /1 undetected,output,,N112109,N112109,1,undetected,N112109,N112109,N112109,sa1,1
14395,N106828 /1 undetected,output,,N106828,N106828,1,undetected,N106828,N106828,N106828,sa1,1
14396,N27679 /1 undetected,output,,N27679,N27679,1,undetected,N27679,N27679,N27679,sa1,1
14397,N112111 /1 undetected,output,,N112111,N112111,1,undetected,N112111,N112111,N112111,sa1,1
14398,N106736 /1 undetected,output,,N106736,N106736,1,undetected,N106736,N106736,N106736,sa1,1
14399,N27667 /1 undetected,output,,N27667,N27667,1,undetected,N27667,N27667,N27667,sa1,1
14400,N81725 /1 undetected,output,,N81725,N81725,1,undetected,N81725,N81725,N81725,sa1,1
14401,N80208 /1 undetected,output,,N80208,N80208,1,undetected,N80208,N80208,N80208,sa1,1
14402,N107506 /1 undetected,output,,N107506,N107506,1,undetected,N107506,N107506,N107506,sa1,1
14403,N109584 /1 undetected,output,,N109584,N109584,1,undetected,N109584,N109584,N109584,sa1,1
14404,N109378 /1 undetected,output,,N109378,N109378,1,undetected,N109378,N109378,N109378,sa1,1
14405,N89054 /1 undetected,output,,N89054,N89054,1,undetected,N89054,N89054,N89054,sa1,1
14406,N79938 /1 undetected,output,,N79938,N79938,1,undetected,N79938,N79938,N79938,sa1,1
14407,N89360 /1 undetected,output,,N89360,N89360,1,undetected,N89360,N89360,N89360,sa1,1
14408,N108201 /1 undetected,output,,N108201,N108201,1,undetected,N108201,N108201,N108201,sa1,1
14409,N80949 /1 undetected,output,,N80949,N80949,1,undetected,N80949,N80949,N80949,sa1,1
14410,N108305 /1 undetected,output,,N108305,N108305,1,undetected,N108305,N108305,N108305,sa1,1
14411,N108722 /1 undetected,output,,N108722,N108722,1,undetected,N108722,N108722,N108722,sa1,1
14412,N108712 /1 undetected,output,,N108712,N108712,1,undetected,N108712,N108712,N108712,sa1,1
14413,N108701 /1 undetected,output,,N108701,N108701,1,undetected,N108701,N108701,N108701,sa1,1
14414,N108691 /1 undetected,output,,N108691,N108691,1,undetected,N108691,N108691,N108691,sa1,1
14415,N108577 /1 undetected,output,,N108577,N108577,1,undetected,N108577,N108577,N108577,sa1,1
14416,N108526 /1 undetected,output,,N108526,N108526,1,undetected,N108526,N108526,N108526,sa1,1
14417,N108417 /1 undetected,output,,N108417,N108417,1,undetected,N108417,N108417,N108417,sa1,1
14418,N108365 /1 undetected,output,,N108365,N108365,1,undetected,N108365,N108365,N108365,sa1,1
14419,N109440 /1 undetected,output,,N109440,N109440,1,undetected,N109440,N109440,N109440,sa1,1
14420,N107498 /1 undetected,output,,N107498,N107498,1,undetected,N107498,N107498,N107498,sa1,1
14421,N82097 /1 undetected,output,,N82097,N82097,1,undetected,N82097,N82097,N82097,sa1,1
14422,N50408 /1 undetected,output,,N50408,N50408,1,undetected,N50408,N50408,N50408,sa1,1
14423,N50407 /1 undetected,output,,N50407,N50407,1,undetected,N50407,N50407,N50407,sa1,1
14424,N119124 /1 undetected,output,,N119124,N119124,1,undetected,N119124,N119124,N119124,sa1,1
14425,N90289 /1 undetected,output,,N90289,N90289,1,undetected,N90289,N90289,N90289,sa1,1
14426,N50405 /1 undetected,output,,N50405,N50405,1,undetected,N50405,N50405,N50405,sa1,1
14427,N79085 /1 undetected,output,,N79085,N79085,1,undetected,N79085,N79085,N79085,sa1,1
14428,N119241 /1 undetected,output,,N119241,N119241,1,undetected,N119241,N119241,N119241,sa1,1
14429,N50420 /1 undetected,output,,N50420,N50420,1,undetected,N50420,N50420,N50420,sa1,1
14430,N50418 /1 undetected,output,,N50418,N50418,1,undetected,N50418,N50418,N50418,sa1,1
14431,N50417 /1 undetected,output,,N50417,N50417,1,undetected,N50417,N50417,N50417,sa1,1
14432,N112405 /1 undetected,output,,N112405,N112405,1,undetected,N112405,N112405,N112405,sa1,1
14433,N79086 /1 undetected,output,,N79086,N79086,1,undetected,N79086,N79086,N79086,sa1,1
14434,N50411 /1 undetected,output,,N50411,N50411,1,undetected,N50411,N50411,N50411,sa1,1
14435,N112420 /1 undetected,output,,N112420,N112420,1,undetected,N112420,N112420,N112420,sa1,1
14436,N90290 /1 undetected,output,,N90290,N90290,1,undetected,N90290,N90290,N90290,sa1,1
14437,N119251 /1 undetected,output,,N119251,N119251,1,undetected,N119251,N119251,N119251,sa1,1
14438,N88037 /1 undetected,output,,N88037,N88037,1,undetected,N88037,N88037,N88037,sa1,1
14439,N90284 /1 undetected,output,,N90284,N90284,1,undetected,N90284,N90284,N90284,sa1,1
14440,N80324 /1 undetected,output,,N80324,N80324,1,undetected,N80324,N80324,N80324,sa1,1
14441,N89018 /1 undetected,output,,N89018,N89018,1,undetected,N89018,N89018,N89018,sa1,1
14442,N80592 /1 undetected,output,,N80592,N80592,1,undetected,N80592,N80592,N80592,sa1,1
14443,N107529 /1 undetected,output,,N107529,N107529,1,undetected,N107529,N107529,N107529,sa1,1
14444,N80177 /1 undetected,output,,N80177,N80177,1,undetected,N80177,N80177,N80177,sa1,1
14445,N80787 /1 undetected,output,,N80787,N80787,1,undetected,N80787,N80787,N80787,sa1,1
14446,N89209 /1 undetected,output,,N89209,N89209,1,undetected,N89209,N89209,N89209,sa1,1
14447,N112710 /1 undetected,output,,N112710,N112710,1,undetected,N112710,N112710,N112710,sa1,1
14448,N107079 /1 undetected,output,,N107079,N107079,1,undetected,N107079,N107079,N107079,sa1,1
14449,N107052 /1 undetected,output,,N107052,N107052,1,undetected,N107052,N107052,N107052,sa1,1
14450,N107051 /1 undetected,output,,N107051,N107051,1,undetected,N107051,N107051,N107051,sa1,1
14451,N107078 /1 undetected,output,,N107078,N107078,1,undetected,N107078,N107078,N107078,sa1,1
14452,N111684 /1 undetected,output,,N111684,N111684,1,undetected,N111684,N111684,N111684,sa1,1
14453,N111692 /1 undetected,output,,N111692,N111692,1,undetected,N111692,N111692,N111692,sa1,1
14454,N107210 /1 undetected,output,,N107210,N107210,1,undetected,N107210,N107210,N107210,sa1,1
14455,N107280 /1 undetected,output,,N107280,N107280,1,undetected,N107280,N107280,N107280,sa1,1
14456,N108652 /1 undetected,output,,N108652,N108652,1,undetected,N108652,N108652,N108652,sa1,1
14457,N108560 /1 undetected,output,,N108560,N108560,1,undetected,N108560,N108560,N108560,sa1,1
14458,N108492 /1 undetected,output,,N108492,N108492,1,undetected,N108492,N108492,N108492,sa1,1
14459,N108399 /1 undetected,output,,N108399,N108399,1,undetected,N108399,N108399,N108399,sa1,1
14460,N107191 /1 undetected,output,,N107191,N107191,1,undetected,N107191,N107191,N107191,sa1,1
14461,N107264 /1 undetected,output,,N107264,N107264,1,undetected,N107264,N107264,N107264,sa1,1
14462,N106463 /1 undetected,output,,N106463,N106463,1,undetected,N106463,N106463,N106463,sa1,1
14463,N106442 /1 undetected,output,,N106442,N106442,1,undetected,N106442,N106442,N106442,sa1,1
14464,N108593 /1 undetected,output,,N108593,N108593,1,undetected,N108593,N108593,N108593,sa1,1
14465,N108535 /1 undetected,output,,N108535,N108535,1,undetected,N108535,N108535,N108535,sa1,1
14466,N108433 /1 undetected,output,,N108433,N108433,1,undetected,N108433,N108433,N108433,sa1,1
14467,N108374 /1 undetected,output,,N108374,N108374,1,undetected,N108374,N108374,N108374,sa1,1
14468,N107073 /1 undetected,output,,N107073,N107073,1,undetected,N107073,N107073,N107073,sa1,1
14469,N107046 /1 undetected,output,,N107046,N107046,1,undetected,N107046,N107046,N107046,sa1,1
14470,N108763 /1 undetected,output,,N108763,N108763,1,undetected,N108763,N108763,N108763,sa1,1
14471,N107450 /1 undetected,output,,N107450,N107450,1,undetected,N107450,N107450,N107450,sa1,1
14472,N107313 /1 undetected,output,,N107313,N107313,1,undetected,N107313,N107313,N107313,sa1,1
14473,N107381 /1 undetected,output,,N107381,N107381,1,undetected,N107381,N107381,N107381,sa1,1
14474,N107064 /1 undetected,output,,N107064,N107064,1,undetected,N107064,N107064,N107064,sa1,1
14475,N107037 /1 undetected,output,,N107037,N107037,1,undetected,N107037,N107037,N107037,sa1,1
14476,N107061 /1 undetected,output,,N107061,N107061,1,undetected,N107061,N107061,N107061,sa1,1
14477,N107034 /1 undetected,output,,N107034,N107034,1,undetected,N107034,N107034,N107034,sa1,1
14478,N109874 /1 undetected,output,,N109874,N109874,1,undetected,N109874,N109874,N109874,sa1,1
14479,N110536 /1 undetected,output,,N110536,N110536,1,undetected,N110536,N110536,N110536,sa1,1
14480,N110583 /1 undetected,output,,N110583,N110583,1,undetected,N110583,N110583,N110583,sa1,1
14481,N109809 /1 undetected,output,,N109809,N109809,1,undetected,N109809,N109809,N109809,sa1,1
14482,N79602 /1 undetected,output,,N79602,N79602,1,undetected,N79602,N79602,N79602,sa1,1
14483,N88476 /1 undetected,output,,N88476,N88476,1,undetected,N88476,N88476,N88476,sa1,1
14484,N108597 /1 undetected,output,,N108597,N108597,1,undetected,N108597,N108597,N108597,sa1,1
14485,N108537 /1 undetected,output,,N108537,N108537,1,undetected,N108537,N108537,N108537,sa1,1
14486,N108437 /1 undetected,output,,N108437,N108437,1,undetected,N108437,N108437,N108437,sa1,1
14487,N108376 /1 undetected,output,,N108376,N108376,1,undetected,N108376,N108376,N108376,sa1,1
14488,N79917 /1 undetected,output,,N79917,N79917,1,undetected,N79917,N79917,N79917,sa1,1
14489,N88595 /1 undetected,output,,N88595,N88595,1,undetected,N88595,N88595,N88595,sa1,1
14490,N80008 /1 undetected,output,,N80008,N80008,1,undetected,N80008,N80008,N80008,sa1,1
14491,N88637 /1 undetected,output,,N88637,N88637,1,undetected,N88637,N88637,N88637,sa1,1
14492,N79970 /1 undetected,output,,N79970,N79970,1,undetected,N79970,N79970,N79970,sa1,1
14493,N88618 /1 undetected,output,,N88618,N88618,1,undetected,N88618,N88618,N88618,sa1,1
14494,N52356 /0 undetected,output,,N52356,N52356,0,undetected,N52356,N52356,N52356,sa0,1
14495,N119890 /1 undetected,output,,N119890,N119890,1,undetected,N119890,N119890,N119890,sa1,1
14496,N111993 /1 undetected,output,,N111993,N111993,1,undetected,N111993,N111993,N111993,sa1,1
14497,N108753 /1 undetected,output,,N108753,N108753,1,undetected,N108753,N108753,N108753,sa1,1
14498,N107427 /1 undetected,output,,N107427,N107427,1,undetected,N107427,N107427,N107427,sa1,1
14499,N107358 /1 undetected,output,,N107358,N107358,1,undetected,N107358,N107358,N107358,sa1,1
14500,N107303 /1 undetected,output,,N107303,N107303,1,undetected,N107303,N107303,N107303,sa1,1
14501,N108602 /1 undetected,output,,N108602,N108602,1,undetected,N108602,N108602,N108602,sa1,1
14502,N108539 /1 undetected,output,,N108539,N108539,1,undetected,N108539,N108539,N108539,sa1,1
14503,N108442 /1 undetected,output,,N108442,N108442,1,undetected,N108442,N108442,N108442,sa1,1
14504,N108378 /1 undetected,output,,N108378,N108378,1,undetected,N108378,N108378,N108378,sa1,1
14505,N106458 /1 undetected,output,,N106458,N106458,1,undetected,N106458,N106458,N106458,sa1,1
14506,N106431 /1 undetected,output,,N106431,N106431,1,undetected,N106431,N106431,N106431,sa1,1
14507,N52542 /0 undetected,output,,N52542,N52542,0,undetected,N52542,N52542,N52542,sa0,1
14508,N94878 /1 undetected,output,,N94878,N94878,1,undetected,N94878,N94878,N94878,sa1,1
14509,N81676 /1 undetected,output,,N81676,N81676,1,undetected,N81676,N81676,N81676,sa1,1
14510,N52538 /1 undetected,output,,N52538,N52538,1,undetected,N52538,N52538,N52538,sa1,1
14511,N120101 /1 undetected,output,,N120101,N120101,1,undetected,N120101,N120101,N120101,sa1,1
14512,N52531 /1 undetected,output,,N52531,N52531,1,undetected,N52531,N52531,N52531,sa1,1
14513,N112797 /1 undetected,output,,N112797,N112797,1,undetected,N112797,N112797,N112797,sa1,1
14514,N52530 /1 undetected,output,,N52530,N52530,1,undetected,N52530,N52530,N52530,sa1,1
14515,N89850 /1 undetected,output,,N89850,N89850,1,undetected,N89850,N89850,N89850,sa1,1
14516,N52526 /1 undetected,output,,N52526,N52526,1,undetected,N52526,N52526,N52526,sa1,1
14517,N52509 /1 undetected,output,,N52509,N52509,1,undetected,N52509,N52509,N52509,sa1,1
14518,N120098 /1 undetected,output,,N120098,N120098,1,undetected,N120098,N120098,N120098,sa1,1
14519,N81589 /1 undetected,output,,N81589,N81589,1,undetected,N81589,N81589,N81589,sa1,1
14520,N52518 /1 undetected,output,,N52518,N52518,1,undetected,N52518,N52518,N52518,sa1,1
14521,N120099 /1 undetected,output,,N120099,N120099,1,undetected,N120099,N120099,N120099,sa1,1
14522,N112774 /1 undetected,output,,N112774,N112774,1,undetected,N112774,N112774,N112774,sa1,1
14523,N120100 /1 undetected,output,,N120100,N120100,1,undetected,N120100,N120100,N120100,sa1,1
14524,N112761 /1 undetected,output,,N112761,N112761,1,undetected,N112761,N112761,N112761,sa1,1
14525,N52505 /1 undetected,output,,N52505,N52505,1,undetected,N52505,N52505,N52505,sa1,1
14526,N52501 /1 undetected,output,,N52501,N52501,1,undetected,N52501,N52501,N52501,sa1,1
14527,N79596 /1 undetected,output,,N79596,N79596,1,undetected,N79596,N79596,N79596,sa1,1
14528,N52500 /1 undetected,output,,N52500,N52500,1,undetected,N52500,N52500,N52500,sa1,1
14529,N110151 /1 undetected,output,,N110151,N110151,1,undetected,N110151,N110151,N110151,sa1,1
14530,N52495 /1 undetected,output,,N52495,N52495,1,undetected,N52495,N52495,N52495,sa1,1
14531,N120094 /1 undetected,output,,N120094,N120094,1,undetected,N120094,N120094,N120094,sa1,1
14532,N119854 /1 undetected,output,,N119854,N119854,1,undetected,N119854,N119854,N119854,sa1,1
14533,N110566 /1 undetected,output,,N110566,N110566,1,undetected,N110566,N110566,N110566,sa1,1
14534,N120032 /1 undetected,output,,N120032,N120032,1,undetected,N120032,N120032,N120032,sa1,1
14535,N109891 /1 undetected,output,,N109891,N109891,1,undetected,N109891,N109891,N109891,sa1,1
14536,N52487 /1 undetected,output,,N52487,N52487,1,undetected,N52487,N52487,N52487,sa1,1
14537,N109800 /1 undetected,output,,N109800,N109800,1,undetected,N109800,N109800,N109800,sa1,1
14538,N52482 /1 undetected,output,,N52482,N52482,1,undetected,N52482,N52482,N52482,sa1,1
14539,N110796 /1 undetected,output,,N110796,N110796,1,undetected,N110796,N110796,N110796,sa1,1
14540,N119853 /1 undetected,output,,N119853,N119853,1,undetected,N119853,N119853,N119853,sa1,1
14541,N110634 /1 undetected,output,,N110634,N110634,1,undetected,N110634,N110634,N110634,sa1,1
14542,N120031 /1 undetected,output,,N120031,N120031,1,undetected,N120031,N120031,N120031,sa1,1
14543,N109848 /1 undetected,output,,N109848,N109848,1,undetected,N109848,N109848,N109848,sa1,1
14544,N120030 /1 undetected,output,,N120030,N120030,1,undetected,N120030,N120030,N120030,sa1,1
14545,N88473 /1 undetected,output,,N88473,N88473,1,undetected,N88473,N88473,N88473,sa1,1
14546,N108521 /1 undetected,output,,N108521,N108521,1,undetected,N108521,N108521,N108521,sa1,1
14547,N108412 /1 undetected,output,,N108412,N108412,1,undetected,N108412,N108412,N108412,sa1,1
14548,N108573 /1 undetected,output,,N108573,N108573,1,undetected,N108573,N108573,N108573,sa1,1
14549,N108681 /1 undetected,output,,N108681,N108681,1,undetected,N108681,N108681,N108681,sa1,1
14550,N79978 /1 undetected,output,,N79978,N79978,1,undetected,N79978,N79978,N79978,sa1,1
14551,N88622 /1 undetected,output,,N88622,N88622,1,undetected,N88622,N88622,N88622,sa1,1
14552,N106475 /1 undetected,output,,N106475,N106475,1,undetected,N106475,N106475,N106475,sa1,1
14553,N106455 /1 undetected,output,,N106455,N106455,1,undetected,N106455,N106455,N106455,sa1,1
14554,N107119 /1 undetected,output,,N107119,N107119,1,undetected,N107119,N107119,N107119,sa1,1
14555,N107158 /1 undetected,output,,N107158,N107158,1,undetected,N107158,N107158,N107158,sa1,1
14556,N107201 /1 undetected,output,,N107201,N107201,1,undetected,N107201,N107201,N107201,sa1,1
14557,N107274 /1 undetected,output,,N107274,N107274,1,undetected,N107274,N107274,N107274,sa1,1
14558,N106469 /1 undetected,output,,N106469,N106469,1,undetected,N106469,N106469,N106469,sa1,1
14559,N106449 /1 undetected,output,,N106449,N106449,1,undetected,N106449,N106449,N106449,sa1,1
14560,N106468 /1 undetected,output,,N106468,N106468,1,undetected,N106468,N106468,N106468,sa1,1
14561,N106448 /1 undetected,output,,N106448,N106448,1,undetected,N106448,N106448,N106448,sa1,1
14562,N111681 /1 undetected,output,,N111681,N111681,1,undetected,N111681,N111681,N111681,sa1,1
14563,N111689 /1 undetected,output,,N111689,N111689,1,undetected,N111689,N111689,N111689,sa1,1
14564,N108581 /1 undetected,output,,N108581,N108581,1,undetected,N108581,N108581,N108581,sa1,1
14565,N108529 /1 undetected,output,,N108529,N108529,1,undetected,N108529,N108529,N108529,sa1,1
14566,N108421 /1 undetected,output,,N108421,N108421,1,undetected,N108421,N108421,N108421,sa1,1
14567,N108368 /1 undetected,output,,N108368,N108368,1,undetected,N108368,N108368,N108368,sa1,1
14568,N108600 /1 undetected,output,,N108600,N108600,1,undetected,N108600,N108600,N108600,sa1,1
14569,N108538 /1 undetected,output,,N108538,N108538,1,undetected,N108538,N108538,N108538,sa1,1
14570,N108440 /1 undetected,output,,N108440,N108440,1,undetected,N108440,N108440,N108440,sa1,1
14571,N108377 /1 undetected,output,,N108377,N108377,1,undetected,N108377,N108377,N108377,sa1,1
14572,N79598 /1 undetected,output,,N79598,N79598,1,undetected,N79598,N79598,N79598,sa1,1
14573,N88474 /1 undetected,output,,N88474,N88474,1,undetected,N88474,N88474,N88474,sa1,1
14574,N52009 /0 undetected,output,,N52009,N52009,0,undetected,N52009,N52009,N52009,sa0,1
14575,N51799 /0 undetected,output,,N51799,N51799,0,undetected,N51799,N51799,N51799,sa0,1
14576,N51522 /0 undetected,output,,N51522,N51522,0,undetected,N51522,N51522,N51522,sa0,1
14577,N108676 /1 undetected,output,,N108676,N108676,1,undetected,N108676,N108676,N108676,sa1,1
14578,N106318 /1 undetected,output,,N106318,N106318,1,undetected,N106318,N106318,N106318,sa1,1
14579,N119818 /1 undetected,output,,N119818,N119818,1,undetected,N119818,N119818,N119818,sa1,1
14580,N108570 /1 undetected,output,,N108570,N108570,1,undetected,N108570,N108570,N108570,sa1,1
14581,N51517 /0 undetected,output,,N51517,N51517,0,undetected,N51517,N51517,N51517,sa0,1
14582,N108516 /1 undetected,output,,N108516,N108516,1,undetected,N108516,N108516,N108516,sa1,1
14583,N106317 /1 undetected,output,,N106317,N106317,1,undetected,N106317,N106317,N106317,sa1,1
14584,N119817 /1 undetected,output,,N119817,N119817,1,undetected,N119817,N119817,N119817,sa1,1
14585,N108409 /1 undetected,output,,N108409,N108409,1,undetected,N108409,N108409,N108409,sa1,1
14586,N107244 /1 undetected,output,,N107244,N107244,1,undetected,N107244,N107244,N107244,sa1,1
14587,N107256 /1 undetected,output,,N107256,N107256,1,undetected,N107256,N107256,N107256,sa1,1
14588,N108504 /1 undetected,output,,N108504,N108504,1,undetected,N108504,N108504,N108504,sa1,1
14589,N108403 /1 undetected,output,,N108403,N108403,1,undetected,N108403,N108403,N108403,sa1,1
14590,N108664 /1 undetected,output,,N108664,N108664,1,undetected,N108664,N108664,N108664,sa1,1
14591,N108564 /1 undetected,output,,N108564,N108564,1,undetected,N108564,N108564,N108564,sa1,1
14592,N108501 /1 undetected,output,,N108501,N108501,1,undetected,N108501,N108501,N108501,sa1,1
14593,N108402 /1 undetected,output,,N108402,N108402,1,undetected,N108402,N108402,N108402,sa1,1
14594,N108661 /1 undetected,output,,N108661,N108661,1,undetected,N108661,N108661,N108661,sa1,1
14595,N108563 /1 undetected,output,,N108563,N108563,1,undetected,N108563,N108563,N108563,sa1,1
14596,N108498 /1 undetected,output,,N108498,N108498,1,undetected,N108498,N108498,N108498,sa1,1
14597,N108401 /1 undetected,output,,N108401,N108401,1,undetected,N108401,N108401,N108401,sa1,1
14598,N108658 /1 undetected,output,,N108658,N108658,1,undetected,N108658,N108658,N108658,sa1,1
14599,N108562 /1 undetected,output,,N108562,N108562,1,undetected,N108562,N108562,N108562,sa1,1
14600,N108495 /1 undetected,output,,N108495,N108495,1,undetected,N108495,N108495,N108495,sa1,1
14601,N108400 /1 undetected,output,,N108400,N108400,1,undetected,N108400,N108400,N108400,sa1,1
14602,N108655 /1 undetected,output,,N108655,N108655,1,undetected,N108655,N108655,N108655,sa1,1
14603,N108561 /1 undetected,output,,N108561,N108561,1,undetected,N108561,N108561,N108561,sa1,1
14604,N88703 /1 undetected,output,,N88703,N88703,1,undetected,N88703,N88703,N88703,sa1,1
14605,N107555 /1 undetected,output,,N107555,N107555,1,undetected,N107555,N107555,N107555,sa1,1
14606,N107598 /1 undetected,output,,N107598,N107598,1,undetected,N107598,N107598,N107598,sa1,1
14607,N80146 /1 undetected,output,,N80146,N80146,1,undetected,N80146,N80146,N80146,sa1,1
14608,N108230 /1 undetected,output,,N108230,N108230,1,undetected,N108230,N108230,N108230,sa1,1
14609,N108175 /1 undetected,output,,N108175,N108175,1,undetected,N108175,N108175,N108175,sa1,1
14610,N108334 /1 undetected,output,,N108334,N108334,1,undetected,N108334,N108334,N108334,sa1,1
14611,N108278 /1 undetected,output,,N108278,N108278,1,undetected,N108278,N108278,N108278,sa1,1
14612,N108474 /1 undetected,output,,N108474,N108474,1,undetected,N108474,N108474,N108474,sa1,1
14613,N108391 /1 undetected,output,,N108391,N108391,1,undetected,N108391,N108391,N108391,sa1,1
14614,N108634 /1 undetected,output,,N108634,N108634,1,undetected,N108634,N108634,N108634,sa1,1
14615,N108552 /1 undetected,output,,N108552,N108552,1,undetected,N108552,N108552,N108552,sa1,1
14616,N108472 /1 undetected,output,,N108472,N108472,1,undetected,N108472,N108472,N108472,sa1,1
14617,N108390 /1 undetected,output,,N108390,N108390,1,undetected,N108390,N108390,N108390,sa1,1
14618,N108632 /1 undetected,output,,N108632,N108632,1,undetected,N108632,N108632,N108632,sa1,1
14619,N108551 /1 undetected,output,,N108551,N108551,1,undetected,N108551,N108551,N108551,sa1,1
14620,N108469 /1 undetected,output,,N108469,N108469,1,undetected,N108469,N108469,N108469,sa1,1
14621,N108389 /1 undetected,output,,N108389,N108389,1,undetected,N108389,N108389,N108389,sa1,1
14622,N108629 /1 undetected,output,,N108629,N108629,1,undetected,N108629,N108629,N108629,sa1,1
14623,N108550 /1 undetected,output,,N108550,N108550,1,undetected,N108550,N108550,N108550,sa1,1
14624,N108463 /1 undetected,output,,N108463,N108463,1,undetected,N108463,N108463,N108463,sa1,1
14625,N108387 /1 undetected,output,,N108387,N108387,1,undetected,N108387,N108387,N108387,sa1,1
14626,N108623 /1 undetected,output,,N108623,N108623,1,undetected,N108623,N108623,N108623,sa1,1
14627,N108548 /1 undetected,output,,N108548,N108548,1,undetected,N108548,N108548,N108548,sa1,1
14628,N108456 /1 undetected,output,,N108456,N108456,1,undetected,N108456,N108456,N108456,sa1,1
14629,N108384 /1 undetected,output,,N108384,N108384,1,undetected,N108384,N108384,N108384,sa1,1
14630,N108616 /1 undetected,output,,N108616,N108616,1,undetected,N108616,N108616,N108616,sa1,1
14631,N108545 /1 undetected,output,,N108545,N108545,1,undetected,N108545,N108545,N108545,sa1,1
14632,N107236 /1 undetected,output,,N107236,N107236,1,undetected,N107236,N107236,N107236,sa1,1
14633,N107249 /1 undetected,output,,N107249,N107249,1,undetected,N107249,N107249,N107249,sa1,1
14634,N108445 /1 undetected,output,,N108445,N108445,1,undetected,N108445,N108445,N108445,sa1,1
14635,N108379 /1 undetected,output,,N108379,N108379,1,undetected,N108379,N108379,N108379,sa1,1
14636,N108605 /1 undetected,output,,N108605,N108605,1,undetected,N108605,N108605,N108605,sa1,1
14637,N108540 /1 undetected,output,,N108540,N108540,1,undetected,N108540,N108540,N108540,sa1,1
14638,N108306 /1 undetected,output,,N108306,N108306,1,undetected,N108306,N108306,N108306,sa1,1
14639,N108262 /1 undetected,output,,N108262,N108262,1,undetected,N108262,N108262,N108262,sa1,1
14640,N108202 /1 undetected,output,,N108202,N108202,1,undetected,N108202,N108202,N108202,sa1,1
14641,N108159 /1 undetected,output,,N108159,N108159,1,undetected,N108159,N108159,N108159,sa1,1
14642,N108247 /1 undetected,output,,N108247,N108247,1,undetected,N108247,N108247,N108247,sa1,1
14643,N108186 /1 undetected,output,,N108186,N108186,1,undetected,N108186,N108186,N108186,sa1,1
14644,N108352 /1 undetected,output,,N108352,N108352,1,undetected,N108352,N108352,N108352,sa1,1
14645,N108290 /1 undetected,output,,N108290,N108290,1,undetected,N108290,N108290,N108290,sa1,1
14646,N108246 /1 undetected,output,,N108246,N108246,1,undetected,N108246,N108246,N108246,sa1,1
14647,N108185 /1 undetected,output,,N108185,N108185,1,undetected,N108185,N108185,N108185,sa1,1
14648,N108350 /1 undetected,output,,N108350,N108350,1,undetected,N108350,N108350,N108350,sa1,1
14649,N108288 /1 undetected,output,,N108288,N108288,1,undetected,N108288,N108288,N108288,sa1,1
14650,N107208 /1 undetected,output,,N107208,N107208,1,undetected,N107208,N107208,N107208,sa1,1
14651,N107278 /1 undetected,output,,N107278,N107278,1,undetected,N107278,N107278,N107278,sa1,1
14652,N107124 /1 undetected,output,,N107124,N107124,1,undetected,N107124,N107124,N107124,sa1,1
14653,N107164 /1 undetected,output,,N107164,N107164,1,undetected,N107164,N107164,N107164,sa1,1
14654,N107207 /1 undetected,output,,N107207,N107207,1,undetected,N107207,N107207,N107207,sa1,1
14655,N107277 /1 undetected,output,,N107277,N107277,1,undetected,N107277,N107277,N107277,sa1,1
14656,N107206 /1 undetected,output,,N107206,N107206,1,undetected,N107206,N107206,N107206,sa1,1
14657,N107276 /1 undetected,output,,N107276,N107276,1,undetected,N107276,N107276,N107276,sa1,1
14658,N107223 /1 undetected,output,,N107223,N107223,1,undetected,N107223,N107223,N107223,sa1,1
14659,N107203 /1 undetected,output,,N107203,N107203,1,undetected,N107203,N107203,N107203,sa1,1
14660,N107121 /1 undetected,output,,N107121,N107121,1,undetected,N107121,N107121,N107121,sa1,1
14661,N107160 /1 undetected,output,,N107160,N107160,1,undetected,N107160,N107160,N107160,sa1,1
14662,N111712 /1 undetected,output,,N111712,N111712,1,undetected,N111712,N111712,N111712,sa1,1
14663,N111699 /1 undetected,output,,N111699,N111699,1,undetected,N111699,N111699,N111699,sa1,1
14664,N107159 /1 undetected,output,,N107159,N107159,1,undetected,N107159,N107159,N107159,sa1,1
14665,N107120 /1 undetected,output,,N107120,N107120,1,undetected,N107120,N107120,N107120,sa1,1
14666,N107202 /1 undetected,output,,N107202,N107202,1,undetected,N107202,N107202,N107202,sa1,1
14667,N107275 /1 undetected,output,,N107275,N107275,1,undetected,N107275,N107275,N107275,sa1,1
14668,N107110 /1 undetected,output,,N107110,N107110,1,undetected,N107110,N107110,N107110,sa1,1
14669,N107149 /1 undetected,output,,N107149,N107149,1,undetected,N107149,N107149,N107149,sa1,1
14670,N107192 /1 undetected,output,,N107192,N107192,1,undetected,N107192,N107192,N107192,sa1,1
14671,N107265 /1 undetected,output,,N107265,N107265,1,undetected,N107265,N107265,N107265,sa1,1
14672,N107147 /1 undetected,output,,N107147,N107147,1,undetected,N107147,N107147,N107147,sa1,1
14673,N107108 /1 undetected,output,,N107108,N107108,1,undetected,N107108,N107108,N107108,sa1,1
14674,N107190 /1 undetected,output,,N107190,N107190,1,undetected,N107190,N107190,N107190,sa1,1
14675,N107263 /1 undetected,output,,N107263,N107263,1,undetected,N107263,N107263,N107263,sa1,1
14676,N107035 /1 undetected,output,,N107035,N107035,1,undetected,N107035,N107035,N107035,sa1,1
14677,N107062 /1 undetected,output,,N107062,N107062,1,undetected,N107062,N107062,N107062,sa1,1
14678,N107140 /1 undetected,output,,N107140,N107140,1,undetected,N107140,N107140,N107140,sa1,1
14679,N107103 /1 undetected,output,,N107103,N107103,1,undetected,N107103,N107103,N107103,sa1,1
14680,N107183 /1 undetected,output,,N107183,N107183,1,undetected,N107183,N107183,N107183,sa1,1
14681,N107260 /1 undetected,output,,N107260,N107260,1,undetected,N107260,N107260,N107260,sa1,1
14682,N111710 /1 undetected,output,,N111710,N111710,1,undetected,N111710,N111710,N111710,sa1,1
14683,N111694 /1 undetected,output,,N111694,N111694,1,undetected,N111694,N111694,N111694,sa1,1
14684,N107180 /1 undetected,output,,N107180,N107180,1,undetected,N107180,N107180,N107180,sa1,1
14685,N107259 /1 undetected,output,,N107259,N107259,1,undetected,N107259,N107259,N107259,sa1,1
14686,N107136 /1 undetected,output,,N107136,N107136,1,undetected,N107136,N107136,N107136,sa1,1
14687,N107099 /1 undetected,output,,N107099,N107099,1,undetected,N107099,N107099,N107099,sa1,1
14688,N107258 /1 undetected,output,,N107258,N107258,1,undetected,N107258,N107258,N107258,sa1,1
14689,N107178 /1 undetected,output,,N107178,N107178,1,undetected,N107178,N107178,N107178,sa1,1
14690,N108478 /1 undetected,output,,N108478,N108478,1,undetected,N108478,N108478,N108478,sa1,1
14691,N108392 /1 undetected,output,,N108392,N108392,1,undetected,N108392,N108392,N108392,sa1,1
14692,N108638 /1 undetected,output,,N108638,N108638,1,undetected,N108638,N108638,N108638,sa1,1
14693,N108553 /1 undetected,output,,N108553,N108553,1,undetected,N108553,N108553,N108553,sa1,1
14694,N111690 /1 undetected,output,,N111690,N111690,1,undetected,N111690,N111690,N111690,sa1,1
14695,N111682 /1 undetected,output,,N111682,N111682,1,undetected,N111682,N111682,N111682,sa1,1
14696,N108466 /1 undetected,output,,N108466,N108466,1,undetected,N108466,N108466,N108466,sa1,1
14697,N108388 /1 undetected,output,,N108388,N108388,1,undetected,N108388,N108388,N108388,sa1,1
14698,N108626 /1 undetected,output,,N108626,N108626,1,undetected,N108626,N108626,N108626,sa1,1
14699,N108549 /1 undetected,output,,N108549,N108549,1,undetected,N108549,N108549,N108549,sa1,1
14700,N111688 /1 undetected,output,,N111688,N111688,1,undetected,N111688,N111688,N111688,sa1,1
14701,N111680 /1 undetected,output,,N111680,N111680,1,undetected,N111680,N111680,N111680,sa1,1
14702,N106470 /1 undetected,output,,N106470,N106470,1,undetected,N106470,N106470,N106470,sa1,1
14703,N106450 /1 undetected,output,,N106450,N106450,1,undetected,N106450,N106450,N106450,sa1,1
14704,N106467 /1 undetected,output,,N106467,N106467,1,undetected,N106467,N106467,N106467,sa1,1
14705,N106447 /1 undetected,output,,N106447,N106447,1,undetected,N106447,N106447,N106447,sa1,1
14706,N79804 /1 undetected,output,,N79804,N79804,1,undetected,N79804,N79804,N79804,sa1,1
14707,N88542 /1 undetected,output,,N88542,N88542,1,undetected,N88542,N88542,N88542,sa1,1
14708,N79924 /1 undetected,output,,N79924,N79924,1,undetected,N79924,N79924,N79924,sa1,1
14709,N88598 /1 undetected,output,,N88598,N88598,1,undetected,N88598,N88598,N88598,sa1,1
14710,N108571 /1 undetected,output,,N108571,N108571,1,undetected,N108571,N108571,N108571,sa1,1
14711,N108677 /1 undetected,output,,N108677,N108677,1,undetected,N108677,N108677,N108677,sa1,1
14712,N108517 /1 undetected,output,,N108517,N108517,1,undetected,N108517,N108517,N108517,sa1,1
14713,N108410 /1 undetected,output,,N108410,N108410,1,undetected,N108410,N108410,N108410,sa1,1
14714,N51844 /0 undetected,output,,N51844,N51844,0,undetected,N51844,N51844,N51844,sa0,1
14715,N79704 /1 undetected,output,,N79704,N79704,1,undetected,N79704,N79704,N79704,sa1,1
14716,N51842 /1 undetected,output,,N51842,N51842,1,undetected,N51842,N51842,N51842,sa1,1
14717,N51838 /1 undetected,output,,N51838,N51838,1,undetected,N51838,N51838,N51838,sa1,1
14718,N109987 /1 undetected,output,,N109987,N109987,1,undetected,N109987,N109987,N109987,sa1,1
14719,N51837 /1 undetected,output,,N51837,N51837,1,undetected,N51837,N51837,N51837,sa1,1
14720,N89618 /1 undetected,output,,N89618,N89618,1,undetected,N89618,N89618,N89618,sa1,1
14721,N51835 /1 undetected,output,,N51835,N51835,1,undetected,N51835,N51835,N51835,sa1,1
14722,N81241 /1 undetected,output,,N81241,N81241,1,undetected,N81241,N81241,N81241,sa1,1
14723,N51831 /1 undetected,output,,N51831,N51831,1,undetected,N51831,N51831,N51831,sa1,1
14724,N109971 /1 undetected,output,,N109971,N109971,1,undetected,N109971,N109971,N109971,sa1,1
14725,N51830 /1 undetected,output,,N51830,N51830,1,undetected,N51830,N51830,N51830,sa1,1
14726,N81240 /1 undetected,output,,N81240,N81240,1,undetected,N81240,N81240,N81240,sa1,1
14727,N51828 /1 undetected,output,,N51828,N51828,1,undetected,N51828,N51828,N51828,sa1,1
14728,N89617 /1 undetected,output,,N89617,N89617,1,undetected,N89617,N89617,N89617,sa1,1
14729,N51691 /0 undetected,output,,N51691,N51691,0,undetected,N51691,N51691,N51691,sa0,1
14730,N89595 /1 undetected,output,,N89595,N89595,1,undetected,N89595,N89595,N89595,sa1,1
14731,N119930 /1 undetected,output,,N119930,N119930,1,undetected,N119930,N119930,N119930,sa1,1
14732,N109669 /1 undetected,output,,N109669,N109669,1,undetected,N109669,N109669,N109669,sa1,1
14733,N51682 /0 undetected,output,,N51682,N51682,0,undetected,N51682,N51682,N51682,sa0,1
14734,N81217 /1 undetected,output,,N81217,N81217,1,undetected,N81217,N81217,N81217,sa1,1
14735,N119929 /1 undetected,output,,N119929,N119929,1,undetected,N119929,N119929,N119929,sa1,1
14736,N109737 /1 undetected,output,,N109737,N109737,1,undetected,N109737,N109737,N109737,sa1,1
14737,N107170 /1 undetected,output,,N107170,N107170,1,undetected,N107170,N107170,N107170,sa1,1
14738,N107130 /1 undetected,output,,N107130,N107130,1,undetected,N107130,N107130,N107130,sa1,1
14739,N107227 /1 undetected,output,,N107227,N107227,1,undetected,N107227,N107227,N107227,sa1,1
14740,N107213 /1 undetected,output,,N107213,N107213,1,undetected,N107213,N107213,N107213,sa1,1
14741,N107169 /1 undetected,output,,N107169,N107169,1,undetected,N107169,N107169,N107169,sa1,1
14742,N107129 /1 undetected,output,,N107129,N107129,1,undetected,N107129,N107129,N107129,sa1,1
14743,N107226 /1 undetected,output,,N107226,N107226,1,undetected,N107226,N107226,N107226,sa1,1
14744,N107212 /1 undetected,output,,N107212,N107212,1,undetected,N107212,N107212,N107212,sa1,1
14745,N108347 /1 undetected,output,,N108347,N108347,1,undetected,N108347,N108347,N108347,sa1,1
14746,N108286 /1 undetected,output,,N108286,N108286,1,undetected,N108286,N108286,N108286,sa1,1
14747,N108243 /1 undetected,output,,N108243,N108243,1,undetected,N108243,N108243,N108243,sa1,1
14748,N108183 /1 undetected,output,,N108183,N108183,1,undetected,N108183,N108183,N108183,sa1,1
14749,N80016 /1 undetected,output,,N80016,N80016,1,undetected,N80016,N80016,N80016,sa1,1
14750,N88641 /1 undetected,output,,N88641,N88641,1,undetected,N88641,N88641,N88641,sa1,1
14751,N108214 /1 undetected,output,,N108214,N108214,1,undetected,N108214,N108214,N108214,sa1,1
14752,N108165 /1 undetected,output,,N108165,N108165,1,undetected,N108165,N108165,N108165,sa1,1
14753,N108268 /1 undetected,output,,N108268,N108268,1,undetected,N108268,N108268,N108268,sa1,1
14754,N108318 /1 undetected,output,,N108318,N108318,1,undetected,N108318,N108318,N108318,sa1,1
14755,N107036 /1 undetected,output,,N107036,N107036,1,undetected,N107036,N107036,N107036,sa1,1
14756,N107063 /1 undetected,output,,N107063,N107063,1,undetected,N107063,N107063,N107063,sa1,1
14757,N79946 /1 undetected,output,,N79946,N79946,1,undetected,N79946,N79946,N79946,sa1,1
14758,N88607 /1 undetected,output,,N88607,N88607,1,undetected,N88607,N88607,N88607,sa1,1
14759,N107161 /1 undetected,output,,N107161,N107161,1,undetected,N107161,N107161,N107161,sa1,1
14760,N107122 /1 undetected,output,,N107122,N107122,1,undetected,N107122,N107122,N107122,sa1,1
14761,N111700 /1 undetected,output,,N111700,N111700,1,undetected,N111700,N111700,N111700,sa1,1
14762,N111713 /1 undetected,output,,N111713,N111713,1,undetected,N111713,N111713,N111713,sa1,1
14763,N107224 /1 undetected,output,,N107224,N107224,1,undetected,N107224,N107224,N107224,sa1,1
14764,N107204 /1 undetected,output,,N107204,N107204,1,undetected,N107204,N107204,N107204,sa1,1
14765,N107146 /1 undetected,output,,N107146,N107146,1,undetected,N107146,N107146,N107146,sa1,1
14766,N107107 /1 undetected,output,,N107107,N107107,1,undetected,N107107,N107107,N107107,sa1,1
14767,N107222 /1 undetected,output,,N107222,N107222,1,undetected,N107222,N107222,N107222,sa1,1
14768,N107189 /1 undetected,output,,N107189,N107189,1,undetected,N107189,N107189,N107189,sa1,1
14769,N107142 /1 undetected,output,,N107142,N107142,1,undetected,N107142,N107142,N107142,sa1,1
14770,N107104 /1 undetected,output,,N107104,N107104,1,undetected,N107104,N107104,N107104,sa1,1
14771,N107221 /1 undetected,output,,N107221,N107221,1,undetected,N107221,N107221,N107221,sa1,1
14772,N107185 /1 undetected,output,,N107185,N107185,1,undetected,N107185,N107185,N107185,sa1,1
14773,N79616 /1 undetected,output,,N79616,N79616,1,undetected,N79616,N79616,N79616,sa1,1
14774,N88480 /1 undetected,output,,N88480,N88480,1,undetected,N88480,N88480,N88480,sa1,1
14775,N79950 /1 undetected,output,,N79950,N79950,1,undetected,N79950,N79950,N79950,sa1,1
14776,N88609 /1 undetected,output,,N88609,N88609,1,undetected,N88609,N88609,N88609,sa1,1
14777,N52008 /1 undetected,output,,N52008,N52008,1,undetected,N52008,N52008,N52008,sa1,1
14778,N52007 /1 undetected,output,,N52007,N52007,1,undetected,N52007,N52007,N52007,sa1,1
14779,N119966 /1 undetected,output,,N119966,N119966,1,undetected,N119966,N119966,N119966,sa1,1
14780,N119248 /1 undetected,output,,N119248,N119248,1,undetected,N119248,N119248,N119248,sa1,1
14781,N88828 /1 undetected,output,,N88828,N88828,1,undetected,N88828,N88828,N88828,sa1,1
14782,N52000 /1 undetected,output,,N52000,N52000,1,undetected,N52000,N52000,N52000,sa1,1
14783,N119803 /1 undetected,output,,N119803,N119803,1,undetected,N119803,N119803,N119803,sa1,1
14784,N106962 /1 undetected,output,,N106962,N106962,1,undetected,N106962,N106962,N106962,sa1,1
14785,N119247 /1 undetected,output,,N119247,N119247,1,undetected,N119247,N119247,N119247,sa1,1
14786,N107008 /1 undetected,output,,N107008,N107008,1,undetected,N107008,N107008,N107008,sa1,1
14787,N51993 /1 undetected,output,,N51993,N51993,1,undetected,N51993,N51993,N51993,sa1,1
14788,N80333 /1 undetected,output,,N80333,N80333,1,undetected,N80333,N80333,N80333,sa1,1
14789,N51992 /1 undetected,output,,N51992,N51992,1,undetected,N51992,N51992,N51992,sa1,1
14790,N119802 /1 undetected,output,,N119802,N119802,1,undetected,N119802,N119802,N119802,sa1,1
14791,N106915 /1 undetected,output,,N106915,N106915,1,undetected,N106915,N106915,N106915,sa1,1
14792,N119246 /1 undetected,output,,N119246,N119246,1,undetected,N119246,N119246,N119246,sa1,1
14793,N106871 /1 undetected,output,,N106871,N106871,1,undetected,N106871,N106871,N106871,sa1,1
14794,N51985 /1 undetected,output,,N51985,N51985,1,undetected,N51985,N51985,N51985,sa1,1
14795,N80184 /1 undetected,output,,N80184,N80184,1,undetected,N80184,N80184,N80184,sa1,1
14796,N51981 /1 undetected,output,,N51981,N51981,1,undetected,N51981,N51981,N51981,sa1,1
14797,N80790 /1 undetected,output,,N80790,N80790,1,undetected,N80790,N80790,N80790,sa1,1
14798,N51979 /1 undetected,output,,N51979,N51979,1,undetected,N51979,N51979,N51979,sa1,1
14799,N89212 /1 undetected,output,,N89212,N89212,1,undetected,N89212,N89212,N89212,sa1,1
14800,N51798 /1 undetected,output,,N51798,N51798,1,undetected,N51798,N51798,N51798,sa1,1
14801,N51797 /1 undetected,output,,N51797,N51797,1,undetected,N51797,N51797,N51797,sa1,1
14802,N119965 /1 undetected,output,,N119965,N119965,1,undetected,N119965,N119965,N119965,sa1,1
14803,N51793 /1 undetected,output,,N51793,N51793,1,undetected,N51793,N51793,N51793,sa1,1
14804,N51791 /1 undetected,output,,N51791,N51791,1,undetected,N51791,N51791,N51791,sa1,1
14805,N91871 /1 undetected,output,,N91871,N91871,1,undetected,N91871,N91871,N91871,sa1,1
14806,N51790 /1 undetected,output,,N51790,N51790,1,undetected,N51790,N51790,N51790,sa1,1
14807,N51788 /1 undetected,output,,N51788,N51788,1,undetected,N51788,N51788,N51788,sa1,1
14808,N80330 /1 undetected,output,,N80330,N80330,1,undetected,N80330,N80330,N80330,sa1,1
14809,N51787 /1 undetected,output,,N51787,N51787,1,undetected,N51787,N51787,N51787,sa1,1
14810,N119971 /1 undetected,output,,N119971,N119971,1,undetected,N119971,N119971,N119971,sa1,1
14811,N88890 /1 undetected,output,,N88890,N88890,1,undetected,N88890,N88890,N88890,sa1,1
14812,N51785 /1 undetected,output,,N51785,N51785,1,undetected,N51785,N51785,N51785,sa1,1
14813,N119968 /1 undetected,output,,N119968,N119968,1,undetected,N119968,N119968,N119968,sa1,1
14814,N80433 /1 undetected,output,,N80433,N80433,1,undetected,N80433,N80433,N80433,sa1,1
14815,N112407 /1 undetected,output,,N112407,N112407,1,undetected,N112407,N112407,N112407,sa1,1
14816,N28252 /1 undetected,output,,N28252,N28252,1,undetected,N28252,N28252,N28252,sa1,1
14817,N74670 /1 undetected,output,,N74670,N74670,1,undetected,N74670,N74670,N74670,sa1,1
14818,N28250 /1 undetected,output,,N28250,N28250,1,undetected,N28250,N28250,N28250,sa1,1
14819,N112427 /1 undetected,output,,N112427,N112427,1,undetected,N112427,N112427,N112427,sa1,1
14820,N24402 /1 undetected,output,,N24402,N24402,1,undetected,N24402,N24402,N24402,sa1,1
14821,N107699 /1 undetected,output,,N107699,N107699,1,undetected,N107699,N107699,N107699,sa1,1
14822,N106204 /1 undetected,output,,N106204,N106204,1,undetected,N106204,N106204,N106204,sa1,1
14823,N51783 /1 undetected,output,,N51783,N51783,1,undetected,N51783,N51783,N51783,sa1,1
14824,N80329 /1 undetected,output,,N80329,N80329,1,undetected,N80329,N80329,N80329,sa1,1
14825,N51779 /1 undetected,output,,N51779,N51779,1,undetected,N51779,N51779,N51779,sa1,1
14826,N51776 /1 undetected,output,,N51776,N51776,1,undetected,N51776,N51776,N51776,sa1,1
14827,N51764 /1 undetected,output,,N51764,N51764,1,undetected,N51764,N51764,N51764,sa1,1
14828,N80181 /1 undetected,output,,N80181,N80181,1,undetected,N80181,N80181,N80181,sa1,1
14829,N51760 /1 undetected,output,,N51760,N51760,1,undetected,N51760,N51760,N51760,sa1,1
14830,N51752 /1 undetected,output,,N51752,N51752,1,undetected,N51752,N51752,N51752,sa1,1
14831,N51610 /1 undetected,output,,N51610,N51610,1,undetected,N51610,N51610,N51610,sa1,1
14832,N106466 /1 undetected,output,,N106466,N106466,1,undetected,N106466,N106466,N106466,sa1,1
14833,N106446 /1 undetected,output,,N106446,N106446,1,undetected,N106446,N106446,N106446,sa1,1
14834,N79958 /1 undetected,output,,N79958,N79958,1,undetected,N79958,N79958,N79958,sa1,1
14835,N88612 /1 undetected,output,,N88612,N88612,1,undetected,N88612,N88612,N88612,sa1,1
14836,N107247 /1 undetected,output,,N107247,N107247,1,undetected,N107247,N107247,N107247,sa1,1
14837,N107232 /1 undetected,output,,N107232,N107232,1,undetected,N107232,N107232,N107232,sa1,1
14838,N109894 /1 undetected,output,,N109894,N109894,1,undetected,N109894,N109894,N109894,sa1,1
14839,N110569 /1 undetected,output,,N110569,N110569,1,undetected,N110569,N110569,N110569,sa1,1
14840,N110637 /1 undetected,output,,N110637,N110637,1,undetected,N110637,N110637,N110637,sa1,1
14841,N109851 /1 undetected,output,,N109851,N109851,1,undetected,N109851,N109851,N109851,sa1,1
14842,N79600 /1 undetected,output,,N79600,N79600,1,undetected,N79600,N79600,N79600,sa1,1
14843,N88475 /1 undetected,output,,N88475,N88475,1,undetected,N88475,N88475,N88475,sa1,1
14844,N80053 /1 undetected,output,,N80053,N80053,1,undetected,N80053,N80053,N80053,sa1,1
14845,N111747 /1 undetected,output,,N111747,N111747,1,undetected,N111747,N111747,N111747,sa1,1
14846,N107133 /1 undetected,output,,N107133,N107133,1,undetected,N107133,N107133,N107133,sa1,1
14847,N107174 /1 undetected,output,,N107174,N107174,1,undetected,N107174,N107174,N107174,sa1,1
14848,N89391 /1 undetected,output,,N89391,N89391,1,undetected,N89391,N89391,N89391,sa1,1
14849,N81007 /1 undetected,output,,N81007,N81007,1,undetected,N81007,N81007,N81007,sa1,1
14850,N109612 /1 undetected,output,,N109612,N109612,1,undetected,N109612,N109612,N109612,sa1,1
14851,N80189 /1 undetected,output,,N80189,N80189,1,undetected,N80189,N80189,N80189,sa1,1
14852,N89215 /1 undetected,output,,N89215,N89215,1,undetected,N89215,N89215,N89215,sa1,1
14853,N80793 /1 undetected,output,,N80793,N80793,1,undetected,N80793,N80793,N80793,sa1,1
14854,N112714 /1 undetected,output,,N112714,N112714,1,undetected,N112714,N112714,N112714,sa1,1
14855,N109445 /1 undetected,output,,N109445,N109445,1,undetected,N109445,N109445,N109445,sa1,1
14856,N80337 /1 undetected,output,,N80337,N80337,1,undetected,N80337,N80337,N80337,sa1,1
14857,N80596 /1 undetected,output,,N80596,N80596,1,undetected,N80596,N80596,N80596,sa1,1
14858,N89022 /1 undetected,output,,N89022,N89022,1,undetected,N89022,N89022,N89022,sa1,1
14859,N107530 /1 undetected,output,,N107530,N107530,1,undetected,N107530,N107530,N107530,sa1,1
14860,N107501 /1 undetected,output,,N107501,N107501,1,undetected,N107501,N107501,N107501,sa1,1
14861,N91883 /1 undetected,output,,N91883,N91883,1,undetected,N91883,N91883,N91883,sa1,1
14862,N120793 /1 undetected,output,,N120793,N120793,1,undetected,N120793,N120793,N120793,sa1,1
14863,N120789 /1 undetected,output,,N120789,N120789,1,undetected,N120789,N120789,N120789,sa1,1
14864,N55247 /1 undetected,output,,N55247,N55247,1,undetected,N55247,N55247,N55247,sa1,1
14865,N120892 /1 undetected,output,,N120892,N120892,1,undetected,N120892,N120892,N120892,sa1,1
14866,N120888 /1 undetected,output,,N120888,N120888,1,undetected,N120888,N120888,N120888,sa1,1
14867,N55243 /1 undetected,output,,N55243,N55243,1,undetected,N55243,N55243,N55243,sa1,1
14868,N74864 /1 undetected,output,,N74864,N74864,1,undetected,N74864,N74864,N74864,sa1,1
14869,N55214 /1 undetected,output,,N55214,N55214,1,undetected,N55214,N55214,N55214,sa1,1
14870,N85577 /1 undetected,output,,N85577,N85577,1,undetected,N85577,N85577,N85577,sa1,1
14871,N55213 /1 undetected,output,,N55213,N55213,1,undetected,N55213,N55213,N55213,sa1,1
14872,N55211 /1 undetected,output,,N55211,N55211,1,undetected,N55211,N55211,N55211,sa1,1
14873,N55209 /1 undetected,output,,N55209,N55209,1,undetected,N55209,N55209,N55209,sa1,1
14874,N95976 /1 undetected,output,,N95976,N95976,1,undetected,N95976,N95976,N95976,sa1,1
14875,N55206 /1 undetected,output,,N55206,N55206,1,undetected,N55206,N55206,N55206,sa1,1
14876,N120882 /1 undetected,output,,N120882,N120882,1,undetected,N120882,N120882,N120882,sa1,1
14877,N94369 /1 undetected,output,,N94369,N94369,1,undetected,N94369,N94369,N94369,sa1,1
14878,N55208 /1 undetected,output,,N55208,N55208,1,undetected,N55208,N55208,N55208,sa1,1
14879,N120884 /1 undetected,output,,N120884,N120884,1,undetected,N120884,N120884,N120884,sa1,1
14880,N94458 /1 undetected,output,,N94458,N94458,1,undetected,N94458,N94458,N94458,sa1,1
14881,N120890 /1 undetected,output,,N120890,N120890,1,undetected,N120890,N120890,N120890,sa1,1
14882,N103886 /1 undetected,output,,N103886,N103886,1,undetected,N103886,N103886,N103886,sa1,1
14883,N55202 /1 undetected,output,,N55202,N55202,1,undetected,N55202,N55202,N55202,sa1,1
14884,N55199 /1 undetected,output,,N55199,N55199,1,undetected,N55199,N55199,N55199,sa1,1
14885,N94457 /1 undetected,output,,N94457,N94457,1,undetected,N94457,N94457,N94457,sa1,1
14886,N55153 /1 undetected,output,,N55153,N55153,1,undetected,N55153,N55153,N55153,sa1,1
14887,N55197 /1 undetected,output,,N55197,N55197,1,undetected,N55197,N55197,N55197,sa1,1
14888,N94368 /1 undetected,output,,N94368,N94368,1,undetected,N94368,N94368,N94368,sa1,1
14889,N55138 /1 undetected,output,,N55138,N55138,1,undetected,N55138,N55138,N55138,sa1,1
14890,N55195 /1 undetected,output,,N55195,N55195,1,undetected,N55195,N55195,N55195,sa1,1
14891,N55193 /1 undetected,output,,N55193,N55193,1,undetected,N55193,N55193,N55193,sa1,1
14892,N55191 /1 undetected,output,,N55191,N55191,1,undetected,N55191,N55191,N55191,sa1,1
14893,N85198 /1 undetected,output,,N85198,N85198,1,undetected,N85198,N85198,N85198,sa1,1
14894,N55126 /1 undetected,output,,N55126,N55126,1,undetected,N55126,N55126,N55126,sa1,1
14895,N120716 /1 undetected,output,,N120716,N120716,1,undetected,N120716,N120716,N120716,sa1,1
14896,N55124 /1 undetected,output,,N55124,N55124,1,undetected,N55124,N55124,N55124,sa1,1
14897,N120891 /1 undetected,output,,N120891,N120891,1,undetected,N120891,N120891,N120891,sa1,1
14898,N120889 /1 undetected,output,,N120889,N120889,1,undetected,N120889,N120889,N120889,sa1,1
14899,N55107 /1 undetected,output,,N55107,N55107,1,undetected,N55107,N55107,N55107,sa1,1
14900,N95848 /1 undetected,output,,N95848,N95848,1,undetected,N95848,N95848,N95848,sa1,1
14901,N55105 /1 undetected,output,,N55105,N55105,1,undetected,N55105,N55105,N55105,sa1,1
14902,N55103 /1 undetected,output,,N55103,N55103,1,undetected,N55103,N55103,N55103,sa1,1
14903,N55101 /1 undetected,output,,N55101,N55101,1,undetected,N55101,N55101,N55101,sa1,1
14904,N85962 /1 undetected,output,,N85962,N85962,1,undetected,N85962,N85962,N85962,sa1,1
14905,N55083 /1 undetected,output,,N55083,N55083,1,undetected,N55083,N55083,N55083,sa1,1
14906,N120881 /1 undetected,output,,N120881,N120881,1,undetected,N120881,N120881,N120881,sa1,1
14907,N93813 /1 undetected,output,,N93813,N93813,1,undetected,N93813,N93813,N93813,sa1,1
14908,N55100 /1 undetected,output,,N55100,N55100,1,undetected,N55100,N55100,N55100,sa1,1
14909,N120883 /1 undetected,output,,N120883,N120883,1,undetected,N120883,N120883,N120883,sa1,1
14910,N93892 /1 undetected,output,,N93892,N93892,1,undetected,N93892,N93892,N93892,sa1,1
14911,N55058 /1 undetected,output,,N55058,N55058,1,undetected,N55058,N55058,N55058,sa1,1
14912,N76148 /1 undetected,output,,N76148,N76148,1,undetected,N76148,N76148,N76148,sa1,1
14913,N55056 /1 undetected,output,,N55056,N55056,1,undetected,N55056,N55056,N55056,sa1,1
14914,N55054 /1 undetected,output,,N55054,N55054,1,undetected,N55054,N55054,N55054,sa1,1
14915,N55053 /1 undetected,output,,N55053,N55053,1,undetected,N55053,N55053,N55053,sa1,1
14916,N120757 /1 undetected,output,,N120757,N120757,1,undetected,N120757,N120757,N120757,sa1,1
14917,N55051 /1 undetected,output,,N55051,N55051,1,undetected,N55051,N55051,N55051,sa1,1
14918,N55050 /1 undetected,output,,N55050,N55050,1,undetected,N55050,N55050,N55050,sa1,1
14919,N120620 /1 undetected,output,,N120620,N120620,1,undetected,N120620,N120620,N120620,sa1,1
14920,N55049 /1 undetected,output,,N55049,N55049,1,undetected,N55049,N55049,N55049,sa1,1
14921,N75818 /1 undetected,output,,N75818,N75818,1,undetected,N75818,N75818,N75818,sa1,1
14922,N55048 /1 undetected,output,,N55048,N55048,1,undetected,N55048,N55048,N55048,sa1,1
14923,N120628 /1 undetected,output,,N120628,N120628,1,undetected,N120628,N120628,N120628,sa1,1
14924,N75700 /1 undetected,output,,N75700,N75700,1,undetected,N75700,N75700,N75700,sa1,1
14925,N55046 /1 undetected,output,,N55046,N55046,1,undetected,N55046,N55046,N55046,sa1,1
14926,N120623 /1 undetected,output,,N120623,N120623,1,undetected,N120623,N120623,N120623,sa1,1
14927,N120259 /1 undetected,output,,N120259,N120259,1,undetected,N120259,N120259,N120259,sa1,1
14928,N55044 /1 undetected,output,,N55044,N55044,1,undetected,N55044,N55044,N55044,sa1,1
14929,N120755 /1 undetected,output,,N120755,N120755,1,undetected,N120755,N120755,N120755,sa1,1
14930,N55042 /1 undetected,output,,N55042,N55042,1,undetected,N55042,N55042,N55042,sa1,1
14931,N120871 /1 undetected,output,,N120871,N120871,1,undetected,N120871,N120871,N120871,sa1,1
14932,N55041 /1 undetected,output,,N55041,N55041,1,undetected,N55041,N55041,N55041,sa1,1
14933,N108914 /1 undetected,output,,N108914,N108914,1,undetected,N108914,N108914,N108914,sa1,1
14934,N55039 /1 undetected,output,,N55039,N55039,1,undetected,N55039,N55039,N55039,sa1,1
14935,N93521 /1 undetected,output,,N93521,N93521,1,undetected,N93521,N93521,N93521,sa1,1
14936,N55038 /1 undetected,output,,N55038,N55038,1,undetected,N55038,N55038,N55038,sa1,1
14937,N109079 /1 undetected,output,,N109079,N109079,1,undetected,N109079,N109079,N109079,sa1,1
14938,N75699 /1 undetected,output,,N75699,N75699,1,undetected,N75699,N75699,N75699,sa1,1
14939,N55029 /1 undetected,output,,N55029,N55029,1,undetected,N55029,N55029,N55029,sa1,1
14940,N120827 /1 undetected,output,,N120827,N120827,1,undetected,N120827,N120827,N120827,sa1,1
14941,N54633 /1 undetected,output,,N54633,N54633,1,undetected,N54633,N54633,N54633,sa1,1
14942,N55190 /1 undetected,output,,N55190,N55190,1,undetected,N55190,N55190,N55190,sa1,1
14943,N75644 /1 undetected,output,,N75644,N75644,1,undetected,N75644,N75644,N75644,sa1,1
14944,N55189 /1 undetected,output,,N55189,N55189,1,undetected,N55189,N55189,N55189,sa1,1
14945,N55187 /1 undetected,output,,N55187,N55187,1,undetected,N55187,N55187,N55187,sa1,1
14946,N75184 /1 undetected,output,,N75184,N75184,1,undetected,N75184,N75184,N75184,sa1,1
14947,N55186 /1 undetected,output,,N55186,N55186,1,undetected,N55186,N55186,N55186,sa1,1
14948,N55184 /1 undetected,output,,N55184,N55184,1,undetected,N55184,N55184,N55184,sa1,1
14949,N55183 /1 undetected,output,,N55183,N55183,1,undetected,N55183,N55183,N55183,sa1,1
14950,N85963 /1 undetected,output,,N85963,N85963,1,undetected,N85963,N85963,N85963,sa1,1
14951,N55182 /1 undetected,output,,N55182,N55182,1,undetected,N55182,N55182,N55182,sa1,1
14952,N120832 /1 undetected,output,,N120832,N120832,1,undetected,N120832,N120832,N120832,sa1,1
14953,N120785 /1 undetected,output,,N120785,N120785,1,undetected,N120785,N120785,N120785,sa1,1
14954,N55180 /1 undetected,output,,N55180,N55180,1,undetected,N55180,N55180,N55180,sa1,1
14955,N55178 /1 undetected,output,,N55178,N55178,1,undetected,N55178,N55178,N55178,sa1,1
14956,N55177 /1 undetected,output,,N55177,N55177,1,undetected,N55177,N55177,N55177,sa1,1
14957,N120783 /1 undetected,output,,N120783,N120783,1,undetected,N120783,N120783,N120783,sa1,1
14958,N75822 /1 undetected,output,,N75822,N75822,1,undetected,N75822,N75822,N75822,sa1,1
14959,N55176 /1 undetected,output,,N55176,N55176,1,undetected,N55176,N55176,N55176,sa1,1
14960,N120646 /1 undetected,output,,N120646,N120646,1,undetected,N120646,N120646,N120646,sa1,1
14961,N75705 /1 undetected,output,,N75705,N75705,1,undetected,N75705,N75705,N75705,sa1,1
14962,N55174 /1 undetected,output,,N55174,N55174,1,undetected,N55174,N55174,N55174,sa1,1
14963,N85646 /1 undetected,output,,N85646,N85646,1,undetected,N85646,N85646,N85646,sa1,1
14964,N55172 /1 undetected,output,,N55172,N55172,1,undetected,N55172,N55172,N55172,sa1,1
14965,N109163 /1 undetected,output,,N109163,N109163,1,undetected,N109163,N109163,N109163,sa1,1
14966,N55171 /1 undetected,output,,N55171,N55171,1,undetected,N55171,N55171,N55171,sa1,1
14967,N93524 /1 undetected,output,,N93524,N93524,1,undetected,N93524,N93524,N93524,sa1,1
14968,N55169 /1 undetected,output,,N55169,N55169,1,undetected,N55169,N55169,N55169,sa1,1
14969,N109165 /1 undetected,output,,N109165,N109165,1,undetected,N109165,N109165,N109165,sa1,1
14970,N109028 /1 undetected,output,,N109028,N109028,1,undetected,N109028,N109028,N109028,sa1,1
14971,N55168 /1 undetected,output,,N55168,N55168,1,undetected,N55168,N55168,N55168,sa1,1
14972,N120787 /1 undetected,output,,N120787,N120787,1,undetected,N120787,N120787,N120787,sa1,1
14973,N55166 /1 undetected,output,,N55166,N55166,1,undetected,N55166,N55166,N55166,sa1,1
14974,N75896 /1 undetected,output,,N75896,N75896,1,undetected,N75896,N75896,N75896,sa1,1
14975,N55164 /1 undetected,output,,N55164,N55164,1,undetected,N55164,N55164,N55164,sa1,1
14976,N120874 /1 undetected,output,,N120874,N120874,1,undetected,N120874,N120874,N120874,sa1,1
14977,N55162 /1 undetected,output,,N55162,N55162,1,undetected,N55162,N55162,N55162,sa1,1
14978,N120878 /1 undetected,output,,N120878,N120878,1,undetected,N120878,N120878,N120878,sa1,1
14979,N55160 /1 undetected,output,,N55160,N55160,1,undetected,N55160,N55160,N55160,sa1,1
14980,N120880 /1 undetected,output,,N120880,N120880,1,undetected,N120880,N120880,N120880,sa1,1
14981,N109167 /1 undetected,output,,N109167,N109167,1,undetected,N109167,N109167,N109167,sa1,1
14982,N55158 /1 undetected,output,,N55158,N55158,1,undetected,N55158,N55158,N55158,sa1,1
14983,N55156 /1 undetected,output,,N55156,N55156,1,undetected,N55156,N55156,N55156,sa1,1
14984,N76150 /1 undetected,output,,N76150,N76150,1,undetected,N76150,N76150,N76150,sa1,1
14985,N55155 /1 undetected,output,,N55155,N55155,1,undetected,N55155,N55155,N55155,sa1,1
14986,N120896 /1 undetected,output,,N120896,N120896,1,undetected,N120896,N120896,N120896,sa1,1
14987,N93893 /1 undetected,output,,N93893,N93893,1,undetected,N93893,N93893,N93893,sa1,1
14988,N55140 /1 undetected,output,,N55140,N55140,1,undetected,N55140,N55140,N55140,sa1,1
14989,N120894 /1 undetected,output,,N120894,N120894,1,undetected,N120894,N120894,N120894,sa1,1
14990,N93814 /1 undetected,output,,N93814,N93814,1,undetected,N93814,N93814,N93814,sa1,1
14991,N84636 /1 undetected,output,,N84636,N84636,1,undetected,N84636,N84636,N84636,sa1,1
14992,N55239 /1 undetected,output,,N55239,N55239,1,undetected,N55239,N55239,N55239,sa1,1
14993,N55237 /1 undetected,output,,N55237,N55237,1,undetected,N55237,N55237,N55237,sa1,1
14994,N84788 /1 undetected,output,,N84788,N84788,1,undetected,N84788,N84788,N84788,sa1,1
14995,N55236 /1 undetected,output,,N55236,N55236,1,undetected,N55236,N55236,N55236,sa1,1
14996,N55234 /1 undetected,output,,N55234,N55234,1,undetected,N55234,N55234,N55234,sa1,1
14997,N120713 /1 undetected,output,,N120713,N120713,1,undetected,N120713,N120713,N120713,sa1,1
14998,N55233 /1 undetected,output,,N55233,N55233,1,undetected,N55233,N55233,N55233,sa1,1
14999,N120847 /1 undetected,output,,N120847,N120847,1,undetected,N120847,N120847,N120847,sa1,1
15000,N109289 /1 undetected,output,,N109289,N109289,1,undetected,N109289,N109289,N109289,sa1,1
15001,N55231 /1 undetected,output,,N55231,N55231,1,undetected,N55231,N55231,N55231,sa1,1
15002,N55229 /1 undetected,output,,N55229,N55229,1,undetected,N55229,N55229,N55229,sa1,1
15003,N120834 /1 undetected,output,,N120834,N120834,1,undetected,N120834,N120834,N120834,sa1,1
15004,N109287 /1 undetected,output,,N109287,N109287,1,undetected,N109287,N109287,N109287,sa1,1
15005,N55227 /1 undetected,output,,N55227,N55227,1,undetected,N55227,N55227,N55227,sa1,1
15006,N120711 /1 undetected,output,,N120711,N120711,1,undetected,N120711,N120711,N120711,sa1,1
15007,N120663 /1 undetected,output,,N120663,N120663,1,undetected,N120663,N120663,N120663,sa1,1
15008,N55224 /1 undetected,output,,N55224,N55224,1,undetected,N55224,N55224,N55224,sa1,1
15009,N120709 /1 undetected,output,,N120709,N120709,1,undetected,N120709,N120709,N120709,sa1,1
15010,N55223 /1 undetected,output,,N55223,N55223,1,undetected,N55223,N55223,N55223,sa1,1
15011,N120846 /1 undetected,output,,N120846,N120846,1,undetected,N120846,N120846,N120846,sa1,1
15012,N109265 /1 undetected,output,,N109265,N109265,1,undetected,N109265,N109265,N109265,sa1,1
15013,N55221 /1 undetected,output,,N55221,N55221,1,undetected,N55221,N55221,N55221,sa1,1
15014,N120660 /1 undetected,output,,N120660,N120660,1,undetected,N120660,N120660,N120660,sa1,1
15015,N55218 /1 undetected,output,,N55218,N55218,1,undetected,N55218,N55218,N55218,sa1,1
15016,N120833 /1 undetected,output,,N120833,N120833,1,undetected,N120833,N120833,N120833,sa1,1
15017,N109261 /1 undetected,output,,N109261,N109261,1,undetected,N109261,N109261,N109261,sa1,1
15018,N80054 /1 undetected,output,,N80054,N80054,1,undetected,N80054,N80054,N80054,sa1,1
15019,N88661 /1 undetected,output,,N88661,N88661,1,undetected,N88661,N88661,N88661,sa1,1
15020,N108519 /1 undetected,output,,N108519,N108519,1,undetected,N108519,N108519,N108519,sa1,1
15021,N108411 /1 undetected,output,,N108411,N108411,1,undetected,N108411,N108411,N108411,sa1,1
15022,N108572 /1 undetected,output,,N108572,N108572,1,undetected,N108572,N108572,N108572,sa1,1
15023,N108679 /1 undetected,output,,N108679,N108679,1,undetected,N108679,N108679,N108679,sa1,1
15024,N108336 /1 undetected,output,,N108336,N108336,1,undetected,N108336,N108336,N108336,sa1,1
15025,N108279 /1 undetected,output,,N108279,N108279,1,undetected,N108279,N108279,N108279,sa1,1
15026,N108232 /1 undetected,output,,N108232,N108232,1,undetected,N108232,N108232,N108232,sa1,1
15027,N108176 /1 undetected,output,,N108176,N108176,1,undetected,N108176,N108176,N108176,sa1,1
15028,N108319 /1 undetected,output,,N108319,N108319,1,undetected,N108319,N108319,N108319,sa1,1
15029,N108269 /1 undetected,output,,N108269,N108269,1,undetected,N108269,N108269,N108269,sa1,1
15030,N108215 /1 undetected,output,,N108215,N108215,1,undetected,N108215,N108215,N108215,sa1,1
15031,N108166 /1 undetected,output,,N108166,N108166,1,undetected,N108166,N108166,N108166,sa1,1
15032,N51716 /0 undetected,output,,N51716,N51716,0,undetected,N51716,N51716,N51716,sa0,1
15033,N108415 /1 undetected,output,,N108415,N108415,1,undetected,N108415,N108415,N108415,sa1,1
15034,N119928 /1 undetected,output,,N119928,N119928,1,undetected,N119928,N119928,N119928,sa1,1
15035,N89420 /1 undetected,output,,N89420,N89420,1,undetected,N89420,N89420,N89420,sa1,1
15036,N51708 /0 undetected,output,,N51708,N51708,0,undetected,N51708,N51708,N51708,sa0,1
15037,N108575 /1 undetected,output,,N108575,N108575,1,undetected,N108575,N108575,N108575,sa1,1
15038,N119927 /1 undetected,output,,N119927,N119927,1,undetected,N119927,N119927,N119927,sa1,1
15039,N81037 /1 undetected,output,,N81037,N81037,1,undetected,N81037,N81037,N81037,sa1,1
15040,N107243 /1 undetected,output,,N107243,N107243,1,undetected,N107243,N107243,N107243,sa1,1
15041,N107255 /1 undetected,output,,N107255,N107255,1,undetected,N107255,N107255,N107255,sa1,1
15042,N88791 /1 undetected,output,,N88791,N88791,1,undetected,N88791,N88791,N88791,sa1,1
15043,N80281 /1 undetected,output,,N80281,N80281,1,undetected,N80281,N80281,N80281,sa1,1
15044,N107240 /1 undetected,output,,N107240,N107240,1,undetected,N107240,N107240,N107240,sa1,1
15045,N107253 /1 undetected,output,,N107253,N107253,1,undetected,N107253,N107253,N107253,sa1,1
15046,N107239 /1 undetected,output,,N107239,N107239,1,undetected,N107239,N107239,N107239,sa1,1
15047,N107252 /1 undetected,output,,N107252,N107252,1,undetected,N107252,N107252,N107252,sa1,1
15048,N51946 /0 undetected,output,,N51946,N51946,0,undetected,N51946,N51946,N51946,sa0,1
15049,N79931 /1 undetected,output,,N79931,N79931,1,undetected,N79931,N79931,N79931,sa1,1
15050,N88600 /1 undetected,output,,N88600,N88600,1,undetected,N88600,N88600,N88600,sa1,1
15051,N79954 /1 undetected,output,,N79954,N79954,1,undetected,N79954,N79954,N79954,sa1,1
15052,N88611 /1 undetected,output,,N88611,N88611,1,undetected,N88611,N88611,N88611,sa1,1
15053,N51511 /1 undetected,output,,N51511,N51511,1,undetected,N51511,N51511,N51511,sa1,1
15054,N51510 /1 undetected,output,,N51510,N51510,1,undetected,N51510,N51510,N51510,sa1,1
15055,N80044 /1 undetected,output,,N80044,N80044,1,undetected,N80044,N80044,N80044,sa1,1
15056,N51508 /1 undetected,output,,N51508,N51508,1,undetected,N51508,N51508,N51508,sa1,1
15057,N88656 /1 undetected,output,,N88656,N88656,1,undetected,N88656,N88656,N88656,sa1,1
15058,N80317 /1 undetected,output,,N80317,N80317,1,undetected,N80317,N80317,N80317,sa1,1
15059,N88821 /1 undetected,output,,N88821,N88821,1,undetected,N88821,N88821,N88821,sa1,1
15060,N80033 /1 undetected,output,,N80033,N80033,1,undetected,N80033,N80033,N80033,sa1,1
15061,N88649 /1 undetected,output,,N88649,N88649,1,undetected,N88649,N88649,N88649,sa1,1
15062,N80029 /1 undetected,output,,N80029,N80029,1,undetected,N80029,N80029,N80029,sa1,1
15063,N88647 /1 undetected,output,,N88647,N88647,1,undetected,N88647,N88647,N88647,sa1,1
15064,N80025 /1 undetected,output,,N80025,N80025,1,undetected,N80025,N80025,N80025,sa1,1
15065,N88645 /1 undetected,output,,N88645,N88645,1,undetected,N88645,N88645,N88645,sa1,1
15066,N80021 /1 undetected,output,,N80021,N80021,1,undetected,N80021,N80021,N80021,sa1,1
15067,N88643 /1 undetected,output,,N88643,N88643,1,undetected,N88643,N88643,N88643,sa1,1
15068,N89095 /1 undetected,output,,N89095,N89095,1,undetected,N89095,N89095,N89095,sa1,1
15069,N108099 /1 undetected,output,,N108099,N108099,1,undetected,N108099,N108099,N108099,sa1,1
15070,N108136 /1 undetected,output,,N108136,N108136,1,undetected,N108136,N108136,N108136,sa1,1
15071,N88700 /1 undetected,output,,N88700,N88700,1,undetected,N88700,N88700,N88700,sa1,1
15072,N107596 /1 undetected,output,,N107596,N107596,1,undetected,N107596,N107596,N107596,sa1,1
15073,N107553 /1 undetected,output,,N107553,N107553,1,undetected,N107553,N107553,N107553,sa1,1
15074,N80140 /1 undetected,output,,N80140,N80140,1,undetected,N80140,N80140,N80140,sa1,1
15075,N79996 /1 undetected,output,,N79996,N79996,1,undetected,N79996,N79996,N79996,sa1,1
15076,N88631 /1 undetected,output,,N88631,N88631,1,undetected,N88631,N88631,N88631,sa1,1
15077,N79994 /1 undetected,output,,N79994,N79994,1,undetected,N79994,N79994,N79994,sa1,1
15078,N88630 /1 undetected,output,,N88630,N88630,1,undetected,N88630,N88630,N88630,sa1,1
15079,N79990 /1 undetected,output,,N79990,N79990,1,undetected,N79990,N79990,N79990,sa1,1
15080,N88628 /1 undetected,output,,N88628,N88628,1,undetected,N88628,N88628,N88628,sa1,1
15081,N79982 /1 undetected,output,,N79982,N79982,1,undetected,N79982,N79982,N79982,sa1,1
15082,N88624 /1 undetected,output,,N88624,N88624,1,undetected,N88624,N88624,N88624,sa1,1
15083,N108323 /1 undetected,output,,N108323,N108323,1,undetected,N108323,N108323,N108323,sa1,1
15084,N108271 /1 undetected,output,,N108271,N108271,1,undetected,N108271,N108271,N108271,sa1,1
15085,N108219 /1 undetected,output,,N108219,N108219,1,undetected,N108219,N108219,N108219,sa1,1
15086,N108168 /1 undetected,output,,N108168,N108168,1,undetected,N108168,N108168,N108168,sa1,1
15087,N79974 /1 undetected,output,,N79974,N79974,1,undetected,N79974,N79974,N79974,sa1,1
15088,N88620 /1 undetected,output,,N88620,N88620,1,undetected,N88620,N88620,N88620,sa1,1
15089,N80237 /1 undetected,output,,N80237,N80237,1,undetected,N80237,N80237,N80237,sa1,1
15090,N88757 /1 undetected,output,,N88757,N88757,1,undetected,N88757,N88757,N88757,sa1,1
15091,N79962 /1 undetected,output,,N79962,N79962,1,undetected,N79962,N79962,N79962,sa1,1
15092,N88614 /1 undetected,output,,N88614,N88614,1,undetected,N88614,N88614,N88614,sa1,1
15093,N80074 /1 undetected,output,,N80074,N80074,1,undetected,N80074,N80074,N80074,sa1,1
15094,N88669 /1 undetected,output,,N88669,N88669,1,undetected,N88669,N88669,N88669,sa1,1
15095,N107537 /1 undetected,output,,N107537,N107537,1,undetected,N107537,N107537,N107537,sa1,1
15096,N107575 /1 undetected,output,,N107575,N107575,1,undetected,N107575,N107575,N107575,sa1,1
15097,N80178 /1 undetected,output,,N80178,N80178,1,undetected,N80178,N80178,N80178,sa1,1
15098,N88718 /1 undetected,output,,N88718,N88718,1,undetected,N88718,N88718,N88718,sa1,1
15099,N80176 /1 undetected,output,,N80176,N80176,1,undetected,N80176,N80176,N80176,sa1,1
15100,N88717 /1 undetected,output,,N88717,N88717,1,undetected,N88717,N88717,N88717,sa1,1
15101,N88815 /1 undetected,output,,N88815,N88815,1,undetected,N88815,N88815,N88815,sa1,1
15102,N80310 /1 undetected,output,,N80310,N80310,1,undetected,N80310,N80310,N80310,sa1,1
15103,N88811 /1 undetected,output,,N88811,N88811,1,undetected,N88811,N88811,N88811,sa1,1
15104,N80305 /1 undetected,output,,N80305,N80305,1,undetected,N80305,N80305,N80305,sa1,1
15105,N88807 /1 undetected,output,,N88807,N88807,1,undetected,N88807,N88807,N88807,sa1,1
15106,N80300 /1 undetected,output,,N80300,N80300,1,undetected,N80300,N80300,N80300,sa1,1
15107,N88796 /1 undetected,output,,N88796,N88796,1,undetected,N88796,N88796,N88796,sa1,1
15108,N80288 /1 undetected,output,,N80288,N80288,1,undetected,N80288,N80288,N80288,sa1,1
15109,N80282 /1 undetected,output,,N80282,N80282,1,undetected,N80282,N80282,N80282,sa1,1
15110,N88792 /1 undetected,output,,N88792,N88792,1,undetected,N88792,N88792,N88792,sa1,1
15111,N107200 /1 undetected,output,,N107200,N107200,1,undetected,N107200,N107200,N107200,sa1,1
15112,N107273 /1 undetected,output,,N107273,N107273,1,undetected,N107273,N107273,N107273,sa1,1
15113,N107196 /1 undetected,output,,N107196,N107196,1,undetected,N107196,N107196,N107196,sa1,1
15114,N107269 /1 undetected,output,,N107269,N107269,1,undetected,N107269,N107269,N107269,sa1,1
15115,N107195 /1 undetected,output,,N107195,N107195,1,undetected,N107195,N107195,N107195,sa1,1
15116,N107268 /1 undetected,output,,N107268,N107268,1,undetected,N107268,N107268,N107268,sa1,1
15117,N107151 /1 undetected,output,,N107151,N107151,1,undetected,N107151,N107151,N107151,sa1,1
15118,N107112 /1 undetected,output,,N107112,N107112,1,undetected,N107112,N107112,N107112,sa1,1
15119,N107194 /1 undetected,output,,N107194,N107194,1,undetected,N107194,N107194,N107194,sa1,1
15120,N107267 /1 undetected,output,,N107267,N107267,1,undetected,N107267,N107267,N107267,sa1,1
15121,N88760 /1 undetected,output,,N88760,N88760,1,undetected,N88760,N88760,N88760,sa1,1
15122,N80241 /1 undetected,output,,N80241,N80241,1,undetected,N80241,N80241,N80241,sa1,1
15123,N107143 /1 undetected,output,,N107143,N107143,1,undetected,N107143,N107143,N107143,sa1,1
15124,N107105 /1 undetected,output,,N107105,N107105,1,undetected,N107105,N107105,N107105,sa1,1
15125,N107186 /1 undetected,output,,N107186,N107186,1,undetected,N107186,N107186,N107186,sa1,1
15126,N107261 /1 undetected,output,,N107261,N107261,1,undetected,N107261,N107261,N107261,sa1,1
15127,N88727 /1 undetected,output,,N88727,N88727,1,undetected,N88727,N88727,N88727,sa1,1
15128,N80199 /1 undetected,output,,N80199,N80199,1,undetected,N80199,N80199,N80199,sa1,1
15129,N109892 /1 undetected,output,,N109892,N109892,1,undetected,N109892,N109892,N109892,sa1,1
15130,N110567 /1 undetected,output,,N110567,N110567,1,undetected,N110567,N110567,N110567,sa1,1
15131,N110635 /1 undetected,output,,N110635,N110635,1,undetected,N110635,N110635,N110635,sa1,1
15132,N109849 /1 undetected,output,,N109849,N109849,1,undetected,N109849,N109849,N109849,sa1,1
15133,N51609 /0 undetected,output,,N51609,N51609,0,undetected,N51609,N51609,N51609,sa0,1
15134,N111451 /1 undetected,output,,N111451,N111451,1,undetected,N111451,N111451,N111451,sa1,1
15135,N51606 /1 undetected,output,,N51606,N51606,1,undetected,N51606,N51606,N51606,sa1,1
15136,N80002 /1 undetected,output,,N80002,N80002,1,undetected,N80002,N80002,N80002,sa1,1
15137,N88634 /1 undetected,output,,N88634,N88634,1,undetected,N88634,N88634,N88634,sa1,1
15138,N79986 /1 undetected,output,,N79986,N79986,1,undetected,N79986,N79986,N79986,sa1,1
15139,N88626 /1 undetected,output,,N88626,N88626,1,undetected,N88626,N88626,N88626,sa1,1
15140,N80311 /1 undetected,output,,N80311,N80311,1,undetected,N80311,N80311,N80311,sa1,1
15141,N88816 /1 undetected,output,,N88816,N88816,1,undetected,N88816,N88816,N88816,sa1,1
15142,N80306 /1 undetected,output,,N80306,N80306,1,undetected,N80306,N80306,N80306,sa1,1
15143,N88812 /1 undetected,output,,N88812,N88812,1,undetected,N88812,N88812,N88812,sa1,1
15144,N80301 /1 undetected,output,,N80301,N80301,1,undetected,N80301,N80301,N80301,sa1,1
15145,N88808 /1 undetected,output,,N88808,N88808,1,undetected,N88808,N88808,N88808,sa1,1
15146,N80289 /1 undetected,output,,N80289,N80289,1,undetected,N80289,N80289,N80289,sa1,1
15147,N88797 /1 undetected,output,,N88797,N88797,1,undetected,N88797,N88797,N88797,sa1,1
15148,N107241 /1 undetected,output,,N107241,N107241,1,undetected,N107241,N107241,N107241,sa1,1
15149,N107254 /1 undetected,output,,N107254,N107254,1,undetected,N107254,N107254,N107254,sa1,1
15150,N107238 /1 undetected,output,,N107238,N107238,1,undetected,N107238,N107238,N107238,sa1,1
15151,N107251 /1 undetected,output,,N107251,N107251,1,undetected,N107251,N107251,N107251,sa1,1
15152,N80242 /1 undetected,output,,N80242,N80242,1,undetected,N80242,N80242,N80242,sa1,1
15153,N88761 /1 undetected,output,,N88761,N88761,1,undetected,N88761,N88761,N88761,sa1,1
15154,N80200 /1 undetected,output,,N80200,N80200,1,undetected,N80200,N80200,N80200,sa1,1
15155,N88728 /1 undetected,output,,N88728,N88728,1,undetected,N88728,N88728,N88728,sa1,1
15156,N80050 /1 undetected,output,,N80050,N80050,1,undetected,N80050,N80050,N80050,sa1,1
15157,N88659 /1 undetected,output,,N88659,N88659,1,undetected,N88659,N88659,N88659,sa1,1
15158,N51676 /1 undetected,output,,N51676,N51676,1,undetected,N51676,N51676,N51676,sa1,1
15159,N51675 /1 undetected,output,,N51675,N51675,1,undetected,N51675,N51675,N51675,sa1,1
15160,N107080 /1 undetected,output,,N107080,N107080,1,undetected,N107080,N107080,N107080,sa1,1
15161,N51669 /1 undetected,output,,N51669,N51669,1,undetected,N51669,N51669,N51669,sa1,1
15162,N107053 /1 undetected,output,,N107053,N107053,1,undetected,N107053,N107053,N107053,sa1,1
15163,N88826 /1 undetected,output,,N88826,N88826,1,undetected,N88826,N88826,N88826,sa1,1
15164,N80325 /1 undetected,output,,N80325,N80325,1,undetected,N80325,N80325,N80325,sa1,1
15165,N88825 /1 undetected,output,,N88825,N88825,1,undetected,N88825,N88825,N88825,sa1,1
15166,N80323 /1 undetected,output,,N80323,N80323,1,undetected,N80323,N80323,N80323,sa1,1
15167,N80170 /1 undetected,output,,N80170,N80170,1,undetected,N80170,N80170,N80170,sa1,1
15168,N88714 /1 undetected,output,,N88714,N88714,1,undetected,N88714,N88714,N88714,sa1,1
15169,N107561 /1 undetected,output,,N107561,N107561,1,undetected,N107561,N107561,N107561,sa1,1
15170,N107604 /1 undetected,output,,N107604,N107604,1,undetected,N107604,N107604,N107604,sa1,1
15171,N107166 /1 undetected,output,,N107166,N107166,1,undetected,N107166,N107166,N107166,sa1,1
15172,N107126 /1 undetected,output,,N107126,N107126,1,undetected,N107126,N107126,N107126,sa1,1
15173,N107209 /1 undetected,output,,N107209,N107209,1,undetected,N107209,N107209,N107209,sa1,1
15174,N107279 /1 undetected,output,,N107279,N107279,1,undetected,N107279,N107279,N107279,sa1,1
15175,N107156 /1 undetected,output,,N107156,N107156,1,undetected,N107156,N107156,N107156,sa1,1
15176,N107117 /1 undetected,output,,N107117,N107117,1,undetected,N107117,N107117,N107117,sa1,1
15177,N107199 /1 undetected,output,,N107199,N107199,1,undetected,N107199,N107199,N107199,sa1,1
15178,N107272 /1 undetected,output,,N107272,N107272,1,undetected,N107272,N107272,N107272,sa1,1
15179,N107155 /1 undetected,output,,N107155,N107155,1,undetected,N107155,N107155,N107155,sa1,1
15180,N107116 /1 undetected,output,,N107116,N107116,1,undetected,N107116,N107116,N107116,sa1,1
15181,N107198 /1 undetected,output,,N107198,N107198,1,undetected,N107198,N107198,N107198,sa1,1
15182,N107271 /1 undetected,output,,N107271,N107271,1,undetected,N107271,N107271,N107271,sa1,1
15183,N107154 /1 undetected,output,,N107154,N107154,1,undetected,N107154,N107154,N107154,sa1,1
15184,N107115 /1 undetected,output,,N107115,N107115,1,undetected,N107115,N107115,N107115,sa1,1
15185,N107197 /1 undetected,output,,N107197,N107197,1,undetected,N107197,N107197,N107197,sa1,1
15186,N107270 /1 undetected,output,,N107270,N107270,1,undetected,N107270,N107270,N107270,sa1,1
15187,N107150 /1 undetected,output,,N107150,N107150,1,undetected,N107150,N107150,N107150,sa1,1
15188,N107111 /1 undetected,output,,N107111,N107111,1,undetected,N107111,N107111,N107111,sa1,1
15189,N107193 /1 undetected,output,,N107193,N107193,1,undetected,N107193,N107193,N107193,sa1,1
15190,N107266 /1 undetected,output,,N107266,N107266,1,undetected,N107266,N107266,N107266,sa1,1
15191,N80099 /1 undetected,output,,N80099,N80099,1,undetected,N80099,N80099,N80099,sa1,1
15192,N88680 /1 undetected,output,,N88680,N88680,1,undetected,N88680,N88680,N88680,sa1,1
15193,N107586 /1 undetected,output,,N107586,N107586,1,undetected,N107586,N107586,N107586,sa1,1
15194,N107543 /1 undetected,output,,N107543,N107543,1,undetected,N107543,N107543,N107543,sa1,1
15195,N107144 /1 undetected,output,,N107144,N107144,1,undetected,N107144,N107144,N107144,sa1,1
15196,N107106 /1 undetected,output,,N107106,N107106,1,undetected,N107106,N107106,N107106,sa1,1
15197,N107187 /1 undetected,output,,N107187,N107187,1,undetected,N107187,N107187,N107187,sa1,1
15198,N107262 /1 undetected,output,,N107262,N107262,1,undetected,N107262,N107262,N107262,sa1,1
15199,N88749 /1 undetected,output,,N88749,N88749,1,undetected,N88749,N88749,N88749,sa1,1
15200,N80228 /1 undetected,output,,N80228,N80228,1,undetected,N80228,N80228,N80228,sa1,1
15201,N109952 /1 undetected,output,,N109952,N109952,1,undetected,N109952,N109952,N109952,sa1,1
15202,N109786 /1 undetected,output,,N109786,N109786,1,undetected,N109786,N109786,N109786,sa1,1
15203,N111373 /1 undetected,output,,N111373,N111373,1,undetected,N111373,N111373,N111373,sa1,1
15204,N79906 /1 undetected,output,,N79906,N79906,1,undetected,N79906,N79906,N79906,sa1,1
15205,N108511 /1 undetected,output,,N108511,N108511,1,undetected,N108511,N108511,N108511,sa1,1
15206,N108671 /1 undetected,output,,N108671,N108671,1,undetected,N108671,N108671,N108671,sa1,1
15207,N108839 /1 undetected,output,,N108839,N108839,1,undetected,N108839,N108839,N108839,sa1,1
15208,N80039 /1 undetected,output,,N80039,N80039,1,undetected,N80039,N80039,N80039,sa1,1
15209,N89385 /1 undetected,output,,N89385,N89385,1,undetected,N89385,N89385,N89385,sa1,1
15210,N108245 /1 undetected,output,,N108245,N108245,1,undetected,N108245,N108245,N108245,sa1,1
15211,N81000 /1 undetected,output,,N81000,N81000,1,undetected,N81000,N81000,N81000,sa1,1
15212,N108349 /1 undetected,output,,N108349,N108349,1,undetected,N108349,N108349,N108349,sa1,1
15213,N109609 /1 undetected,output,,N109609,N109609,1,undetected,N109609,N109609,N109609,sa1,1
15214,N109439 /1 undetected,output,,N109439,N109439,1,undetected,N109439,N109439,N109439,sa1,1
15215,N107528 /1 undetected,output,,N107528,N107528,1,undetected,N107528,N107528,N107528,sa1,1
15216,N107497 /1 undetected,output,,N107497,N107497,1,undetected,N107497,N107497,N107497,sa1,1
15217,N85555 /1 undetected,output,,N85555,N85555,1,undetected,N85555,N85555,N85555,sa1,1
15218,N50001 /1 undetected,output,,N50001,N50001,1,undetected,N50001,N50001,N50001,sa1,1
15219,N97781 /1 undetected,output,,N97781,N97781,1,undetected,N97781,N97781,N97781,sa1,1
15220,N50000 /1 undetected,output,,N50000,N50000,1,undetected,N50000,N50000,N50000,sa1,1
15221,N76127 /1 undetected,output,,N76127,N76127,1,undetected,N76127,N76127,N76127,sa1,1
15222,N49997 /1 undetected,output,,N49997,N49997,1,undetected,N49997,N49997,N49997,sa1,1
15223,N119109 /1 undetected,output,,N119109,N119109,1,undetected,N119109,N119109,N119109,sa1,1
15224,N94431 /1 undetected,output,,N94431,N94431,1,undetected,N94431,N94431,N94431,sa1,1
15225,N49995 /1 undetected,output,,N49995,N49995,1,undetected,N49995,N49995,N49995,sa1,1
15226,N119113 /1 undetected,output,,N119113,N119113,1,undetected,N119113,N119113,N119113,sa1,1
15227,N94342 /1 undetected,output,,N94342,N94342,1,undetected,N94342,N94342,N94342,sa1,1
15228,N49993 /1 undetected,output,,N49993,N49993,1,undetected,N49993,N49993,N49993,sa1,1
15229,N49991 /1 undetected,output,,N49991,N49991,1,undetected,N49991,N49991,N49991,sa1,1
15230,N49989 /1 undetected,output,,N49989,N49989,1,undetected,N49989,N49989,N49989,sa1,1
15231,N95967 /1 undetected,output,,N95967,N95967,1,undetected,N95967,N95967,N95967,sa1,1
15232,N49986 /1 undetected,output,,N49986,N49986,1,undetected,N49986,N49986,N49986,sa1,1
15233,N119096 /1 undetected,output,,N119096,N119096,1,undetected,N119096,N119096,N119096,sa1,1
15234,N94341 /1 undetected,output,,N94341,N94341,1,undetected,N94341,N94341,N94341,sa1,1
15235,N49988 /1 undetected,output,,N49988,N49988,1,undetected,N49988,N49988,N49988,sa1,1
15236,N119104 /1 undetected,output,,N119104,N119104,1,undetected,N119104,N119104,N119104,sa1,1
15237,N94430 /1 undetected,output,,N94430,N94430,1,undetected,N94430,N94430,N94430,sa1,1
15238,N49982 /1 undetected,output,,N49982,N49982,1,undetected,N49982,N49982,N49982,sa1,1
15239,N85945 /1 undetected,output,,N85945,N85945,1,undetected,N85945,N85945,N85945,sa1,1
15240,N49292 /1 undetected,output,,N49292,N49292,1,undetected,N49292,N49292,N49292,sa1,1
15241,N92403 /1 undetected,output,,N92403,N92403,1,undetected,N92403,N92403,N92403,sa1,1
15242,N49977 /1 undetected,output,,N49977,N49977,1,undetected,N49977,N49977,N49977,sa1,1
15243,N85732 /1 undetected,output,,N85732,N85732,1,undetected,N85732,N85732,N85732,sa1,1
15244,N49975 /1 undetected,output,,N49975,N49975,1,undetected,N49975,N49975,N49975,sa1,1
15245,N75810 /1 undetected,output,,N75810,N75810,1,undetected,N75810,N75810,N75810,sa1,1
15246,N49972 /1 undetected,output,,N49972,N49972,1,undetected,N49972,N49972,N49972,sa1,1
15247,N118989 /1 undetected,output,,N118989,N118989,1,undetected,N118989,N118989,N118989,sa1,1
15248,N85668 /1 undetected,output,,N85668,N85668,1,undetected,N85668,N85668,N85668,sa1,1
15249,N49970 /1 undetected,output,,N49970,N49970,1,undetected,N49970,N49970,N49970,sa1,1
15250,N49968 /1 undetected,output,,N49968,N49968,1,undetected,N49968,N49968,N49968,sa1,1
15251,N75728 /1 undetected,output,,N75728,N75728,1,undetected,N75728,N75728,N75728,sa1,1
15252,N49967 /1 undetected,output,,N49967,N49967,1,undetected,N49967,N49967,N49967,sa1,1
15253,N118876 /1 undetected,output,,N118876,N118876,1,undetected,N118876,N118876,N118876,sa1,1
15254,N49966 /1 undetected,output,,N49966,N49966,1,undetected,N49966,N49966,N49966,sa1,1
15255,N119080 /1 undetected,output,,N119080,N119080,1,undetected,N119080,N119080,N119080,sa1,1
15256,N49964 /1 undetected,output,,N49964,N49964,1,undetected,N49964,N49964,N49964,sa1,1
15257,N108011 /1 undetected,output,,N108011,N108011,1,undetected,N108011,N108011,N108011,sa1,1
15258,N49962 /1 undetected,output,,N49962,N49962,1,undetected,N49962,N49962,N49962,sa1,1
15259,N82080 /1 undetected,output,,N82080,N82080,1,undetected,N82080,N82080,N82080,sa1,1
15260,N76413 /1 undetected,output,,N76413,N76413,1,undetected,N76413,N76413,N76413,sa1,1
15261,N49960 /1 undetected,output,,N49960,N49960,1,undetected,N49960,N49960,N49960,sa1,1
15262,N49958 /1 undetected,output,,N49958,N49958,1,undetected,N49958,N49958,N49958,sa1,1
15263,N90278 /1 undetected,output,,N90278,N90278,1,undetected,N90278,N90278,N90278,sa1,1
15264,N49953 /1 undetected,output,,N49953,N49953,1,undetected,N49953,N49953,N49953,sa1,1
15265,N105460 /1 undetected,output,,N105460,N105460,1,undetected,N105460,N105460,N105460,sa1,1
15266,N90281 /1 undetected,output,,N90281,N90281,1,undetected,N90281,N90281,N90281,sa1,1
15267,N49957 /1 undetected,output,,N49957,N49957,1,undetected,N49957,N49957,N49957,sa1,1
15268,N82092 /1 undetected,output,,N82092,N82092,1,undetected,N82092,N82092,N82092,sa1,1
15269,N49955 /1 undetected,output,,N49955,N49955,1,undetected,N49955,N49955,N49955,sa1,1
15270,N107799 /1 undetected,output,,N107799,N107799,1,undetected,N107799,N107799,N107799,sa1,1
15271,N106727 /1 undetected,output,,N106727,N106727,1,undetected,N106727,N106727,N106727,sa1,1
15272,N75626 /1 undetected,output,,N75626,N75626,1,undetected,N75626,N75626,N75626,sa1,1
15273,N49948 /1 undetected,output,,N49948,N49948,1,undetected,N49948,N49948,N49948,sa1,1
15274,N49946 /1 undetected,output,,N49946,N49946,1,undetected,N49946,N49946,N49946,sa1,1
15275,N97780 /1 undetected,output,,N97780,N97780,1,undetected,N97780,N97780,N97780,sa1,1
15276,N49945 /1 undetected,output,,N49945,N49945,1,undetected,N49945,N49945,N49945,sa1,1
15277,N49943 /1 undetected,output,,N49943,N49943,1,undetected,N49943,N49943,N49943,sa1,1
15278,N75179 /1 undetected,output,,N75179,N75179,1,undetected,N75179,N75179,N75179,sa1,1
15279,N49919 /1 undetected,output,,N49919,N49919,1,undetected,N49919,N49919,N49919,sa1,1
15280,N119108 /1 undetected,output,,N119108,N119108,1,undetected,N119108,N119108,N119108,sa1,1
15281,N93873 /1 undetected,output,,N93873,N93873,1,undetected,N93873,N93873,N93873,sa1,1
15282,N49942 /1 undetected,output,,N49942,N49942,1,undetected,N49942,N49942,N49942,sa1,1
15283,N119112 /1 undetected,output,,N119112,N119112,1,undetected,N119112,N119112,N119112,sa1,1
15284,N93795 /1 undetected,output,,N93795,N93795,1,undetected,N93795,N93795,N93795,sa1,1
15285,N49887 /1 undetected,output,,N49887,N49887,1,undetected,N49887,N49887,N49887,sa1,1
15286,N49885 /1 undetected,output,,N49885,N49885,1,undetected,N49885,N49885,N49885,sa1,1
15287,N49883 /1 undetected,output,,N49883,N49883,1,undetected,N49883,N49883,N49883,sa1,1
15288,N95840 /1 undetected,output,,N95840,N95840,1,undetected,N95840,N95840,N95840,sa1,1
15289,N49854 /1 undetected,output,,N49854,N49854,1,undetected,N49854,N49854,N49854,sa1,1
15290,N119095 /1 undetected,output,,N119095,N119095,1,undetected,N119095,N119095,N119095,sa1,1
15291,N93794 /1 undetected,output,,N93794,N93794,1,undetected,N93794,N93794,N93794,sa1,1
15292,N49882 /1 undetected,output,,N49882,N49882,1,undetected,N49882,N49882,N49882,sa1,1
15293,N119103 /1 undetected,output,,N119103,N119103,1,undetected,N119103,N119103,N119103,sa1,1
15294,N93872 /1 undetected,output,,N93872,N93872,1,undetected,N93872,N93872,N93872,sa1,1
15295,N49818 /1 undetected,output,,N49818,N49818,1,undetected,N49818,N49818,N49818,sa1,1
15296,N49816 /1 undetected,output,,N49816,N49816,1,undetected,N49816,N49816,N49816,sa1,1
15297,N119077 /1 undetected,output,,N119077,N119077,1,undetected,N119077,N119077,N119077,sa1,1
15298,N85191 /1 undetected,output,,N85191,N85191,1,undetected,N85191,N85191,N85191,sa1,1
15299,N49364 /1 undetected,output,,N49364,N49364,1,undetected,N49364,N49364,N49364,sa1,1
15300,N49813 /1 undetected,output,,N49813,N49813,1,undetected,N49813,N49813,N49813,sa1,1
15301,N49811 /1 undetected,output,,N49811,N49811,1,undetected,N49811,N49811,N49811,sa1,1
15302,N92402 /1 undetected,output,,N92402,N92402,1,undetected,N92402,N92402,N92402,sa1,1
15303,N49810 /1 undetected,output,,N49810,N49810,1,undetected,N49810,N49810,N49810,sa1,1
15304,N118987 /1 undetected,output,,N118987,N118987,1,undetected,N118987,N118987,N118987,sa1,1
15305,N85661 /1 undetected,output,,N85661,N85661,1,undetected,N85661,N85661,N85661,sa1,1
15306,N49808 /1 undetected,output,,N49808,N49808,1,undetected,N49808,N49808,N49808,sa1,1
15307,N49807 /1 undetected,output,,N49807,N49807,1,undetected,N49807,N49807,N49807,sa1,1
15308,N118979 /1 undetected,output,,N118979,N118979,1,undetected,N118979,N118979,N118979,sa1,1
15309,N49803 /1 undetected,output,,N49803,N49803,1,undetected,N49803,N49803,N49803,sa1,1
15310,N49802 /1 undetected,output,,N49802,N49802,1,undetected,N49802,N49802,N49802,sa1,1
15311,N75726 /1 undetected,output,,N75726,N75726,1,undetected,N75726,N75726,N75726,sa1,1
15312,N49795 /1 undetected,output,,N49795,N49795,1,undetected,N49795,N49795,N49795,sa1,1
15313,N49793 /1 undetected,output,,N49793,N49793,1,undetected,N49793,N49793,N49793,sa1,1
15314,N90277 /1 undetected,output,,N90277,N90277,1,undetected,N90277,N90277,N90277,sa1,1
15315,N49792 /1 undetected,output,,N49792,N49792,1,undetected,N49792,N49792,N49792,sa1,1
15316,N119073 /1 undetected,output,,N119073,N119073,1,undetected,N119073,N119073,N119073,sa1,1
15317,N108000 /1 undetected,output,,N108000,N108000,1,undetected,N108000,N108000,N108000,sa1,1
15318,N49789 /1 undetected,output,,N49789,N49789,1,undetected,N49789,N49789,N49789,sa1,1
15319,N118983 /1 undetected,output,,N118983,N118983,1,undetected,N118983,N118983,N118983,sa1,1
15320,N107822 /1 undetected,output,,N107822,N107822,1,undetected,N107822,N107822,N107822,sa1,1
15321,N49801 /1 undetected,output,,N49801,N49801,1,undetected,N49801,N49801,N49801,sa1,1
15322,N118874 /1 undetected,output,,N118874,N118874,1,undetected,N118874,N118874,N118874,sa1,1
15323,N49799 /1 undetected,output,,N49799,N49799,1,undetected,N49799,N49799,N49799,sa1,1
15324,N118985 /1 undetected,output,,N118985,N118985,1,undetected,N118985,N118985,N118985,sa1,1
15325,N49798 /1 undetected,output,,N49798,N49798,1,undetected,N49798,N49798,N49798,sa1,1
15326,N82079 /1 undetected,output,,N82079,N82079,1,undetected,N82079,N82079,N82079,sa1,1
15327,N49797 /1 undetected,output,,N49797,N49797,1,undetected,N49797,N49797,N49797,sa1,1
15328,N49805 /1 undetected,output,,N49805,N49805,1,undetected,N49805,N49805,N49805,sa1,1
15329,N118981 /1 undetected,output,,N118981,N118981,1,undetected,N118981,N118981,N118981,sa1,1
15330,N49218 /1 undetected,output,,N49218,N49218,1,undetected,N49218,N49218,N49218,sa1,1
15331,N49213 /1 undetected,output,,N49213,N49213,1,undetected,N49213,N49213,N49213,sa1,1
15332,N118873 /1 undetected,output,,N118873,N118873,1,undetected,N118873,N118873,N118873,sa1,1
15333,N118863 /1 undetected,output,,N118863,N118863,1,undetected,N118863,N118863,N118863,sa1,1
15334,N49205 /1 undetected,output,,N49205,N49205,1,undetected,N49205,N49205,N49205,sa1,1
15335,N118865 /1 undetected,output,,N118865,N118865,1,undetected,N118865,N118865,N118865,sa1,1
15336,N49203 /1 undetected,output,,N49203,N49203,1,undetected,N49203,N49203,N49203,sa1,1
15337,N49785 /1 undetected,output,,N49785,N49785,1,undetected,N49785,N49785,N49785,sa1,1
15338,N82088 /1 undetected,output,,N82088,N82088,1,undetected,N82088,N82088,N82088,sa1,1
15339,N80322 /1 undetected,output,,N80322,N80322,1,undetected,N80322,N80322,N80322,sa1,1
15340,N49778 /1 undetected,output,,N49778,N49778,1,undetected,N49778,N49778,N49778,sa1,1
15341,N107527 /1 undetected,output,,N107527,N107527,1,undetected,N107527,N107527,N107527,sa1,1
15342,N80591 /1 undetected,output,,N80591,N80591,1,undetected,N80591,N80591,N80591,sa1,1
15343,N89017 /1 undetected,output,,N89017,N89017,1,undetected,N89017,N89017,N89017,sa1,1
15344,N80175 /1 undetected,output,,N80175,N80175,1,undetected,N80175,N80175,N80175,sa1,1
15345,N80786 /1 undetected,output,,N80786,N80786,1,undetected,N80786,N80786,N80786,sa1,1
15346,N89208 /1 undetected,output,,N89208,N89208,1,undetected,N89208,N89208,N89208,sa1,1
15347,N112709 /1 undetected,output,,N112709,N112709,1,undetected,N112709,N112709,N112709,sa1,1
15348,N79778 /1 undetected,output,,N79778,N79778,1,undetected,N79778,N79778,N79778,sa1,1
15349,N111414 /1 undetected,output,,N111414,N111414,1,undetected,N111414,N111414,N111414,sa1,1
15350,N107050 /1 undetected,output,,N107050,N107050,1,undetected,N107050,N107050,N107050,sa1,1
15351,N107077 /1 undetected,output,,N107077,N107077,1,undetected,N107077,N107077,N107077,sa1,1
15352,N106385 /1 undetected,output,,N106385,N106385,1,undetected,N106385,N106385,N106385,sa1,1
15353,N81178 /1 undetected,output,,N81178,N81178,1,undetected,N81178,N81178,N81178,sa1,1
15354,N89558 /1 undetected,output,,N89558,N89558,1,undetected,N89558,N89558,N89558,sa1,1
15355,N106423 /1 undetected,output,,N106423,N106423,1,undetected,N106423,N106423,N106423,sa1,1
15356,N89557 /1 undetected,output,,N89557,N89557,1,undetected,N89557,N89557,N89557,sa1,1
15357,N81177 /1 undetected,output,,N81177,N81177,1,undetected,N81177,N81177,N81177,sa1,1
15358,N79698 /1 undetected,output,,N79698,N79698,1,undetected,N79698,N79698,N79698,sa1,1
15359,N111160 /1 undetected,output,,N111160,N111160,1,undetected,N111160,N111160,N111160,sa1,1
15360,N110996 /1 undetected,output,,N110996,N110996,1,undetected,N110996,N110996,N110996,sa1,1
15361,N110934 /1 undetected,output,,N110934,N110934,1,undetected,N110934,N110934,N110934,sa1,1
15362,N89710 /1 undetected,output,,N89710,N89710,1,undetected,N89710,N89710,N89710,sa1,1
15363,N81337 /1 undetected,output,,N81337,N81337,1,undetected,N81337,N81337,N81337,sa1,1
15364,N79584 /1 undetected,output,,N79584,N79584,1,undetected,N79584,N79584,N79584,sa1,1
15365,N81491 /1 undetected,output,,N81491,N81491,1,undetected,N81491,N81491,N81491,sa1,1
15366,N89824 /1 undetected,output,,N89824,N89824,1,undetected,N89824,N89824,N89824,sa1,1
15367,N110827 /1 undetected,output,,N110827,N110827,1,undetected,N110827,N110827,N110827,sa1,1
15368,N110062 /1 undetected,output,,N110062,N110062,1,undetected,N110062,N110062,N110062,sa1,1
15369,N110137 /1 undetected,output,,N110137,N110137,1,undetected,N110137,N110137,N110137,sa1,1
15370,N110935 /1 undetected,output,,N110935,N110935,1,undetected,N110935,N110935,N110935,sa1,1
15371,N110997 /1 undetected,output,,N110997,N110997,1,undetected,N110997,N110997,N110997,sa1,1
15372,N51945 /1 undetected,output,,N51945,N51945,1,undetected,N51945,N51945,N51945,sa1,1
15373,N51944 /1 undetected,output,,N51944,N51944,1,undetected,N51944,N51944,N51944,sa1,1
15374,N111151 /1 undetected,output,,N111151,N111151,1,undetected,N111151,N111151,N111151,sa1,1
15375,N110066 /1 undetected,output,,N110066,N110066,1,undetected,N110066,N110066,N110066,sa1,1
15376,N51941 /1 undetected,output,,N51941,N51941,1,undetected,N51941,N51941,N51941,sa1,1
15377,N51937 /1 undetected,output,,N51937,N51937,1,undetected,N51937,N51937,N51937,sa1,1
15378,N79783 /1 undetected,output,,N79783,N79783,1,undetected,N79783,N79783,N79783,sa1,1
15379,N51936 /1 undetected,output,,N51936,N51936,1,undetected,N51936,N51936,N51936,sa1,1
15380,N120004 /1 undetected,output,,N120004,N120004,1,undetected,N120004,N120004,N120004,sa1,1
15381,N89562 /1 undetected,output,,N89562,N89562,1,undetected,N89562,N89562,N89562,sa1,1
15382,N89596 /1 undetected,output,,N89596,N89596,1,undetected,N89596,N89596,N89596,sa1,1
15383,N51934 /1 undetected,output,,N51934,N51934,1,undetected,N51934,N51934,N51934,sa1,1
15384,N120005 /1 undetected,output,,N120005,N120005,1,undetected,N120005,N120005,N120005,sa1,1
15385,N81181 /1 undetected,output,,N81181,N81181,1,undetected,N81181,N81181,N81181,sa1,1
15386,N109678 /1 undetected,output,,N109678,N109678,1,undetected,N109678,N109678,N109678,sa1,1
15387,N109789 /1 undetected,output,,N109789,N109789,1,undetected,N109789,N109789,N109789,sa1,1
15388,N120003 /1 undetected,output,,N120003,N120003,1,undetected,N120003,N120003,N120003,sa1,1
15389,N88535 /1 undetected,output,,N88535,N88535,1,undetected,N88535,N88535,N88535,sa1,1
15390,N108587 /1 undetected,output,,N108587,N108587,1,undetected,N108587,N108587,N108587,sa1,1
15391,N108532 /1 undetected,output,,N108532,N108532,1,undetected,N108532,N108532,N108532,sa1,1
15392,N108427 /1 undetected,output,,N108427,N108427,1,undetected,N108427,N108427,N108427,sa1,1
15393,N108371 /1 undetected,output,,N108371,N108371,1,undetected,N108371,N108371,N108371,sa1,1
15394,N108299 /1 undetected,output,,N108299,N108299,1,undetected,N108299,N108299,N108299,sa1,1
15395,N108256 /1 undetected,output,,N108256,N108256,1,undetected,N108256,N108256,N108256,sa1,1
15396,N108195 /1 undetected,output,,N108195,N108195,1,undetected,N108195,N108195,N108195,sa1,1
15397,N108153 /1 undetected,output,,N108153,N108153,1,undetected,N108153,N108153,N108153,sa1,1
15398,N80997 /1 undetected,output,,N80997,N80997,1,undetected,N80997,N80997,N80997,sa1,1
15399,N108340 /1 undetected,output,,N108340,N108340,1,undetected,N108340,N108340,N108340,sa1,1
15400,N108281 /1 undetected,output,,N108281,N108281,1,undetected,N108281,N108281,N108281,sa1,1
15401,N108236 /1 undetected,output,,N108236,N108236,1,undetected,N108236,N108236,N108236,sa1,1
15402,N108178 /1 undetected,output,,N108178,N108178,1,undetected,N108178,N108178,N108178,sa1,1
15403,N80284 /1 undetected,output,,N80284,N80284,1,undetected,N80284,N80284,N80284,sa1,1
15404,N88793 /1 undetected,output,,N88793,N88793,1,undetected,N88793,N88793,N88793,sa1,1
15405,N107237 /1 undetected,output,,N107237,N107237,1,undetected,N107237,N107237,N107237,sa1,1
15406,N107250 /1 undetected,output,,N107250,N107250,1,undetected,N107250,N107250,N107250,sa1,1
15407,N80233 /1 undetected,output,,N80233,N80233,1,undetected,N80233,N80233,N80233,sa1,1
15408,N88754 /1 undetected,output,,N88754,N88754,1,undetected,N88754,N88754,N88754,sa1,1
15409,N108204 /1 undetected,output,,N108204,N108204,1,undetected,N108204,N108204,N108204,sa1,1
15410,N108160 /1 undetected,output,,N108160,N108160,1,undetected,N108160,N108160,N108160,sa1,1
15411,N108308 /1 undetected,output,,N108308,N108308,1,undetected,N108308,N108308,N108308,sa1,1
15412,N108263 /1 undetected,output,,N108263,N108263,1,undetected,N108263,N108263,N108263,sa1,1
15413,N80209 /1 undetected,output,,N80209,N80209,1,undetected,N80209,N80209,N80209,sa1,1
15414,N88733 /1 undetected,output,,N88733,N88733,1,undetected,N88733,N88733,N88733,sa1,1
15415,N80194 /1 undetected,output,,N80194,N80194,1,undetected,N80194,N80194,N80194,sa1,1
15416,N88724 /1 undetected,output,,N88724,N88724,1,undetected,N88724,N88724,N88724,sa1,1
15417,N80229 /1 undetected,output,,N80229,N80229,1,undetected,N80229,N80229,N80229,sa1,1
15418,N88750 /1 undetected,output,,N88750,N88750,1,undetected,N88750,N88750,N88750,sa1,1
15419,N108745 /1 undetected,output,,N108745,N108745,1,undetected,N108745,N108745,N108745,sa1,1
15420,N107405 /1 undetected,output,,N107405,N107405,1,undetected,N107405,N107405,N107405,sa1,1
15421,N107336 /1 undetected,output,,N107336,N107336,1,undetected,N107336,N107336,N107336,sa1,1
15422,N107295 /1 undetected,output,,N107295,N107295,1,undetected,N107295,N107295,N107295,sa1,1
15423,N111455 /1 undetected,output,,N111455,N111455,1,undetected,N111455,N111455,N111455,sa1,1
15424,N111442 /1 undetected,output,,N111442,N111442,1,undetected,N111442,N111442,N111442,sa1,1
15425,N108264 /1 undetected,output,,N108264,N108264,1,undetected,N108264,N108264,N108264,sa1,1
15426,N108310 /1 undetected,output,,N108310,N108310,1,undetected,N108310,N108310,N108310,sa1,1
15427,N108206 /1 undetected,output,,N108206,N108206,1,undetected,N108206,N108206,N108206,sa1,1
15428,N108161 /1 undetected,output,,N108161,N108161,1,undetected,N108161,N108161,N108161,sa1,1
15429,N80052 /1 undetected,output,,N80052,N80052,1,undetected,N80052,N80052,N80052,sa1,1
15430,N88660 /1 undetected,output,,N88660,N88660,1,undetected,N88660,N88660,N88660,sa1,1
15431,N51743 /1 undetected,output,,N51743,N51743,1,undetected,N51743,N51743,N51743,sa1,1
15432,N89312 /1 undetected,output,,N89312,N89312,1,undetected,N89312,N89312,N89312,sa1,1
15433,N51742 /1 undetected,output,,N51742,N51742,1,undetected,N51742,N51742,N51742,sa1,1
15434,N80830 /1 undetected,output,,N80830,N80830,1,undetected,N80830,N80830,N80830,sa1,1
15435,N51739 /1 undetected,output,,N51739,N51739,1,undetected,N51739,N51739,N51739,sa1,1
15436,N80894 /1 undetected,output,,N80894,N80894,1,undetected,N80894,N80894,N80894,sa1,1
15437,N51738 /1 undetected,output,,N51738,N51738,1,undetected,N51738,N51738,N51738,sa1,1
15438,N89249 /1 undetected,output,,N89249,N89249,1,undetected,N89249,N89249,N89249,sa1,1
15439,N80142 /1 undetected,output,,N80142,N80142,1,undetected,N80142,N80142,N80142,sa1,1
15440,N88701 /1 undetected,output,,N88701,N88701,1,undetected,N88701,N88701,N88701,sa1,1
15441,N107554 /1 undetected,output,,N107554,N107554,1,undetected,N107554,N107554,N107554,sa1,1
15442,N107597 /1 undetected,output,,N107597,N107597,1,undetected,N107597,N107597,N107597,sa1,1
15443,N80104 /1 undetected,output,,N80104,N80104,1,undetected,N80104,N80104,N80104,sa1,1
15444,N88682 /1 undetected,output,,N88682,N88682,1,undetected,N88682,N88682,N88682,sa1,1
15445,N107544 /1 undetected,output,,N107544,N107544,1,undetected,N107544,N107544,N107544,sa1,1
15446,N107587 /1 undetected,output,,N107587,N107587,1,undetected,N107587,N107587,N107587,sa1,1
15447,N51673 /1 undetected,output,,N51673,N51673,1,undetected,N51673,N51673,N51673,sa1,1
15448,N108314 /1 undetected,output,,N108314,N108314,1,undetected,N108314,N108314,N108314,sa1,1
15449,N108266 /1 undetected,output,,N108266,N108266,1,undetected,N108266,N108266,N108266,sa1,1
15450,N108210 /1 undetected,output,,N108210,N108210,1,undetected,N108210,N108210,N108210,sa1,1
15451,N108163 /1 undetected,output,,N108163,N108163,1,undetected,N108163,N108163,N108163,sa1,1
15452,N109893 /1 undetected,output,,N109893,N109893,1,undetected,N109893,N109893,N109893,sa1,1
15453,N110568 /1 undetected,output,,N110568,N110568,1,undetected,N110568,N110568,N110568,sa1,1
15454,N110636 /1 undetected,output,,N110636,N110636,1,undetected,N110636,N110636,N110636,sa1,1
15455,N109850 /1 undetected,output,,N109850,N109850,1,undetected,N109850,N109850,N109850,sa1,1
15456,N108252 /1 undetected,output,,N108252,N108252,1,undetected,N108252,N108252,N108252,sa1,1
15457,N108191 /1 undetected,output,,N108191,N108191,1,undetected,N108191,N108191,N108191,sa1,1
15458,N108296 /1 undetected,output,,N108296,N108296,1,undetected,N108296,N108296,N108296,sa1,1
15459,N108358 /1 undetected,output,,N108358,N108358,1,undetected,N108358,N108358,N108358,sa1,1
15460,N80671 /1 undetected,output,,N80671,N80671,1,undetected,N80671,N80671,N80671,sa1,1
15461,N107675 /1 undetected,output,,N107675,N107675,1,undetected,N107675,N107675,N107675,sa1,1
15462,N107639 /1 undetected,output,,N107639,N107639,1,undetected,N107639,N107639,N107639,sa1,1
15463,N80112 /1 undetected,output,,N80112,N80112,1,undetected,N80112,N80112,N80112,sa1,1
15464,N88686 /1 undetected,output,,N88686,N88686,1,undetected,N88686,N88686,N88686,sa1,1
15465,N107546 /1 undetected,output,,N107546,N107546,1,undetected,N107546,N107546,N107546,sa1,1
15466,N107589 /1 undetected,output,,N107589,N107589,1,undetected,N107589,N107589,N107589,sa1,1
15467,N89206 /1 undetected,output,,N89206,N89206,1,undetected,N89206,N89206,N89206,sa1,1
15468,N80784 /1 undetected,output,,N80784,N80784,1,undetected,N80784,N80784,N80784,sa1,1
15469,N80293 /1 undetected,output,,N80293,N80293,1,undetected,N80293,N80293,N80293,sa1,1
15470,N88800 /1 undetected,output,,N88800,N88800,1,undetected,N88800,N88800,N88800,sa1,1
15471,N88787 /1 undetected,output,,N88787,N88787,1,undetected,N88787,N88787,N88787,sa1,1
15472,N80276 /1 undetected,output,,N80276,N80276,1,undetected,N80276,N80276,N80276,sa1,1
15473,N88774 /1 undetected,output,,N88774,N88774,1,undetected,N88774,N88774,N88774,sa1,1
15474,N80259 /1 undetected,output,,N80259,N80259,1,undetected,N80259,N80259,N80259,sa1,1
15475,N88770 /1 undetected,output,,N88770,N88770,1,undetected,N88770,N88770,N88770,sa1,1
15476,N80254 /1 undetected,output,,N80254,N80254,1,undetected,N80254,N80254,N80254,sa1,1
15477,N80749 /1 undetected,output,,N80749,N80749,1,undetected,N80749,N80749,N80749,sa1,1
15478,N89171 /1 undetected,output,,N89171,N89171,1,undetected,N89171,N89171,N89171,sa1,1
15479,N88742 /1 undetected,output,,N88742,N88742,1,undetected,N88742,N88742,N88742,sa1,1
15480,N80219 /1 undetected,output,,N80219,N80219,1,undetected,N80219,N80219,N80219,sa1,1
15481,N80215 /1 undetected,output,,N80215,N80215,1,undetected,N80215,N80215,N80215,sa1,1
15482,N88738 /1 undetected,output,,N88738,N88738,1,undetected,N88738,N88738,N88738,sa1,1
15483,N108301 /1 undetected,output,,N108301,N108301,1,undetected,N108301,N108301,N108301,sa1,1
15484,N108258 /1 undetected,output,,N108258,N108258,1,undetected,N108258,N108258,N108258,sa1,1
15485,N108155 /1 undetected,output,,N108155,N108155,1,undetected,N108155,N108155,N108155,sa1,1
15486,N108197 /1 undetected,output,,N108197,N108197,1,undetected,N108197,N108197,N108197,sa1,1
15487,N108265 /1 undetected,output,,N108265,N108265,1,undetected,N108265,N108265,N108265,sa1,1
15488,N108312 /1 undetected,output,,N108312,N108312,1,undetected,N108312,N108312,N108312,sa1,1
15489,N108208 /1 undetected,output,,N108208,N108208,1,undetected,N108208,N108208,N108208,sa1,1
15490,N108162 /1 undetected,output,,N108162,N108162,1,undetected,N108162,N108162,N108162,sa1,1
15491,N111453 /1 undetected,output,,N111453,N111453,1,undetected,N111453,N111453,N111453,sa1,1
15492,N111440 /1 undetected,output,,N111440,N111440,1,undetected,N111440,N111440,N111440,sa1,1
15493,N51505 /0 undetected,output,,N51505,N51505,0,undetected,N51505,N51505,N51505,sa0,1
15494,N108354 /1 undetected,output,,N108354,N108354,1,undetected,N108354,N108354,N108354,sa1,1
15495,N106315 /1 undetected,output,,N106315,N106315,1,undetected,N106315,N106315,N106315,sa1,1
15496,N119811 /1 undetected,output,,N119811,N119811,1,undetected,N119811,N119811,N119811,sa1,1
15497,N108291 /1 undetected,output,,N108291,N108291,1,undetected,N108291,N108291,N108291,sa1,1
15498,N51498 /0 undetected,output,,N51498,N51498,0,undetected,N51498,N51498,N51498,sa0,1
15499,N108249 /1 undetected,output,,N108249,N108249,1,undetected,N108249,N108249,N108249,sa1,1
15500,N106313 /1 undetected,output,,N106313,N106313,1,undetected,N106313,N106313,N106313,sa1,1
15501,N119810 /1 undetected,output,,N119810,N119810,1,undetected,N119810,N119810,N119810,sa1,1
15502,N108187 /1 undetected,output,,N108187,N108187,1,undetected,N108187,N108187,N108187,sa1,1
15503,N106912 /1 undetected,output,,N106912,N106912,1,undetected,N106912,N106912,N106912,sa1,1
15504,N106869 /1 undetected,output,,N106869,N106869,1,undetected,N106869,N106869,N106869,sa1,1
15505,N107004 /1 undetected,output,,N107004,N107004,1,undetected,N107004,N107004,N107004,sa1,1
15506,N106957 /1 undetected,output,,N106957,N106957,1,undetected,N106957,N106957,N106957,sa1,1
15507,N108242 /1 undetected,output,,N108242,N108242,1,undetected,N108242,N108242,N108242,sa1,1
15508,N108182 /1 undetected,output,,N108182,N108182,1,undetected,N108182,N108182,N108182,sa1,1
15509,N108285 /1 undetected,output,,N108285,N108285,1,undetected,N108285,N108285,N108285,sa1,1
15510,N108346 /1 undetected,output,,N108346,N108346,1,undetected,N108346,N108346,N108346,sa1,1
15511,N108241 /1 undetected,output,,N108241,N108241,1,undetected,N108241,N108241,N108241,sa1,1
15512,N108181 /1 undetected,output,,N108181,N108181,1,undetected,N108181,N108181,N108181,sa1,1
15513,N108284 /1 undetected,output,,N108284,N108284,1,undetected,N108284,N108284,N108284,sa1,1
15514,N108345 /1 undetected,output,,N108345,N108345,1,undetected,N108345,N108345,N108345,sa1,1
15515,N108239 /1 undetected,output,,N108239,N108239,1,undetected,N108239,N108239,N108239,sa1,1
15516,N108180 /1 undetected,output,,N108180,N108180,1,undetected,N108180,N108180,N108180,sa1,1
15517,N108283 /1 undetected,output,,N108283,N108283,1,undetected,N108283,N108283,N108283,sa1,1
15518,N108343 /1 undetected,output,,N108343,N108343,1,undetected,N108343,N108343,N108343,sa1,1
15519,N108238 /1 undetected,output,,N108238,N108238,1,undetected,N108238,N108238,N108238,sa1,1
15520,N108179 /1 undetected,output,,N108179,N108179,1,undetected,N108179,N108179,N108179,sa1,1
15521,N108282 /1 undetected,output,,N108282,N108282,1,undetected,N108282,N108282,N108282,sa1,1
15522,N108342 /1 undetected,output,,N108342,N108342,1,undetected,N108342,N108342,N108342,sa1,1
15523,N80668 /1 undetected,output,,N80668,N80668,1,undetected,N80668,N80668,N80668,sa1,1
15524,N107673 /1 undetected,output,,N107673,N107673,1,undetected,N107673,N107673,N107673,sa1,1
15525,N107637 /1 undetected,output,,N107637,N107637,1,undetected,N107637,N107637,N107637,sa1,1
15526,N89092 /1 undetected,output,,N89092,N89092,1,undetected,N89092,N89092,N89092,sa1,1
15527,N108134 /1 undetected,output,,N108134,N108134,1,undetected,N108134,N108134,N108134,sa1,1
15528,N108097 /1 undetected,output,,N108097,N108097,1,undetected,N108097,N108097,N108097,sa1,1
15529,N108227 /1 undetected,output,,N108227,N108227,1,undetected,N108227,N108227,N108227,sa1,1
15530,N108173 /1 undetected,output,,N108173,N108173,1,undetected,N108173,N108173,N108173,sa1,1
15531,N108276 /1 undetected,output,,N108276,N108276,1,undetected,N108276,N108276,N108276,sa1,1
15532,N108331 /1 undetected,output,,N108331,N108331,1,undetected,N108331,N108331,N108331,sa1,1
15533,N108225 /1 undetected,output,,N108225,N108225,1,undetected,N108225,N108225,N108225,sa1,1
15534,N108172 /1 undetected,output,,N108172,N108172,1,undetected,N108172,N108172,N108172,sa1,1
15535,N108275 /1 undetected,output,,N108275,N108275,1,undetected,N108275,N108275,N108275,sa1,1
15536,N108329 /1 undetected,output,,N108329,N108329,1,undetected,N108329,N108329,N108329,sa1,1
15537,N108223 /1 undetected,output,,N108223,N108223,1,undetected,N108223,N108223,N108223,sa1,1
15538,N108171 /1 undetected,output,,N108171,N108171,1,undetected,N108171,N108171,N108171,sa1,1
15539,N108274 /1 undetected,output,,N108274,N108274,1,undetected,N108274,N108274,N108274,sa1,1
15540,N108327 /1 undetected,output,,N108327,N108327,1,undetected,N108327,N108327,N108327,sa1,1
15541,N108221 /1 undetected,output,,N108221,N108221,1,undetected,N108221,N108221,N108221,sa1,1
15542,N108169 /1 undetected,output,,N108169,N108169,1,undetected,N108169,N108169,N108169,sa1,1
15543,N108272 /1 undetected,output,,N108272,N108272,1,undetected,N108272,N108272,N108272,sa1,1
15544,N108325 /1 undetected,output,,N108325,N108325,1,undetected,N108325,N108325,N108325,sa1,1
15545,N108217 /1 undetected,output,,N108217,N108217,1,undetected,N108217,N108217,N108217,sa1,1
15546,N108167 /1 undetected,output,,N108167,N108167,1,undetected,N108167,N108167,N108167,sa1,1
15547,N108270 /1 undetected,output,,N108270,N108270,1,undetected,N108270,N108270,N108270,sa1,1
15548,N108321 /1 undetected,output,,N108321,N108321,1,undetected,N108321,N108321,N108321,sa1,1
15549,N106891 /1 undetected,output,,N106891,N106891,1,undetected,N106891,N106891,N106891,sa1,1
15550,N106849 /1 undetected,output,,N106849,N106849,1,undetected,N106849,N106849,N106849,sa1,1
15551,N106984 /1 undetected,output,,N106984,N106984,1,undetected,N106984,N106984,N106984,sa1,1
15552,N106936 /1 undetected,output,,N106936,N106936,1,undetected,N106936,N106936,N106936,sa1,1
15553,N108212 /1 undetected,output,,N108212,N108212,1,undetected,N108212,N108212,N108212,sa1,1
15554,N108164 /1 undetected,output,,N108164,N108164,1,undetected,N108164,N108164,N108164,sa1,1
15555,N108267 /1 undetected,output,,N108267,N108267,1,undetected,N108267,N108267,N108267,sa1,1
15556,N108316 /1 undetected,output,,N108316,N108316,1,undetected,N108316,N108316,N108316,sa1,1
15557,N89055 /1 undetected,output,,N89055,N89055,1,undetected,N89055,N89055,N89055,sa1,1
15558,N108118 /1 undetected,output,,N108118,N108118,1,undetected,N108118,N108118,N108118,sa1,1
15559,N108070 /1 undetected,output,,N108070,N108070,1,undetected,N108070,N108070,N108070,sa1,1
15560,N80631 /1 undetected,output,,N80631,N80631,1,undetected,N80631,N80631,N80631,sa1,1
15561,N107657 /1 undetected,output,,N107657,N107657,1,undetected,N107657,N107657,N107657,sa1,1
15562,N107619 /1 undetected,output,,N107619,N107619,1,undetected,N107619,N107619,N107619,sa1,1
15563,N109365 /1 undetected,output,,N109365,N109365,1,undetected,N109365,N109365,N109365,sa1,1
15564,N106310 /1 undetected,output,,N106310,N106310,1,undetected,N106310,N106310,N106310,sa1,1
15565,N89041 /1 undetected,output,,N89041,N89041,1,undetected,N89041,N89041,N89041,sa1,1
15566,N109364 /1 undetected,output,,N109364,N109364,1,undetected,N109364,N109364,N109364,sa1,1
15567,N106307 /1 undetected,output,,N106307,N106307,1,undetected,N106307,N106307,N106307,sa1,1
15568,N89040 /1 undetected,output,,N89040,N89040,1,undetected,N89040,N89040,N89040,sa1,1
15569,N80277 /1 undetected,output,,N80277,N80277,1,undetected,N80277,N80277,N80277,sa1,1
15570,N88788 /1 undetected,output,,N88788,N88788,1,undetected,N88788,N88788,N88788,sa1,1
15571,N80260 /1 undetected,output,,N80260,N80260,1,undetected,N80260,N80260,N80260,sa1,1
15572,N88775 /1 undetected,output,,N88775,N88775,1,undetected,N88775,N88775,N88775,sa1,1
15573,N80255 /1 undetected,output,,N80255,N80255,1,undetected,N80255,N80255,N80255,sa1,1
15574,N88771 /1 undetected,output,,N88771,N88771,1,undetected,N88771,N88771,N88771,sa1,1
15575,N80220 /1 undetected,output,,N80220,N80220,1,undetected,N80220,N80220,N80220,sa1,1
15576,N88743 /1 undetected,output,,N88743,N88743,1,undetected,N88743,N88743,N88743,sa1,1
15577,N51755 /0 undetected,output,,N51755,N51755,0,undetected,N51755,N51755,N51755,sa0,1
15578,N109366 /1 undetected,output,,N109366,N109366,1,undetected,N109366,N109366,N109366,sa1,1
15579,N119881 /1 undetected,output,,N119881,N119881,1,undetected,N119881,N119881,N119881,sa1,1
15580,N89117 /1 undetected,output,,N89117,N89117,1,undetected,N89117,N89117,N89117,sa1,1
15581,N51746 /0 undetected,output,,N51746,N51746,0,undetected,N51746,N51746,N51746,sa0,1
15582,N109375 /1 undetected,output,,N109375,N109375,1,undetected,N109375,N109375,N109375,sa1,1
15583,N119880 /1 undetected,output,,N119880,N119880,1,undetected,N119880,N119880,N119880,sa1,1
15584,N80693 /1 undetected,output,,N80693,N80693,1,undetected,N80693,N80693,N80693,sa1,1
15585,N51672 /0 undetected,output,,N51672,N51672,0,undetected,N51672,N51672,N51672,sa0,1
15586,N119879 /1 undetected,output,,N119879,N119879,1,undetected,N119879,N119879,N119879,sa1,1
15587,N107214 /1 undetected,output,,N107214,N107214,1,undetected,N107214,N107214,N107214,sa1,1
15588,N51605 /0 undetected,output,,N51605,N51605,0,undetected,N51605,N51605,N51605,sa0,1
15589,N119878 /1 undetected,output,,N119878,N119878,1,undetected,N119878,N119878,N119878,sa1,1
15590,N111703 /1 undetected,output,,N111703,N111703,1,undetected,N111703,N111703,N111703,sa1,1
15591,N111715 /1 undetected,output,,N111715,N111715,1,undetected,N111715,N111715,N111715,sa1,1
15592,N106321 /1 undetected,output,,N106321,N106321,1,undetected,N106321,N106321,N106321,sa1,1
15593,N88819 /1 undetected,output,,N88819,N88819,1,undetected,N88819,N88819,N88819,sa1,1
15594,N80315 /1 undetected,output,,N80315,N80315,1,undetected,N80315,N80315,N80315,sa1,1
15595,N108229 /1 undetected,output,,N108229,N108229,1,undetected,N108229,N108229,N108229,sa1,1
15596,N108174 /1 undetected,output,,N108174,N108174,1,undetected,N108174,N108174,N108174,sa1,1
15597,N108277 /1 undetected,output,,N108277,N108277,1,undetected,N108277,N108277,N108277,sa1,1
15598,N108333 /1 undetected,output,,N108333,N108333,1,undetected,N108333,N108333,N108333,sa1,1
15599,N88782 /1 undetected,output,,N88782,N88782,1,undetected,N88782,N88782,N88782,sa1,1
15600,N80270 /1 undetected,output,,N80270,N80270,1,undetected,N80270,N80270,N80270,sa1,1
15601,N88781 /1 undetected,output,,N88781,N88781,1,undetected,N88781,N88781,N88781,sa1,1
15602,N80268 /1 undetected,output,,N80268,N80268,1,undetected,N80268,N80268,N80268,sa1,1
15603,N88778 /1 undetected,output,,N88778,N88778,1,undetected,N88778,N88778,N88778,sa1,1
15604,N80264 /1 undetected,output,,N80264,N80264,1,undetected,N80264,N80264,N80264,sa1,1
15605,N108222 /1 undetected,output,,N108222,N108222,1,undetected,N108222,N108222,N108222,sa1,1
15606,N108170 /1 undetected,output,,N108170,N108170,1,undetected,N108170,N108170,N108170,sa1,1
15607,N108273 /1 undetected,output,,N108273,N108273,1,undetected,N108273,N108273,N108273,sa1,1
15608,N108326 /1 undetected,output,,N108326,N108326,1,undetected,N108326,N108326,N108326,sa1,1
15609,N88764 /1 undetected,output,,N88764,N88764,1,undetected,N88764,N88764,N88764,sa1,1
15610,N80246 /1 undetected,output,,N80246,N80246,1,undetected,N80246,N80246,N80246,sa1,1
15611,N88746 /1 undetected,output,,N88746,N88746,1,undetected,N88746,N88746,N88746,sa1,1
15612,N80224 /1 undetected,output,,N80224,N80224,1,undetected,N80224,N80224,N80224,sa1,1
15613,N52176 /1 undetected,output,,N52176,N52176,1,undetected,N52176,N52176,N52176,sa1,1
15614,N52175 /1 undetected,output,,N52175,N52175,1,undetected,N52175,N52175,N52175,sa1,1
15615,N79705 /1 undetected,output,,N79705,N79705,1,undetected,N79705,N79705,N79705,sa1,1
15616,N52171 /1 undetected,output,,N52171,N52171,1,undetected,N52171,N52171,N52171,sa1,1
15617,N119902 /1 undetected,output,,N119902,N119902,1,undetected,N119902,N119902,N119902,sa1,1
15618,N81256 /1 undetected,output,,N81256,N81256,1,undetected,N81256,N81256,N81256,sa1,1
15619,N25804 /1 undetected,output,,N25804,N25804,1,undetected,N25804,N25804,N25804,sa1,1
15620,N89665 /1 undetected,output,,N89665,N89665,1,undetected,N89665,N89665,N89665,sa1,1
15621,N81227 /1 undetected,output,,N81227,N81227,1,undetected,N81227,N81227,N81227,sa1,1
15622,N119850 /1 undetected,output,,N119850,N119850,1,undetected,N119850,N119850,N119850,sa1,1
15623,N89632 /1 undetected,output,,N89632,N89632,1,undetected,N89632,N89632,N89632,sa1,1
15624,N52168 /1 undetected,output,,N52168,N52168,1,undetected,N52168,N52168,N52168,sa1,1
15625,N119901 /1 undetected,output,,N119901,N119901,1,undetected,N119901,N119901,N119901,sa1,1
15626,N89631 /1 undetected,output,,N89631,N89631,1,undetected,N89631,N89631,N89631,sa1,1
15627,N25805 /1 undetected,output,,N25805,N25805,1,undetected,N25805,N25805,N25805,sa1,1
15628,N89604 /1 undetected,output,,N89604,N89604,1,undetected,N89604,N89604,N89604,sa1,1
15629,N81292 /1 undetected,output,,N81292,N81292,1,undetected,N81292,N81292,N81292,sa1,1
15630,N119849 /1 undetected,output,,N119849,N119849,1,undetected,N119849,N119849,N119849,sa1,1
15631,N81255 /1 undetected,output,,N81255,N81255,1,undetected,N81255,N81255,N81255,sa1,1
15632,N52156 /1 undetected,output,,N52156,N52156,1,undetected,N52156,N52156,N52156,sa1,1
15633,N109791 /1 undetected,output,,N109791,N109791,1,undetected,N109791,N109791,N109791,sa1,1
15634,N79786 /1 undetected,output,,N79786,N79786,1,undetected,N79786,N79786,N79786,sa1,1
15635,N52151 /1 undetected,output,,N52151,N52151,1,undetected,N52151,N52151,N52151,sa1,1
15636,N119998 /1 undetected,output,,N119998,N119998,1,undetected,N119998,N119998,N119998,sa1,1
15637,N52051 /1 undetected,output,,N52051,N52051,1,undetected,N52051,N52051,N52051,sa1,1
15638,N120020 /1 undetected,output,,N120020,N120020,1,undetected,N120020,N120020,N120020,sa1,1
15639,N89597 /1 undetected,output,,N89597,N89597,1,undetected,N89597,N89597,N89597,sa1,1
15640,N52145 /1 undetected,output,,N52145,N52145,1,undetected,N52145,N52145,N52145,sa1,1
15641,N120019 /1 undetected,output,,N120019,N120019,1,undetected,N120019,N120019,N120019,sa1,1
15642,N81218 /1 undetected,output,,N81218,N81218,1,undetected,N81218,N81218,N81218,sa1,1
15643,N52144 /1 undetected,output,,N52144,N52144,1,undetected,N52144,N52144,N52144,sa1,1
15644,N81199 /1 undetected,output,,N81199,N81199,1,undetected,N81199,N81199,N81199,sa1,1
15645,N52140 /1 undetected,output,,N52140,N52140,1,undetected,N52140,N52140,N52140,sa1,1
15646,N52137 /1 undetected,output,,N52137,N52137,1,undetected,N52137,N52137,N52137,sa1,1
15647,N52135 /1 undetected,output,,N52135,N52135,1,undetected,N52135,N52135,N52135,sa1,1
15648,N81039 /1 undetected,output,,N81039,N81039,1,undetected,N81039,N81039,N81039,sa1,1
15649,N52133 /1 undetected,output,,N52133,N52133,1,undetected,N52133,N52133,N52133,sa1,1
15650,N52131 /1 undetected,output,,N52131,N52131,1,undetected,N52131,N52131,N52131,sa1,1
15651,N120025 /1 undetected,output,,N120025,N120025,1,undetected,N120025,N120025,N120025,sa1,1
15652,N119842 /1 undetected,output,,N119842,N119842,1,undetected,N119842,N119842,N119842,sa1,1
15653,N52129 /1 undetected,output,,N52129,N52129,1,undetected,N52129,N52129,N52129,sa1,1
15654,N120027 /1 undetected,output,,N120027,N120027,1,undetected,N120027,N120027,N120027,sa1,1
15655,N119994 /1 undetected,output,,N119994,N119994,1,undetected,N119994,N119994,N119994,sa1,1
15656,N52127 /1 undetected,output,,N52127,N52127,1,undetected,N52127,N52127,N52127,sa1,1
15657,N108783 /1 undetected,output,,N108783,N108783,1,undetected,N108783,N108783,N108783,sa1,1
15658,N52126 /1 undetected,output,,N52126,N52126,1,undetected,N52126,N52126,N52126,sa1,1
15659,N89421 /1 undetected,output,,N89421,N89421,1,undetected,N89421,N89421,N89421,sa1,1
15660,N52124 /1 undetected,output,,N52124,N52124,1,undetected,N52124,N52124,N52124,sa1,1
15661,N52122 /1 undetected,output,,N52122,N52122,1,undetected,N52122,N52122,N52122,sa1,1
15662,N120026 /1 undetected,output,,N120026,N120026,1,undetected,N120026,N120026,N120026,sa1,1
15663,N119841 /1 undetected,output,,N119841,N119841,1,undetected,N119841,N119841,N119841,sa1,1
15664,N52119 /1 undetected,output,,N52119,N52119,1,undetected,N52119,N52119,N52119,sa1,1
15665,N120024 /1 undetected,output,,N120024,N120024,1,undetected,N120024,N120024,N120024,sa1,1
15666,N119993 /1 undetected,output,,N119993,N119993,1,undetected,N119993,N119993,N119993,sa1,1
15667,N120023 /1 undetected,output,,N120023,N120023,1,undetected,N120023,N120023,N120023,sa1,1
15668,N109555 /1 undetected,output,,N109555,N109555,1,undetected,N109555,N109555,N109555,sa1,1
15669,N52112 /1 undetected,output,,N52112,N52112,1,undetected,N52112,N52112,N52112,sa1,1
15670,N80049 /1 undetected,output,,N80049,N80049,1,undetected,N80049,N80049,N80049,sa1,1
15671,N52111 /1 undetected,output,,N52111,N52111,1,undetected,N52111,N52111,N52111,sa1,1
15672,N52107 /1 undetected,output,,N52107,N52107,1,undetected,N52107,N52107,N52107,sa1,1
15673,N108293 /1 undetected,output,,N108293,N108293,1,undetected,N108293,N108293,N108293,sa1,1
15674,N51854 /1 undetected,output,,N51854,N51854,1,undetected,N51854,N51854,N51854,sa1,1
15675,N108194 /1 undetected,output,,N108194,N108194,1,undetected,N108194,N108194,N108194,sa1,1
15676,N51853 /1 undetected,output,,N51853,N51853,1,undetected,N51853,N51853,N51853,sa1,1
15677,N89313 /1 undetected,output,,N89313,N89313,1,undetected,N89313,N89313,N89313,sa1,1
15678,N52105 /1 undetected,output,,N52105,N52105,1,undetected,N52105,N52105,N52105,sa1,1
15679,N81005 /1 undetected,output,,N81005,N81005,1,undetected,N81005,N81005,N81005,sa1,1
15680,N52101 /1 undetected,output,,N52101,N52101,1,undetected,N52101,N52101,N52101,sa1,1
15681,N52100 /1 undetected,output,,N52100,N52100,1,undetected,N52100,N52100,N52100,sa1,1
15682,N108188 /1 undetected,output,,N108188,N108188,1,undetected,N108188,N108188,N108188,sa1,1
15683,N112630 /1 undetected,output,,N112630,N112630,1,undetected,N112630,N112630,N112630,sa1,1
15684,N107609 /1 undetected,output,,N107609,N107609,1,undetected,N107609,N107609,N107609,sa1,1
15685,N91868 /1 undetected,output,,N91868,N91868,1,undetected,N91868,N91868,N91868,sa1,1
15686,N28070 /1 undetected,output,,N28070,N28070,1,undetected,N28070,N28070,N28070,sa1,1
15687,N52098 /1 undetected,output,,N52098,N52098,1,undetected,N52098,N52098,N52098,sa1,1
15688,N108355 /1 undetected,output,,N108355,N108355,1,undetected,N108355,N108355,N108355,sa1,1
15689,N52096 /1 undetected,output,,N52096,N52096,1,undetected,N52096,N52096,N52096,sa1,1
15690,N108292 /1 undetected,output,,N108292,N108292,1,undetected,N108292,N108292,N108292,sa1,1
15691,N52056 /1 undetected,output,,N52056,N52056,1,undetected,N52056,N52056,N52056,sa1,1
15692,N120021 /1 undetected,output,,N120021,N120021,1,undetected,N120021,N120021,N120021,sa1,1
15693,N108718 /1 undetected,output,,N108718,N108718,1,undetected,N108718,N108718,N108718,sa1,1
15694,N120018 /1 undetected,output,,N120018,N120018,1,undetected,N120018,N120018,N120018,sa1,1
15695,N108697 /1 undetected,output,,N108697,N108697,1,undetected,N108697,N108697,N108697,sa1,1
15696,N107233 /1 undetected,output,,N107233,N107233,1,undetected,N107233,N107233,N107233,sa1,1
15697,N107248 /1 undetected,output,,N107248,N107248,1,undetected,N107248,N107248,N107248,sa1,1
15698,N79937 /1 undetected,output,,N79937,N79937,1,undetected,N79937,N79937,N79937,sa1,1
15699,N88604 /1 undetected,output,,N88604,N88604,1,undetected,N88604,N88604,N88604,sa1,1
15700,N88662 /1 undetected,output,,N88662,N88662,1,undetected,N88662,N88662,N88662,sa1,1
15701,N107533 /1 undetected,output,,N107533,N107533,1,undetected,N107533,N107533,N107533,sa1,1
15702,N107571 /1 undetected,output,,N107571,N107571,1,undetected,N107571,N107571,N107571,sa1,1
15703,N80060 /1 undetected,output,,N80060,N80060,1,undetected,N80060,N80060,N80060,sa1,1
15704,N108294 /1 undetected,output,,N108294,N108294,1,undetected,N108294,N108294,N108294,sa1,1
15705,N108356 /1 undetected,output,,N108356,N108356,1,undetected,N108356,N108356,N108356,sa1,1
15706,N108189 /1 undetected,output,,N108189,N108189,1,undetected,N108189,N108189,N108189,sa1,1
15707,N108250 /1 undetected,output,,N108250,N108250,1,undetected,N108250,N108250,N108250,sa1,1
15708,N89110 /1 undetected,output,,N89110,N89110,1,undetected,N89110,N89110,N89110,sa1,1
15709,N108142 /1 undetected,output,,N108142,N108142,1,undetected,N108142,N108142,N108142,sa1,1
15710,N108110 /1 undetected,output,,N108110,N108110,1,undetected,N108110,N108110,N108110,sa1,1
15711,N80686 /1 undetected,output,,N80686,N80686,1,undetected,N80686,N80686,N80686,sa1,1
15712,N107681 /1 undetected,output,,N107681,N107681,1,undetected,N107681,N107681,N107681,sa1,1
15713,N107646 /1 undetected,output,,N107646,N107646,1,undetected,N107646,N107646,N107646,sa1,1
15714,N80150 /1 undetected,output,,N80150,N80150,1,undetected,N80150,N80150,N80150,sa1,1
15715,N88705 /1 undetected,output,,N88705,N88705,1,undetected,N88705,N88705,N88705,sa1,1
15716,N107556 /1 undetected,output,,N107556,N107556,1,undetected,N107556,N107556,N107556,sa1,1
15717,N107599 /1 undetected,output,,N107599,N107599,1,undetected,N107599,N107599,N107599,sa1,1
15718,N106994 /1 undetected,output,,N106994,N106994,1,undetected,N106994,N106994,N106994,sa1,1
15719,N106947 /1 undetected,output,,N106947,N106947,1,undetected,N106947,N106947,N106947,sa1,1
15720,N106902 /1 undetected,output,,N106902,N106902,1,undetected,N106902,N106902,N106902,sa1,1
15721,N106859 /1 undetected,output,,N106859,N106859,1,undetected,N106859,N106859,N106859,sa1,1
15722,N80250 /1 undetected,output,,N80250,N80250,1,undetected,N80250,N80250,N80250,sa1,1
15723,N88767 /1 undetected,output,,N88767,N88767,1,undetected,N88767,N88767,N88767,sa1,1
15724,N89068 /1 undetected,output,,N89068,N89068,1,undetected,N89068,N89068,N89068,sa1,1
15725,N108124 /1 undetected,output,,N108124,N108124,1,undetected,N108124,N108124,N108124,sa1,1
15726,N108080 /1 undetected,output,,N108080,N108080,1,undetected,N108080,N108080,N108080,sa1,1
15727,N80644 /1 undetected,output,,N80644,N80644,1,undetected,N80644,N80644,N80644,sa1,1
15728,N107663 /1 undetected,output,,N107663,N107663,1,undetected,N107663,N107663,N107663,sa1,1
15729,N107627 /1 undetected,output,,N107627,N107627,1,undetected,N107627,N107627,N107627,sa1,1
15730,N88671 /1 undetected,output,,N88671,N88671,1,undetected,N88671,N88671,N88671,sa1,1
15731,N107581 /1 undetected,output,,N107581,N107581,1,undetected,N107581,N107581,N107581,sa1,1
15732,N107538 /1 undetected,output,,N107538,N107538,1,undetected,N107538,N107538,N107538,sa1,1
15733,N80079 /1 undetected,output,,N80079,N80079,1,undetected,N80079,N80079,N80079,sa1,1
15734,N80691 /1 undetected,output,,N80691,N80691,1,undetected,N80691,N80691,N80691,sa1,1
15735,N107684 /1 undetected,output,,N107684,N107684,1,undetected,N107684,N107684,N107684,sa1,1
15736,N107649 /1 undetected,output,,N107649,N107649,1,undetected,N107649,N107649,N107649,sa1,1
15737,N107182 /1 undetected,output,,N107182,N107182,1,undetected,N107182,N107182,N107182,sa1,1
15738,N107220 /1 undetected,output,,N107220,N107220,1,undetected,N107220,N107220,N107220,sa1,1
15739,N107102 /1 undetected,output,,N107102,N107102,1,undetected,N107102,N107102,N107102,sa1,1
15740,N107139 /1 undetected,output,,N107139,N107139,1,undetected,N107139,N107139,N107139,sa1,1
15741,N111696 /1 undetected,output,,N111696,N111696,1,undetected,N111696,N111696,N111696,sa1,1
15742,N111711 /1 undetected,output,,N111711,N111711,1,undetected,N111711,N111711,N111711,sa1,1
15743,N111718 /1 undetected,output,,N111718,N111718,1,undetected,N111718,N111718,N111718,sa1,1
15744,N111707 /1 undetected,output,,N111707,N111707,1,undetected,N111707,N111707,N111707,sa1,1
15745,N80083 /1 undetected,output,,N80083,N80083,1,undetected,N80083,N80083,N80083,sa1,1
15746,N88673 /1 undetected,output,,N88673,N88673,1,undetected,N88673,N88673,N88673,sa1,1
15747,N107582 /1 undetected,output,,N107582,N107582,1,undetected,N107582,N107582,N107582,sa1,1
15748,N107539 /1 undetected,output,,N107539,N107539,1,undetected,N107539,N107539,N107539,sa1,1
15749,N51736 /0 undetected,output,,N51736,N51736,0,undetected,N51736,N51736,N51736,sa0,1
15750,N107172 /1 undetected,output,,N107172,N107172,1,undetected,N107172,N107172,N107172,sa1,1
15751,N51613 /1 undetected,output,,N51613,N51613,1,undetected,N51613,N51613,N51613,sa1,1
15752,N119877 /1 undetected,output,,N119877,N119877,1,undetected,N119877,N119877,N119877,sa1,1
15753,N51612 /1 undetected,output,,N51612,N51612,1,undetected,N51612,N51612,N51612,sa1,1
15754,N80328 /1 undetected,output,,N80328,N80328,1,undetected,N80328,N80328,N80328,sa1,1
15755,N107131 /1 undetected,output,,N107131,N107131,1,undetected,N107131,N107131,N107131,sa1,1
15756,N106262 /1 undetected,output,,N106262,N106262,1,undetected,N106262,N106262,N106262,sa1,1
15757,N106878 /1 undetected,output,,N106878,N106878,1,undetected,N106878,N106878,N106878,sa1,1
15758,N106311 /1 undetected,output,,N106311,N106311,1,undetected,N106311,N106311,N106311,sa1,1
15759,N88887 /1 undetected,output,,N88887,N88887,1,undetected,N88887,N88887,N88887,sa1,1
15760,N106909 /1 undetected,output,,N106909,N106909,1,undetected,N106909,N106909,N106909,sa1,1
15761,N106866 /1 undetected,output,,N106866,N106866,1,undetected,N106866,N106866,N106866,sa1,1
15762,N107001 /1 undetected,output,,N107001,N107001,1,undetected,N107001,N107001,N107001,sa1,1
15763,N106954 /1 undetected,output,,N106954,N106954,1,undetected,N106954,N106954,N106954,sa1,1
15764,N106908 /1 undetected,output,,N106908,N106908,1,undetected,N106908,N106908,N106908,sa1,1
15765,N106865 /1 undetected,output,,N106865,N106865,1,undetected,N106865,N106865,N106865,sa1,1
15766,N107000 /1 undetected,output,,N107000,N107000,1,undetected,N107000,N107000,N107000,sa1,1
15767,N106953 /1 undetected,output,,N106953,N106953,1,undetected,N106953,N106953,N106953,sa1,1
15768,N106907 /1 undetected,output,,N106907,N106907,1,undetected,N106907,N106907,N106907,sa1,1
15769,N106864 /1 undetected,output,,N106864,N106864,1,undetected,N106864,N106864,N106864,sa1,1
15770,N106999 /1 undetected,output,,N106999,N106999,1,undetected,N106999,N106999,N106999,sa1,1
15771,N106952 /1 undetected,output,,N106952,N106952,1,undetected,N106952,N106952,N106952,sa1,1
15772,N106904 /1 undetected,output,,N106904,N106904,1,undetected,N106904,N106904,N106904,sa1,1
15773,N106861 /1 undetected,output,,N106861,N106861,1,undetected,N106861,N106861,N106861,sa1,1
15774,N106996 /1 undetected,output,,N106996,N106996,1,undetected,N106996,N106996,N106996,sa1,1
15775,N106949 /1 undetected,output,,N106949,N106949,1,undetected,N106949,N106949,N106949,sa1,1
15776,N106903 /1 undetected,output,,N106903,N106903,1,undetected,N106903,N106903,N106903,sa1,1
15777,N106860 /1 undetected,output,,N106860,N106860,1,undetected,N106860,N106860,N106860,sa1,1
15778,N106995 /1 undetected,output,,N106995,N106995,1,undetected,N106995,N106995,N106995,sa1,1
15779,N106948 /1 undetected,output,,N106948,N106948,1,undetected,N106948,N106948,N106948,sa1,1
15780,N106892 /1 undetected,output,,N106892,N106892,1,undetected,N106892,N106892,N106892,sa1,1
15781,N106850 /1 undetected,output,,N106850,N106850,1,undetected,N106850,N106850,N106850,sa1,1
15782,N106985 /1 undetected,output,,N106985,N106985,1,undetected,N106985,N106985,N106985,sa1,1
15783,N106937 /1 undetected,output,,N106937,N106937,1,undetected,N106937,N106937,N106937,sa1,1
15784,N106890 /1 undetected,output,,N106890,N106890,1,undetected,N106890,N106890,N106890,sa1,1
15785,N106848 /1 undetected,output,,N106848,N106848,1,undetected,N106848,N106848,N106848,sa1,1
15786,N106983 /1 undetected,output,,N106983,N106983,1,undetected,N106983,N106983,N106983,sa1,1
15787,N106935 /1 undetected,output,,N106935,N106935,1,undetected,N106935,N106935,N106935,sa1,1
15788,N80090 /1 undetected,output,,N80090,N80090,1,undetected,N80090,N80090,N80090,sa1,1
15789,N88676 /1 undetected,output,,N88676,N88676,1,undetected,N88676,N88676,N88676,sa1,1
15790,N107541 /1 undetected,output,,N107541,N107541,1,undetected,N107541,N107541,N107541,sa1,1
15791,N107584 /1 undetected,output,,N107584,N107584,1,undetected,N107584,N107584,N107584,sa1,1
15792,N106883 /1 undetected,output,,N106883,N106883,1,undetected,N106883,N106883,N106883,sa1,1
15793,N106841 /1 undetected,output,,N106841,N106841,1,undetected,N106841,N106841,N106841,sa1,1
15794,N106976 /1 undetected,output,,N106976,N106976,1,undetected,N106976,N106976,N106976,sa1,1
15795,N106928 /1 undetected,output,,N106928,N106928,1,undetected,N106928,N106928,N106928,sa1,1
15796,N106973 /1 undetected,output,,N106973,N106973,1,undetected,N106973,N106973,N106973,sa1,1
15797,N106926 /1 undetected,output,,N106926,N106926,1,undetected,N106926,N106926,N106926,sa1,1
15798,N106881 /1 undetected,output,,N106881,N106881,1,undetected,N106881,N106881,N106881,sa1,1
15799,N106838 /1 undetected,output,,N106838,N106838,1,undetected,N106838,N106838,N106838,sa1,1
15800,N106971 /1 undetected,output,,N106971,N106971,1,undetected,N106971,N106971,N106971,sa1,1
15801,N106925 /1 undetected,output,,N106925,N106925,1,undetected,N106925,N106925,N106925,sa1,1
15802,N106880 /1 undetected,output,,N106880,N106880,1,undetected,N106880,N106880,N106880,sa1,1
15803,N106836 /1 undetected,output,,N106836,N106836,1,undetected,N106836,N106836,N106836,sa1,1
15804,N111454 /1 undetected,output,,N111454,N111454,1,undetected,N111454,N111454,N111454,sa1,1
15805,N111441 /1 undetected,output,,N111441,N111441,1,undetected,N111441,N111441,N111441,sa1,1
15806,N80190 /1 undetected,output,,N80190,N80190,1,undetected,N80190,N80190,N80190,sa1,1
15807,N88722 /1 undetected,output,,N88722,N88722,1,undetected,N88722,N88722,N88722,sa1,1
15808,N108190 /1 undetected,output,,N108190,N108190,1,undetected,N108190,N108190,N108190,sa1,1
15809,N108251 /1 undetected,output,,N108251,N108251,1,undetected,N108251,N108251,N108251,sa1,1
15810,N108295 /1 undetected,output,,N108295,N108295,1,undetected,N108295,N108295,N108295,sa1,1
15811,N108357 /1 undetected,output,,N108357,N108357,1,undetected,N108357,N108357,N108357,sa1,1
15812,N89093 /1 undetected,output,,N89093,N89093,1,undetected,N89093,N89093,N89093,sa1,1
15813,N108135 /1 undetected,output,,N108135,N108135,1,undetected,N108135,N108135,N108135,sa1,1
15814,N108098 /1 undetected,output,,N108098,N108098,1,undetected,N108098,N108098,N108098,sa1,1
15815,N80669 /1 undetected,output,,N80669,N80669,1,undetected,N80669,N80669,N80669,sa1,1
15816,N107674 /1 undetected,output,,N107674,N107674,1,undetected,N107674,N107674,N107674,sa1,1
15817,N107638 /1 undetected,output,,N107638,N107638,1,undetected,N107638,N107638,N107638,sa1,1
15818,N89071 /1 undetected,output,,N89071,N89071,1,undetected,N89071,N89071,N89071,sa1,1
15819,N108125 /1 undetected,output,,N108125,N108125,1,undetected,N108125,N108125,N108125,sa1,1
15820,N108081 /1 undetected,output,,N108081,N108081,1,undetected,N108081,N108081,N108081,sa1,1
15821,N80647 /1 undetected,output,,N80647,N80647,1,undetected,N80647,N80647,N80647,sa1,1
15822,N107664 /1 undetected,output,,N107664,N107664,1,undetected,N107664,N107664,N107664,sa1,1
15823,N107628 /1 undetected,output,,N107628,N107628,1,undetected,N107628,N107628,N107628,sa1,1
15824,N106877 /1 undetected,output,,N106877,N106877,1,undetected,N106877,N106877,N106877,sa1,1
15825,N106308 /1 undetected,output,,N106308,N106308,1,undetected,N106308,N106308,N106308,sa1,1
15826,N88886 /1 undetected,output,,N88886,N88886,1,undetected,N88886,N88886,N88886,sa1,1
15827,N80066 /1 undetected,output,,N80066,N80066,1,undetected,N80066,N80066,N80066,sa1,1
15828,N88664 /1 undetected,output,,N88664,N88664,1,undetected,N88664,N88664,N88664,sa1,1
15829,N107535 /1 undetected,output,,N107535,N107535,1,undetected,N107535,N107535,N107535,sa1,1
15830,N107572 /1 undetected,output,,N107572,N107572,1,undetected,N107572,N107572,N107572,sa1,1
15831,N80087 /1 undetected,output,,N80087,N80087,1,undetected,N80087,N80087,N80087,sa1,1
15832,N88675 /1 undetected,output,,N88675,N88675,1,undetected,N88675,N88675,N88675,sa1,1
15833,N107583 /1 undetected,output,,N107583,N107583,1,undetected,N107583,N107583,N107583,sa1,1
15834,N107540 /1 undetected,output,,N107540,N107540,1,undetected,N107540,N107540,N107540,sa1,1
15835,N111705 /1 undetected,output,,N111705,N111705,1,undetected,N111705,N111705,N111705,sa1,1
15836,N111716 /1 undetected,output,,N111716,N111716,1,undetected,N111716,N111716,N111716,sa1,1
15837,N51491 /1 undetected,output,,N51491,N51491,1,undetected,N51491,N51491,N51491,sa1,1
15838,N80168 /1 undetected,output,,N80168,N80168,1,undetected,N80168,N80168,N80168,sa1,1
15839,N88713 /1 undetected,output,,N88713,N88713,1,undetected,N88713,N88713,N88713,sa1,1
15840,N107603 /1 undetected,output,,N107603,N107603,1,undetected,N107603,N107603,N107603,sa1,1
15841,N107560 /1 undetected,output,,N107560,N107560,1,undetected,N107560,N107560,N107560,sa1,1
15842,N80164 /1 undetected,output,,N80164,N80164,1,undetected,N80164,N80164,N80164,sa1,1
15843,N88711 /1 undetected,output,,N88711,N88711,1,undetected,N88711,N88711,N88711,sa1,1
15844,N107602 /1 undetected,output,,N107602,N107602,1,undetected,N107602,N107602,N107602,sa1,1
15845,N107559 /1 undetected,output,,N107559,N107559,1,undetected,N107559,N107559,N107559,sa1,1
15846,N80159 /1 undetected,output,,N80159,N80159,1,undetected,N80159,N80159,N80159,sa1,1
15847,N88709 /1 undetected,output,,N88709,N88709,1,undetected,N88709,N88709,N88709,sa1,1
15848,N107601 /1 undetected,output,,N107601,N107601,1,undetected,N107601,N107601,N107601,sa1,1
15849,N107558 /1 undetected,output,,N107558,N107558,1,undetected,N107558,N107558,N107558,sa1,1
15850,N80155 /1 undetected,output,,N80155,N80155,1,undetected,N80155,N80155,N80155,sa1,1
15851,N88707 /1 undetected,output,,N88707,N88707,1,undetected,N88707,N88707,N88707,sa1,1
15852,N107600 /1 undetected,output,,N107600,N107600,1,undetected,N107600,N107600,N107600,sa1,1
15853,N107557 /1 undetected,output,,N107557,N107557,1,undetected,N107557,N107557,N107557,sa1,1
15854,N91836 /1 undetected,output,,N91836,N91836,1,undetected,N91836,N91836,N91836,sa1,1
15855,N80130 /1 undetected,output,,N80130,N80130,1,undetected,N80130,N80130,N80130,sa1,1
15856,N88695 /1 undetected,output,,N88695,N88695,1,undetected,N88695,N88695,N88695,sa1,1
15857,N107594 /1 undetected,output,,N107594,N107594,1,undetected,N107594,N107594,N107594,sa1,1
15858,N107551 /1 undetected,output,,N107551,N107551,1,undetected,N107551,N107551,N107551,sa1,1
15859,N80128 /1 undetected,output,,N80128,N80128,1,undetected,N80128,N80128,N80128,sa1,1
15860,N88694 /1 undetected,output,,N88694,N88694,1,undetected,N88694,N88694,N88694,sa1,1
15861,N107593 /1 undetected,output,,N107593,N107593,1,undetected,N107593,N107593,N107593,sa1,1
15862,N107550 /1 undetected,output,,N107550,N107550,1,undetected,N107550,N107550,N107550,sa1,1
15863,N80124 /1 undetected,output,,N80124,N80124,1,undetected,N80124,N80124,N80124,sa1,1
15864,N88692 /1 undetected,output,,N88692,N88692,1,undetected,N88692,N88692,N88692,sa1,1
15865,N107592 /1 undetected,output,,N107592,N107592,1,undetected,N107592,N107592,N107592,sa1,1
15866,N107549 /1 undetected,output,,N107549,N107549,1,undetected,N107549,N107549,N107549,sa1,1
15867,N80116 /1 undetected,output,,N80116,N80116,1,undetected,N80116,N80116,N80116,sa1,1
15868,N88688 /1 undetected,output,,N88688,N88688,1,undetected,N88688,N88688,N88688,sa1,1
15869,N107590 /1 undetected,output,,N107590,N107590,1,undetected,N107590,N107590,N107590,sa1,1
15870,N107547 /1 undetected,output,,N107547,N107547,1,undetected,N107547,N107547,N107547,sa1,1
15871,N89075 /1 undetected,output,,N89075,N89075,1,undetected,N89075,N89075,N89075,sa1,1
15872,N108127 /1 undetected,output,,N108127,N108127,1,undetected,N108127,N108127,N108127,sa1,1
15873,N108084 /1 undetected,output,,N108084,N108084,1,undetected,N108084,N108084,N108084,sa1,1
15874,N80651 /1 undetected,output,,N80651,N80651,1,undetected,N80651,N80651,N80651,sa1,1
15875,N107666 /1 undetected,output,,N107666,N107666,1,undetected,N107666,N107666,N107666,sa1,1
15876,N107630 /1 undetected,output,,N107630,N107630,1,undetected,N107630,N107630,N107630,sa1,1
15877,N80108 /1 undetected,output,,N80108,N80108,1,undetected,N80108,N80108,N80108,sa1,1
15878,N88684 /1 undetected,output,,N88684,N88684,1,undetected,N88684,N88684,N88684,sa1,1
15879,N107588 /1 undetected,output,,N107588,N107588,1,undetected,N107588,N107588,N107588,sa1,1
15880,N107545 /1 undetected,output,,N107545,N107545,1,undetected,N107545,N107545,N107545,sa1,1
15881,N80094 /1 undetected,output,,N80094,N80094,1,undetected,N80094,N80094,N80094,sa1,1
15882,N88678 /1 undetected,output,,N88678,N88678,1,undetected,N88678,N88678,N88678,sa1,1
15883,N107585 /1 undetected,output,,N107585,N107585,1,undetected,N107585,N107585,N107585,sa1,1
15884,N107542 /1 undetected,output,,N107542,N107542,1,undetected,N107542,N107542,N107542,sa1,1
15885,N107007 /1 undetected,output,,N107007,N107007,1,undetected,N107007,N107007,N107007,sa1,1
15886,N106960 /1 undetected,output,,N106960,N106960,1,undetected,N106960,N106960,N106960,sa1,1
15887,N107607 /1 undetected,output,,N107607,N107607,1,undetected,N107607,N107607,N107607,sa1,1
15888,N107564 /1 undetected,output,,N107564,N107564,1,undetected,N107564,N107564,N107564,sa1,1
15889,N107006 /1 undetected,output,,N107006,N107006,1,undetected,N107006,N107006,N107006,sa1,1
15890,N106959 /1 undetected,output,,N106959,N106959,1,undetected,N106959,N106959,N106959,sa1,1
15891,N107606 /1 undetected,output,,N107606,N107606,1,undetected,N107606,N107606,N107606,sa1,1
15892,N107563 /1 undetected,output,,N107563,N107563,1,undetected,N107563,N107563,N107563,sa1,1
15893,N106997 /1 undetected,output,,N106997,N106997,1,undetected,N106997,N106997,N106997,sa1,1
15894,N106950 /1 undetected,output,,N106950,N106950,1,undetected,N106950,N106950,N106950,sa1,1
15895,N106862 /1 undetected,output,,N106862,N106862,1,undetected,N106862,N106862,N106862,sa1,1
15896,N106905 /1 undetected,output,,N106905,N106905,1,undetected,N106905,N106905,N106905,sa1,1
15897,N106981 /1 undetected,output,,N106981,N106981,1,undetected,N106981,N106981,N106981,sa1,1
15898,N106933 /1 undetected,output,,N106933,N106933,1,undetected,N106933,N106933,N106933,sa1,1
15899,N106846 /1 undetected,output,,N106846,N106846,1,undetected,N106846,N106846,N106846,sa1,1
15900,N106888 /1 undetected,output,,N106888,N106888,1,undetected,N106888,N106888,N106888,sa1,1
15901,N106842 /1 undetected,output,,N106842,N106842,1,undetected,N106842,N106842,N106842,sa1,1
15902,N106884 /1 undetected,output,,N106884,N106884,1,undetected,N106884,N106884,N106884,sa1,1
15903,N106977 /1 undetected,output,,N106977,N106977,1,undetected,N106977,N106977,N106977,sa1,1
15904,N106929 /1 undetected,output,,N106929,N106929,1,undetected,N106929,N106929,N106929,sa1,1
15905,N107218 /1 undetected,output,,N107218,N107218,1,undetected,N107218,N107218,N107218,sa1,1
15906,N107230 /1 undetected,output,,N107230,N107230,1,undetected,N107230,N107230,N107230,sa1,1
15907,N107217 /1 undetected,output,,N107217,N107217,1,undetected,N107217,N107217,N107217,sa1,1
15908,N107229 /1 undetected,output,,N107229,N107229,1,undetected,N107229,N107229,N107229,sa1,1
15909,N107216 /1 undetected,output,,N107216,N107216,1,undetected,N107216,N107216,N107216,sa1,1
15910,N107228 /1 undetected,output,,N107228,N107228,1,undetected,N107228,N107228,N107228,sa1,1
15911,N51602 /1 undetected,output,,N51602,N51602,1,undetected,N51602,N51602,N51602,sa1,1
15912,N119876 /1 undetected,output,,N119876,N119876,1,undetected,N119876,N119876,N119876,sa1,1
15913,N51601 /1 undetected,output,,N51601,N51601,1,undetected,N51601,N51601,N51601,sa1,1
15914,N80327 /1 undetected,output,,N80327,N80327,1,undetected,N80327,N80327,N80327,sa1,1
15915,N91830 /1 undetected,output,,N91830,N91830,1,undetected,N91830,N91830,N91830,sa1,1
15916,N80136 /1 undetected,output,,N80136,N80136,1,undetected,N80136,N80136,N80136,sa1,1
15917,N88698 /1 undetected,output,,N88698,N88698,1,undetected,N88698,N88698,N88698,sa1,1
15918,N107595 /1 undetected,output,,N107595,N107595,1,undetected,N107595,N107595,N107595,sa1,1
15919,N107552 /1 undetected,output,,N107552,N107552,1,undetected,N107552,N107552,N107552,sa1,1
15920,N80120 /1 undetected,output,,N80120,N80120,1,undetected,N80120,N80120,N80120,sa1,1
15921,N88690 /1 undetected,output,,N88690,N88690,1,undetected,N88690,N88690,N88690,sa1,1
15922,N107591 /1 undetected,output,,N107591,N107591,1,undetected,N107591,N107591,N107591,sa1,1
15923,N107548 /1 undetected,output,,N107548,N107548,1,undetected,N107548,N107548,N107548,sa1,1
15924,N28083 /1 undetected,output,,N28083,N28083,1,undetected,N28083,N28083,N28083,sa1,1
15925,N91801 /1 undetected,output,,N91801,N91801,1,undetected,N91801,N91801,N91801,sa1,1
15926,N80621 /1 undetected,output,,N80621,N80621,1,undetected,N80621,N80621,N80621,sa1,1
15927,N107616 /1 undetected,output,,N107616,N107616,1,undetected,N107616,N107616,N107616,sa1,1
15928,N107653 /1 undetected,output,,N107653,N107653,1,undetected,N107653,N107653,N107653,sa1,1
15929,N80186 /1 undetected,output,,N80186,N80186,1,undetected,N80186,N80186,N80186,sa1,1
15930,N88720 /1 undetected,output,,N88720,N88720,1,undetected,N88720,N88720,N88720,sa1,1
15931,N107611 /1 undetected,output,,N107611,N107611,1,undetected,N107611,N107611,N107611,sa1,1
15932,N107566 /1 undetected,output,,N107566,N107566,1,undetected,N107566,N107566,N107566,sa1,1
15933,N52832 /0 undetected,output,,N52832,N52832,0,undetected,N52832,N52832,N52832,sa0,1
15934,N91874 /1 undetected,output,,N91874,N91874,1,undetected,N91874,N91874,N91874,sa1,1
15935,N108304 /1 undetected,output,,N108304,N108304,1,undetected,N108304,N108304,N108304,sa1,1
15936,N108261 /1 undetected,output,,N108261,N108261,1,undetected,N108261,N108261,N108261,sa1,1
15937,N108200 /1 undetected,output,,N108200,N108200,1,undetected,N108200,N108200,N108200,sa1,1
15938,N108158 /1 undetected,output,,N108158,N108158,1,undetected,N108158,N108158,N108158,sa1,1
15939,N80732 /1 undetected,output,,N80732,N80732,1,undetected,N80732,N80732,N80732,sa1,1
15940,N89154 /1 undetected,output,,N89154,N89154,1,undetected,N89154,N89154,N89154,sa1,1
15941,N51490 /0 undetected,output,,N51490,N51490,0,undetected,N51490,N51490,N51490,sa0,1
15942,N88719 /1 undetected,output,,N88719,N88719,1,undetected,N88719,N88719,N88719,sa1,1
15943,N51469 /1 undetected,output,,N51469,N51469,1,undetected,N51469,N51469,N51469,sa1,1
15944,N51468 /1 undetected,output,,N51468,N51468,1,undetected,N51468,N51468,N51468,sa1,1
15945,N107565 /1 undetected,output,,N107565,N107565,1,undetected,N107565,N107565,N107565,sa1,1
15946,N51466 /1 undetected,output,,N51466,N51466,1,undetected,N51466,N51466,N51466,sa1,1
15947,N107608 /1 undetected,output,,N107608,N107608,1,undetected,N107608,N107608,N107608,sa1,1
15948,N80180 /1 undetected,output,,N80180,N80180,1,undetected,N80180,N80180,N80180,sa1,1
15949,N51485 /1 undetected,output,,N51485,N51485,1,undetected,N51485,N51485,N51485,sa1,1
15950,N48240 /1 undetected,output,,N48240,N48240,1,undetected,N48240,N48240,N48240,sa1,1
15951,N91852 /1 undetected,output,,N91852,N91852,1,undetected,N91852,N91852,N91852,sa1,1
15952,N48236 /1 undetected,output,,N48236,N48236,1,undetected,N48236,N48236,N48236,sa1,1
15953,N48234 /1 undetected,output,,N48234,N48234,1,undetected,N48234,N48234,N48234,sa1,1
15954,N88397 /1 undetected,output,,N88397,N88397,1,undetected,N88397,N88397,N88397,sa1,1
15955,N82025 /1 undetected,output,,N82025,N82025,1,undetected,N82025,N82025,N82025,sa1,1
15956,N48233 /1 undetected,output,,N48233,N48233,1,undetected,N48233,N48233,N48233,sa1,1
15957,N90246 /1 undetected,output,,N90246,N90246,1,undetected,N90246,N90246,N90246,sa1,1
15958,N114961 /1 undetected,output,,N114961,N114961,1,undetected,N114961,N114961,N114961,sa1,1
15959,N35742 /1 undetected,output,,N35742,N35742,1,undetected,N35742,N35742,N35742,sa1,1
15960,N91816 /1 undetected,output,,N91816,N91816,1,undetected,N91816,N91816,N91816,sa1,1
15961,N35738 /1 undetected,output,,N35738,N35738,1,undetected,N35738,N35738,N35738,sa1,1
15962,N35736 /1 undetected,output,,N35736,N35736,1,undetected,N35736,N35736,N35736,sa1,1
15963,N90084 /1 undetected,output,,N90084,N90084,1,undetected,N90084,N90084,N90084,sa1,1
15964,N87620 /1 undetected,output,,N87620,N87620,1,undetected,N87620,N87620,N87620,sa1,1
15965,N35732 /1 undetected,output,,N35732,N35732,1,undetected,N35732,N35732,N35732,sa1,1
15966,N81862 /1 undetected,output,,N81862,N81862,1,undetected,N81862,N81862,N81862,sa1,1
15967,N35630 /1 undetected,output,,N35630,N35630,1,undetected,N35630,N35630,N35630,sa1,1
15968,N114960 /1 undetected,output,,N114960,N114960,1,undetected,N114960,N114960,N114960,sa1,1
15969,N80690 /1 undetected,output,,N80690,N80690,1,undetected,N80690,N80690,N80690,sa1,1
15970,N107683 /1 undetected,output,,N107683,N107683,1,undetected,N107683,N107683,N107683,sa1,1
15971,N107648 /1 undetected,output,,N107648,N107648,1,undetected,N107648,N107648,N107648,sa1,1
15972,N48146 /1 undetected,output,,N48146,N48146,1,undetected,N48146,N48146,N48146,sa1,1
15973,N91851 /1 undetected,output,,N91851,N91851,1,undetected,N91851,N91851,N91851,sa1,1
15974,N106910 /1 undetected,output,,N106910,N106910,1,undetected,N106910,N106910,N106910,sa1,1
15975,N106867 /1 undetected,output,,N106867,N106867,1,undetected,N106867,N106867,N106867,sa1,1
15976,N106955 /1 undetected,output,,N106955,N106955,1,undetected,N106955,N106955,N106955,sa1,1
15977,N107002 /1 undetected,output,,N107002,N107002,1,undetected,N107002,N107002,N107002,sa1,1
15978,N80781 /1 undetected,output,,N80781,N80781,1,undetected,N80781,N80781,N80781,sa1,1
15979,N89203 /1 undetected,output,,N89203,N89203,1,undetected,N89203,N89203,N89203,sa1,1
15980,N80779 /1 undetected,output,,N80779,N80779,1,undetected,N80779,N80779,N80779,sa1,1
15981,N89201 /1 undetected,output,,N89201,N89201,1,undetected,N89201,N89201,N89201,sa1,1
15982,N89199 /1 undetected,output,,N89199,N89199,1,undetected,N89199,N89199,N89199,sa1,1
15983,N80777 /1 undetected,output,,N80777,N80777,1,undetected,N80777,N80777,N80777,sa1,1
15984,N89097 /1 undetected,output,,N89097,N89097,1,undetected,N89097,N89097,N89097,sa1,1
15985,N108137 /1 undetected,output,,N108137,N108137,1,undetected,N108137,N108137,N108137,sa1,1
15986,N108100 /1 undetected,output,,N108100,N108100,1,undetected,N108100,N108100,N108100,sa1,1
15987,N80673 /1 undetected,output,,N80673,N80673,1,undetected,N80673,N80673,N80673,sa1,1
15988,N107676 /1 undetected,output,,N107676,N107676,1,undetected,N107676,N107676,N107676,sa1,1
15989,N107640 /1 undetected,output,,N107640,N107640,1,undetected,N107640,N107640,N107640,sa1,1
15990,N106901 /1 undetected,output,,N106901,N106901,1,undetected,N106901,N106901,N106901,sa1,1
15991,N106858 /1 undetected,output,,N106858,N106858,1,undetected,N106858,N106858,N106858,sa1,1
15992,N106946 /1 undetected,output,,N106946,N106946,1,undetected,N106946,N106946,N106946,sa1,1
15993,N106993 /1 undetected,output,,N106993,N106993,1,undetected,N106993,N106993,N106993,sa1,1
15994,N106900 /1 undetected,output,,N106900,N106900,1,undetected,N106900,N106900,N106900,sa1,1
15995,N106857 /1 undetected,output,,N106857,N106857,1,undetected,N106857,N106857,N106857,sa1,1
15996,N106945 /1 undetected,output,,N106945,N106945,1,undetected,N106945,N106945,N106945,sa1,1
15997,N106992 /1 undetected,output,,N106992,N106992,1,undetected,N106992,N106992,N106992,sa1,1
15998,N106899 /1 undetected,output,,N106899,N106899,1,undetected,N106899,N106899,N106899,sa1,1
15999,N106856 /1 undetected,output,,N106856,N106856,1,undetected,N106856,N106856,N106856,sa1,1
16000,N106944 /1 undetected,output,,N106944,N106944,1,undetected,N106944,N106944,N106944,sa1,1
16001,N106991 /1 undetected,output,,N106991,N106991,1,undetected,N106991,N106991,N106991,sa1,1
16002,N106898 /1 undetected,output,,N106898,N106898,1,undetected,N106898,N106898,N106898,sa1,1
16003,N106855 /1 undetected,output,,N106855,N106855,1,undetected,N106855,N106855,N106855,sa1,1
16004,N106943 /1 undetected,output,,N106943,N106943,1,undetected,N106943,N106943,N106943,sa1,1
16005,N106990 /1 undetected,output,,N106990,N106990,1,undetected,N106990,N106990,N106990,sa1,1
16006,N106897 /1 undetected,output,,N106897,N106897,1,undetected,N106897,N106897,N106897,sa1,1
16007,N106854 /1 undetected,output,,N106854,N106854,1,undetected,N106854,N106854,N106854,sa1,1
16008,N106942 /1 undetected,output,,N106942,N106942,1,undetected,N106942,N106942,N106942,sa1,1
16009,N106989 /1 undetected,output,,N106989,N106989,1,undetected,N106989,N106989,N106989,sa1,1
16010,N89179 /1 undetected,output,,N89179,N89179,1,undetected,N89179,N89179,N89179,sa1,1
16011,N80757 /1 undetected,output,,N80757,N80757,1,undetected,N80757,N80757,N80757,sa1,1
16012,N106896 /1 undetected,output,,N106896,N106896,1,undetected,N106896,N106896,N106896,sa1,1
16013,N106853 /1 undetected,output,,N106853,N106853,1,undetected,N106853,N106853,N106853,sa1,1
16014,N106941 /1 undetected,output,,N106941,N106941,1,undetected,N106941,N106941,N106941,sa1,1
16015,N106988 /1 undetected,output,,N106988,N106988,1,undetected,N106988,N106988,N106988,sa1,1
16016,N106894 /1 undetected,output,,N106894,N106894,1,undetected,N106894,N106894,N106894,sa1,1
16017,N106852 /1 undetected,output,,N106852,N106852,1,undetected,N106852,N106852,N106852,sa1,1
16018,N106939 /1 undetected,output,,N106939,N106939,1,undetected,N106939,N106939,N106939,sa1,1
16019,N106987 /1 undetected,output,,N106987,N106987,1,undetected,N106987,N106987,N106987,sa1,1
16020,N106893 /1 undetected,output,,N106893,N106893,1,undetected,N106893,N106893,N106893,sa1,1
16021,N106851 /1 undetected,output,,N106851,N106851,1,undetected,N106851,N106851,N106851,sa1,1
16022,N106938 /1 undetected,output,,N106938,N106938,1,undetected,N106938,N106938,N106938,sa1,1
16023,N106986 /1 undetected,output,,N106986,N106986,1,undetected,N106986,N106986,N106986,sa1,1
16024,N91815 /1 undetected,output,,N91815,N91815,1,undetected,N91815,N91815,N91815,sa1,1
16025,N89169 /1 undetected,output,,N89169,N89169,1,undetected,N89169,N89169,N89169,sa1,1
16026,N80747 /1 undetected,output,,N80747,N80747,1,undetected,N80747,N80747,N80747,sa1,1
16027,N106887 /1 undetected,output,,N106887,N106887,1,undetected,N106887,N106887,N106887,sa1,1
16028,N106845 /1 undetected,output,,N106845,N106845,1,undetected,N106845,N106845,N106845,sa1,1
16029,N106932 /1 undetected,output,,N106932,N106932,1,undetected,N106932,N106932,N106932,sa1,1
16030,N106980 /1 undetected,output,,N106980,N106980,1,undetected,N106980,N106980,N106980,sa1,1
16031,N106886 /1 undetected,output,,N106886,N106886,1,undetected,N106886,N106886,N106886,sa1,1
16032,N106844 /1 undetected,output,,N106844,N106844,1,undetected,N106844,N106844,N106844,sa1,1
16033,N106931 /1 undetected,output,,N106931,N106931,1,undetected,N106931,N106931,N106931,sa1,1
16034,N106979 /1 undetected,output,,N106979,N106979,1,undetected,N106979,N106979,N106979,sa1,1
16035,N89058 /1 undetected,output,,N89058,N89058,1,undetected,N89058,N89058,N89058,sa1,1
16036,N108119 /1 undetected,output,,N108119,N108119,1,undetected,N108119,N108119,N108119,sa1,1
16037,N108072 /1 undetected,output,,N108072,N108072,1,undetected,N108072,N108072,N108072,sa1,1
16038,N80634 /1 undetected,output,,N80634,N80634,1,undetected,N80634,N80634,N80634,sa1,1
16039,N107658 /1 undetected,output,,N107658,N107658,1,undetected,N107658,N107658,N107658,sa1,1
16040,N107621 /1 undetected,output,,N107621,N107621,1,undetected,N107621,N107621,N107621,sa1,1
16041,N112733 /1 undetected,output,,N112733,N112733,1,undetected,N112733,N112733,N112733,sa1,1
16042,N112742 /1 undetected,output,,N112742,N112742,1,undetected,N112742,N112742,N112742,sa1,1
16043,N51925 /1 undetected,output,,N51925,N51925,1,undetected,N51925,N51925,N51925,sa1,1
16044,N51924 /1 undetected,output,,N51924,N51924,1,undetected,N51924,N51924,N51924,sa1,1
16045,N51920 /1 undetected,output,,N51920,N51920,1,undetected,N51920,N51920,N51920,sa1,1
16046,N51919 /1 undetected,output,,N51919,N51919,1,undetected,N51919,N51919,N51919,sa1,1
16047,N109442 /1 undetected,output,,N109442,N109442,1,undetected,N109442,N109442,N109442,sa1,1
16048,N51915 /1 undetected,output,,N51915,N51915,1,undetected,N51915,N51915,N51915,sa1,1
16049,N80332 /1 undetected,output,,N80332,N80332,1,undetected,N80332,N80332,N80332,sa1,1
16050,N51911 /1 undetected,output,,N51911,N51911,1,undetected,N51911,N51911,N51911,sa1,1
16051,N106969 /1 undetected,output,,N106969,N106969,1,undetected,N106969,N106969,N106969,sa1,1
16052,N119252 /1 undetected,output,,N119252,N119252,1,undetected,N119252,N119252,N119252,sa1,1
16053,N80496 /1 undetected,output,,N80496,N80496,1,undetected,N80496,N80496,N80496,sa1,1
16054,N51876 /1 undetected,output,,N51876,N51876,1,undetected,N51876,N51876,N51876,sa1,1
16055,N80497 /1 undetected,output,,N80497,N80497,1,undetected,N80497,N80497,N80497,sa1,1
16056,N51868 /1 undetected,output,,N51868,N51868,1,undetected,N51868,N51868,N51868,sa1,1
16057,N51866 /1 undetected,output,,N51866,N51866,1,undetected,N51866,N51866,N51866,sa1,1
16058,N51908 /1 undetected,output,,N51908,N51908,1,undetected,N51908,N51908,N51908,sa1,1
16059,N80047 /1 undetected,output,,N80047,N80047,1,undetected,N80047,N80047,N80047,sa1,1
16060,N51904 /1 undetected,output,,N51904,N51904,1,undetected,N51904,N51904,N51904,sa1,1
16061,N51858 /1 undetected,output,,N51858,N51858,1,undetected,N51858,N51858,N51858,sa1,1
16062,N51902 /1 undetected,output,,N51902,N51902,1,undetected,N51902,N51902,N51902,sa1,1
16063,N80183 /1 undetected,output,,N80183,N80183,1,undetected,N80183,N80183,N80183,sa1,1
16064,N112712 /1 undetected,output,,N112712,N112712,1,undetected,N112712,N112712,N112712,sa1,1
16065,N51899 /1 undetected,output,,N51899,N51899,1,undetected,N51899,N51899,N51899,sa1,1
16066,N108842 /1 undetected,output,,N108842,N108842,1,undetected,N108842,N108842,N108842,sa1,1
16067,N51898 /1 undetected,output,,N51898,N51898,1,undetected,N51898,N51898,N51898,sa1,1
16068,N51896 /1 undetected,output,,N51896,N51896,1,undetected,N51896,N51896,N51896,sa1,1
16069,N80046 /1 undetected,output,,N80046,N80046,1,undetected,N80046,N80046,N80046,sa1,1
16070,N51856 /1 undetected,output,,N51856,N51856,1,undetected,N51856,N51856,N51856,sa1,1
16071,N51895 /1 undetected,output,,N51895,N51895,1,undetected,N51895,N51895,N51895,sa1,1
16072,N51891 /1 undetected,output,,N51891,N51891,1,undetected,N51891,N51891,N51891,sa1,1
16073,N112645 /1 undetected,output,,N112645,N112645,1,undetected,N112645,N112645,N112645,sa1,1
16074,N107025 /1 undetected,output,,N107025,N107025,1,undetected,N107025,N107025,N107025,sa1,1
16075,N107095 /1 undetected,output,,N107095,N107095,1,undetected,N107095,N107095,N107095,sa1,1
16076,N111706 /1 undetected,output,,N111706,N111706,1,undetected,N111706,N111706,N111706,sa1,1
16077,N111717 /1 undetected,output,,N111717,N111717,1,undetected,N111717,N111717,N111717,sa1,1
16078,N108073 /1 undetected,output,,N108073,N108073,1,undetected,N108073,N108073,N108073,sa1,1
16079,N89060 /1 undetected,output,,N89060,N89060,1,undetected,N89060,N89060,N89060,sa1,1
16080,N108120 /1 undetected,output,,N108120,N108120,1,undetected,N108120,N108120,N108120,sa1,1
16081,N107622 /1 undetected,output,,N107622,N107622,1,undetected,N107622,N107622,N107622,sa1,1
16082,N80636 /1 undetected,output,,N80636,N80636,1,undetected,N80636,N80636,N80636,sa1,1
16083,N107659 /1 undetected,output,,N107659,N107659,1,undetected,N107659,N107659,N107659,sa1,1
16084,N80188 /1 undetected,output,,N80188,N80188,1,undetected,N80188,N80188,N80188,sa1,1
16085,N88721 /1 undetected,output,,N88721,N88721,1,undetected,N88721,N88721,N88721,sa1,1
16086,N107612 /1 undetected,output,,N107612,N107612,1,undetected,N107612,N107612,N107612,sa1,1
16087,N107567 /1 undetected,output,,N107567,N107567,1,undetected,N107567,N107567,N107567,sa1,1
16088,N51773 /1 undetected,output,,N51773,N51773,1,undetected,N51773,N51773,N51773,sa1,1
16089,N51773 /0 undetected,output,,N51773,N51773,0,undetected,N51773,N51773,N51773,sa0,1
16090,N51771 /1 undetected,output,,N51771,N51771,1,undetected,N51771,N51771,N51771,sa1,1
16091,N80182 /1 undetected,output,,N80182,N80182,1,undetected,N80182,N80182,N80182,sa1,1
16092,N51767 /1 undetected,output,,N51767,N51767,1,undetected,N51767,N51767,N51767,sa1,1
16093,N119964 /1 undetected,output,,N119964,N119964,1,undetected,N119964,N119964,N119964,sa1,1
16094,N89042 /1 undetected,output,,N89042,N89042,1,undetected,N89042,N89042,N89042,sa1,1
16095,N51770 /1 undetected,output,,N51770,N51770,1,undetected,N51770,N51770,N51770,sa1,1
16096,N119960 /1 undetected,output,,N119960,N119960,1,undetected,N119960,N119960,N119960,sa1,1
16097,N80617 /1 undetected,output,,N80617,N80617,1,undetected,N80617,N80617,N80617,sa1,1
16098,N51731 /1 undetected,output,,N51731,N51731,1,undetected,N51731,N51731,N51731,sa1,1
16099,N51731 /0 undetected,output,,N51731,N51731,0,undetected,N51731,N51731,N51731,sa0,1
16100,N51729 /1 undetected,output,,N51729,N51729,1,undetected,N51729,N51729,N51729,sa1,1
16101,N79913 /1 undetected,output,,N79913,N79913,1,undetected,N79913,N79913,N79913,sa1,1
16102,N51725 /1 undetected,output,,N51725,N51725,1,undetected,N51725,N51725,N51725,sa1,1
16103,N119946 /1 undetected,output,,N119946,N119946,1,undetected,N119946,N119946,N119946,sa1,1
16104,N89399 /1 undetected,output,,N89399,N89399,1,undetected,N89399,N89399,N89399,sa1,1
16105,N51728 /1 undetected,output,,N51728,N51728,1,undetected,N51728,N51728,N51728,sa1,1
16106,N119942 /1 undetected,output,,N119942,N119942,1,undetected,N119942,N119942,N119942,sa1,1
16107,N81016 /1 undetected,output,,N81016,N81016,1,undetected,N81016,N81016,N81016,sa1,1
16108,N51777 /0 undetected,output,,N51777,N51777,0,undetected,N51777,N51777,N51777,sa0,1
16109,N89020 /1 undetected,output,,N89020,N89020,1,undetected,N89020,N89020,N89020,sa1,1
16110,N51774 /0 undetected,output,,N51774,N51774,0,undetected,N51774,N51774,N51774,sa0,1
16111,N80594 /1 undetected,output,,N80594,N80594,1,undetected,N80594,N80594,N80594,sa1,1
16112,N89189 /1 undetected,output,,N89189,N89189,1,undetected,N89189,N89189,N89189,sa1,1
16113,N80767 /1 undetected,output,,N80767,N80767,1,undetected,N80767,N80767,N80767,sa1,1
16114,N80759 /1 undetected,output,,N80759,N80759,1,undetected,N80759,N80759,N80759,sa1,1
16115,N89181 /1 undetected,output,,N89181,N89181,1,undetected,N89181,N89181,N89181,sa1,1
16116,N89063 /1 undetected,output,,N89063,N89063,1,undetected,N89063,N89063,N89063,sa1,1
16117,N108077 /1 undetected,output,,N108077,N108077,1,undetected,N108077,N108077,N108077,sa1,1
16118,N108122 /1 undetected,output,,N108122,N108122,1,undetected,N108122,N108122,N108122,sa1,1
16119,N80639 /1 undetected,output,,N80639,N80639,1,undetected,N80639,N80639,N80639,sa1,1
16120,N107625 /1 undetected,output,,N107625,N107625,1,undetected,N107625,N107625,N107625,sa1,1
16121,N107661 /1 undetected,output,,N107661,N107661,1,undetected,N107661,N107661,N107661,sa1,1
16122,N31387 /0 undetected,output,,N31387,N31387,0,undetected,N31387,N31387,N31387,sa0,1
16123,N113865 /1 undetected,output,,N113865,N113865,1,undetected,N113865,N113865,N113865,sa1,1
16124,N113701 /1 undetected,output,,N113701,N113701,1,undetected,N113701,N113701,N113701,sa1,1
16125,N109524 /1 undetected,output,,N109524,N109524,1,undetected,N109524,N109524,N109524,sa1,1
16126,N109357 /1 undetected,output,,N109357,N109357,1,undetected,N109357,N109357,N109357,sa1,1
16127,N109369 /1 undetected,output,,N109369,N109369,1,undetected,N109369,N109369,N109369,sa1,1
16128,N109485 /1 undetected,output,,N109485,N109485,1,undetected,N109485,N109485,N109485,sa1,1
16129,N43877 /1 undetected,output,,N43877,N43877,1,undetected,N43877,N43877,N43877,sa1,1
16130,N90215 /1 undetected,output,,N90215,N90215,1,undetected,N90215,N90215,N90215,sa1,1
16131,N43874 /1 undetected,output,,N43874,N43874,1,undetected,N43874,N43874,N43874,sa1,1
16132,N112331 /1 undetected,output,,N112331,N112331,1,undetected,N112331,N112331,N112331,sa1,1
16133,N87695 /1 undetected,output,,N87695,N87695,1,undetected,N87695,N87695,N87695,sa1,1
16134,N43870 /1 undetected,output,,N43870,N43870,1,undetected,N43870,N43870,N43870,sa1,1
16135,N90214 /1 undetected,output,,N90214,N90214,1,undetected,N90214,N90214,N90214,sa1,1
16136,N28064 /1 undetected,output,,N28064,N28064,1,undetected,N28064,N28064,N28064,sa1,1
16137,N32519 /1 undetected,output,,N32519,N32519,1,undetected,N32519,N32519,N32519,sa1,1
16138,N117116 /1 undetected,output,,N117116,N117116,1,undetected,N117116,N117116,N117116,sa1,1
16139,N91833 /1 undetected,output,,N91833,N91833,1,undetected,N91833,N91833,N91833,sa1,1
16140,N42865 /1 undetected,output,,N42865,N42865,1,undetected,N42865,N42865,N42865,sa1,1
16141,N91831 /1 undetected,output,,N91831,N91831,1,undetected,N91831,N91831,N91831,sa1,1
16142,N116994 /1 undetected,output,,N116994,N116994,1,undetected,N116994,N116994,N116994,sa1,1
16143,N90199 /1 undetected,output,,N90199,N90199,1,undetected,N90199,N90199,N90199,sa1,1
16144,N42858 /1 undetected,output,,N42858,N42858,1,undetected,N42858,N42858,N42858,sa1,1
16145,N81956 /1 undetected,output,,N81956,N81956,1,undetected,N81956,N81956,N81956,sa1,1
16146,N42857 /1 undetected,output,,N42857,N42857,1,undetected,N42857,N42857,N42857,sa1,1
16147,N106813 /1 undetected,output,,N106813,N106813,1,undetected,N106813,N106813,N106813,sa1,1
16148,N106191 /1 undetected,output,,N106191,N106191,1,undetected,N106191,N106191,N106191,sa1,1
16149,N87608 /1 undetected,output,,N87608,N87608,1,undetected,N87608,N87608,N87608,sa1,1
16150,N42853 /1 undetected,output,,N42853,N42853,1,undetected,N42853,N42853,N42853,sa1,1
16151,N42851 /1 undetected,output,,N42851,N42851,1,undetected,N42851,N42851,N42851,sa1,1
16152,N84612 /1 undetected,output,,N84612,N84612,1,undetected,N84612,N84612,N84612,sa1,1
16153,N42850 /1 undetected,output,,N42850,N42850,1,undetected,N42850,N42850,N42850,sa1,1
16154,N111623 /1 undetected,output,,N111623,N111623,1,undetected,N111623,N111623,N111623,sa1,1
16155,N78730 /1 undetected,output,,N78730,N78730,1,undetected,N78730,N78730,N78730,sa1,1
16156,N42848 /1 undetected,output,,N42848,N42848,1,undetected,N42848,N42848,N42848,sa1,1
16157,N111649 /1 undetected,output,,N111649,N111649,1,undetected,N111649,N111649,N111649,sa1,1
16158,N87607 /1 undetected,output,,N87607,N87607,1,undetected,N87607,N87607,N87607,sa1,1
16159,N115165 /1 undetected,output,,N115165,N115165,1,undetected,N115165,N115165,N115165,sa1,1
16160,N91819 /1 undetected,output,,N91819,N91819,1,undetected,N91819,N91819,N91819,sa1,1
16161,N52839 /1 undetected,output,,N52839,N52839,1,undetected,N52839,N52839,N52839,sa1,1
16162,N91864 /1 undetected,output,,N91864,N91864,1,undetected,N91864,N91864,N91864,sa1,1
16163,N50669 /1 undetected,output,,N50669,N50669,1,undetected,N50669,N50669,N50669,sa1,1
16164,N92404 /1 undetected,output,,N92404,N92404,1,undetected,N92404,N92404,N92404,sa1,1
16165,N106790 /1 undetected,output,,N106790,N106790,1,undetected,N106790,N106790,N106790,sa1,1
16166,N88151 /1 undetected,output,,N88151,N88151,1,undetected,N88151,N88151,N88151,sa1,1
16167,N50666 /1 undetected,output,,N50666,N50666,1,undetected,N50666,N50666,N50666,sa1,1
16168,N106759 /1 undetected,output,,N106759,N106759,1,undetected,N106759,N106759,N106759,sa1,1
16169,N79236 /1 undetected,output,,N79236,N79236,1,undetected,N79236,N79236,N79236,sa1,1
16170,N50658 /1 undetected,output,,N50658,N50658,1,undetected,N50658,N50658,N50658,sa1,1
16171,N50656 /1 undetected,output,,N50656,N50656,1,undetected,N50656,N50656,N50656,sa1,1
16172,N106597 /1 undetected,output,,N106597,N106597,1,undetected,N106597,N106597,N106597,sa1,1
16173,N79235 /1 undetected,output,,N79235,N79235,1,undetected,N79235,N79235,N79235,sa1,1
16174,N97782 /1 undetected,output,,N97782,N97782,1,undetected,N97782,N97782,N97782,sa1,1
16175,N88149 /1 undetected,output,,N88149,N88149,1,undetected,N88149,N88149,N88149,sa1,1
16176,N50651 /1 undetected,output,,N50651,N50651,1,undetected,N50651,N50651,N50651,sa1,1
16177,N91863 /1 undetected,output,,N91863,N91863,1,undetected,N91863,N91863,N91863,sa1,1
16178,N90297 /1 undetected,output,,N90297,N90297,1,undetected,N90297,N90297,N90297,sa1,1
16179,N82110 /1 undetected,output,,N82110,N82110,1,undetected,N82110,N82110,N82110,sa1,1
16180,N50562 /1 undetected,output,,N50562,N50562,1,undetected,N50562,N50562,N50562,sa1,1
16181,N91862 /1 undetected,output,,N91862,N91862,1,undetected,N91862,N91862,N91862,sa1,1
16182,N112316 /1 undetected,output,,N112316,N112316,1,undetected,N112316,N112316,N112316,sa1,1
16183,N50559 /1 undetected,output,,N50559,N50559,1,undetected,N50559,N50559,N50559,sa1,1
16184,N107788 /1 undetected,output,,N107788,N107788,1,undetected,N107788,N107788,N107788,sa1,1
16185,N88148 /1 undetected,output,,N88148,N88148,1,undetected,N88148,N88148,N88148,sa1,1
16186,N92726 /1 undetected,output,,N92726,N92726,1,undetected,N92726,N92726,N92726,sa1,1
16187,N107907 /1 undetected,output,,N107907,N107907,1,undetected,N107907,N107907,N107907,sa1,1
16188,N50552 /1 undetected,output,,N50552,N50552,1,undetected,N50552,N50552,N50552,sa1,1
16189,N79232 /1 undetected,output,,N79232,N79232,1,undetected,N79232,N79232,N79232,sa1,1
16190,N90294 /1 undetected,output,,N90294,N90294,1,undetected,N90294,N90294,N90294,sa1,1
16191,N82096 /1 undetected,output,,N82096,N82096,1,undetected,N82096,N82096,N82096,sa1,1
16192,N91858 /1 undetected,output,,N91858,N91858,1,undetected,N91858,N91858,N91858,sa1,1
16193,N111616 /1 undetected,output,,N111616,N111616,1,undetected,N111616,N111616,N111616,sa1,1
16194,N97799 /1 undetected,output,,N97799,N97799,1,undetected,N97799,N97799,N97799,sa1,1
16195,N50238 /1 undetected,output,,N50238,N50238,1,undetected,N50238,N50238,N50238,sa1,1
16196,N84627 /1 undetected,output,,N84627,N84627,1,undetected,N84627,N84627,N84627,sa1,1
16197,N50236 /1 undetected,output,,N50236,N50236,1,undetected,N50236,N50236,N50236,sa1,1
16198,N106789 /1 undetected,output,,N106789,N106789,1,undetected,N106789,N106789,N106789,sa1,1
16199,N88034 /1 undetected,output,,N88034,N88034,1,undetected,N88034,N88034,N88034,sa1,1
16200,N50234 /1 undetected,output,,N50234,N50234,1,undetected,N50234,N50234,N50234,sa1,1
16201,N79083 /1 undetected,output,,N79083,N79083,1,undetected,N79083,N79083,N79083,sa1,1
16202,N106600 /1 undetected,output,,N106600,N106600,1,undetected,N106600,N106600,N106600,sa1,1
16203,N50230 /1 undetected,output,,N50230,N50230,1,undetected,N50230,N50230,N50230,sa1,1
16204,N106758 /1 undetected,output,,N106758,N106758,1,undetected,N106758,N106758,N106758,sa1,1
16205,N97798 /1 undetected,output,,N97798,N97798,1,undetected,N97798,N97798,N97798,sa1,1
16206,N112908 /1 undetected,output,,N112908,N112908,1,undetected,N112908,N112908,N112908,sa1,1
16207,N106200 /1 undetected,output,,N106200,N106200,1,undetected,N106200,N106200,N106200,sa1,1
16208,N90283 /1 undetected,output,,N90283,N90283,1,undetected,N90283,N90283,N90283,sa1,1
16209,N117585 /1 undetected,output,,N117585,N117585,1,undetected,N117585,N117585,N117585,sa1,1
16210,N112907 /1 undetected,output,,N112907,N112907,1,undetected,N112907,N112907,N112907,sa1,1
16211,N44691 /1 undetected,output,,N44691,N44691,1,undetected,N44691,N44691,N44691,sa1,1
16212,N84615 /1 undetected,output,,N84615,N84615,1,undetected,N84615,N84615,N84615,sa1,1
16213,N44688 /1 undetected,output,,N44688,N44688,1,undetected,N44688,N44688,N44688,sa1,1
16214,N111632 /1 undetected,output,,N111632,N111632,1,undetected,N111632,N111632,N111632,sa1,1
16215,N86280 /1 undetected,output,,N86280,N86280,1,undetected,N86280,N86280,N86280,sa1,1
16216,N44686 /1 undetected,output,,N44686,N44686,1,undetected,N44686,N44686,N44686,sa1,1
16217,N111658 /1 undetected,output,,N111658,N111658,1,undetected,N111658,N111658,N111658,sa1,1
16218,N76572 /1 undetected,output,,N76572,N76572,1,undetected,N76572,N76572,N76572,sa1,1
16219,N117586 /1 undetected,output,,N117586,N117586,1,undetected,N117586,N117586,N117586,sa1,1
16220,N114476 /1 undetected,output,,N114476,N114476,1,undetected,N114476,N114476,N114476,sa1,1
16221,N34156 /1 undetected,output,,N34156,N34156,1,undetected,N34156,N34156,N34156,sa1,1
16222,N112906 /1 undetected,output,,N112906,N112906,1,undetected,N112906,N112906,N112906,sa1,1
16223,N34152 /1 undetected,output,,N34152,N34152,1,undetected,N34152,N34152,N34152,sa1,1
16224,N84591 /1 undetected,output,,N84591,N84591,1,undetected,N84591,N84591,N84591,sa1,1
16225,N34149 /1 undetected,output,,N34149,N34149,1,undetected,N34149,N34149,N34149,sa1,1
16226,N111631 /1 undetected,output,,N111631,N111631,1,undetected,N111631,N111631,N111631,sa1,1
16227,N86252 /1 undetected,output,,N86252,N86252,1,undetected,N86252,N86252,N86252,sa1,1
16228,N34147 /1 undetected,output,,N34147,N34147,1,undetected,N34147,N34147,N34147,sa1,1
16229,N111657 /1 undetected,output,,N111657,N111657,1,undetected,N111657,N111657,N111657,sa1,1
16230,N76536 /1 undetected,output,,N76536,N76536,1,undetected,N76536,N76536,N76536,sa1,1
16231,N114477 /1 undetected,output,,N114477,N114477,1,undetected,N114477,N114477,N114477,sa1,1
16232,N112902 /1 undetected,output,,N112902,N112902,1,undetected,N112902,N112902,N112902,sa1,1
16233,N112901 /1 undetected,output,,N112901,N112901,1,undetected,N112901,N112901,N112901,sa1,1
16234,N112905 /1 undetected,output,,N112905,N112905,1,undetected,N112905,N112905,N112905,sa1,1
16235,N29192 /1 undetected,output,,N29192,N29192,1,undetected,N29192,N29192,N29192,sa1,1
16236,N84543 /1 undetected,output,,N84543,N84543,1,undetected,N84543,N84543,N84543,sa1,1
16237,N111629 /1 undetected,output,,N111629,N111629,1,undetected,N111629,N111629,N111629,sa1,1
16238,N86229 /1 undetected,output,,N86229,N86229,1,undetected,N86229,N86229,N86229,sa1,1
16239,N29187 /1 undetected,output,,N29187,N29187,1,undetected,N29187,N29187,N29187,sa1,1
16240,N111656 /1 undetected,output,,N111656,N111656,1,undetected,N111656,N111656,N111656,sa1,1
16241,N76508 /1 undetected,output,,N76508,N76508,1,undetected,N76508,N76508,N76508,sa1,1
16242,N80207 /1 undetected,output,,N80207,N80207,1,undetected,N80207,N80207,N80207,sa1,1
16243,N88732 /1 undetected,output,,N88732,N88732,1,undetected,N88732,N88732,N88732,sa1,1
16244,N88831 /1 undetected,output,,N88831,N88831,1,undetected,N88831,N88831,N88831,sa1,1
16245,N80338 /1 undetected,output,,N80338,N80338,1,undetected,N80338,N80338,N80338,sa1,1
16246,N80625 /1 undetected,output,,N80625,N80625,1,undetected,N80625,N80625,N80625,sa1,1
16247,N107655 /1 undetected,output,,N107655,N107655,1,undetected,N107655,N107655,N107655,sa1,1
16248,N107617 /1 undetected,output,,N107617,N107617,1,undetected,N107617,N107617,N107617,sa1,1
16249,N89049 /1 undetected,output,,N89049,N89049,1,undetected,N89049,N89049,N89049,sa1,1
16250,N108116 /1 undetected,output,,N108116,N108116,1,undetected,N108116,N108116,N108116,sa1,1
16251,N108067 /1 undetected,output,,N108067,N108067,1,undetected,N108067,N108067,N108067,sa1,1
16252,N89045 /1 undetected,output,,N89045,N89045,1,undetected,N89045,N89045,N89045,sa1,1
16253,N108115 /1 undetected,output,,N108115,N108115,1,undetected,N108115,N108115,N108115,sa1,1
16254,N108066 /1 undetected,output,,N108066,N108066,1,undetected,N108066,N108066,N108066,sa1,1
16255,N88829 /1 undetected,output,,N88829,N88829,1,undetected,N88829,N88829,N88829,sa1,1
16256,N80334 /1 undetected,output,,N80334,N80334,1,undetected,N80334,N80334,N80334,sa1,1
16257,N52857 /0 undetected,output,,N52857,N52857,0,undetected,N52857,N52857,N52857,sa0,1
16258,N91877 /1 undetected,output,,N91877,N91877,1,undetected,N91877,N91877,N91877,sa1,1
16259,N91848 /1 undetected,output,,N91848,N91848,1,undetected,N91848,N91848,N91848,sa1,1
16260,N82054 /1 undetected,output,,N82054,N82054,1,undetected,N82054,N82054,N82054,sa1,1
16261,N106818 /1 undetected,output,,N106818,N106818,1,undetected,N106818,N106818,N106818,sa1,1
16262,N47116 /1 undetected,output,,N47116,N47116,1,undetected,N47116,N47116,N47116,sa1,1
16263,N84622 /1 undetected,output,,N84622,N84622,1,undetected,N84622,N84622,N84622,sa1,1
16264,N47115 /1 undetected,output,,N47115,N47115,1,undetected,N47115,N47115,N47115,sa1,1
16265,N79439 /1 undetected,output,,N79439,N79439,1,undetected,N79439,N79439,N79439,sa1,1
16266,N47113 /1 undetected,output,,N47113,N47113,1,undetected,N47113,N47113,N47113,sa1,1
16267,N111654 /1 undetected,output,,N111654,N111654,1,undetected,N111654,N111654,N111654,sa1,1
16268,N47111 /1 undetected,output,,N47111,N47111,1,undetected,N47111,N47111,N47111,sa1,1
16269,N90263 /1 undetected,output,,N90263,N90263,1,undetected,N90263,N90263,N90263,sa1,1
16270,N89106 /1 undetected,output,,N89106,N89106,1,undetected,N89106,N89106,N89106,sa1,1
16271,N108140 /1 undetected,output,,N108140,N108140,1,undetected,N108140,N108140,N108140,sa1,1
16272,N108107 /1 undetected,output,,N108107,N108107,1,undetected,N108107,N108107,N108107,sa1,1
16273,N80682 /1 undetected,output,,N80682,N80682,1,undetected,N80682,N80682,N80682,sa1,1
16274,N107679 /1 undetected,output,,N107679,N107679,1,undetected,N107679,N107679,N107679,sa1,1
16275,N107644 /1 undetected,output,,N107644,N107644,1,undetected,N107644,N107644,N107644,sa1,1
16276,N91845 /1 undetected,output,,N91845,N91845,1,undetected,N91845,N91845,N91845,sa1,1
16277,N82019 /1 undetected,output,,N82019,N82019,1,undetected,N82019,N82019,N82019,sa1,1
16278,N46403 /1 undetected,output,,N46403,N46403,1,undetected,N46403,N46403,N46403,sa1,1
16279,N106817 /1 undetected,output,,N106817,N106817,1,undetected,N106817,N106817,N106817,sa1,1
16280,N46401 /1 undetected,output,,N46401,N46401,1,undetected,N46401,N46401,N46401,sa1,1
16281,N46399 /1 undetected,output,,N46399,N46399,1,undetected,N46399,N46399,N46399,sa1,1
16282,N84619 /1 undetected,output,,N84619,N84619,1,undetected,N84619,N84619,N84619,sa1,1
16283,N46398 /1 undetected,output,,N46398,N46398,1,undetected,N46398,N46398,N46398,sa1,1
16284,N111627 /1 undetected,output,,N111627,N111627,1,undetected,N111627,N111627,N111627,sa1,1
16285,N78719 /1 undetected,output,,N78719,N78719,1,undetected,N78719,N78719,N78719,sa1,1
16286,N111653 /1 undetected,output,,N111653,N111653,1,undetected,N111653,N111653,N111653,sa1,1
16287,N87595 /1 undetected,output,,N87595,N87595,1,undetected,N87595,N87595,N87595,sa1,1
16288,N90242 /1 undetected,output,,N90242,N90242,1,undetected,N90242,N90242,N90242,sa1,1
16289,N89103 /1 undetected,output,,N89103,N89103,1,undetected,N89103,N89103,N89103,sa1,1
16290,N108139 /1 undetected,output,,N108139,N108139,1,undetected,N108139,N108139,N108139,sa1,1
16291,N108105 /1 undetected,output,,N108105,N108105,1,undetected,N108105,N108105,N108105,sa1,1
16292,N80679 /1 undetected,output,,N80679,N80679,1,undetected,N80679,N80679,N80679,sa1,1
16293,N107678 /1 undetected,output,,N107678,N107678,1,undetected,N107678,N107678,N107678,sa1,1
16294,N107643 /1 undetected,output,,N107643,N107643,1,undetected,N107643,N107643,N107643,sa1,1
16295,N91842 /1 undetected,output,,N91842,N91842,1,undetected,N91842,N91842,N91842,sa1,1
16296,N45688 /1 undetected,output,,N45688,N45688,1,undetected,N45688,N45688,N45688,sa1,1
16297,N82003 /1 undetected,output,,N82003,N82003,1,undetected,N82003,N82003,N82003,sa1,1
16298,N117868 /1 undetected,output,,N117868,N117868,1,undetected,N117868,N117868,N117868,sa1,1
16299,N106816 /1 undetected,output,,N106816,N106816,1,undetected,N106816,N106816,N106816,sa1,1
16300,N45683 /1 undetected,output,,N45683,N45683,1,undetected,N45683,N45683,N45683,sa1,1
16301,N45681 /1 undetected,output,,N45681,N45681,1,undetected,N45681,N45681,N45681,sa1,1
16302,N84617 /1 undetected,output,,N84617,N84617,1,undetected,N84617,N84617,N84617,sa1,1
16303,N45680 /1 undetected,output,,N45680,N45680,1,undetected,N45680,N45680,N45680,sa1,1
16304,N111626 /1 undetected,output,,N111626,N111626,1,undetected,N111626,N111626,N111626,sa1,1
16305,N79398 /1 undetected,output,,N79398,N79398,1,undetected,N79398,N79398,N79398,sa1,1
16306,N45678 /1 undetected,output,,N45678,N45678,1,undetected,N45678,N45678,N45678,sa1,1
16307,N111652 /1 undetected,output,,N111652,N111652,1,undetected,N111652,N111652,N111652,sa1,1
16308,N88342 /1 undetected,output,,N88342,N88342,1,undetected,N88342,N88342,N88342,sa1,1
16309,N90231 /1 undetected,output,,N90231,N90231,1,undetected,N90231,N90231,N90231,sa1,1
16310,N89100 /1 undetected,output,,N89100,N89100,1,undetected,N89100,N89100,N89100,sa1,1
16311,N108138 /1 undetected,output,,N108138,N108138,1,undetected,N108138,N108138,N108138,sa1,1
16312,N108103 /1 undetected,output,,N108103,N108103,1,undetected,N108103,N108103,N108103,sa1,1
16313,N80676 /1 undetected,output,,N80676,N80676,1,undetected,N80676,N80676,N80676,sa1,1
16314,N107677 /1 undetected,output,,N107677,N107677,1,undetected,N107677,N107677,N107677,sa1,1
16315,N107642 /1 undetected,output,,N107642,N107642,1,undetected,N107642,N107642,N107642,sa1,1
16316,N91837 /1 undetected,output,,N91837,N91837,1,undetected,N91837,N91837,N91837,sa1,1
16317,N43980 /1 undetected,output,,N43980,N43980,1,undetected,N43980,N43980,N43980,sa1,1
16318,N81984 /1 undetected,output,,N81984,N81984,1,undetected,N81984,N81984,N81984,sa1,1
16319,N43977 /1 undetected,output,,N43977,N43977,1,undetected,N43977,N43977,N43977,sa1,1
16320,N106815 /1 undetected,output,,N106815,N106815,1,undetected,N106815,N106815,N106815,sa1,1
16321,N43975 /1 undetected,output,,N43975,N43975,1,undetected,N43975,N43975,N43975,sa1,1
16322,N106193 /1 undetected,output,,N106193,N106193,1,undetected,N106193,N106193,N106193,sa1,1
16323,N87697 /1 undetected,output,,N87697,N87697,1,undetected,N87697,N87697,N87697,sa1,1
16324,N43973 /1 undetected,output,,N43973,N43973,1,undetected,N43973,N43973,N43973,sa1,1
16325,N43971 /1 undetected,output,,N43971,N43971,1,undetected,N43971,N43971,N43971,sa1,1
16326,N84614 /1 undetected,output,,N84614,N84614,1,undetected,N84614,N84614,N84614,sa1,1
16327,N43970 /1 undetected,output,,N43970,N43970,1,undetected,N43970,N43970,N43970,sa1,1
16328,N111625 /1 undetected,output,,N111625,N111625,1,undetected,N111625,N111625,N111625,sa1,1
16329,N78805 /1 undetected,output,,N78805,N78805,1,undetected,N78805,N78805,N78805,sa1,1
16330,N43968 /1 undetected,output,,N43968,N43968,1,undetected,N43968,N43968,N43968,sa1,1
16331,N111651 /1 undetected,output,,N111651,N111651,1,undetected,N111651,N111651,N111651,sa1,1
16332,N87696 /1 undetected,output,,N87696,N87696,1,undetected,N87696,N87696,N87696,sa1,1
16333,N90220 /1 undetected,output,,N90220,N90220,1,undetected,N90220,N90220,N90220,sa1,1
16334,N91834 /1 undetected,output,,N91834,N91834,1,undetected,N91834,N91834,N91834,sa1,1
16335,N81782 /1 undetected,output,,N81782,N81782,1,undetected,N81782,N81782,N81782,sa1,1
16336,N43273 /1 undetected,output,,N43273,N43273,1,undetected,N43273,N43273,N43273,sa1,1
16337,N106814 /1 undetected,output,,N106814,N106814,1,undetected,N106814,N106814,N106814,sa1,1
16338,N106192 /1 undetected,output,,N106192,N106192,1,undetected,N106192,N106192,N106192,sa1,1
16339,N88227 /1 undetected,output,,N88227,N88227,1,undetected,N88227,N88227,N88227,sa1,1
16340,N43267 /1 undetected,output,,N43267,N43267,1,undetected,N43267,N43267,N43267,sa1,1
16341,N84613 /1 undetected,output,,N84613,N84613,1,undetected,N84613,N84613,N84613,sa1,1
16342,N43266 /1 undetected,output,,N43266,N43266,1,undetected,N43266,N43266,N43266,sa1,1
16343,N79306 /1 undetected,output,,N79306,N79306,1,undetected,N79306,N79306,N79306,sa1,1
16344,N43264 /1 undetected,output,,N43264,N43264,1,undetected,N43264,N43264,N43264,sa1,1
16345,N111650 /1 undetected,output,,N111650,N111650,1,undetected,N111650,N111650,N111650,sa1,1
16346,N90007 /1 undetected,output,,N90007,N90007,1,undetected,N90007,N90007,N90007,sa1,1
16347,N89077 /1 undetected,output,,N89077,N89077,1,undetected,N89077,N89077,N89077,sa1,1
16348,N108128 /1 undetected,output,,N108128,N108128,1,undetected,N108128,N108128,N108128,sa1,1
16349,N108086 /1 undetected,output,,N108086,N108086,1,undetected,N108086,N108086,N108086,sa1,1
16350,N80653 /1 undetected,output,,N80653,N80653,1,undetected,N80653,N80653,N80653,sa1,1
16351,N107667 /1 undetected,output,,N107667,N107667,1,undetected,N107667,N107667,N107667,sa1,1
16352,N107631 /1 undetected,output,,N107631,N107631,1,undetected,N107631,N107631,N107631,sa1,1
16353,N91818 /1 undetected,output,,N91818,N91818,1,undetected,N91818,N91818,N91818,sa1,1
16354,N36303 /1 undetected,output,,N36303,N36303,1,undetected,N36303,N36303,N36303,sa1,1
16355,N90098 /1 undetected,output,,N90098,N90098,1,undetected,N90098,N90098,N90098,sa1,1
16356,N115127 /1 undetected,output,,N115127,N115127,1,undetected,N115127,N115127,N115127,sa1,1
16357,N106804 /1 undetected,output,,N106804,N106804,1,undetected,N106804,N106804,N106804,sa1,1
16358,N36294 /1 undetected,output,,N36294,N36294,1,undetected,N36294,N36294,N36294,sa1,1
16359,N84596 /1 undetected,output,,N84596,N84596,1,undetected,N84596,N84596,N84596,sa1,1
16360,N36293 /1 undetected,output,,N36293,N36293,1,undetected,N36293,N36293,N36293,sa1,1
16361,N78811 /1 undetected,output,,N78811,N78811,1,undetected,N78811,N78811,N78811,sa1,1
16362,N36291 /1 undetected,output,,N36291,N36291,1,undetected,N36291,N36291,N36291,sa1,1
16363,N111640 /1 undetected,output,,N111640,N111640,1,undetected,N111640,N111640,N111640,sa1,1
16364,N115099 /1 undetected,output,,N115099,N115099,1,undetected,N115099,N115099,N115099,sa1,1
16365,N81874 /1 undetected,output,,N81874,N81874,1,undetected,N81874,N81874,N81874,sa1,1
16366,N91813 /1 undetected,output,,N91813,N91813,1,undetected,N91813,N91813,N91813,sa1,1
16367,N81851 /1 undetected,output,,N81851,N81851,1,undetected,N81851,N81851,N81851,sa1,1
16368,N106803 /1 undetected,output,,N106803,N106803,1,undetected,N106803,N106803,N106803,sa1,1
16369,N35006 /1 undetected,output,,N35006,N35006,1,undetected,N35006,N35006,N35006,sa1,1
16370,N84593 /1 undetected,output,,N84593,N84593,1,undetected,N84593,N84593,N84593,sa1,1
16371,N35005 /1 undetected,output,,N35005,N35005,1,undetected,N35005,N35005,N35005,sa1,1
16372,N79314 /1 undetected,output,,N79314,N79314,1,undetected,N79314,N79314,N79314,sa1,1
16373,N35003 /1 undetected,output,,N35003,N35003,1,undetected,N35003,N35003,N35003,sa1,1
16374,N111638 /1 undetected,output,,N111638,N111638,1,undetected,N111638,N111638,N111638,sa1,1
16375,N35001 /1 undetected,output,,N35001,N35001,1,undetected,N35001,N35001,N35001,sa1,1
16376,N114688 /1 undetected,output,,N114688,N114688,1,undetected,N114688,N114688,N114688,sa1,1
16377,N90069 /1 undetected,output,,N90069,N90069,1,undetected,N90069,N90069,N90069,sa1,1
16378,N89065 /1 undetected,output,,N89065,N89065,1,undetected,N89065,N89065,N89065,sa1,1
16379,N108123 /1 undetected,output,,N108123,N108123,1,undetected,N108123,N108123,N108123,sa1,1
16380,N108079 /1 undetected,output,,N108079,N108079,1,undetected,N108079,N108079,N108079,sa1,1
16381,N80641 /1 undetected,output,,N80641,N80641,1,undetected,N80641,N80641,N80641,sa1,1
16382,N107662 /1 undetected,output,,N107662,N107662,1,undetected,N107662,N107662,N107662,sa1,1
16383,N107626 /1 undetected,output,,N107626,N107626,1,undetected,N107626,N107626,N107626,sa1,1
16384,N31425 /1 undetected,output,,N31425,N31425,1,undetected,N31425,N31425,N31425,sa1,1
16385,N91800 /1 undetected,output,,N91800,N91800,1,undetected,N91800,N91800,N91800,sa1,1
16386,N81740 /1 undetected,output,,N81740,N81740,1,undetected,N81740,N81740,N81740,sa1,1
16387,N27990 /1 undetected,output,,N27990,N27990,1,undetected,N27990,N27990,N27990,sa1,1
16388,N106800 /1 undetected,output,,N106800,N106800,1,undetected,N106800,N106800,N106800,sa1,1
16389,N106159 /1 undetected,output,,N106159,N106159,1,undetected,N106159,N106159,N106159,sa1,1
16390,N88303 /1 undetected,output,,N88303,N88303,1,undetected,N88303,N88303,N88303,sa1,1
16391,N27986 /1 undetected,output,,N27986,N27986,1,undetected,N27986,N27986,N27986,sa1,1
16392,N27984 /1 undetected,output,,N27984,N27984,1,undetected,N27984,N27984,N27984,sa1,1
16393,N84537 /1 undetected,output,,N84537,N84537,1,undetected,N84537,N84537,N84537,sa1,1
16394,N27983 /1 undetected,output,,N27983,N27983,1,undetected,N27983,N27983,N27983,sa1,1
16395,N111619 /1 undetected,output,,N111619,N111619,1,undetected,N111619,N111619,N111619,sa1,1
16396,N79368 /1 undetected,output,,N79368,N79368,1,undetected,N79368,N79368,N79368,sa1,1
16397,N27981 /1 undetected,output,,N27981,N27981,1,undetected,N27981,N27981,N27981,sa1,1
16398,N111635 /1 undetected,output,,N111635,N111635,1,undetected,N111635,N111635,N111635,sa1,1
16399,N88302 /1 undetected,output,,N88302,N88302,1,undetected,N88302,N88302,N88302,sa1,1
16400,N27979 /1 undetected,output,,N27979,N27979,1,undetected,N27979,N27979,N27979,sa1,1
16401,N89967 /1 undetected,output,,N89967,N89967,1,undetected,N89967,N89967,N89967,sa1,1
16402,N91795 /1 undetected,output,,N91795,N91795,1,undetected,N91795,N91795,N91795,sa1,1
16403,N26217 /1 undetected,output,,N26217,N26217,1,undetected,N26217,N26217,N26217,sa1,1
16404,N81696 /1 undetected,output,,N81696,N81696,1,undetected,N81696,N81696,N81696,sa1,1
16405,N111564 /1 undetected,output,,N111564,N111564,1,undetected,N111564,N111564,N111564,sa1,1
16406,N106799 /1 undetected,output,,N106799,N106799,1,undetected,N106799,N106799,N106799,sa1,1
16407,N26210 /1 undetected,output,,N26210,N26210,1,undetected,N26210,N26210,N26210,sa1,1
16408,N84532 /1 undetected,output,,N84532,N84532,1,undetected,N84532,N84532,N84532,sa1,1
16409,N26209 /1 undetected,output,,N26209,N26209,1,undetected,N26209,N26209,N26209,sa1,1
16410,N78799 /1 undetected,output,,N78799,N78799,1,undetected,N78799,N78799,N78799,sa1,1
16411,N26207 /1 undetected,output,,N26207,N26207,1,undetected,N26207,N26207,N26207,sa1,1
16412,N111634 /1 undetected,output,,N111634,N111634,1,undetected,N111634,N111634,N111634,sa1,1
16413,N111540 /1 undetected,output,,N111540,N111540,1,undetected,N111540,N111540,N111540,sa1,1
16414,N89937 /1 undetected,output,,N89937,N89937,1,undetected,N89937,N89937,N89937,sa1,1
16415,N91791 /1 undetected,output,,N91791,N91791,1,undetected,N91791,N91791,N91791,sa1,1
16416,N88851 /1 undetected,output,,N88851,N88851,1,undetected,N88851,N88851,N88851,sa1,1
16417,N24261 /1 undetected,output,,N24261,N24261,1,undetected,N24261,N24261,N24261,sa1,1
16418,N106798 /1 undetected,output,,N106798,N106798,1,undetected,N106798,N106798,N106798,sa1,1
16419,N106791 /1 undetected,output,,N106791,N106791,1,undetected,N106791,N106791,N106791,sa1,1
16420,N24253 /1 undetected,output,,N24253,N24253,1,undetected,N24253,N24253,N24253,sa1,1
16421,N92388 /1 undetected,output,,N92388,N92388,1,undetected,N92388,N92388,N92388,sa1,1
16422,N24251 /1 undetected,output,,N24251,N24251,1,undetected,N24251,N24251,N24251,sa1,1
16423,N24250 /1 undetected,output,,N24250,N24250,1,undetected,N24250,N24250,N24250,sa1,1
16424,N106753 /1 undetected,output,,N106753,N106753,1,undetected,N106753,N106753,N106753,sa1,1
16425,N87673 /1 undetected,output,,N87673,N87673,1,undetected,N87673,N87673,N87673,sa1,1
16426,N24248 /1 undetected,output,,N24248,N24248,1,undetected,N24248,N24248,N24248,sa1,1
16427,N78789 /1 undetected,output,,N78789,N78789,1,undetected,N78789,N78789,N78789,sa1,1
16428,N24246 /1 undetected,output,,N24246,N24246,1,undetected,N24246,N24246,N24246,sa1,1
16429,N24181 /1 undetected,output,,N24181,N24181,1,undetected,N24181,N24181,N24181,sa1,1
16430,N24179 /1 undetected,output,,N24179,N24179,1,undetected,N24179,N24179,N24179,sa1,1
16431,N84528 /1 undetected,output,,N84528,N84528,1,undetected,N84528,N84528,N84528,sa1,1
16432,N24178 /1 undetected,output,,N24178,N24178,1,undetected,N24178,N24178,N24178,sa1,1
16433,N106720 /1 undetected,output,,N106720,N106720,1,undetected,N106720,N106720,N106720,sa1,1
16434,N78788 /1 undetected,output,,N78788,N78788,1,undetected,N78788,N78788,N78788,sa1,1
16435,N106598 /1 undetected,output,,N106598,N106598,1,undetected,N106598,N106598,N106598,sa1,1
16436,N106481 /1 undetected,output,,N106481,N106481,1,undetected,N106481,N106481,N106481,sa1,1
16437,N80369 /1 undetected,output,,N80369,N80369,1,undetected,N80369,N80369,N80369,sa1,1
16438,N89062 /1 undetected,output,,N89062,N89062,1,undetected,N89062,N89062,N89062,sa1,1
16439,N108121 /1 undetected,output,,N108121,N108121,1,undetected,N108121,N108121,N108121,sa1,1
16440,N108075 /1 undetected,output,,N108075,N108075,1,undetected,N108075,N108075,N108075,sa1,1
16441,N80638 /1 undetected,output,,N80638,N80638,1,undetected,N80638,N80638,N80638,sa1,1
16442,N107660 /1 undetected,output,,N107660,N107660,1,undetected,N107660,N107660,N107660,sa1,1
16443,N107623 /1 undetected,output,,N107623,N107623,1,undetected,N107623,N107623,N107623,sa1,1
16444,N31386 /1 undetected,output,,N31386,N31386,1,undetected,N31386,N31386,N31386,sa1,1
16445,N113866 /1 undetected,output,,N113866,N113866,1,undetected,N113866,N113866,N113866,sa1,1
16446,N31383 /1 undetected,output,,N31383,N31383,1,undetected,N31383,N31383,N31383,sa1,1
16447,N113699 /1 undetected,output,,N113699,N113699,1,undetected,N113699,N113699,N113699,sa1,1
16448,N51595 /0 undetected,output,,N51595,N51595,0,undetected,N51595,N51595,N51595,sa0,1
16449,N119872 /1 undetected,output,,N119872,N119872,1,undetected,N119872,N119872,N119872,sa1,1
16450,N51589 /1 undetected,output,,N51589,N51589,1,undetected,N51589,N51589,N51589,sa1,1
16451,N80432 /1 undetected,output,,N80432,N80432,1,undetected,N80432,N80432,N80432,sa1,1
16452,N51587 /0 undetected,output,,N51587,N51587,0,undetected,N51587,N51587,N51587,sa0,1
16453,N119867 /1 undetected,output,,N119867,N119867,1,undetected,N119867,N119867,N119867,sa1,1
16454,N51581 /1 undetected,output,,N51581,N51581,1,undetected,N51581,N51581,N51581,sa1,1
16455,N88888 /1 undetected,output,,N88888,N88888,1,undetected,N88888,N88888,N88888,sa1,1
16456,N89109 /1 undetected,output,,N89109,N89109,1,undetected,N89109,N89109,N89109,sa1,1
16457,N108141 /1 undetected,output,,N108141,N108141,1,undetected,N108141,N108141,N108141,sa1,1
16458,N108109 /1 undetected,output,,N108109,N108109,1,undetected,N108109,N108109,N108109,sa1,1
16459,N80685 /1 undetected,output,,N80685,N80685,1,undetected,N80685,N80685,N80685,sa1,1
16460,N107680 /1 undetected,output,,N107680,N107680,1,undetected,N107680,N107680,N107680,sa1,1
16461,N107645 /1 undetected,output,,N107645,N107645,1,undetected,N107645,N107645,N107645,sa1,1
16462,N42760 /1 undetected,output,,N42760,N42760,1,undetected,N42760,N42760,N42760,sa1,1
16463,N42759 /1 undetected,output,,N42759,N42759,1,undetected,N42759,N42759,N42759,sa1,1
16464,N112341 /1 undetected,output,,N112341,N112341,1,undetected,N112341,N112341,N112341,sa1,1
16465,N42757 /1 undetected,output,,N42757,N42757,1,undetected,N42757,N42757,N42757,sa1,1
16466,N116995 /1 undetected,output,,N116995,N116995,1,undetected,N116995,N116995,N116995,sa1,1
16467,N42754 /1 undetected,output,,N42754,N42754,1,undetected,N42754,N42754,N42754,sa1,1
16468,N81949 /1 undetected,output,,N81949,N81949,1,undetected,N81949,N81949,N81949,sa1,1
16469,N42752 /1 undetected,output,,N42752,N42752,1,undetected,N42752,N42752,N42752,sa1,1
16470,N89089 /1 undetected,output,,N89089,N89089,1,undetected,N89089,N89089,N89089,sa1,1
16471,N108096 /1 undetected,output,,N108096,N108096,1,undetected,N108096,N108096,N108096,sa1,1
16472,N108133 /1 undetected,output,,N108133,N108133,1,undetected,N108133,N108133,N108133,sa1,1
16473,N80665 /1 undetected,output,,N80665,N80665,1,undetected,N80665,N80665,N80665,sa1,1
16474,N107636 /1 undetected,output,,N107636,N107636,1,undetected,N107636,N107636,N107636,sa1,1
16475,N107672 /1 undetected,output,,N107672,N107672,1,undetected,N107672,N107672,N107672,sa1,1
16476,N89086 /1 undetected,output,,N89086,N89086,1,undetected,N89086,N89086,N89086,sa1,1
16477,N108132 /1 undetected,output,,N108132,N108132,1,undetected,N108132,N108132,N108132,sa1,1
16478,N108093 /1 undetected,output,,N108093,N108093,1,undetected,N108093,N108093,N108093,sa1,1
16479,N80662 /1 undetected,output,,N80662,N80662,1,undetected,N80662,N80662,N80662,sa1,1
16480,N107671 /1 undetected,output,,N107671,N107671,1,undetected,N107671,N107671,N107671,sa1,1
16481,N107635 /1 undetected,output,,N107635,N107635,1,undetected,N107635,N107635,N107635,sa1,1
16482,N89085 /1 undetected,output,,N89085,N89085,1,undetected,N89085,N89085,N89085,sa1,1
16483,N108131 /1 undetected,output,,N108131,N108131,1,undetected,N108131,N108131,N108131,sa1,1
16484,N108092 /1 undetected,output,,N108092,N108092,1,undetected,N108092,N108092,N108092,sa1,1
16485,N80661 /1 undetected,output,,N80661,N80661,1,undetected,N80661,N80661,N80661,sa1,1
16486,N107670 /1 undetected,output,,N107670,N107670,1,undetected,N107670,N107670,N107670,sa1,1
16487,N107634 /1 undetected,output,,N107634,N107634,1,undetected,N107634,N107634,N107634,sa1,1
16488,N89083 /1 undetected,output,,N89083,N89083,1,undetected,N89083,N89083,N89083,sa1,1
16489,N108130 /1 undetected,output,,N108130,N108130,1,undetected,N108130,N108130,N108130,sa1,1
16490,N108090 /1 undetected,output,,N108090,N108090,1,undetected,N108090,N108090,N108090,sa1,1
16491,N80659 /1 undetected,output,,N80659,N80659,1,undetected,N80659,N80659,N80659,sa1,1
16492,N107669 /1 undetected,output,,N107669,N107669,1,undetected,N107669,N107669,N107669,sa1,1
16493,N107633 /1 undetected,output,,N107633,N107633,1,undetected,N107633,N107633,N107633,sa1,1
16494,N89080 /1 undetected,output,,N89080,N89080,1,undetected,N89080,N89080,N89080,sa1,1
16495,N108088 /1 undetected,output,,N108088,N108088,1,undetected,N108088,N108088,N108088,sa1,1
16496,N108129 /1 undetected,output,,N108129,N108129,1,undetected,N108129,N108129,N108129,sa1,1
16497,N80656 /1 undetected,output,,N80656,N80656,1,undetected,N80656,N80656,N80656,sa1,1
16498,N107632 /1 undetected,output,,N107632,N107632,1,undetected,N107632,N107632,N107632,sa1,1
16499,N107668 /1 undetected,output,,N107668,N107668,1,undetected,N107668,N107668,N107668,sa1,1
16500,N89073 /1 undetected,output,,N89073,N89073,1,undetected,N89073,N89073,N89073,sa1,1
16501,N108126 /1 undetected,output,,N108126,N108126,1,undetected,N108126,N108126,N108126,sa1,1
16502,N108083 /1 undetected,output,,N108083,N108083,1,undetected,N108083,N108083,N108083,sa1,1
16503,N80649 /1 undetected,output,,N80649,N80649,1,undetected,N80649,N80649,N80649,sa1,1
16504,N107665 /1 undetected,output,,N107665,N107665,1,undetected,N107665,N107665,N107665,sa1,1
16505,N107629 /1 undetected,output,,N107629,N107629,1,undetected,N107629,N107629,N107629,sa1,1
16506,N28080 /1 undetected,output,,N28080,N28080,1,undetected,N28080,N28080,N28080,sa1,1
16507,N28079 /1 undetected,output,,N28079,N28079,1,undetected,N28079,N28079,N28079,sa1,1
16508,N28078 /1 undetected,output,,N28078,N28078,1,undetected,N28078,N28078,N28078,sa1,1
16509,N112340 /1 undetected,output,,N112340,N112340,1,undetected,N112340,N112340,N112340,sa1,1
16510,N28066 /1 undetected,output,,N28066,N28066,1,undetected,N28066,N28066,N28066,sa1,1
16511,N112310 /1 undetected,output,,N112310,N112310,1,undetected,N112310,N112310,N112310,sa1,1
16512,N28055 /1 undetected,output,,N28055,N28055,1,undetected,N28055,N28055,N28055,sa1,1
16513,N81734 /1 undetected,output,,N81734,N81734,1,undetected,N81734,N81734,N81734,sa1,1
16514,N80072 /1 undetected,output,,N80072,N80072,1,undetected,N80072,N80072,N80072,sa1,1
16515,N88668 /1 undetected,output,,N88668,N88668,1,undetected,N88668,N88668,N88668,sa1,1
16516,N107536 /1 undetected,output,,N107536,N107536,1,undetected,N107536,N107536,N107536,sa1,1
16517,N107574 /1 undetected,output,,N107574,N107574,1,undetected,N107574,N107574,N107574,sa1,1
16518,N52838 /0 undetected,output,,N52838,N52838,0,undetected,N52838,N52838,N52838,sa0,1
16519,N91875 /1 undetected,output,,N91875,N91875,1,undetected,N91875,N91875,N91875,sa1,1
16520,N90288 /1 undetected,output,,N90288,N90288,1,undetected,N90288,N90288,N90288,sa1,1
16521,N82102 /1 undetected,output,,N82102,N82102,1,undetected,N82102,N82102,N82102,sa1,1
16522,N50127 /1 undetected,output,,N50127,N50127,1,undetected,N50127,N50127,N50127,sa1,1
16523,N92725 /1 undetected,output,,N92725,N92725,1,undetected,N92725,N92725,N92725,sa1,1
16524,N107906 /1 undetected,output,,N107906,N107906,1,undetected,N107906,N107906,N107906,sa1,1
16525,N88032 /1 undetected,output,,N88032,N88032,1,undetected,N88032,N88032,N88032,sa1,1
16526,N50122 /1 undetected,output,,N50122,N50122,1,undetected,N50122,N50122,N50122,sa1,1
16527,N108047 /1 undetected,output,,N108047,N108047,1,undetected,N108047,N108047,N108047,sa1,1
16528,N79080 /1 undetected,output,,N79080,N79080,1,undetected,N79080,N79080,N79080,sa1,1
16529,N50116 /1 undetected,output,,N50116,N50116,1,undetected,N50116,N50116,N50116,sa1,1
16530,N50112 /1 undetected,output,,N50112,N50112,1,undetected,N50112,N50112,N50112,sa1,1
16531,N107785 /1 undetected,output,,N107785,N107785,1,undetected,N107785,N107785,N107785,sa1,1
16532,N91856 /1 undetected,output,,N91856,N91856,1,undetected,N91856,N91856,N91856,sa1,1
16533,N48143 /0 undetected,output,,N48143,N48143,0,undetected,N48143,N48143,N48143,sa0,1
16534,N118572 /1 undetected,output,,N118572,N118572,1,undetected,N118572,N118572,N118572,sa1,1
16535,N90251 /1 undetected,output,,N90251,N90251,1,undetected,N90251,N90251,N90251,sa1,1
16536,N82033 /1 undetected,output,,N82033,N82033,1,undetected,N82033,N82033,N82033,sa1,1
16537,N48136 /1 undetected,output,,N48136,N48136,1,undetected,N48136,N48136,N48136,sa1,1
16538,N48135 /1 undetected,output,,N48135,N48135,1,undetected,N48135,N48135,N48135,sa1,1
16539,N112334 /1 undetected,output,,N112334,N112334,1,undetected,N112334,N112334,N112334,sa1,1
16540,N48133 /1 undetected,output,,N48133,N48133,1,undetected,N48133,N48133,N48133,sa1,1
16541,N88395 /1 undetected,output,,N88395,N88395,1,undetected,N88395,N88395,N88395,sa1,1
16542,N118503 /1 undetected,output,,N118503,N118503,1,undetected,N118503,N118503,N118503,sa1,1
16543,N82071 /1 undetected,output,,N82071,N82071,1,undetected,N82071,N82071,N82071,sa1,1
16544,N47820 /1 undetected,output,,N47820,N47820,1,undetected,N47820,N47820,N47820,sa1,1
16545,N106819 /1 undetected,output,,N106819,N106819,1,undetected,N106819,N106819,N106819,sa1,1
16546,N47816 /1 undetected,output,,N47816,N47816,1,undetected,N47816,N47816,N47816,sa1,1
16547,N47814 /1 undetected,output,,N47814,N47814,1,undetected,N47814,N47814,N47814,sa1,1
16548,N87641 /1 undetected,output,,N87641,N87641,1,undetected,N87641,N87641,N87641,sa1,1
16549,N84623 /1 undetected,output,,N84623,N84623,1,undetected,N84623,N84623,N84623,sa1,1
16550,N47812 /1 undetected,output,,N47812,N47812,1,undetected,N47812,N47812,N47812,sa1,1
16551,N111655 /1 undetected,output,,N111655,N111655,1,undetected,N111655,N111655,N111655,sa1,1
16552,N116830 /1 undetected,output,,N116830,N116830,1,undetected,N116830,N116830,N116830,sa1,1
16553,N42155 /1 undetected,output,,N42155,N42155,1,undetected,N42155,N42155,N42155,sa1,1
16554,N90034 /1 undetected,output,,N90034,N90034,1,undetected,N90034,N90034,N90034,sa1,1
16555,N116794 /1 undetected,output,,N116794,N116794,1,undetected,N116794,N116794,N116794,sa1,1
16556,N106812 /1 undetected,output,,N106812,N106812,1,undetected,N106812,N106812,N106812,sa1,1
16557,N42148 /1 undetected,output,,N42148,N42148,1,undetected,N42148,N42148,N42148,sa1,1
16558,N42146 /1 undetected,output,,N42146,N42146,1,undetected,N42146,N42146,N42146,sa1,1
16559,N88294 /1 undetected,output,,N88294,N88294,1,undetected,N88294,N88294,N88294,sa1,1
16560,N84610 /1 undetected,output,,N84610,N84610,1,undetected,N84610,N84610,N84610,sa1,1
16561,N42144 /1 undetected,output,,N42144,N42144,1,undetected,N42144,N42144,N42144,sa1,1
16562,N111648 /1 undetected,output,,N111648,N111648,1,undetected,N111648,N111648,N111648,sa1,1
16563,N41142 /1 undetected,output,,N41142,N41142,1,undetected,N41142,N41142,N41142,sa1,1
16564,N90188 /1 undetected,output,,N90188,N90188,1,undetected,N90188,N90188,N90188,sa1,1
16565,N116496 /1 undetected,output,,N116496,N116496,1,undetected,N116496,N116496,N116496,sa1,1
16566,N106811 /1 undetected,output,,N106811,N106811,1,undetected,N106811,N106811,N106811,sa1,1
16567,N41135 /1 undetected,output,,N41135,N41135,1,undetected,N41135,N41135,N41135,sa1,1
16568,N41133 /1 undetected,output,,N41133,N41133,1,undetected,N41133,N41133,N41133,sa1,1
16569,N88216 /1 undetected,output,,N88216,N88216,1,undetected,N88216,N88216,N88216,sa1,1
16570,N84608 /1 undetected,output,,N84608,N84608,1,undetected,N84608,N84608,N84608,sa1,1
16571,N41131 /1 undetected,output,,N41131,N41131,1,undetected,N41131,N41131,N41131,sa1,1
16572,N111647 /1 undetected,output,,N111647,N111647,1,undetected,N111647,N111647,N111647,sa1,1
16573,N116535 /1 undetected,output,,N116535,N116535,1,undetected,N116535,N116535,N116535,sa1,1
16574,N40751 /1 undetected,output,,N40751,N40751,1,undetected,N40751,N40751,N40751,sa1,1
16575,N90022 /1 undetected,output,,N90022,N90022,1,undetected,N90022,N90022,N90022,sa1,1
16576,N116390 /1 undetected,output,,N116390,N116390,1,undetected,N116390,N116390,N116390,sa1,1
16577,N106810 /1 undetected,output,,N106810,N106810,1,undetected,N106810,N106810,N106810,sa1,1
16578,N40744 /1 undetected,output,,N40744,N40744,1,undetected,N40744,N40744,N40744,sa1,1
16579,N40742 /1 undetected,output,,N40742,N40742,1,undetected,N40742,N40742,N40742,sa1,1
16580,N87560 /1 undetected,output,,N87560,N87560,1,undetected,N87560,N87560,N87560,sa1,1
16581,N84606 /1 undetected,output,,N84606,N84606,1,undetected,N84606,N84606,N84606,sa1,1
16582,N40740 /1 undetected,output,,N40740,N40740,1,undetected,N40740,N40740,N40740,sa1,1
16583,N111646 /1 undetected,output,,N111646,N111646,1,undetected,N111646,N111646,N111646,sa1,1
16584,N116430 /1 undetected,output,,N116430,N116430,1,undetected,N116430,N116430,N116430,sa1,1
16585,N40012 /1 undetected,output,,N40012,N40012,1,undetected,N40012,N40012,N40012,sa1,1
16586,N90172 /1 undetected,output,,N90172,N90172,1,undetected,N90172,N90172,N90172,sa1,1
16587,N116190 /1 undetected,output,,N116190,N116190,1,undetected,N116190,N116190,N116190,sa1,1
16588,N106809 /1 undetected,output,,N106809,N106809,1,undetected,N106809,N106809,N106809,sa1,1
16589,N40005 /1 undetected,output,,N40005,N40005,1,undetected,N40005,N40005,N40005,sa1,1
16590,N40003 /1 undetected,output,,N40003,N40003,1,undetected,N40003,N40003,N40003,sa1,1
16591,N86133 /1 undetected,output,,N86133,N86133,1,undetected,N86133,N86133,N86133,sa1,1
16592,N84604 /1 undetected,output,,N84604,N84604,1,undetected,N84604,N84604,N84604,sa1,1
16593,N40001 /1 undetected,output,,N40001,N40001,1,undetected,N40001,N40001,N40001,sa1,1
16594,N111645 /1 undetected,output,,N111645,N111645,1,undetected,N111645,N111645,N111645,sa1,1
16595,N116228 /1 undetected,output,,N116228,N116228,1,undetected,N116228,N116228,N116228,sa1,1
16596,N116021 /1 undetected,output,,N116021,N116021,1,undetected,N116021,N116021,N116021,sa1,1
16597,N90154 /1 undetected,output,,N90154,N90154,1,undetected,N90154,N90154,N90154,sa1,1
16598,N115983 /1 undetected,output,,N115983,N115983,1,undetected,N115983,N115983,N115983,sa1,1
16599,N106808 /1 undetected,output,,N106808,N106808,1,undetected,N106808,N106808,N106808,sa1,1
16600,N39304 /1 undetected,output,,N39304,N39304,1,undetected,N39304,N39304,N39304,sa1,1
16601,N39302 /1 undetected,output,,N39302,N39302,1,undetected,N39302,N39302,N39302,sa1,1
16602,N86152 /1 undetected,output,,N86152,N86152,1,undetected,N86152,N86152,N86152,sa1,1
16603,N84602 /1 undetected,output,,N84602,N84602,1,undetected,N84602,N84602,N84602,sa1,1
16604,N111644 /1 undetected,output,,N111644,N111644,1,undetected,N111644,N111644,N111644,sa1,1
16605,N115807 /1 undetected,output,,N115807,N115807,1,undetected,N115807,N115807,N115807,sa1,1
16606,N90141 /1 undetected,output,,N90141,N90141,1,undetected,N90141,N90141,N90141,sa1,1
16607,N38568 /1 undetected,output,,N38568,N38568,1,undetected,N38568,N38568,N38568,sa1,1
16608,N106807 /1 undetected,output,,N106807,N106807,1,undetected,N106807,N106807,N106807,sa1,1
16609,N38564 /1 undetected,output,,N38564,N38564,1,undetected,N38564,N38564,N38564,sa1,1
16610,N38562 /1 undetected,output,,N38562,N38562,1,undetected,N38562,N38562,N38562,sa1,1
16611,N86111 /1 undetected,output,,N86111,N86111,1,undetected,N86111,N86111,N86111,sa1,1
16612,N84600 /1 undetected,output,,N84600,N84600,1,undetected,N84600,N84600,N84600,sa1,1
16613,N38560 /1 undetected,output,,N38560,N38560,1,undetected,N38560,N38560,N38560,sa1,1
16614,N111643 /1 undetected,output,,N111643,N111643,1,undetected,N111643,N111643,N111643,sa1,1
16615,N90113 /1 undetected,output,,N90113,N90113,1,undetected,N90113,N90113,N90113,sa1,1
16616,N106806 /1 undetected,output,,N106806,N106806,1,undetected,N106806,N106806,N106806,sa1,1
16617,N37735 /1 undetected,output,,N37735,N37735,1,undetected,N37735,N37735,N37735,sa1,1
16618,N113156 /1 undetected,output,,N113156,N113156,1,undetected,N113156,N113156,N113156,sa1,1
16619,N37734 /1 undetected,output,,N37734,N37734,1,undetected,N37734,N37734,N37734,sa1,1
16620,N79325 /1 undetected,output,,N79325,N79325,1,undetected,N79325,N79325,N79325,sa1,1
16621,N37732 /1 undetected,output,,N37732,N37732,1,undetected,N37732,N37732,N37732,sa1,1
16622,N111642 /1 undetected,output,,N111642,N111642,1,undetected,N111642,N111642,N111642,sa1,1
16623,N115541 /1 undetected,output,,N115541,N115541,1,undetected,N115541,N115541,N115541,sa1,1
16624,N37128 /1 undetected,output,,N37128,N37128,1,undetected,N37128,N37128,N37128,sa1,1
16625,N90129 /1 undetected,output,,N90129,N90129,1,undetected,N90129,N90129,N90129,sa1,1
16626,N37127 /1 undetected,output,,N37127,N37127,1,undetected,N37127,N37127,N37127,sa1,1
16627,N106805 /1 undetected,output,,N106805,N106805,1,undetected,N106805,N106805,N106805,sa1,1
16628,N37123 /1 undetected,output,,N37123,N37123,1,undetected,N37123,N37123,N37123,sa1,1
16629,N113155 /1 undetected,output,,N113155,N113155,1,undetected,N113155,N113155,N113155,sa1,1
16630,N37122 /1 undetected,output,,N37122,N37122,1,undetected,N37122,N37122,N37122,sa1,1
16631,N78708 /1 undetected,output,,N78708,N78708,1,undetected,N78708,N78708,N78708,sa1,1
16632,N37120 /1 undetected,output,,N37120,N37120,1,undetected,N37120,N37120,N37120,sa1,1
16633,N111641 /1 undetected,output,,N111641,N111641,1,undetected,N111641,N111641,N111641,sa1,1
16634,N115386 /1 undetected,output,,N115386,N115386,1,undetected,N115386,N115386,N115386,sa1,1
16635,N35634 /1 undetected,output,,N35634,N35634,1,undetected,N35634,N35634,N35634,sa1,1
16636,N81856 /1 undetected,output,,N81856,N81856,1,undetected,N81856,N81856,N81856,sa1,1
16637,N90077 /1 undetected,output,,N90077,N90077,1,undetected,N90077,N90077,N90077,sa1,1
16638,N35628 /1 undetected,output,,N35628,N35628,1,undetected,N35628,N35628,N35628,sa1,1
16639,N35627 /1 undetected,output,,N35627,N35627,1,undetected,N35627,N35627,N35627,sa1,1
16640,N112333 /1 undetected,output,,N112333,N112333,1,undetected,N112333,N112333,N112333,sa1,1
16641,N35625 /1 undetected,output,,N35625,N35625,1,undetected,N35625,N35625,N35625,sa1,1
16642,N87618 /1 undetected,output,,N87618,N87618,1,undetected,N87618,N87618,N87618,sa1,1
16643,N33598 /1 undetected,output,,N33598,N33598,1,undetected,N33598,N33598,N33598,sa1,1
16644,N90050 /1 undetected,output,,N90050,N90050,1,undetected,N90050,N90050,N90050,sa1,1
16645,N114290 /1 undetected,output,,N114290,N114290,1,undetected,N114290,N114290,N114290,sa1,1
16646,N106802 /1 undetected,output,,N106802,N106802,1,undetected,N106802,N106802,N106802,sa1,1
16647,N33591 /1 undetected,output,,N33591,N33591,1,undetected,N33591,N33591,N33591,sa1,1
16648,N113154 /1 undetected,output,,N113154,N113154,1,undetected,N113154,N113154,N113154,sa1,1
16649,N33590 /1 undetected,output,,N33590,N33590,1,undetected,N33590,N33590,N33590,sa1,1
16650,N79386 /1 undetected,output,,N79386,N79386,1,undetected,N79386,N79386,N79386,sa1,1
16651,N33588 /1 undetected,output,,N33588,N33588,1,undetected,N33588,N33588,N33588,sa1,1
16652,N111637 /1 undetected,output,,N111637,N111637,1,undetected,N111637,N111637,N111637,sa1,1
16653,N114321 /1 undetected,output,,N114321,N114321,1,undetected,N114321,N114321,N114321,sa1,1
16654,N29926 /1 undetected,output,,N29926,N29926,1,undetected,N29926,N29926,N29926,sa1,1
16655,N89983 /1 undetected,output,,N89983,N89983,1,undetected,N89983,N89983,N89983,sa1,1
16656,N113141 /1 undetected,output,,N113141,N113141,1,undetected,N113141,N113141,N113141,sa1,1
16657,N106801 /1 undetected,output,,N106801,N106801,1,undetected,N106801,N106801,N106801,sa1,1
16658,N29919 /1 undetected,output,,N29919,N29919,1,undetected,N29919,N29919,N29919,sa1,1
16659,N113153 /1 undetected,output,,N113153,N113153,1,undetected,N113153,N113153,N113153,sa1,1
16660,N29915 /1 undetected,output,,N29915,N29915,1,undetected,N29915,N29915,N29915,sa1,1
16661,N76317 /1 undetected,output,,N76317,N76317,1,undetected,N76317,N76317,N76317,sa1,1
16662,N29912 /1 undetected,output,,N29912,N29912,1,undetected,N29912,N29912,N29912,sa1,1
16663,N111636 /1 undetected,output,,N111636,N111636,1,undetected,N111636,N111636,N111636,sa1,1
16664,N113190 /1 undetected,output,,N113190,N113190,1,undetected,N113190,N113190,N113190,sa1,1
16665,N80336 /1 undetected,output,,N80336,N80336,1,undetected,N80336,N80336,N80336,sa1,1
16666,N88830 /1 undetected,output,,N88830,N88830,1,undetected,N88830,N88830,N88830,sa1,1
16667,N89118 /1 undetected,output,,N89118,N89118,1,undetected,N89118,N89118,N89118,sa1,1
16668,N108145 /1 undetected,output,,N108145,N108145,1,undetected,N108145,N108145,N108145,sa1,1
16669,N108113 /1 undetected,output,,N108113,N108113,1,undetected,N108113,N108113,N108113,sa1,1
16670,N80695 /1 undetected,output,,N80695,N80695,1,undetected,N80695,N80695,N80695,sa1,1
16671,N107686 /1 undetected,output,,N107686,N107686,1,undetected,N107686,N107686,N107686,sa1,1
16672,N107651 /1 undetected,output,,N107651,N107651,1,undetected,N107651,N107651,N107651,sa1,1
16673,N91823 /1 undetected,output,,N91823,N91823,1,undetected,N91823,N91823,N91823,sa1,1
16674,N113891 /1 undetected,output,,N113891,N113891,1,undetected,N113891,N113891,N113891,sa1,1
16675,N37817 /1 undetected,output,,N37817,N37817,1,undetected,N37817,N37817,N37817,sa1,1
16676,N115579 /1 undetected,output,,N115579,N115579,1,undetected,N115579,N115579,N115579,sa1,1
16677,N112323 /1 undetected,output,,N112323,N112323,1,undetected,N112323,N112323,N112323,sa1,1
16678,N37812 /1 undetected,output,,N37812,N37812,1,undetected,N37812,N37812,N37812,sa1,1
16679,N112343 /1 undetected,output,,N112343,N112343,1,undetected,N112343,N112343,N112343,sa1,1
16680,N90104 /1 undetected,output,,N90104,N90104,1,undetected,N90104,N90104,N90104,sa1,1
16681,N31424 /0 undetected,output,,N31424,N31424,0,undetected,N31424,N31424,N31424,sa0,1
16682,N84566 /1 undetected,output,,N84566,N84566,1,undetected,N84566,N84566,N84566,sa1,1
16683,N30554 /1 undetected,output,,N30554,N30554,1,undetected,N30554,N30554,N30554,sa1,1
16684,N52853 /0 undetected,output,,N52853,N52853,0,undetected,N52853,N52853,N52853,sa0,1
16685,N91876 /1 undetected,output,,N91876,N91876,1,undetected,N91876,N91876,N91876,sa1,1
16686,N44819 /1 undetected,output,,N44819,N44819,1,undetected,N44819,N44819,N44819,sa1,1
16687,N117546 /1 undetected,output,,N117546,N117546,1,undetected,N117546,N117546,N117546,sa1,1
16688,N44815 /1 undetected,output,,N44815,N44815,1,undetected,N44815,N44815,N44815,sa1,1
16689,N81972 /1 undetected,output,,N81972,N81972,1,undetected,N81972,N81972,N81972,sa1,1
16690,N44814 /1 undetected,output,,N44814,N44814,1,undetected,N44814,N44814,N44814,sa1,1
16691,N117542 /1 undetected,output,,N117542,N117542,1,undetected,N117542,N117542,N117542,sa1,1
16692,N112447 /1 undetected,output,,N112447,N112447,1,undetected,N112447,N112447,N112447,sa1,1
16693,N44813 /1 undetected,output,,N44813,N44813,1,undetected,N44813,N44813,N44813,sa1,1
16694,N92397 /1 undetected,output,,N92397,N92397,1,undetected,N92397,N92397,N92397,sa1,1
16695,N44811 /1 undetected,output,,N44811,N44811,1,undetected,N44811,N44811,N44811,sa1,1
16696,N44809 /1 undetected,output,,N44809,N44809,1,undetected,N44809,N44809,N44809,sa1,1
16697,N44808 /1 undetected,output,,N44808,N44808,1,undetected,N44808,N44808,N44808,sa1,1
16698,N117549 /1 undetected,output,,N117549,N117549,1,undetected,N117549,N117549,N117549,sa1,1
16699,N109283 /1 undetected,output,,N109283,N109283,1,undetected,N109283,N109283,N109283,sa1,1
16700,N44806 /1 undetected,output,,N44806,N44806,1,undetected,N44806,N44806,N44806,sa1,1
16701,N117627 /1 undetected,output,,N117627,N117627,1,undetected,N117627,N117627,N117627,sa1,1
16702,N109336 /1 undetected,output,,N109336,N109336,1,undetected,N109336,N109336,N109336,sa1,1
16703,N44804 /1 undetected,output,,N44804,N44804,1,undetected,N44804,N44804,N44804,sa1,1
16704,N44802 /1 undetected,output,,N44802,N44802,1,undetected,N44802,N44802,N44802,sa1,1
16705,N90208 /1 undetected,output,,N90208,N90208,1,undetected,N90208,N90208,N90208,sa1,1
16706,N44801 /1 undetected,output,,N44801,N44801,1,undetected,N44801,N44801,N44801,sa1,1
16707,N109298 /1 undetected,output,,N109298,N109298,1,undetected,N109298,N109298,N109298,sa1,1
16708,N86282 /1 undetected,output,,N86282,N86282,1,undetected,N86282,N86282,N86282,sa1,1
16709,N44799 /1 undetected,output,,N44799,N44799,1,undetected,N44799,N44799,N44799,sa1,1
16710,N109257 /1 undetected,output,,N109257,N109257,1,undetected,N109257,N109257,N109257,sa1,1
16711,N76575 /1 undetected,output,,N76575,N76575,1,undetected,N76575,N76575,N76575,sa1,1
16712,N44797 /1 undetected,output,,N44797,N44797,1,undetected,N44797,N44797,N44797,sa1,1
16713,N44795 /1 undetected,output,,N44795,N44795,1,undetected,N44795,N44795,N44795,sa1,1
16714,N97774 /1 undetected,output,,N97774,N97774,1,undetected,N97774,N97774,N97774,sa1,1
16715,N44794 /1 undetected,output,,N44794,N44794,1,undetected,N44794,N44794,N44794,sa1,1
16716,N44793 /1 undetected,output,,N44793,N44793,1,undetected,N44793,N44793,N44793,sa1,1
16717,N117626 /1 undetected,output,,N117626,N117626,1,undetected,N117626,N117626,N117626,sa1,1
16718,N109114 /1 undetected,output,,N109114,N109114,1,undetected,N109114,N109114,N109114,sa1,1
16719,N44790 /1 undetected,output,,N44790,N44790,1,undetected,N44790,N44790,N44790,sa1,1
16720,N117548 /1 undetected,output,,N117548,N117548,1,undetected,N117548,N117548,N117548,sa1,1
16721,N109048 /1 undetected,output,,N109048,N109048,1,undetected,N109048,N109048,N109048,sa1,1
16722,N44788 /1 undetected,output,,N44788,N44788,1,undetected,N44788,N44788,N44788,sa1,1
16723,N44786 /1 undetected,output,,N44786,N44786,1,undetected,N44786,N44786,N44786,sa1,1
16724,N90207 /1 undetected,output,,N90207,N90207,1,undetected,N90207,N90207,N90207,sa1,1
16725,N44785 /1 undetected,output,,N44785,N44785,1,undetected,N44785,N44785,N44785,sa1,1
16726,N109204 /1 undetected,output,,N109204,N109204,1,undetected,N109204,N109204,N109204,sa1,1
16727,N86281 /1 undetected,output,,N86281,N86281,1,undetected,N86281,N86281,N86281,sa1,1
16728,N44783 /1 undetected,output,,N44783,N44783,1,undetected,N44783,N44783,N44783,sa1,1
16729,N109233 /1 undetected,output,,N109233,N109233,1,undetected,N109233,N109233,N109233,sa1,1
16730,N76573 /1 undetected,output,,N76573,N76573,1,undetected,N76573,N76573,N76573,sa1,1
16731,N117587 /1 undetected,output,,N117587,N117587,1,undetected,N117587,N117587,N117587,sa1,1
16732,N30375 /1 undetected,output,,N30375,N30375,1,undetected,N30375,N30375,N30375,sa1,1
16733,N79585 /1 undetected,output,,N79585,N79585,1,undetected,N79585,N79585,N79585,sa1,1
16734,N88468 /1 undetected,output,,N88468,N88468,1,undetected,N88468,N88468,N88468,sa1,1
16735,N31381 /1 undetected,output,,N31381,N31381,1,undetected,N31381,N31381,N31381,sa1,1
16736,N84563 /1 undetected,output,,N84563,N84563,1,undetected,N84563,N84563,N84563,sa1,1
16737,N107613 /1 undetected,output,,N107613,N107613,1,undetected,N107613,N107613,N107613,sa1,1
16738,N107568 /1 undetected,output,,N107568,N107568,1,undetected,N107568,N107568,N107568,sa1,1
16739,N51750 /0 undetected,output,,N51750,N51750,0,undetected,N51750,N51750,N51750,sa0,1
16740,N107097 /1 undetected,output,,N107097,N107097,1,undetected,N107097,N107097,N107097,sa1,1
16741,N51748 /1 undetected,output,,N51748,N51748,1,undetected,N51748,N51748,N51748,sa1,1
16742,N80789 /1 undetected,output,,N80789,N80789,1,undetected,N80789,N80789,N80789,sa1,1
16743,N51483 /0 undetected,output,,N51483,N51483,0,undetected,N51483,N51483,N51483,sa0,1
16744,N51481 /1 undetected,output,,N51481,N51481,1,undetected,N51481,N51481,N51481,sa1,1
16745,N89116 /1 undetected,output,,N89116,N89116,1,undetected,N89116,N89116,N89116,sa1,1
16746,N51480 /1 undetected,output,,N51480,N51480,1,undetected,N51480,N51480,N51480,sa1,1
16747,N108112 /1 undetected,output,,N108112,N108112,1,undetected,N108112,N108112,N108112,sa1,1
16748,N51478 /1 undetected,output,,N51478,N51478,1,undetected,N51478,N51478,N51478,sa1,1
16749,N108144 /1 undetected,output,,N108144,N108144,1,undetected,N108144,N108144,N108144,sa1,1
16750,N51476 /0 undetected,output,,N51476,N51476,0,undetected,N51476,N51476,N51476,sa0,1
16751,N51474 /1 undetected,output,,N51474,N51474,1,undetected,N51474,N51474,N51474,sa1,1
16752,N80692 /1 undetected,output,,N80692,N80692,1,undetected,N80692,N80692,N80692,sa1,1
16753,N51473 /1 undetected,output,,N51473,N51473,1,undetected,N51473,N51473,N51473,sa1,1
16754,N107650 /1 undetected,output,,N107650,N107650,1,undetected,N107650,N107650,N107650,sa1,1
16755,N51471 /1 undetected,output,,N51471,N51471,1,undetected,N51471,N51471,N51471,sa1,1
16756,N107685 /1 undetected,output,,N107685,N107685,1,undetected,N107685,N107685,N107685,sa1,1
16757,N43172 /1 undetected,output,,N43172,N43172,1,undetected,N43172,N43172,N43172,sa1,1
16758,N90001 /1 undetected,output,,N90001,N90001,1,undetected,N90001,N90001,N90001,sa1,1
16759,N43169 /1 undetected,output,,N43169,N43169,1,undetected,N43169,N43169,N43169,sa1,1
16760,N112330 /1 undetected,output,,N112330,N112330,1,undetected,N112330,N112330,N112330,sa1,1
16761,N88225 /1 undetected,output,,N88225,N88225,1,undetected,N88225,N88225,N88225,sa1,1
16762,N113492 /1 undetected,output,,N113492,N113492,1,undetected,N113492,N113492,N113492,sa1,1
16763,N43164 /1 undetected,output,,N43164,N43164,1,undetected,N43164,N43164,N43164,sa1,1
16764,N90000 /1 undetected,output,,N90000,N90000,1,undetected,N90000,N90000,N90000,sa1,1
16765,N36381 /1 undetected,output,,N36381,N36381,1,undetected,N36381,N36381,N36381,sa1,1
16766,N90092 /1 undetected,output,,N90092,N90092,1,undetected,N90092,N90092,N90092,sa1,1
16767,N36378 /1 undetected,output,,N36378,N36378,1,undetected,N36378,N36378,N36378,sa1,1
16768,N112329 /1 undetected,output,,N112329,N112329,1,undetected,N112329,N112329,N112329,sa1,1
16769,N87709 /1 undetected,output,,N87709,N87709,1,undetected,N87709,N87709,N87709,sa1,1
16770,N113872 /1 undetected,output,,N113872,N113872,1,undetected,N113872,N113872,N113872,sa1,1
16771,N36373 /1 undetected,output,,N36373,N36373,1,undetected,N36373,N36373,N36373,sa1,1
16772,N90091 /1 undetected,output,,N90091,N90091,1,undetected,N90091,N90091,N90091,sa1,1
16773,N34436 /1 undetected,output,,N34436,N34436,1,undetected,N34436,N34436,N34436,sa1,1
16774,N114521 /1 undetected,output,,N114521,N114521,1,undetected,N114521,N114521,N114521,sa1,1
16775,N34432 /1 undetected,output,,N34432,N34432,1,undetected,N34432,N34432,N34432,sa1,1
16776,N81837 /1 undetected,output,,N81837,N81837,1,undetected,N81837,N81837,N81837,sa1,1
16777,N34431 /1 undetected,output,,N34431,N34431,1,undetected,N34431,N34431,N34431,sa1,1
16778,N114526 /1 undetected,output,,N114526,N114526,1,undetected,N114526,N114526,N114526,sa1,1
16779,N112442 /1 undetected,output,,N112442,N112442,1,undetected,N112442,N112442,N112442,sa1,1
16780,N34430 /1 undetected,output,,N34430,N34430,1,undetected,N34430,N34430,N34430,sa1,1
16781,N92394 /1 undetected,output,,N92394,N92394,1,undetected,N92394,N92394,N92394,sa1,1
16782,N34428 /1 undetected,output,,N34428,N34428,1,undetected,N34428,N34428,N34428,sa1,1
16783,N34426 /1 undetected,output,,N34426,N34426,1,undetected,N34426,N34426,N34426,sa1,1
16784,N34425 /1 undetected,output,,N34425,N34425,1,undetected,N34425,N34425,N34425,sa1,1
16785,N114524 /1 undetected,output,,N114524,N114524,1,undetected,N114524,N114524,N114524,sa1,1
16786,N109315 /1 undetected,output,,N109315,N109315,1,undetected,N109315,N109315,N109315,sa1,1
16787,N34423 /1 undetected,output,,N34423,N34423,1,undetected,N34423,N34423,N34423,sa1,1
16788,N114519 /1 undetected,output,,N114519,N114519,1,undetected,N114519,N114519,N114519,sa1,1
16789,N109332 /1 undetected,output,,N109332,N109332,1,undetected,N109332,N109332,N109332,sa1,1
16790,N34421 /1 undetected,output,,N34421,N34421,1,undetected,N34421,N34421,N34421,sa1,1
16791,N34419 /1 undetected,output,,N34419,N34419,1,undetected,N34419,N34419,N34419,sa1,1
16792,N90056 /1 undetected,output,,N90056,N90056,1,undetected,N90056,N90056,N90056,sa1,1
16793,N34416 /1 undetected,output,,N34416,N34416,1,undetected,N34416,N34416,N34416,sa1,1
16794,N109255 /1 undetected,output,,N109255,N109255,1,undetected,N109255,N109255,N109255,sa1,1
16795,N76541 /1 undetected,output,,N76541,N76541,1,undetected,N76541,N76541,N76541,sa1,1
16796,N34418 /1 undetected,output,,N34418,N34418,1,undetected,N34418,N34418,N34418,sa1,1
16797,N109296 /1 undetected,output,,N109296,N109296,1,undetected,N109296,N109296,N109296,sa1,1
16798,N86256 /1 undetected,output,,N86256,N86256,1,undetected,N86256,N86256,N86256,sa1,1
16799,N34414 /1 undetected,output,,N34414,N34414,1,undetected,N34414,N34414,N34414,sa1,1
16800,N34412 /1 undetected,output,,N34412,N34412,1,undetected,N34412,N34412,N34412,sa1,1
16801,N97771 /1 undetected,output,,N97771,N97771,1,undetected,N97771,N97771,N97771,sa1,1
16802,N34411 /1 undetected,output,,N34411,N34411,1,undetected,N34411,N34411,N34411,sa1,1
16803,N34410 /1 undetected,output,,N34410,N34410,1,undetected,N34410,N34410,N34410,sa1,1
16804,N114518 /1 undetected,output,,N114518,N114518,1,undetected,N114518,N114518,N114518,sa1,1
16805,N109109 /1 undetected,output,,N109109,N109109,1,undetected,N109109,N109109,N109109,sa1,1
16806,N34408 /1 undetected,output,,N34408,N34408,1,undetected,N34408,N34408,N34408,sa1,1
16807,N114523 /1 undetected,output,,N114523,N114523,1,undetected,N114523,N114523,N114523,sa1,1
16808,N109043 /1 undetected,output,,N109043,N109043,1,undetected,N109043,N109043,N109043,sa1,1
16809,N34406 /1 undetected,output,,N34406,N34406,1,undetected,N34406,N34406,N34406,sa1,1
16810,N34404 /1 undetected,output,,N34404,N34404,1,undetected,N34404,N34404,N34404,sa1,1
16811,N90055 /1 undetected,output,,N90055,N90055,1,undetected,N90055,N90055,N90055,sa1,1
16812,N34403 /1 undetected,output,,N34403,N34403,1,undetected,N34403,N34403,N34403,sa1,1
16813,N109200 /1 undetected,output,,N109200,N109200,1,undetected,N109200,N109200,N109200,sa1,1
16814,N86255 /1 undetected,output,,N86255,N86255,1,undetected,N86255,N86255,N86255,sa1,1
16815,N34401 /1 undetected,output,,N34401,N34401,1,undetected,N34401,N34401,N34401,sa1,1
16816,N109229 /1 undetected,output,,N109229,N109229,1,undetected,N109229,N109229,N109229,sa1,1
16817,N76540 /1 undetected,output,,N76540,N76540,1,undetected,N76540,N76540,N76540,sa1,1
16818,N114478 /1 undetected,output,,N114478,N114478,1,undetected,N114478,N114478,N114478,sa1,1
16819,N29347 /1 undetected,output,,N29347,N29347,1,undetected,N29347,N29347,N29347,sa1,1
16820,N81759 /1 undetected,output,,N81759,N81759,1,undetected,N81759,N81759,N81759,sa1,1
16821,N112855 /1 undetected,output,,N112855,N112855,1,undetected,N112855,N112855,N112855,sa1,1
16822,N29343 /1 undetected,output,,N29343,N29343,1,undetected,N29343,N29343,N29343,sa1,1
16823,N112851 /1 undetected,output,,N112851,N112851,1,undetected,N112851,N112851,N112851,sa1,1
16824,N112441 /1 undetected,output,,N112441,N112441,1,undetected,N112441,N112441,N112441,sa1,1
16825,N29342 /1 undetected,output,,N29342,N29342,1,undetected,N29342,N29342,N29342,sa1,1
16826,N29340 /1 undetected,output,,N29340,N29340,1,undetected,N29340,N29340,N29340,sa1,1
16827,N29339 /1 undetected,output,,N29339,N29339,1,undetected,N29339,N29339,N29339,sa1,1
16828,N84544 /1 undetected,output,,N84544,N84544,1,undetected,N84544,N84544,N84544,sa1,1
16829,N29338 /1 undetected,output,,N29338,N29338,1,undetected,N29338,N29338,N29338,sa1,1
16830,N112858 /1 undetected,output,,N112858,N112858,1,undetected,N112858,N112858,N112858,sa1,1
16831,N112464 /1 undetected,output,,N112464,N112464,1,undetected,N112464,N112464,N112464,sa1,1
16832,N29336 /1 undetected,output,,N29336,N29336,1,undetected,N29336,N29336,N29336,sa1,1
16833,N29334 /1 undetected,output,,N29334,N29334,1,undetected,N29334,N29334,N29334,sa1,1
16834,N84761 /1 undetected,output,,N84761,N84761,1,undetected,N84761,N84761,N84761,sa1,1
16835,N29333 /1 undetected,output,,N29333,N29333,1,undetected,N29333,N29333,N29333,sa1,1
16836,N29332 /1 undetected,output,,N29332,N29332,1,undetected,N29332,N29332,N29332,sa1,1
16837,N112857 /1 undetected,output,,N112857,N112857,1,undetected,N112857,N112857,N112857,sa1,1
16838,N109314 /1 undetected,output,,N109314,N109314,1,undetected,N109314,N109314,N109314,sa1,1
16839,N29330 /1 undetected,output,,N29330,N29330,1,undetected,N29330,N29330,N29330,sa1,1
16840,N112849 /1 undetected,output,,N112849,N112849,1,undetected,N112849,N112849,N112849,sa1,1
16841,N109329 /1 undetected,output,,N109329,N109329,1,undetected,N109329,N109329,N109329,sa1,1
16842,N29328 /1 undetected,output,,N29328,N29328,1,undetected,N29328,N29328,N29328,sa1,1
16843,N29326 /1 undetected,output,,N29326,N29326,1,undetected,N29326,N29326,N29326,sa1,1
16844,N89975 /1 undetected,output,,N89975,N89975,1,undetected,N89975,N89975,N89975,sa1,1
16845,N29325 /1 undetected,output,,N29325,N29325,1,undetected,N29325,N29325,N29325,sa1,1
16846,N109293 /1 undetected,output,,N109293,N109293,1,undetected,N109293,N109293,N109293,sa1,1
16847,N86231 /1 undetected,output,,N86231,N86231,1,undetected,N86231,N86231,N86231,sa1,1
16848,N29323 /1 undetected,output,,N29323,N29323,1,undetected,N29323,N29323,N29323,sa1,1
16849,N109252 /1 undetected,output,,N109252,N109252,1,undetected,N109252,N109252,N109252,sa1,1
16850,N76510 /1 undetected,output,,N76510,N76510,1,undetected,N76510,N76510,N76510,sa1,1
16851,N29321 /1 undetected,output,,N29321,N29321,1,undetected,N29321,N29321,N29321,sa1,1
16852,N74813 /1 undetected,output,,N74813,N74813,1,undetected,N74813,N74813,N74813,sa1,1
16853,N29319 /1 undetected,output,,N29319,N29319,1,undetected,N29319,N29319,N29319,sa1,1
16854,N29317 /1 undetected,output,,N29317,N29317,1,undetected,N29317,N29317,N29317,sa1,1
16855,N112848 /1 undetected,output,,N112848,N112848,1,undetected,N112848,N112848,N112848,sa1,1
16856,N109106 /1 undetected,output,,N109106,N109106,1,undetected,N109106,N109106,N109106,sa1,1
16857,N29315 /1 undetected,output,,N29315,N29315,1,undetected,N29315,N29315,N29315,sa1,1
16858,N29313 /1 undetected,output,,N29313,N29313,1,undetected,N29313,N29313,N29313,sa1,1
16859,N89974 /1 undetected,output,,N89974,N89974,1,undetected,N89974,N89974,N89974,sa1,1
16860,N29312 /1 undetected,output,,N29312,N29312,1,undetected,N29312,N29312,N29312,sa1,1
16861,N109197 /1 undetected,output,,N109197,N109197,1,undetected,N109197,N109197,N109197,sa1,1
16862,N86230 /1 undetected,output,,N86230,N86230,1,undetected,N86230,N86230,N86230,sa1,1
16863,N29310 /1 undetected,output,,N29310,N29310,1,undetected,N29310,N29310,N29310,sa1,1
16864,N109226 /1 undetected,output,,N109226,N109226,1,undetected,N109226,N109226,N109226,sa1,1
16865,N76509 /1 undetected,output,,N76509,N76509,1,undetected,N76509,N76509,N76509,sa1,1
16866,N112903 /1 undetected,output,,N112903,N112903,1,undetected,N112903,N112903,N112903,sa1,1
16867,N80735 /1 undetected,output,,N80735,N80735,1,undetected,N80735,N80735,N80735,sa1,1
16868,N89157 /1 undetected,output,,N89157,N89157,1,undetected,N89157,N89157,N89157,sa1,1
16869,N52828 /0 undetected,output,,N52828,N52828,0,undetected,N52828,N52828,N52828,sa0,1
16870,N91873 /1 undetected,output,,N91873,N91873,1,undetected,N91873,N91873,N91873,sa1,1
16871,N80696 /1 undetected,output,,N80696,N80696,1,undetected,N80696,N80696,N80696,sa1,1
16872,N107687 /1 undetected,output,,N107687,N107687,1,undetected,N107687,N107687,N107687,sa1,1
16873,N107652 /1 undetected,output,,N107652,N107652,1,undetected,N107652,N107652,N107652,sa1,1
16874,N51758 /0 undetected,output,,N51758,N51758,0,undetected,N51758,N51758,N51758,sa0,1
16875,N89211 /1 undetected,output,,N89211,N89211,1,undetected,N89211,N89211,N89211,sa1,1
16876,N106326 /1 undetected,output,,N106326,N106326,1,undetected,N106326,N106326,N106326,sa1,1
16877,N80694 /1 undetected,output,,N80694,N80694,1,undetected,N80694,N80694,N80694,sa1,1
16878,N51713 /0 undetected,output,,N51713,N51713,0,undetected,N51713,N51713,N51713,sa0,1
16879,N89482 /1 undetected,output,,N89482,N89482,1,undetected,N89482,N89482,N89482,sa1,1
16880,N106325 /1 undetected,output,,N106325,N106325,1,undetected,N106325,N106325,N106325,sa1,1
16881,N81038 /1 undetected,output,,N81038,N81038,1,undetected,N81038,N81038,N81038,sa1,1
16882,N51705 /0 undetected,output,,N51705,N51705,0,undetected,N51705,N51705,N51705,sa0,1
16883,N81101 /1 undetected,output,,N81101,N81101,1,undetected,N81101,N81101,N81101,sa1,1
16884,N106324 /1 undetected,output,,N106324,N106324,1,undetected,N106324,N106324,N106324,sa1,1
16885,N89419 /1 undetected,output,,N89419,N89419,1,undetected,N89419,N89419,N89419,sa1,1
16886,N51592 /1 undetected,output,,N51592,N51592,1,undetected,N51592,N51592,N51592,sa1,1
16887,N80495 /1 undetected,output,,N80495,N80495,1,undetected,N80495,N80495,N80495,sa1,1
16888,N51591 /1 undetected,output,,N51591,N51591,1,undetected,N51591,N51591,N51591,sa1,1
16889,N88889 /1 undetected,output,,N88889,N88889,1,undetected,N88889,N88889,N88889,sa1,1
16890,N51584 /1 undetected,output,,N51584,N51584,1,undetected,N51584,N51584,N51584,sa1,1
16891,N88928 /1 undetected,output,,N88928,N88928,1,undetected,N88928,N88928,N88928,sa1,1
16892,N51583 /1 undetected,output,,N51583,N51583,1,undetected,N51583,N51583,N51583,sa1,1
16893,N80431 /1 undetected,output,,N80431,N80431,1,undetected,N80431,N80431,N80431,sa1,1
16894,N30417 /0 undetected,output,,N30417,N30417,0,undetected,N30417,N30417,N30417,sa0,1
16895,N113334 /1 undetected,output,,N113334,N113334,1,undetected,N113334,N113334,N113334,sa1,1
16896,N30415 /1 undetected,output,,N30415,N30415,1,undetected,N30415,N30415,N30415,sa1,1
16897,N79905 /1 undetected,output,,N79905,N79905,1,undetected,N79905,N79905,N79905,sa1,1
16898,N88590 /1 undetected,output,,N88590,N88590,1,undetected,N88590,N88590,N88590,sa1,1
16899,N106882 /1 undetected,output,,N106882,N106882,1,undetected,N106882,N106882,N106882,sa1,1
16900,N106840 /1 undetected,output,,N106840,N106840,1,undetected,N106840,N106840,N106840,sa1,1
16901,N106975 /1 undetected,output,,N106975,N106975,1,undetected,N106975,N106975,N106975,sa1,1
16902,N106927 /1 undetected,output,,N106927,N106927,1,undetected,N106927,N106927,N106927,sa1,1
16903,N111577 /1 undetected,output,,N111577,N111577,1,undetected,N111577,N111577,N111577,sa1,1
16904,N91794 /1 undetected,output,,N91794,N91794,1,undetected,N91794,N91794,N91794,sa1,1
16905,N52798 /0 undetected,output,,N52798,N52798,0,undetected,N52798,N52798,N52798,sa0,1
16906,N91872 /1 undetected,output,,N91872,N91872,1,undetected,N91872,N91872,N91872,sa1,1
16907,N31419 /1 undetected,output,,N31419,N31419,1,undetected,N31419,N31419,N31419,sa1,1
16908,N89119 /1 undetected,output,,N89119,N89119,1,undetected,N89119,N89119,N89119,sa1,1
16909,N108114 /1 undetected,output,,N108114,N108114,1,undetected,N108114,N108114,N108114,sa1,1
16910,N108146 /1 undetected,output,,N108146,N108146,1,undetected,N108146,N108146,N108146,sa1,1
16911,N52415 /1 undetected,output,,N52415,N52415,1,undetected,N52415,N52415,N52415,sa1,1
16912,N89849 /1 undetected,output,,N89849,N89849,1,undetected,N89849,N89849,N89849,sa1,1
16913,N52411 /1 undetected,output,,N52411,N52411,1,undetected,N52411,N52411,N52411,sa1,1
16914,N81521 /1 undetected,output,,N81521,N81521,1,undetected,N81521,N81521,N81521,sa1,1
16915,N51689 /0 undetected,output,,N51689,N51689,0,undetected,N51689,N51689,N51689,sa0,1
16916,N106323 /1 undetected,output,,N106323,N106323,1,undetected,N106323,N106323,N106323,sa1,1
16917,N81197 /1 undetected,output,,N81197,N81197,1,undetected,N81197,N81197,N81197,sa1,1
16918,N51680 /0 undetected,output,,N51680,N51680,0,undetected,N51680,N51680,N51680,sa0,1
16919,N106322 /1 undetected,output,,N106322,N106322,1,undetected,N106322,N106322,N106322,sa1,1
16920,N89577 /1 undetected,output,,N89577,N89577,1,undetected,N89577,N89577,N89577,sa1,1
16921,N51576 /0 undetected,output,,N51576,N51576,0,undetected,N51576,N51576,N51576,sa0,1
16922,N111439 /1 undetected,output,,N111439,N111439,1,undetected,N111439,N111439,N111439,sa1,1
16923,N106320 /1 undetected,output,,N106320,N106320,1,undetected,N106320,N106320,N106320,sa1,1
16924,N35789 /0 undetected,output,,N35789,N35789,0,undetected,N35789,N35789,N35789,sa0,1
16925,N111967 /1 undetected,output,,N111967,N111967,1,undetected,N111967,N111967,N111967,sa1,1
16926,N106287 /1 undetected,output,,N106287,N106287,1,undetected,N106287,N106287,N106287,sa1,1
16927,N30374 /0 undetected,output,,N30374,N30374,0,undetected,N30374,N30374,N30374,sa0,1
16928,N107011 /1 undetected,output,,N107011,N107011,1,undetected,N107011,N107011,N107011,sa1,1
16929,N106967 /1 undetected,output,,N106967,N106967,1,undetected,N106967,N106967,N106967,sa1,1
16930,N106874 /1 undetected,output,,N106874,N106874,1,undetected,N106874,N106874,N106874,sa1,1
16931,N106919 /1 undetected,output,,N106919,N106919,1,undetected,N106919,N106919,N106919,sa1,1
16932,N48033 /1 undetected,output,,N48033,N48033,1,undetected,N48033,N48033,N48033,sa1,1
16933,N118462 /1 undetected,output,,N118462,N118462,1,undetected,N118462,N118462,N118462,sa1,1
16934,N82073 /1 undetected,output,,N82073,N82073,1,undetected,N82073,N82073,N82073,sa1,1
16935,N48029 /1 undetected,output,,N48029,N48029,1,undetected,N48029,N48029,N48029,sa1,1
16936,N48027 /1 undetected,output,,N48027,N48027,1,undetected,N48027,N48027,N48027,sa1,1
16937,N48025 /1 undetected,output,,N48025,N48025,1,undetected,N48025,N48025,N48025,sa1,1
16938,N106151 /1 undetected,output,,N106151,N106151,1,undetected,N106151,N106151,N106151,sa1,1
16939,N48023 /1 undetected,output,,N48023,N48023,1,undetected,N48023,N48023,N48023,sa1,1
16940,N108852 /1 undetected,output,,N108852,N108852,1,undetected,N108852,N108852,N108852,sa1,1
16941,N90271 /1 undetected,output,,N90271,N90271,1,undetected,N90271,N90271,N90271,sa1,1
16942,N48022 /1 undetected,output,,N48022,N48022,1,undetected,N48022,N48022,N48022,sa1,1
16943,N109353 /1 undetected,output,,N109353,N109353,1,undetected,N109353,N109353,N109353,sa1,1
16944,N87645 /1 undetected,output,,N87645,N87645,1,undetected,N87645,N87645,N87645,sa1,1
16945,N48021 /1 undetected,output,,N48021,N48021,1,undetected,N48021,N48021,N48021,sa1,1
16946,N74706 /1 undetected,output,,N74706,N74706,1,undetected,N74706,N74706,N74706,sa1,1
16947,N48020 /1 undetected,output,,N48020,N48020,1,undetected,N48020,N48020,N48020,sa1,1
16948,N92334 /1 undetected,output,,N92334,N92334,1,undetected,N92334,N92334,N92334,sa1,1
16949,N48018 /1 undetected,output,,N48018,N48018,1,undetected,N48018,N48018,N48018,sa1,1
16950,N78758 /1 undetected,output,,N78758,N78758,1,undetected,N78758,N78758,N78758,sa1,1
16951,N48017 /1 undetected,output,,N48017,N48017,1,undetected,N48017,N48017,N48017,sa1,1
16952,N118353 /1 undetected,output,,N118353,N118353,1,undetected,N118353,N118353,N118353,sa1,1
16953,N109192 /1 undetected,output,,N109192,N109192,1,undetected,N109192,N109192,N109192,sa1,1
16954,N48015 /1 undetected,output,,N48015,N48015,1,undetected,N48015,N48015,N48015,sa1,1
16955,N48013 /1 undetected,output,,N48013,N48013,1,undetected,N48013,N48013,N48013,sa1,1
16956,N84624 /1 undetected,output,,N84624,N84624,1,undetected,N84624,N84624,N84624,sa1,1
16957,N47996 /1 undetected,output,,N47996,N47996,1,undetected,N47996,N47996,N47996,sa1,1
16958,N47994 /1 undetected,output,,N47994,N47994,1,undetected,N47994,N47994,N47994,sa1,1
16959,N47993 /1 undetected,output,,N47993,N47993,1,undetected,N47993,N47993,N47993,sa1,1
16960,N74856 /1 undetected,output,,N74856,N74856,1,undetected,N74856,N74856,N74856,sa1,1
16961,N47992 /1 undetected,output,,N47992,N47992,1,undetected,N47992,N47992,N47992,sa1,1
16962,N118537 /1 undetected,output,,N118537,N118537,1,undetected,N118537,N118537,N118537,sa1,1
16963,N109214 /1 undetected,output,,N109214,N109214,1,undetected,N109214,N109214,N109214,sa1,1
16964,N47982 /1 undetected,output,,N47982,N47982,1,undetected,N47982,N47982,N47982,sa1,1
16965,N118466 /1 undetected,output,,N118466,N118466,1,undetected,N118466,N118466,N118466,sa1,1
16966,N109223 /1 undetected,output,,N109223,N109223,1,undetected,N109223,N109223,N109223,sa1,1
16967,N47989 /1 undetected,output,,N47989,N47989,1,undetected,N47989,N47989,N47989,sa1,1
16968,N47987 /1 undetected,output,,N47987,N47987,1,undetected,N47987,N47987,N47987,sa1,1
16969,N82062 /1 undetected,output,,N82062,N82062,1,undetected,N82062,N82062,N82062,sa1,1
16970,N47986 /1 undetected,output,,N47986,N47986,1,undetected,N47986,N47986,N47986,sa1,1
16971,N109056 /1 undetected,output,,N109056,N109056,1,undetected,N109056,N109056,N109056,sa1,1
16972,N78755 /1 undetected,output,,N78755,N78755,1,undetected,N78755,N78755,N78755,sa1,1
16973,N47984 /1 undetected,output,,N47984,N47984,1,undetected,N47984,N47984,N47984,sa1,1
16974,N109104 /1 undetected,output,,N109104,N109104,1,undetected,N109104,N109104,N109104,sa1,1
16975,N87643 /1 undetected,output,,N87643,N87643,1,undetected,N87643,N87643,N87643,sa1,1
16976,N48012 /1 undetected,output,,N48012,N48012,1,undetected,N48012,N48012,N48012,sa1,1
16977,N84780 /1 undetected,output,,N84780,N84780,1,undetected,N84780,N84780,N84780,sa1,1
16978,N48010 /1 undetected,output,,N48010,N48010,1,undetected,N48010,N48010,N48010,sa1,1
16979,N48008 /1 undetected,output,,N48008,N48008,1,undetected,N48008,N48008,N48008,sa1,1
16980,N48007 /1 undetected,output,,N48007,N48007,1,undetected,N48007,N48007,N48007,sa1,1
16981,N118538 /1 undetected,output,,N118538,N118538,1,undetected,N118538,N118538,N118538,sa1,1
16982,N109309 /1 undetected,output,,N109309,N109309,1,undetected,N109309,N109309,N109309,sa1,1
16983,N48005 /1 undetected,output,,N48005,N48005,1,undetected,N48005,N48005,N48005,sa1,1
16984,N118467 /1 undetected,output,,N118467,N118467,1,undetected,N118467,N118467,N118467,sa1,1
16985,N109249 /1 undetected,output,,N109249,N109249,1,undetected,N109249,N109249,N109249,sa1,1
16986,N48003 /1 undetected,output,,N48003,N48003,1,undetected,N48003,N48003,N48003,sa1,1
16987,N48001 /1 undetected,output,,N48001,N48001,1,undetected,N48001,N48001,N48001,sa1,1
16988,N109326 /1 undetected,output,,N109326,N109326,1,undetected,N109326,N109326,N109326,sa1,1
16989,N87644 /1 undetected,output,,N87644,N87644,1,undetected,N87644,N87644,N87644,sa1,1
16990,N47999 /1 undetected,output,,N47999,N47999,1,undetected,N47999,N47999,N47999,sa1,1
16991,N82063 /1 undetected,output,,N82063,N82063,1,undetected,N82063,N82063,N82063,sa1,1
16992,N47998 /1 undetected,output,,N47998,N47998,1,undetected,N47998,N47998,N47998,sa1,1
16993,N109276 /1 undetected,output,,N109276,N109276,1,undetected,N109276,N109276,N109276,sa1,1
16994,N78757 /1 undetected,output,,N78757,N78757,1,undetected,N78757,N78757,N78757,sa1,1
16995,N118504 /1 undetected,output,,N118504,N118504,1,undetected,N118504,N118504,N118504,sa1,1
16996,N33500 /1 undetected,output,,N33500,N33500,1,undetected,N33500,N33500,N33500,sa1,1
16997,N33498 /1 undetected,output,,N33498,N33498,1,undetected,N33498,N33498,N33498,sa1,1
16998,N113144 /1 undetected,output,,N113144,N113144,1,undetected,N113144,N113144,N113144,sa1,1
16999,N33497 /1 undetected,output,,N33497,N33497,1,undetected,N33497,N33497,N33497,sa1,1
17000,N114151 /1 undetected,output,,N114151,N114151,1,undetected,N114151,N114151,N114151,sa1,1
17001,N92313 /1 undetected,output,,N92313,N92313,1,undetected,N92313,N92313,N92313,sa1,1
17002,N33491 /1 undetected,output,,N33491,N33491,1,undetected,N33491,N33491,N33491,sa1,1
17003,N92713 /1 undetected,output,,N92713,N92713,1,undetected,N92713,N92713,N92713,sa1,1
17004,N33487 /1 undetected,output,,N33487,N33487,1,undetected,N33487,N33487,N33487,sa1,1
17005,N33481 /1 undetected,output,,N33481,N33481,1,undetected,N33481,N33481,N33481,sa1,1
17006,N106130 /1 undetected,output,,N106130,N106130,1,undetected,N106130,N106130,N106130,sa1,1
17007,N81813 /1 undetected,output,,N81813,N81813,1,undetected,N81813,N81813,N81813,sa1,1
17008,N33479 /1 undetected,output,,N33479,N33479,1,undetected,N33479,N33479,N33479,sa1,1
17009,N114281 /1 undetected,output,,N114281,N114281,1,undetected,N114281,N114281,N114281,sa1,1
17010,N33486 /1 undetected,output,,N33486,N33486,1,undetected,N33486,N33486,N33486,sa1,1
17011,N33484 /1 undetected,output,,N33484,N33484,1,undetected,N33484,N33484,N33484,sa1,1
17012,N107892 /1 undetected,output,,N107892,N107892,1,undetected,N107892,N107892,N107892,sa1,1
17013,N90044 /1 undetected,output,,N90044,N90044,1,undetected,N90044,N90044,N90044,sa1,1
17014,N113140 /1 undetected,output,,N113140,N113140,1,undetected,N113140,N113140,N113140,sa1,1
17015,N29824 /1 undetected,output,,N29824,N29824,1,undetected,N29824,N29824,N29824,sa1,1
17016,N113143 /1 undetected,output,,N113143,N113143,1,undetected,N113143,N113143,N113143,sa1,1
17017,N29821 /1 undetected,output,,N29821,N29821,1,undetected,N29821,N29821,N29821,sa1,1
17018,N112978 /1 undetected,output,,N112978,N112978,1,undetected,N112978,N112978,N112978,sa1,1
17019,N92310 /1 undetected,output,,N92310,N92310,1,undetected,N92310,N92310,N92310,sa1,1
17020,N92712 /1 undetected,output,,N92712,N92712,1,undetected,N92712,N92712,N92712,sa1,1
17021,N29815 /1 undetected,output,,N29815,N29815,1,undetected,N29815,N29815,N29815,sa1,1
17022,N29813 /1 undetected,output,,N29813,N29813,1,undetected,N29813,N29813,N29813,sa1,1
17023,N29807 /1 undetected,output,,N29807,N29807,1,undetected,N29807,N29807,N29807,sa1,1
17024,N106129 /1 undetected,output,,N106129,N106129,1,undetected,N106129,N106129,N106129,sa1,1
17025,N81769 /1 undetected,output,,N81769,N81769,1,undetected,N81769,N81769,N81769,sa1,1
17026,N29805 /1 undetected,output,,N29805,N29805,1,undetected,N29805,N29805,N29805,sa1,1
17027,N113134 /1 undetected,output,,N113134,N113134,1,undetected,N113134,N113134,N113134,sa1,1
17028,N108033 /1 undetected,output,,N108033,N108033,1,undetected,N108033,N108033,N108033,sa1,1
17029,N76316 /1 undetected,output,,N76316,N76316,1,undetected,N76316,N76316,N76316,sa1,1
17030,N29810 /1 undetected,output,,N29810,N29810,1,undetected,N29810,N29810,N29810,sa1,1
17031,N107891 /1 undetected,output,,N107891,N107891,1,undetected,N107891,N107891,N107891,sa1,1
17032,N89991 /1 undetected,output,,N89991,N89991,1,undetected,N89991,N89991,N89991,sa1,1
17033,N91792 /1 undetected,output,,N91792,N91792,1,undetected,N91792,N91792,N91792,sa1,1
17034,N107009 /1 undetected,output,,N107009,N107009,1,undetected,N107009,N107009,N107009,sa1,1
17035,N106964 /1 undetected,output,,N106964,N106964,1,undetected,N106964,N106964,N106964,sa1,1
17036,N106872 /1 undetected,output,,N106872,N106872,1,undetected,N106872,N106872,N106872,sa1,1
17037,N106916 /1 undetected,output,,N106916,N106916,1,undetected,N106916,N106916,N106916,sa1,1
17038,N106327 /1 undetected,output,,N106327,N106327,1,undetected,N106327,N106327,N106327,sa1,1
17039,N106312 /1 undetected,output,,N106312,N106312,1,undetected,N106312,N106312,N106312,sa1,1
17040,N106309 /1 undetected,output,,N106309,N106309,1,undetected,N106309,N106309,N106309,sa1,1
17041,N106306 /1 undetected,output,,N106306,N106306,1,undetected,N106306,N106306,N106306,sa1,1
17042,N48137 /1 undetected,output,,N48137,N48137,1,undetected,N48137,N48137,N48137,sa1,1
17043,N106246 /1 undetected,output,,N106246,N106246,1,undetected,N106246,N106246,N106246,sa1,1
17044,N88396 /1 undetected,output,,N88396,N88396,1,undetected,N88396,N88396,N88396,sa1,1
17045,N106305 /1 undetected,output,,N106305,N106305,1,undetected,N106305,N106305,N106305,sa1,1
17046,N106304 /1 undetected,output,,N106304,N106304,1,undetected,N106304,N106304,N106304,sa1,1
17047,N106303 /1 undetected,output,,N106303,N106303,1,undetected,N106303,N106303,N106303,sa1,1
17048,N106302 /1 undetected,output,,N106302,N106302,1,undetected,N106302,N106302,N106302,sa1,1
17049,N106301 /1 undetected,output,,N106301,N106301,1,undetected,N106301,N106301,N106301,sa1,1
17050,N106300 /1 undetected,output,,N106300,N106300,1,undetected,N106300,N106300,N106300,sa1,1
17051,N106299 /1 undetected,output,,N106299,N106299,1,undetected,N106299,N106299,N106299,sa1,1
17052,N106298 /1 undetected,output,,N106298,N106298,1,undetected,N106298,N106298,N106298,sa1,1
17053,N42751 /1 undetected,output,,N42751,N42751,1,undetected,N42751,N42751,N42751,sa1,1
17054,N106245 /1 undetected,output,,N106245,N106245,1,undetected,N106245,N106245,N106245,sa1,1
17055,N87605 /1 undetected,output,,N87605,N87605,1,undetected,N87605,N87605,N87605,sa1,1
17056,N106297 /1 undetected,output,,N106297,N106297,1,undetected,N106297,N106297,N106297,sa1,1
17057,N106296 /1 undetected,output,,N106296,N106296,1,undetected,N106296,N106296,N106296,sa1,1
17058,N106295 /1 undetected,output,,N106295,N106295,1,undetected,N106295,N106295,N106295,sa1,1
17059,N106294 /1 undetected,output,,N106294,N106294,1,undetected,N106294,N106294,N106294,sa1,1
17060,N106293 /1 undetected,output,,N106293,N106293,1,undetected,N106293,N106293,N106293,sa1,1
17061,N106292 /1 undetected,output,,N106292,N106292,1,undetected,N106292,N106292,N106292,sa1,1
17062,N106291 /1 undetected,output,,N106291,N106291,1,undetected,N106291,N106291,N106291,sa1,1
17063,N106290 /1 undetected,output,,N106290,N106290,1,undetected,N106290,N106290,N106290,sa1,1
17064,N106289 /1 undetected,output,,N106289,N106289,1,undetected,N106289,N106289,N106289,sa1,1
17065,N106288 /1 undetected,output,,N106288,N106288,1,undetected,N106288,N106288,N106288,sa1,1
17066,N35629 /0 undetected,output,,N35629,N35629,0,undetected,N35629,N35629,N35629,sa0,1
17067,N106244 /1 undetected,output,,N106244,N106244,1,undetected,N106244,N106244,N106244,sa1,1
17068,N106286 /1 undetected,output,,N106286,N106286,1,undetected,N106286,N106286,N106286,sa1,1
17069,N106285 /1 undetected,output,,N106285,N106285,1,undetected,N106285,N106285,N106285,sa1,1
17070,N106284 /1 undetected,output,,N106284,N106284,1,undetected,N106284,N106284,N106284,sa1,1
17071,N106283 /1 undetected,output,,N106283,N106283,1,undetected,N106283,N106283,N106283,sa1,1
17072,N32518 /1 undetected,output,,N32518,N32518,1,undetected,N32518,N32518,N32518,sa1,1
17073,N106242 /1 undetected,output,,N106242,N106242,1,undetected,N106242,N106242,N106242,sa1,1
17074,N81978 /1 undetected,output,,N81978,N81978,1,undetected,N81978,N81978,N81978,sa1,1
17075,N106282 /1 undetected,output,,N106282,N106282,1,undetected,N106282,N106282,N106282,sa1,1
17076,N106281 /1 undetected,output,,N106281,N106281,1,undetected,N106281,N106281,N106281,sa1,1
17077,N106238 /1 undetected,output,,N106238,N106238,1,undetected,N106238,N106238,N106238,sa1,1
17078,N106280 /1 undetected,output,,N106280,N106280,1,undetected,N106280,N106280,N106280,sa1,1
17079,N106279 /1 undetected,output,,N106279,N106279,1,undetected,N106279,N106279,N106279,sa1,1
17080,N24343 /1 undetected,output,,N24343,N24343,1,undetected,N24343,N24343,N24343,sa1,1
17081,N107219 /1 undetected,output,,N107219,N107219,1,undetected,N107219,N107219,N107219,sa1,1
17082,N106278 /1 undetected,output,,N106278,N106278,1,undetected,N106278,N106278,N106278,sa1,1
17083,N106277 /1 undetected,output,,N106277,N106277,1,undetected,N106277,N106277,N106277,sa1,1
17084,N23939 /1 undetected,output,,N23939,N23939,1,undetected,N23939,N23939,N23939,sa1,1
17085,N89053 /1 undetected,output,,N89053,N89053,1,undetected,N89053,N89053,N89053,sa1,1
17086,N108117 /1 undetected,output,,N108117,N108117,1,undetected,N108117,N108117,N108117,sa1,1
17087,N108069 /1 undetected,output,,N108069,N108069,1,undetected,N108069,N108069,N108069,sa1,1
17088,N80629 /1 undetected,output,,N80629,N80629,1,undetected,N80629,N80629,N80629,sa1,1
17089,N107656 /1 undetected,output,,N107656,N107656,1,undetected,N107656,N107656,N107656,sa1,1
17090,N107618 /1 undetected,output,,N107618,N107618,1,undetected,N107618,N107618,N107618,sa1,1
17091,N31402 /0 undetected,output,,N31402,N31402,0,undetected,N31402,N31402,N31402,sa0,1
17092,N91847 /1 undetected,output,,N91847,N91847,1,undetected,N91847,N91847,N91847,sa1,1
17093,N45604 /1 undetected,output,,N45604,N45604,1,undetected,N45604,N45604,N45604,sa1,1
17094,N91841 /1 undetected,output,,N91841,N91841,1,undetected,N91841,N91841,N91841,sa1,1
17095,N44599 /1 undetected,output,,N44599,N44599,1,undetected,N44599,N44599,N44599,sa1,1
17096,N91839 /1 undetected,output,,N91839,N91839,1,undetected,N91839,N91839,N91839,sa1,1
17097,N117545 /1 undetected,output,,N117545,N117545,1,undetected,N117545,N117545,N117545,sa1,1
17098,N44595 /1 undetected,output,,N44595,N44595,1,undetected,N44595,N44595,N44595,sa1,1
17099,N117547 /1 undetected,output,,N117547,N117547,1,undetected,N117547,N117547,N117547,sa1,1
17100,N44583 /1 undetected,output,,N44583,N44583,1,undetected,N44583,N44583,N44583,sa1,1
17101,N92722 /1 undetected,output,,N92722,N92722,1,undetected,N92722,N92722,N92722,sa1,1
17102,N44580 /1 undetected,output,,N44580,N44580,1,undetected,N44580,N44580,N44580,sa1,1
17103,N44578 /1 undetected,output,,N44578,N44578,1,undetected,N44578,N44578,N44578,sa1,1
17104,N44577 /1 undetected,output,,N44577,N44577,1,undetected,N44577,N44577,N44577,sa1,1
17105,N112179 /1 undetected,output,,N112179,N112179,1,undetected,N112179,N112179,N112179,sa1,1
17106,N90205 /1 undetected,output,,N90205,N90205,1,undetected,N90205,N90205,N90205,sa1,1
17107,N44575 /1 undetected,output,,N44575,N44575,1,undetected,N44575,N44575,N44575,sa1,1
17108,N108051 /1 undetected,output,,N108051,N108051,1,undetected,N108051,N108051,N108051,sa1,1
17109,N81962 /1 undetected,output,,N81962,N81962,1,undetected,N81962,N81962,N81962,sa1,1
17110,N44573 /1 undetected,output,,N44573,N44573,1,undetected,N44573,N44573,N44573,sa1,1
17111,N114033 /1 undetected,output,,N114033,N114033,1,undetected,N114033,N114033,N114033,sa1,1
17112,N74854 /1 undetected,output,,N74854,N74854,1,undetected,N74854,N74854,N74854,sa1,1
17113,N34915 /1 undetected,output,,N34915,N34915,1,undetected,N34915,N34915,N34915,sa1,1
17114,N91812 /1 undetected,output,,N91812,N91812,1,undetected,N91812,N91812,N91812,sa1,1
17115,N52093 /1 undetected,output,,N52093,N52093,1,undetected,N52093,N52093,N52093,sa1,1
17116,N52092 /1 undetected,output,,N52092,N52092,1,undetected,N52092,N52092,N52092,sa1,1
17117,N80185 /1 undetected,output,,N80185,N80185,1,undetected,N80185,N80185,N80185,sa1,1
17118,N52087 /1 undetected,output,,N52087,N52087,1,undetected,N52087,N52087,N52087,sa1,1
17119,N89213 /1 undetected,output,,N89213,N89213,1,undetected,N89213,N89213,N89213,sa1,1
17120,N52086 /1 undetected,output,,N52086,N52086,1,undetected,N52086,N52086,N52086,sa1,1
17121,N109368 /1 undetected,output,,N109368,N109368,1,undetected,N109368,N109368,N109368,sa1,1
17122,N52084 /1 undetected,output,,N52084,N52084,1,undetected,N52084,N52084,N52084,sa1,1
17123,N109523 /1 undetected,output,,N109523,N109523,1,undetected,N109523,N109523,N109523,sa1,1
17124,N52080 /1 undetected,output,,N52080,N52080,1,undetected,N52080,N52080,N52080,sa1,1
17125,N109356 /1 undetected,output,,N109356,N109356,1,undetected,N109356,N109356,N109356,sa1,1
17126,N52078 /1 undetected,output,,N52078,N52078,1,undetected,N52078,N52078,N52078,sa1,1
17127,N80791 /1 undetected,output,,N80791,N80791,1,undetected,N80791,N80791,N80791,sa1,1
17128,N52077 /1 undetected,output,,N52077,N52077,1,undetected,N52077,N52077,N52077,sa1,1
17129,N109484 /1 undetected,output,,N109484,N109484,1,undetected,N109484,N109484,N109484,sa1,1
17130,N52075 /1 undetected,output,,N52075,N52075,1,undetected,N52075,N52075,N52075,sa1,1
17131,N109443 /1 undetected,output,,N109443,N109443,1,undetected,N109443,N109443,N109443,sa1,1
17132,N52071 /1 undetected,output,,N52071,N52071,1,undetected,N52071,N52071,N52071,sa1,1
17133,N106963 /1 undetected,output,,N106963,N106963,1,undetected,N106963,N106963,N106963,sa1,1
17134,N51544 /1 undetected,output,,N51544,N51544,1,undetected,N51544,N51544,N51544,sa1,1
17135,N119243 /1 undetected,output,,N119243,N119243,1,undetected,N119243,N119243,N119243,sa1,1
17136,N26888 /1 undetected,output,,N26888,N26888,1,undetected,N26888,N26888,N26888,sa1,1
17137,N52064 /1 undetected,output,,N52064,N52064,1,undetected,N52064,N52064,N52064,sa1,1
17138,N119990 /1 undetected,output,,N119990,N119990,1,undetected,N119990,N119990,N119990,sa1,1
17139,N52060 /1 undetected,output,,N52060,N52060,1,undetected,N52060,N52060,N52060,sa1,1
17140,N119988 /1 undetected,output,,N119988,N119988,1,undetected,N119988,N119988,N119988,sa1,1
17141,N119242 /1 undetected,output,,N119242,N119242,1,undetected,N119242,N119242,N119242,sa1,1
17142,N26890 /1 undetected,output,,N26890,N26890,1,undetected,N26890,N26890,N26890,sa1,1
17143,N51598 /1 undetected,output,,N51598,N51598,1,undetected,N51598,N51598,N51598,sa1,1
17144,N88827 /1 undetected,output,,N88827,N88827,1,undetected,N88827,N88827,N88827,sa1,1
17145,N107010 /1 undetected,output,,N107010,N107010,1,undetected,N107010,N107010,N107010,sa1,1
17146,N106966 /1 undetected,output,,N106966,N106966,1,undetected,N106966,N106966,N106966,sa1,1
17147,N106873 /1 undetected,output,,N106873,N106873,1,undetected,N106873,N106873,N106873,sa1,1
17148,N106918 /1 undetected,output,,N106918,N106918,1,undetected,N106918,N106918,N106918,sa1,1
17149,N115352 /1 undetected,output,,N115352,N115352,1,undetected,N115352,N115352,N115352,sa1,1
17150,N31418 /0 undetected,output,,N31418,N31418,0,undetected,N31418,N31418,N31418,sa0,1
17151,N84565 /1 undetected,output,,N84565,N84565,1,undetected,N84565,N84565,N84565,sa1,1
17152,N30451 /1 undetected,output,,N30451,N30451,1,undetected,N30451,N30451,N30451,sa1,1
17153,N30523 /1 undetected,output,,N30523,N30523,1,undetected,N30523,N30523,N30523,sa1,1
17154,N30522 /1 undetected,output,,N30522,N30522,1,undetected,N30522,N30522,N30522,sa1,1
17155,N113321 /1 undetected,output,,N113321,N113321,1,undetected,N113321,N113321,N113321,sa1,1
17156,N30520 /1 undetected,output,,N30520,N30520,1,undetected,N30520,N30520,N30520,sa1,1
17157,N74818 /1 undetected,output,,N74818,N74818,1,undetected,N74818,N74818,N74818,sa1,1
17158,N31470 /1 undetected,output,,N31470,N31470,1,undetected,N31470,N31470,N31470,sa1,1
17159,N81880 /1 undetected,output,,N81880,N81880,1,undetected,N81880,N81880,N81880,sa1,1
17160,N31393 /1 undetected,output,,N31393,N31393,1,undetected,N31393,N31393,N31393,sa1,1
17161,N81868 /1 undetected,output,,N81868,N81868,1,undetected,N81868,N81868,N81868,sa1,1
17162,N30553 /0 undetected,output,,N30553,N30553,0,undetected,N30553,N30553,N30553,sa0,1
17163,N113689 /1 undetected,output,,N113689,N113689,1,undetected,N113689,N113689,N113689,sa1,1
17164,N74819 /1 undetected,output,,N74819,N74819,1,undetected,N74819,N74819,N74819,sa1,1
17165,N30421 /1 undetected,output,,N30421,N30421,1,undetected,N30421,N30421,N30421,sa1,1
17166,N81776 /1 undetected,output,,N81776,N81776,1,undetected,N81776,N81776,N81776,sa1,1
17167,N30372 /0 undetected,output,,N30372,N30372,0,undetected,N30372,N30372,N30372,sa0,1
17168,N113415 /1 undetected,output,,N113415,N113415,1,undetected,N113415,N113415,N113415,sa1,1
17169,N97758 /1 undetected,output,,N97758,N97758,1,undetected,N97758,N97758,N97758,sa1,1
17170,N91811 /1 undetected,output,,N91811,N91811,1,undetected,N91811,N91811,N91811,sa1,1
17171,N34254 /1 undetected,output,,N34254,N34254,1,undetected,N34254,N34254,N34254,sa1,1
17172,N114522 /1 undetected,output,,N114522,N114522,1,undetected,N114522,N114522,N114522,sa1,1
17173,N111572 /1 undetected,output,,N111572,N111572,1,undetected,N111572,N111572,N111572,sa1,1
17174,N92714 /1 undetected,output,,N92714,N92714,1,undetected,N92714,N92714,N92714,sa1,1
17175,N105559 /1 undetected,output,,N105559,N105559,1,undetected,N105559,N105559,N105559,sa1,1
17176,N34236 /1 undetected,output,,N34236,N34236,1,undetected,N34236,N34236,N34236,sa1,1
17177,N84773 /1 undetected,output,,N84773,N84773,1,undetected,N84773,N84773,N84773,sa1,1
17178,N81828 /1 undetected,output,,N81828,N81828,1,undetected,N81828,N81828,N81828,sa1,1
17179,N34238 /1 undetected,output,,N34238,N34238,1,undetected,N34238,N34238,N34238,sa1,1
17180,N108028 /1 undetected,output,,N108028,N108028,1,undetected,N108028,N108028,N108028,sa1,1
17181,N34233 /1 undetected,output,,N34233,N34233,1,undetected,N34233,N34233,N34233,sa1,1
17182,N34231 /1 undetected,output,,N34231,N34231,1,undetected,N34231,N34231,N34231,sa1,1
17183,N74846 /1 undetected,output,,N74846,N74846,1,undetected,N74846,N74846,N74846,sa1,1
17184,N34230 /1 undetected,output,,N34230,N34230,1,undetected,N34230,N34230,N34230,sa1,1
17185,N107994 /1 undetected,output,,N107994,N107994,1,undetected,N107994,N107994,N107994,sa1,1
17186,N81826 /1 undetected,output,,N81826,N81826,1,undetected,N81826,N81826,N81826,sa1,1
17187,N91803 /1 undetected,output,,N91803,N91803,1,undetected,N91803,N91803,N91803,sa1,1
17188,N29083 /1 undetected,output,,N29083,N29083,1,undetected,N29083,N29083,N29083,sa1,1
17189,N112856 /1 undetected,output,,N112856,N112856,1,undetected,N112856,N112856,N112856,sa1,1
17190,N111571 /1 undetected,output,,N111571,N111571,1,undetected,N111571,N111571,N111571,sa1,1
17191,N92711 /1 undetected,output,,N92711,N92711,1,undetected,N92711,N92711,N92711,sa1,1
17192,N29066 /1 undetected,output,,N29066,N29066,1,undetected,N29066,N29066,N29066,sa1,1
17193,N108027 /1 undetected,output,,N108027,N108027,1,undetected,N108027,N108027,N108027,sa1,1
17194,N105558 /1 undetected,output,,N105558,N105558,1,undetected,N105558,N105558,N105558,sa1,1
17195,N29061 /1 undetected,output,,N29061,N29061,1,undetected,N29061,N29061,N29061,sa1,1
17196,N84760 /1 undetected,output,,N84760,N84760,1,undetected,N84760,N84760,N84760,sa1,1
17197,N81749 /1 undetected,output,,N81749,N81749,1,undetected,N81749,N81749,N81749,sa1,1
17198,N29058 /1 undetected,output,,N29058,N29058,1,undetected,N29058,N29058,N29058,sa1,1
17199,N29056 /1 undetected,output,,N29056,N29056,1,undetected,N29056,N29056,N29056,sa1,1
17200,N74812 /1 undetected,output,,N74812,N74812,1,undetected,N74812,N74812,N74812,sa1,1
17201,N29055 /1 undetected,output,,N29055,N29055,1,undetected,N29055,N29055,N29055,sa1,1
17202,N107993 /1 undetected,output,,N107993,N107993,1,undetected,N107993,N107993,N107993,sa1,1
17203,N81747 /1 undetected,output,,N81747,N81747,1,undetected,N81747,N81747,N81747,sa1,1
17204,N110628 /1 undetected,output,,N110628,N110628,1,undetected,N110628,N110628,N110628,sa1,1
17205,N109843 /1 undetected,output,,N109843,N109843,1,undetected,N109843,N109843,N109843,sa1,1
17206,N110561 /1 undetected,output,,N110561,N110561,1,undetected,N110561,N110561,N110561,sa1,1
17207,N109887 /1 undetected,output,,N109887,N109887,1,undetected,N109887,N109887,N109887,sa1,1
17208,N52447 /0 undetected,output,,N52447,N52447,0,undetected,N52447,N52447,N52447,sa0,1
17209,N101637 /1 undetected,output,,N101637,N101637,1,undetected,N101637,N101637,N101637,sa1,1
17210,N30414 /0 undetected,output,,N30414,N30414,0,undetected,N30414,N30414,N30414,sa0,1
17211,N84549 /1 undetected,output,,N84549,N84549,1,undetected,N84549,N84549,N84549,sa1,1
17212,N113477 /1 undetected,output,,N113477,N113477,1,undetected,N113477,N113477,N113477,sa1,1
17213,N74815 /1 undetected,output,,N74815,N74815,1,undetected,N74815,N74815,N74815,sa1,1
17214,N23942 /1 undetected,output,,N23942,N23942,1,undetected,N23942,N23942,N23942,sa1,1
17215,N23938 /0 undetected,output,,N23938,N23938,0,undetected,N23938,N23938,N23938,sa0,1
17216,N91789 /1 undetected,output,,N91789,N91789,1,undetected,N91789,N91789,N91789,sa1,1
17217,N23937 /1 undetected,output,,N23937,N23937,1,undetected,N23937,N23937,N23937,sa1,1
17218,N31401 /1 undetected,output,,N31401,N31401,1,undetected,N31401,N31401,N31401,sa1,1
17219,N31400 /1 undetected,output,,N31400,N31400,1,undetected,N31400,N31400,N31400,sa1,1
17220,N93743 /1 undetected,output,,N93743,N93743,1,undetected,N93743,N93743,N93743,sa1,1
17221,N31398 /1 undetected,output,,N31398,N31398,1,undetected,N31398,N31398,N31398,sa1,1
17222,N84564 /1 undetected,output,,N84564,N84564,1,undetected,N84564,N84564,N84564,sa1,1
17223,N84530 /1 undetected,output,,N84530,N84530,1,undetected,N84530,N84530,N84530,sa1,1
17224,N107897 /1 undetected,output,,N107897,N107897,1,undetected,N107897,N107897,N107897,sa1,1
17225,N26090 /1 undetected,output,,N26090,N26090,1,undetected,N26090,N26090,N26090,sa1,1
17226,N111567 /1 undetected,output,,N111567,N111567,1,undetected,N111567,N111567,N111567,sa1,1
17227,N108032 /1 undetected,output,,N108032,N108032,1,undetected,N108032,N108032,N108032,sa1,1
17228,N26087 /1 undetected,output,,N26087,N26087,1,undetected,N26087,N26087,N26087,sa1,1
17229,N89930 /1 undetected,output,,N89930,N89930,1,undetected,N89930,N89930,N89930,sa1,1
17230,N106123 /1 undetected,output,,N106123,N106123,1,undetected,N106123,N106123,N106123,sa1,1
17231,N87684 /1 undetected,output,,N87684,N87684,1,undetected,N87684,N87684,N87684,sa1,1
17232,N26083 /1 undetected,output,,N26083,N26083,1,undetected,N26083,N26083,N26083,sa1,1
17233,N74664 /1 undetected,output,,N74664,N74664,1,undetected,N74664,N74664,N74664,sa1,1
17234,N92723 /1 undetected,output,,N92723,N92723,1,undetected,N92723,N92723,N92723,sa1,1
17235,N46301 /1 undetected,output,,N46301,N46301,1,undetected,N46301,N46301,N46301,sa1,1
17236,N114080 /1 undetected,output,,N114080,N114080,1,undetected,N114080,N114080,N114080,sa1,1
17237,N46296 /1 undetected,output,,N46296,N46296,1,undetected,N46296,N46296,N46296,sa1,1
17238,N118063 /1 undetected,output,,N118063,N118063,1,undetected,N118063,N118063,N118063,sa1,1
17239,N108044 /1 undetected,output,,N108044,N108044,1,undetected,N108044,N108044,N108044,sa1,1
17240,N46298 /1 undetected,output,,N46298,N46298,1,undetected,N46298,N46298,N46298,sa1,1
17241,N82012 /1 undetected,output,,N82012,N82012,1,undetected,N82012,N82012,N82012,sa1,1
17242,N91844 /1 undetected,output,,N91844,N91844,1,undetected,N91844,N91844,N91844,sa1,1
17243,N46285 /1 undetected,output,,N46285,N46285,1,undetected,N46285,N46285,N46285,sa1,1
17244,N74702 /1 undetected,output,,N74702,N74702,1,undetected,N74702,N74702,N74702,sa1,1
17245,N46284 /1 undetected,output,,N46284,N46284,1,undetected,N46284,N46284,N46284,sa1,1
17246,N117950 /1 undetected,output,,N117950,N117950,1,undetected,N117950,N117950,N117950,sa1,1
17247,N92329 /1 undetected,output,,N92329,N92329,1,undetected,N92329,N92329,N92329,sa1,1
17248,N46280 /1 undetected,output,,N46280,N46280,1,undetected,N46280,N46280,N46280,sa1,1
17249,N90238 /1 undetected,output,,N90238,N90238,1,undetected,N90238,N90238,N90238,sa1,1
17250,N108510 /1 undetected,output,,N108510,N108510,1,undetected,N108510,N108510,N108510,sa1,1
17251,N108406 /1 undetected,output,,N108406,N108406,1,undetected,N108406,N108406,N108406,sa1,1
17252,N108670 /1 undetected,output,,N108670,N108670,1,undetected,N108670,N108670,N108670,sa1,1
17253,N108567 /1 undetected,output,,N108567,N108567,1,undetected,N108567,N108567,N108567,sa1,1
17254,N47728 /1 undetected,output,,N47728,N47728,1,undetected,N47728,N47728,N47728,sa1,1
17255,N92724 /1 undetected,output,,N92724,N92724,1,undetected,N92724,N92724,N92724,sa1,1
17256,N47723 /1 undetected,output,,N47723,N47723,1,undetected,N47723,N47723,N47723,sa1,1
17257,N82061 /1 undetected,output,,N82061,N82061,1,undetected,N82061,N82061,N82061,sa1,1
17258,N47720 /1 undetected,output,,N47720,N47720,1,undetected,N47720,N47720,N47720,sa1,1
17259,N107905 /1 undetected,output,,N107905,N107905,1,undetected,N107905,N107905,N107905,sa1,1
17260,N47722 /1 undetected,output,,N47722,N47722,1,undetected,N47722,N47722,N47722,sa1,1
17261,N87639 /1 undetected,output,,N87639,N87639,1,undetected,N87639,N87639,N87639,sa1,1
17262,N118465 /1 undetected,output,,N118465,N118465,1,undetected,N118465,N118465,N118465,sa1,1
17263,N106128 /1 undetected,output,,N106128,N106128,1,undetected,N106128,N106128,N106128,sa1,1
17264,N118463 /1 undetected,output,,N118463,N118463,1,undetected,N118463,N118463,N118463,sa1,1
17265,N47712 /1 undetected,output,,N47712,N47712,1,undetected,N47712,N47712,N47712,sa1,1
17266,N113152 /1 undetected,output,,N113152,N113152,1,undetected,N113152,N113152,N113152,sa1,1
17267,N47711 /1 undetected,output,,N47711,N47711,1,undetected,N47711,N47711,N47711,sa1,1
17268,N118351 /1 undetected,output,,N118351,N118351,1,undetected,N118351,N118351,N118351,sa1,1
17269,N92333 /1 undetected,output,,N92333,N92333,1,undetected,N92333,N92333,N92333,sa1,1
17270,N116495 /1 undetected,output,,N116495,N116495,1,undetected,N116495,N116495,N116495,sa1,1
17271,N41051 /1 undetected,output,,N41051,N41051,1,undetected,N41051,N41051,N41051,sa1,1
17272,N113150 /1 undetected,output,,N113150,N113150,1,undetected,N113150,N113150,N113150,sa1,1
17273,N41050 /1 undetected,output,,N41050,N41050,1,undetected,N41050,N41050,N41050,sa1,1
17274,N116498 /1 undetected,output,,N116498,N116498,1,undetected,N116498,N116498,N116498,sa1,1
17275,N92324 /1 undetected,output,,N92324,N92324,1,undetected,N92324,N92324,N92324,sa1,1
17276,N41042 /1 undetected,output,,N41042,N41042,1,undetected,N41042,N41042,N41042,sa1,1
17277,N92720 /1 undetected,output,,N92720,N92720,1,undetected,N92720,N92720,N92720,sa1,1
17278,N90177 /1 undetected,output,,N90177,N90177,1,undetected,N90177,N90177,N90177,sa1,1
17279,N41037 /1 undetected,output,,N41037,N41037,1,undetected,N41037,N41037,N41037,sa1,1
17280,N41036 /1 undetected,output,,N41036,N41036,1,undetected,N41036,N41036,N41036,sa1,1
17281,N107903 /1 undetected,output,,N107903,N107903,1,undetected,N107903,N107903,N107903,sa1,1
17282,N41034 /1 undetected,output,,N41034,N41034,1,undetected,N41034,N41034,N41034,sa1,1
17283,N88213 /1 undetected,output,,N88213,N88213,1,undetected,N88213,N88213,N88213,sa1,1
17284,N41032 /1 undetected,output,,N41032,N41032,1,undetected,N41032,N41032,N41032,sa1,1
17285,N116490 /1 undetected,output,,N116490,N116490,1,undetected,N116490,N116490,N116490,sa1,1
17286,N106127 /1 undetected,output,,N106127,N106127,1,undetected,N106127,N106127,N106127,sa1,1
17287,N39912 /1 undetected,output,,N39912,N39912,1,undetected,N39912,N39912,N39912,sa1,1
17288,N92718 /1 undetected,output,,N92718,N92718,1,undetected,N92718,N92718,N92718,sa1,1
17289,N39909 /1 undetected,output,,N39909,N39909,1,undetected,N39909,N39909,N39909,sa1,1
17290,N39907 /1 undetected,output,,N39907,N39907,1,undetected,N39907,N39907,N39907,sa1,1
17291,N90161 /1 undetected,output,,N90161,N90161,1,undetected,N90161,N90161,N90161,sa1,1
17292,N39904 /1 undetected,output,,N39904,N39904,1,undetected,N39904,N39904,N39904,sa1,1
17293,N107901 /1 undetected,output,,N107901,N107901,1,undetected,N107901,N107901,N107901,sa1,1
17294,N76356 /1 undetected,output,,N76356,N76356,1,undetected,N76356,N76356,N76356,sa1,1
17295,N39906 /1 undetected,output,,N39906,N39906,1,undetected,N39906,N39906,N39906,sa1,1
17296,N108039 /1 undetected,output,,N108039,N108039,1,undetected,N108039,N108039,N108039,sa1,1
17297,N86131 /1 undetected,output,,N86131,N86131,1,undetected,N86131,N86131,N86131,sa1,1
17298,N116191 /1 undetected,output,,N116191,N116191,1,undetected,N116191,N116191,N116191,sa1,1
17299,N106125 /1 undetected,output,,N106125,N106125,1,undetected,N106125,N106125,N106125,sa1,1
17300,N116189 /1 undetected,output,,N116189,N116189,1,undetected,N116189,N116189,N116189,sa1,1
17301,N39897 /1 undetected,output,,N39897,N39897,1,undetected,N39897,N39897,N39897,sa1,1
17302,N113148 /1 undetected,output,,N113148,N113148,1,undetected,N113148,N113148,N113148,sa1,1
17303,N39896 /1 undetected,output,,N39896,N39896,1,undetected,N39896,N39896,N39896,sa1,1
17304,N116079 /1 undetected,output,,N116079,N116079,1,undetected,N116079,N116079,N116079,sa1,1
17305,N92322 /1 undetected,output,,N92322,N92322,1,undetected,N92322,N92322,N92322,sa1,1
17306,N37034 /1 undetected,output,,N37034,N37034,1,undetected,N37034,N37034,N37034,sa1,1
17307,N37033 /1 undetected,output,,N37033,N37033,1,undetected,N37033,N37033,N37033,sa1,1
17308,N92715 /1 undetected,output,,N92715,N92715,1,undetected,N92715,N92715,N92715,sa1,1
17309,N37028 /1 undetected,output,,N37028,N37028,1,undetected,N37028,N37028,N37028,sa1,1
17310,N90120 /1 undetected,output,,N90120,N90120,1,undetected,N90120,N90120,N90120,sa1,1
17311,N37025 /1 undetected,output,,N37025,N37025,1,undetected,N37025,N37025,N37025,sa1,1
17312,N107898 /1 undetected,output,,N107898,N107898,1,undetected,N107898,N107898,N107898,sa1,1
17313,N37027 /1 undetected,output,,N37027,N37027,1,undetected,N37027,N37027,N37027,sa1,1
17314,N87581 /1 undetected,output,,N87581,N87581,1,undetected,N87581,N87581,N87581,sa1,1
17315,N37023 /1 undetected,output,,N37023,N37023,1,undetected,N37023,N37023,N37023,sa1,1
17316,N115349 /1 undetected,output,,N115349,N115349,1,undetected,N115349,N115349,N115349,sa1,1
17317,N106124 /1 undetected,output,,N106124,N106124,1,undetected,N106124,N106124,N106124,sa1,1
17318,N37020 /1 undetected,output,,N37020,N37020,1,undetected,N37020,N37020,N37020,sa1,1
17319,N37018 /1 undetected,output,,N37018,N37018,1,undetected,N37018,N37018,N37018,sa1,1
17320,N113145 /1 undetected,output,,N113145,N113145,1,undetected,N113145,N113145,N113145,sa1,1
17321,N37017 /1 undetected,output,,N37017,N37017,1,undetected,N37017,N37017,N37017,sa1,1
17322,N115236 /1 undetected,output,,N115236,N115236,1,undetected,N115236,N115236,N115236,sa1,1
17323,N92317 /1 undetected,output,,N92317,N92317,1,undetected,N92317,N92317,N92317,sa1,1
17324,N120406 /1 undetected,output,,N120406,N120406,1,undetected,N120406,N120406,N120406,sa1,1
17325,N120405 /1 undetected,output,,N120405,N120405,1,undetected,N120405,N120405,N120405,sa1,1
17326,N51579 /0 undetected,output,,N51579,N51579,0,undetected,N51579,N51579,N51579,sa0,1
17327,N91870 /1 undetected,output,,N91870,N91870,1,undetected,N91870,N91870,N91870,sa1,1
17328,N92719 /1 undetected,output,,N92719,N92719,1,undetected,N92719,N92719,N92719,sa1,1
17329,N40628 /1 undetected,output,,N40628,N40628,1,undetected,N40628,N40628,N40628,sa1,1
17330,N90014 /1 undetected,output,,N90014,N90014,1,undetected,N90014,N90014,N90014,sa1,1
17331,N40626 /1 undetected,output,,N40626,N40626,1,undetected,N40626,N40626,N40626,sa1,1
17332,N40625 /1 undetected,output,,N40625,N40625,1,undetected,N40625,N40625,N40625,sa1,1
17333,N108040 /1 undetected,output,,N108040,N108040,1,undetected,N108040,N108040,N108040,sa1,1
17334,N87558 /1 undetected,output,,N87558,N87558,1,undetected,N87558,N87558,N87558,sa1,1
17335,N40623 /1 undetected,output,,N40623,N40623,1,undetected,N40623,N40623,N40623,sa1,1
17336,N107902 /1 undetected,output,,N107902,N107902,1,undetected,N107902,N107902,N107902,sa1,1
17337,N78691 /1 undetected,output,,N78691,N78691,1,undetected,N78691,N78691,N78691,sa1,1
17338,N40621 /1 undetected,output,,N40621,N40621,1,undetected,N40621,N40621,N40621,sa1,1
17339,N106126 /1 undetected,output,,N106126,N106126,1,undetected,N106126,N106126,N106126,sa1,1
17340,N116389 /1 undetected,output,,N116389,N116389,1,undetected,N116389,N116389,N116389,sa1,1
17341,N40616 /1 undetected,output,,N40616,N40616,1,undetected,N40616,N40616,N40616,sa1,1
17342,N113149 /1 undetected,output,,N113149,N113149,1,undetected,N113149,N113149,N113149,sa1,1
17343,N40615 /1 undetected,output,,N40615,N40615,1,undetected,N40615,N40615,N40615,sa1,1
17344,N116279 /1 undetected,output,,N116279,N116279,1,undetected,N116279,N116279,N116279,sa1,1
17345,N92323 /1 undetected,output,,N92323,N92323,1,undetected,N92323,N92323,N92323,sa1,1
17346,N24697 /1 undetected,output,,N24697,N24697,1,undetected,N24697,N24697,N24697,sa1,1
17347,N108052 /1 undetected,output,,N108052,N108052,1,undetected,N108052,N108052,N108052,sa1,1
17348,N108049 /1 undetected,output,,N108049,N108049,1,undetected,N108049,N108049,N108049,sa1,1
17349,N24534 /1 undetected,output,,N24534,N24534,1,undetected,N24534,N24534,N24534,sa1,1
17350,N84529 /1 undetected,output,,N84529,N84529,1,undetected,N84529,N84529,N84529,sa1,1
17351,N24533 /1 undetected,output,,N24533,N24533,1,undetected,N24533,N24533,N24533,sa1,1
17352,N107908 /1 undetected,output,,N107908,N107908,1,undetected,N107908,N107908,N107908,sa1,1
17353,N107889 /1 undetected,output,,N107889,N107889,1,undetected,N107889,N107889,N107889,sa1,1
17354,N24409 /1 undetected,output,,N24409,N24409,1,undetected,N24409,N24409,N24409,sa1,1
17355,N107789 /1 undetected,output,,N107789,N107789,1,undetected,N107789,N107789,N107789,sa1,1
17356,N106122 /1 undetected,output,,N106122,N106122,1,undetected,N106122,N106122,N106122,sa1,1
17357,N106792 /1 undetected,output,,N106792,N106792,1,undetected,N106792,N106792,N106792,sa1,1
17358,N24400 /1 undetected,output,,N24400,N24400,1,undetected,N24400,N24400,N24400,sa1,1
17359,N74662 /1 undetected,output,,N74662,N74662,1,undetected,N74662,N74662,N74662,sa1,1
17360,N24399 /1 undetected,output,,N24399,N24399,1,undetected,N24399,N24399,N24399,sa1,1
17361,N107781 /1 undetected,output,,N107781,N107781,1,undetected,N107781,N107781,N107781,sa1,1
17362,N92305 /1 undetected,output,,N92305,N92305,1,undetected,N92305,N92305,N92305,sa1,1
17363,N23941 /0 undetected,output,,N23941,N23941,0,undetected,N23941,N23941,N23941,sa0,1
17364,N23936 /0 undetected,output,,N23936,N23936,0,undetected,N23936,N23936,N23936,sa0,1
17365,N27538 /1 undetected,output,,N27538,N27538,1,undetected,N27538,N27538,N27538,sa1,1
17366,N111934 /1 undetected,output,,N111934,N111934,1,undetected,N111934,N111934,N111934,sa1,1
17367,N92307 /1 undetected,output,,N92307,N92307,1,undetected,N92307,N92307,N92307,sa1,1
17368,N112072 /1 undetected,output,,N112072,N112072,1,undetected,N112072,N112072,N112072,sa1,1
17369,N84755 /1 undetected,output,,N84755,N84755,1,undetected,N84755,N84755,N84755,sa1,1
17370,N27534 /1 undetected,output,,N27534,N27534,1,undetected,N27534,N27534,N27534,sa1,1
17371,N84535 /1 undetected,output,,N84535,N84535,1,undetected,N84535,N84535,N84535,sa1,1
17372,N27530 /1 undetected,output,,N27530,N27530,1,undetected,N27530,N27530,N27530,sa1,1
17373,N112168 /1 undetected,output,,N112168,N112168,1,undetected,N112168,N112168,N112168,sa1,1
17374,N112156 /1 undetected,output,,N112156,N112156,1,undetected,N112156,N112156,N112156,sa1,1
17375,N27526 /1 undetected,output,,N27526,N27526,1,undetected,N27526,N27526,N27526,sa1,1
17376,N27524 /1 undetected,output,,N27524,N27524,1,undetected,N27524,N27524,N27524,sa1,1
17377,N27523 /1 undetected,output,,N27523,N27523,1,undetected,N27523,N27523,N27523,sa1,1
17378,N84753 /1 undetected,output,,N84753,N84753,1,undetected,N84753,N84753,N84753,sa1,1
17379,N81724 /1 undetected,output,,N81724,N81724,1,undetected,N81724,N81724,N81724,sa1,1
17380,N27522 /1 undetected,output,,N27522,N27522,1,undetected,N27522,N27522,N27522,sa1,1
17381,N106757 /1 undetected,output,,N106757,N106757,1,undetected,N106757,N106757,N106757,sa1,1
17382,N76622 /1 undetected,output,,N76622,N76622,1,undetected,N76622,N76622,N76622,sa1,1
17383,N27520 /1 undetected,output,,N27520,N27520,1,undetected,N27520,N27520,N27520,sa1,1
17384,N106788 /1 undetected,output,,N106788,N106788,1,undetected,N106788,N106788,N106788,sa1,1
17385,N86312 /1 undetected,output,,N86312,N86312,1,undetected,N86312,N86312,N86312,sa1,1
17386,N27516 /1 undetected,output,,N27516,N27516,1,undetected,N27516,N27516,N27516,sa1,1
17387,N74807 /1 undetected,output,,N74807,N74807,1,undetected,N74807,N74807,N74807,sa1,1
17388,N27515 /1 undetected,output,,N27515,N27515,1,undetected,N27515,N27515,N27515,sa1,1
17389,N27513 /1 undetected,output,,N27513,N27513,1,undetected,N27513,N27513,N27513,sa1,1
17390,N85537 /1 undetected,output,,N85537,N85537,1,undetected,N85537,N85537,N85537,sa1,1
17391,N27497 /1 undetected,output,,N27497,N27497,1,undetected,N27497,N27497,N27497,sa1,1
17392,N27495 /1 undetected,output,,N27495,N27495,1,undetected,N27495,N27495,N27495,sa1,1
17393,N76120 /1 undetected,output,,N76120,N76120,1,undetected,N76120,N76120,N76120,sa1,1
17394,N27492 /1 undetected,output,,N27492,N27492,1,undetected,N27492,N27492,N27492,sa1,1
17395,N112164 /1 undetected,output,,N112164,N112164,1,undetected,N112164,N112164,N112164,sa1,1
17396,N94419 /1 undetected,output,,N94419,N94419,1,undetected,N94419,N94419,N94419,sa1,1
17397,N27494 /1 undetected,output,,N27494,N27494,1,undetected,N27494,N27494,N27494,sa1,1
17398,N112166 /1 undetected,output,,N112166,N112166,1,undetected,N112166,N112166,N112166,sa1,1
17399,N94331 /1 undetected,output,,N94331,N94331,1,undetected,N94331,N94331,N94331,sa1,1
17400,N27507 /1 undetected,output,,N27507,N27507,1,undetected,N27507,N27507,N27507,sa1,1
17401,N85933 /1 undetected,output,,N85933,N85933,1,undetected,N85933,N85933,N85933,sa1,1
17402,N27506 /1 undetected,output,,N27506,N27506,1,undetected,N27506,N27506,N27506,sa1,1
17403,N112162 /1 undetected,output,,N112162,N112162,1,undetected,N112162,N112162,N112162,sa1,1
17404,N27504 /1 undetected,output,,N27504,N27504,1,undetected,N27504,N27504,N27504,sa1,1
17405,N95959 /1 undetected,output,,N95959,N95959,1,undetected,N95959,N95959,N95959,sa1,1
17406,N112160 /1 undetected,output,,N112160,N112160,1,undetected,N112160,N112160,N112160,sa1,1
17407,N94420 /1 undetected,output,,N94420,N94420,1,undetected,N94420,N94420,N94420,sa1,1
17408,N27499 /1 undetected,output,,N27499,N27499,1,undetected,N27499,N27499,N27499,sa1,1
17409,N112158 /1 undetected,output,,N112158,N112158,1,undetected,N112158,N112158,N112158,sa1,1
17410,N94332 /1 undetected,output,,N94332,N94332,1,undetected,N94332,N94332,N94332,sa1,1
17411,N27512 /1 undetected,output,,N27512,N27512,1,undetected,N27512,N27512,N27512,sa1,1
17412,N27510 /1 undetected,output,,N27510,N27510,1,undetected,N27510,N27510,N27510,sa1,1
17413,N75583 /1 undetected,output,,N75583,N75583,1,undetected,N75583,N75583,N75583,sa1,1
17414,N27490 /1 undetected,output,,N27490,N27490,1,undetected,N27490,N27490,N27490,sa1,1
17415,N27488 /1 undetected,output,,N27488,N27488,1,undetected,N27488,N27488,N27488,sa1,1
17416,N75170 /1 undetected,output,,N75170,N75170,1,undetected,N75170,N75170,N75170,sa1,1
17417,N27476 /1 undetected,output,,N27476,N27476,1,undetected,N27476,N27476,N27476,sa1,1
17418,N112163 /1 undetected,output,,N112163,N112163,1,undetected,N112163,N112163,N112163,sa1,1
17419,N93863 /1 undetected,output,,N93863,N93863,1,undetected,N93863,N93863,N93863,sa1,1
17420,N27487 /1 undetected,output,,N27487,N27487,1,undetected,N27487,N27487,N27487,sa1,1
17421,N112165 /1 undetected,output,,N112165,N112165,1,undetected,N112165,N112165,N112165,sa1,1
17422,N93786 /1 undetected,output,,N93786,N93786,1,undetected,N93786,N93786,N93786,sa1,1
17423,N27462 /1 undetected,output,,N27462,N27462,1,undetected,N27462,N27462,N27462,sa1,1
17424,N27460 /1 undetected,output,,N27460,N27460,1,undetected,N27460,N27460,N27460,sa1,1
17425,N85169 /1 undetected,output,,N85169,N85169,1,undetected,N85169,N85169,N85169,sa1,1
17426,N27459 /1 undetected,output,,N27459,N27459,1,undetected,N27459,N27459,N27459,sa1,1
17427,N112161 /1 undetected,output,,N112161,N112161,1,undetected,N112161,N112161,N112161,sa1,1
17428,N112042 /1 undetected,output,,N112042,N112042,1,undetected,N112042,N112042,N112042,sa1,1
17429,N27455 /1 undetected,output,,N27455,N27455,1,undetected,N27455,N27455,N27455,sa1,1
17430,N27453 /1 undetected,output,,N27453,N27453,1,undetected,N27453,N27453,N27453,sa1,1
17431,N95823 /1 undetected,output,,N95823,N95823,1,undetected,N95823,N95823,N95823,sa1,1
17432,N27452 /1 undetected,output,,N27452,N27452,1,undetected,N27452,N27452,N27452,sa1,1
17433,N112159 /1 undetected,output,,N112159,N112159,1,undetected,N112159,N112159,N112159,sa1,1
17434,N93862 /1 undetected,output,,N93862,N93862,1,undetected,N93862,N93862,N93862,sa1,1
17435,N27440 /1 undetected,output,,N27440,N27440,1,undetected,N27440,N27440,N27440,sa1,1
17436,N112157 /1 undetected,output,,N112157,N112157,1,undetected,N112157,N112157,N112157,sa1,1
17437,N93785 /1 undetected,output,,N93785,N93785,1,undetected,N93785,N93785,N93785,sa1,1
17438,N30518 /0 undetected,output,,N30518,N30518,0,undetected,N30518,N30518,N30518,sa0,1
17439,N54517 /1 undetected,output,,N54517,N54517,1,undetected,N54517,N54517,N54517,sa1,1
17440,N112029 /1 undetected,output,,N112029,N112029,1,undetected,N112029,N112029,N112029,sa1,1
17441,N54513 /1 undetected,output,,N54513,N54513,1,undetected,N54513,N54513,N54513,sa1,1
17442,N30550 /1 undetected,output,,N30550,N30550,1,undetected,N30550,N30550,N30550,sa1,1
17443,N30369 /1 undetected,output,,N30369,N30369,1,undetected,N30369,N30369,N30369,sa1,1
17444,N118265 /1 undetected,output,,N118265,N118265,1,undetected,N118265,N118265,N118265,sa1,1
17445,N47014 /1 undetected,output,,N47014,N47014,1,undetected,N47014,N47014,N47014,sa1,1
17446,N74704 /1 undetected,output,,N74704,N74704,1,undetected,N74704,N74704,N74704,sa1,1
17447,N47013 /1 undetected,output,,N47013,N47013,1,undetected,N47013,N47013,N47013,sa1,1
17448,N118151 /1 undetected,output,,N118151,N118151,1,undetected,N118151,N118151,N118151,sa1,1
17449,N92331 /1 undetected,output,,N92331,N92331,1,undetected,N92331,N92331,N92331,sa1,1
17450,N46997 /1 undetected,output,,N46997,N46997,1,undetected,N46997,N46997,N46997,sa1,1
17451,N90257 /1 undetected,output,,N90257,N90257,1,undetected,N90257,N90257,N90257,sa1,1
17452,N47009 /1 undetected,output,,N47009,N47009,1,undetected,N47009,N47009,N47009,sa1,1
17453,N84621 /1 undetected,output,,N84621,N84621,1,undetected,N84621,N84621,N84621,sa1,1
17454,N47005 /1 undetected,output,,N47005,N47005,1,undetected,N47005,N47005,N47005,sa1,1
17455,N114117 /1 undetected,output,,N114117,N114117,1,undetected,N114117,N114117,N114117,sa1,1
17456,N47000 /1 undetected,output,,N47000,N47000,1,undetected,N47000,N47000,N47000,sa1,1
17457,N118262 /1 undetected,output,,N118262,N118262,1,undetected,N118262,N118262,N118262,sa1,1
17458,N108045 /1 undetected,output,,N108045,N108045,1,undetected,N108045,N108045,N108045,sa1,1
17459,N47004 /1 undetected,output,,N47004,N47004,1,undetected,N47004,N47004,N47004,sa1,1
17460,N47002 /1 undetected,output,,N47002,N47002,1,undetected,N47002,N47002,N47002,sa1,1
17461,N107896 /1 undetected,output,,N107896,N107896,1,undetected,N107896,N107896,N107896,sa1,1
17462,N82045 /1 undetected,output,,N82045,N82045,1,undetected,N82045,N82045,N82045,sa1,1
17463,N45601 /1 undetected,output,,N45601,N45601,1,undetected,N45601,N45601,N45601,sa1,1
17464,N45600 /1 undetected,output,,N45600,N45600,1,undetected,N45600,N45600,N45600,sa1,1
17465,N45599 /1 undetected,output,,N45599,N45599,1,undetected,N45599,N45599,N45599,sa1,1
17466,N45597 /1 undetected,output,,N45597,N45597,1,undetected,N45597,N45597,N45597,sa1,1
17467,N74700 /1 undetected,output,,N74700,N74700,1,undetected,N74700,N74700,N74700,sa1,1
17468,N45596 /1 undetected,output,,N45596,N45596,1,undetected,N45596,N45596,N45596,sa1,1
17469,N117754 /1 undetected,output,,N117754,N117754,1,undetected,N117754,N117754,N117754,sa1,1
17470,N92327 /1 undetected,output,,N92327,N92327,1,undetected,N92327,N92327,N92327,sa1,1
17471,N45580 /1 undetected,output,,N45580,N45580,1,undetected,N45580,N45580,N45580,sa1,1
17472,N90228 /1 undetected,output,,N90228,N90228,1,undetected,N90228,N90228,N90228,sa1,1
17473,N45592 /1 undetected,output,,N45592,N45592,1,undetected,N45592,N45592,N45592,sa1,1
17474,N84616 /1 undetected,output,,N84616,N84616,1,undetected,N84616,N84616,N84616,sa1,1
17475,N45588 /1 undetected,output,,N45588,N45588,1,undetected,N45588,N45588,N45588,sa1,1
17476,N114044 /1 undetected,output,,N114044,N114044,1,undetected,N114044,N114044,N114044,sa1,1
17477,N45583 /1 undetected,output,,N45583,N45583,1,undetected,N45583,N45583,N45583,sa1,1
17478,N117864 /1 undetected,output,,N117864,N117864,1,undetected,N117864,N117864,N117864,sa1,1
17479,N45587 /1 undetected,output,,N45587,N45587,1,undetected,N45587,N45587,N45587,sa1,1
17480,N45585 /1 undetected,output,,N45585,N45585,1,undetected,N45585,N45585,N45585,sa1,1
17481,N107894 /1 undetected,output,,N107894,N107894,1,undetected,N107894,N107894,N107894,sa1,1
17482,N81993 /1 undetected,output,,N81993,N81993,1,undetected,N81993,N81993,N81993,sa1,1
17483,N39193 /1 undetected,output,,N39193,N39193,1,undetected,N39193,N39193,N39193,sa1,1
17484,N113147 /1 undetected,output,,N113147,N113147,1,undetected,N113147,N113147,N113147,sa1,1
17485,N39192 /1 undetected,output,,N39192,N39192,1,undetected,N39192,N39192,N39192,sa1,1
17486,N115866 /1 undetected,output,,N115866,N115866,1,undetected,N115866,N115866,N115866,sa1,1
17487,N92320 /1 undetected,output,,N92320,N92320,1,undetected,N92320,N92320,N92320,sa1,1
17488,N39171 /1 undetected,output,,N39171,N39171,1,undetected,N39171,N39171,N39171,sa1,1
17489,N113925 /1 undetected,output,,N113925,N113925,1,undetected,N113925,N113925,N113925,sa1,1
17490,N105391 /1 undetected,output,,N105391,N105391,1,undetected,N105391,N105391,N105391,sa1,1
17491,N92717 /1 undetected,output,,N92717,N92717,1,undetected,N92717,N92717,N92717,sa1,1
17492,N39184 /1 undetected,output,,N39184,N39184,1,undetected,N39184,N39184,N39184,sa1,1
17493,N39182 /1 undetected,output,,N39182,N39182,1,undetected,N39182,N39182,N39182,sa1,1
17494,N39181 /1 undetected,output,,N39181,N39181,1,undetected,N39181,N39181,N39181,sa1,1
17495,N39180 /1 undetected,output,,N39180,N39180,1,undetected,N39180,N39180,N39180,sa1,1
17496,N105551 /1 undetected,output,,N105551,N105551,1,undetected,N105551,N105551,N105551,sa1,1
17497,N81917 /1 undetected,output,,N81917,N81917,1,undetected,N81917,N81917,N81917,sa1,1
17498,N39178 /1 undetected,output,,N39178,N39178,1,undetected,N39178,N39178,N39178,sa1,1
17499,N39174 /1 undetected,output,,N39174,N39174,1,undetected,N39174,N39174,N39174,sa1,1
17500,N115975 /1 undetected,output,,N115975,N115975,1,undetected,N115975,N115975,N115975,sa1,1
17501,N108038 /1 undetected,output,,N108038,N108038,1,undetected,N108038,N108038,N108038,sa1,1
17502,N39176 /1 undetected,output,,N39176,N39176,1,undetected,N39176,N39176,N39176,sa1,1
17503,N107900 /1 undetected,output,,N107900,N107900,1,undetected,N107900,N107900,N107900,sa1,1
17504,N76374 /1 undetected,output,,N76374,N76374,1,undetected,N76374,N76374,N76374,sa1,1
17505,N34912 /1 undetected,output,,N34912,N34912,1,undetected,N34912,N34912,N34912,sa1,1
17506,N34911 /1 undetected,output,,N34911,N34911,1,undetected,N34911,N34911,N34911,sa1,1
17507,N34910 /1 undetected,output,,N34910,N34910,1,undetected,N34910,N34910,N34910,sa1,1
17508,N34908 /1 undetected,output,,N34908,N34908,1,undetected,N34908,N34908,N34908,sa1,1
17509,N74690 /1 undetected,output,,N74690,N74690,1,undetected,N74690,N74690,N74690,sa1,1
17510,N34907 /1 undetected,output,,N34907,N34907,1,undetected,N34907,N34907,N34907,sa1,1
17511,N114600 /1 undetected,output,,N114600,N114600,1,undetected,N114600,N114600,N114600,sa1,1
17512,N92315 /1 undetected,output,,N92315,N92315,1,undetected,N92315,N92315,N92315,sa1,1
17513,N34891 /1 undetected,output,,N34891,N34891,1,undetected,N34891,N34891,N34891,sa1,1
17514,N90065 /1 undetected,output,,N90065,N90065,1,undetected,N90065,N90065,N90065,sa1,1
17515,N34903 /1 undetected,output,,N34903,N34903,1,undetected,N34903,N34903,N34903,sa1,1
17516,N84592 /1 undetected,output,,N84592,N84592,1,undetected,N84592,N84592,N84592,sa1,1
17517,N113855 /1 undetected,output,,N113855,N113855,1,undetected,N113855,N113855,N113855,sa1,1
17518,N34899 /1 undetected,output,,N34899,N34899,1,undetected,N34899,N34899,N34899,sa1,1
17519,N34898 /1 undetected,output,,N34898,N34898,1,undetected,N34898,N34898,N34898,sa1,1
17520,N34896 /1 undetected,output,,N34896,N34896,1,undetected,N34896,N34896,N34896,sa1,1
17521,N107893 /1 undetected,output,,N107893,N107893,1,undetected,N107893,N107893,N107893,sa1,1
17522,N81844 /1 undetected,output,,N81844,N81844,1,undetected,N81844,N81844,N81844,sa1,1
17523,N34894 /1 undetected,output,,N34894,N34894,1,undetected,N34894,N34894,N34894,sa1,1
17524,N114712 /1 undetected,output,,N114712,N114712,1,undetected,N114712,N114712,N114712,sa1,1
17525,N108035 /1 undetected,output,,N108035,N108035,1,undetected,N108035,N108035,N108035,sa1,1
17526,N79697 /1 undetected,output,,N79697,N79697,1,undetected,N79697,N79697,N79697,sa1,1
17527,N88502 /1 undetected,output,,N88502,N88502,1,undetected,N88502,N88502,N88502,sa1,1
17528,N52551 /1 undetected,output,,N52551,N52551,1,undetected,N52551,N52551,N52551,sa1,1
17529,N81590 /1 undetected,output,,N81590,N81590,1,undetected,N81590,N81590,N81590,sa1,1
17530,N28246 /1 undetected,output,,N28246,N28246,1,undetected,N28246,N28246,N28246,sa1,1
17531,N28246 /0 undetected,output,,N28246,N28246,0,undetected,N28246,N28246,N28246,sa0,1
17532,N112419 /1 undetected,output,,N112419,N112419,1,undetected,N112419,N112419,N112419,sa1,1
17533,N112406 /1 undetected,output,,N112406,N112406,1,undetected,N112406,N112406,N112406,sa1,1
17534,N27186 /1 undetected,output,,N27186,N27186,1,undetected,N27186,N27186,N27186,sa1,1
17535,N101525 /1 undetected,output,,N101525,N101525,1,undetected,N101525,N101525,N101525,sa1,1
17536,N92710 /1 undetected,output,,N92710,N92710,1,undetected,N92710,N92710,N92710,sa1,1
17537,N27183 /1 undetected,output,,N27183,N27183,1,undetected,N27183,N27183,N27183,sa1,1
17538,N27181 /1 undetected,output,,N27181,N27181,1,undetected,N27181,N27181,N27181,sa1,1
17539,N27179 /1 undetected,output,,N27179,N27179,1,undetected,N27179,N27179,N27179,sa1,1
17540,N85167 /1 undetected,output,,N85167,N85167,1,undetected,N85167,N85167,N85167,sa1,1
17541,N27178 /1 undetected,output,,N27178,N27178,1,undetected,N27178,N27178,N27178,sa1,1
17542,N27174 /1 undetected,output,,N27174,N27174,1,undetected,N27174,N27174,N27174,sa1,1
17543,N27172 /1 undetected,output,,N27172,N27172,1,undetected,N27172,N27172,N27172,sa1,1
17544,N105862 /1 undetected,output,,N105862,N105862,1,undetected,N105862,N105862,N105862,sa1,1
17545,N27170 /1 undetected,output,,N27170,N27170,1,undetected,N27170,N27170,N27170,sa1,1
17546,N93782 /1 undetected,output,,N93782,N93782,1,undetected,N93782,N93782,N93782,sa1,1
17547,N76604 /1 undetected,output,,N76604,N76604,1,undetected,N76604,N76604,N76604,sa1,1
17548,N27169 /1 undetected,output,,N27169,N27169,1,undetected,N27169,N27169,N27169,sa1,1
17549,N95821 /1 undetected,output,,N95821,N95821,1,undetected,N95821,N95821,N95821,sa1,1
17550,N27168 /1 undetected,output,,N27168,N27168,1,undetected,N27168,N27168,N27168,sa1,1
17551,N112036 /1 undetected,output,,N112036,N112036,1,undetected,N112036,N112036,N112036,sa1,1
17552,N93859 /1 undetected,output,,N93859,N93859,1,undetected,N93859,N93859,N93859,sa1,1
17553,N27164 /1 undetected,output,,N27164,N27164,1,undetected,N27164,N27164,N27164,sa1,1
17554,N27162 /1 undetected,output,,N27162,N27162,1,undetected,N27162,N27162,N27162,sa1,1
17555,N75168 /1 undetected,output,,N75168,N75168,1,undetected,N75168,N75168,N75168,sa1,1
17556,N27161 /1 undetected,output,,N27161,N27161,1,undetected,N27161,N27161,N27161,sa1,1
17557,N112030 /1 undetected,output,,N112030,N112030,1,undetected,N112030,N112030,N112030,sa1,1
17558,N93858 /1 undetected,output,,N93858,N93858,1,undetected,N93858,N93858,N93858,sa1,1
17559,N27159 /1 undetected,output,,N27159,N27159,1,undetected,N27159,N27159,N27159,sa1,1
17560,N112032 /1 undetected,output,,N112032,N112032,1,undetected,N112032,N112032,N112032,sa1,1
17561,N93781 /1 undetected,output,,N93781,N93781,1,undetected,N93781,N93781,N93781,sa1,1
17562,N27151 /1 undetected,output,,N27151,N27151,1,undetected,N27151,N27151,N27151,sa1,1
17563,N27147 /1 undetected,output,,N27147,N27147,1,undetected,N27147,N27147,N27147,sa1,1
17564,N105557 /1 undetected,output,,N105557,N105557,1,undetected,N105557,N105557,N105557,sa1,1
17565,N92709 /1 undetected,output,,N92709,N92709,1,undetected,N92709,N92709,N92709,sa1,1
17566,N23923 /1 undetected,output,,N23923,N23923,1,undetected,N23923,N23923,N23923,sa1,1
17567,N30450 /0 undetected,output,,N30450,N30450,0,undetected,N30450,N30450,N30450,sa0,1
17568,N113530 /1 undetected,output,,N113530,N113530,1,undetected,N113530,N113530,N113530,sa1,1
17569,N74816 /1 undetected,output,,N74816,N74816,1,undetected,N74816,N74816,N74816,sa1,1
17570,N53549 /1 undetected,output,,N53549,N53549,1,undetected,N53549,N53549,N53549,sa1,1
17571,N112028 /1 undetected,output,,N112028,N112028,1,undetected,N112028,N112028,N112028,sa1,1
17572,N53545 /1 undetected,output,,N53545,N53545,1,undetected,N53545,N53545,N53545,sa1,1
17573,N106092 /1 undetected,output,,N106092,N106092,1,undetected,N106092,N106092,N106092,sa1,1
17574,N53541 /1 undetected,output,,N53541,N53541,1,undetected,N53541,N53541,N53541,sa1,1
17575,N85948 /1 undetected,output,,N85948,N85948,1,undetected,N85948,N85948,N85948,sa1,1
17576,N38469 /1 undetected,output,,N38469,N38469,1,undetected,N38469,N38469,N38469,sa1,1
17577,N105390 /1 undetected,output,,N105390,N105390,1,undetected,N105390,N105390,N105390,sa1,1
17578,N81905 /1 undetected,output,,N81905,N81905,1,undetected,N81905,N81905,N81905,sa1,1
17579,N38464 /1 undetected,output,,N38464,N38464,1,undetected,N38464,N38464,N38464,sa1,1
17580,N113146 /1 undetected,output,,N113146,N113146,1,undetected,N113146,N113146,N113146,sa1,1
17581,N38463 /1 undetected,output,,N38463,N38463,1,undetected,N38463,N38463,N38463,sa1,1
17582,N115655 /1 undetected,output,,N115655,N115655,1,undetected,N115655,N115655,N115655,sa1,1
17583,N92318 /1 undetected,output,,N92318,N92318,1,undetected,N92318,N92318,N92318,sa1,1
17584,N38457 /1 undetected,output,,N38457,N38457,1,undetected,N38457,N38457,N38457,sa1,1
17585,N92716 /1 undetected,output,,N92716,N92716,1,undetected,N92716,N92716,N92716,sa1,1
17586,N38453 /1 undetected,output,,N38453,N38453,1,undetected,N38453,N38453,N38453,sa1,1
17587,N38452 /1 undetected,output,,N38452,N38452,1,undetected,N38452,N38452,N38452,sa1,1
17588,N38451 /1 undetected,output,,N38451,N38451,1,undetected,N38451,N38451,N38451,sa1,1
17589,N81904 /1 undetected,output,,N81904,N81904,1,undetected,N81904,N81904,N81904,sa1,1
17590,N38449 /1 undetected,output,,N38449,N38449,1,undetected,N38449,N38449,N38449,sa1,1
17591,N38445 /1 undetected,output,,N38445,N38445,1,undetected,N38445,N38445,N38445,sa1,1
17592,N115763 /1 undetected,output,,N115763,N115763,1,undetected,N115763,N115763,N115763,sa1,1
17593,N108037 /1 undetected,output,,N108037,N108037,1,undetected,N108037,N108037,N108037,sa1,1
17594,N38447 /1 undetected,output,,N38447,N38447,1,undetected,N38447,N38447,N38447,sa1,1
17595,N107899 /1 undetected,output,,N107899,N107899,1,undetected,N107899,N107899,N107899,sa1,1
17596,N30406 /1 undetected,output,,N30406,N30406,1,undetected,N30406,N30406,N30406,sa1,1
17597,N91878 /1 undetected,output,,N91878,N91878,1,undetected,N91878,N91878,N91878,sa1,1
17598,N84633 /1 undetected,output,,N84633,N84633,1,undetected,N84633,N84633,N84633,sa1,1
17599,N53736 /1 undetected,output,,N53736,N53736,1,undetected,N53736,N53736,N53736,sa1,1
17600,N53734 /1 undetected,output,,N53734,N53734,1,undetected,N53734,N53734,N53734,sa1,1
17601,N108030 /1 undetected,output,,N108030,N108030,1,undetected,N108030,N108030,N108030,sa1,1
17602,N76086 /1 undetected,output,,N76086,N76086,1,undetected,N76086,N76086,N76086,sa1,1
17603,N53731 /1 undetected,output,,N53731,N53731,1,undetected,N53731,N53731,N53731,sa1,1
17604,N107829 /1 undetected,output,,N107829,N107829,1,undetected,N107829,N107829,N107829,sa1,1
17605,N85901 /1 undetected,output,,N85901,N85901,1,undetected,N85901,N85901,N85901,sa1,1
17606,N53729 /1 undetected,output,,N53729,N53729,1,undetected,N53729,N53729,N53729,sa1,1
17607,N107831 /1 undetected,output,,N107831,N107831,1,undetected,N107831,N107831,N107831,sa1,1
17608,N53727 /1 undetected,output,,N53727,N53727,1,undetected,N53727,N53727,N53727,sa1,1
17609,N53723 /1 undetected,output,,N53723,N53723,1,undetected,N53723,N53723,N53723,sa1,1
17610,N53721 /1 undetected,output,,N53721,N53721,1,undetected,N53721,N53721,N53721,sa1,1
17611,N53719 /1 undetected,output,,N53719,N53719,1,undetected,N53719,N53719,N53719,sa1,1
17612,N85196 /1 undetected,output,,N85196,N85196,1,undetected,N85196,N85196,N85196,sa1,1
17613,N53718 /1 undetected,output,,N53718,N53718,1,undetected,N53718,N53718,N53718,sa1,1
17614,N120506 /1 undetected,output,,N120506,N120506,1,undetected,N120506,N120506,N120506,sa1,1
17615,N120465 /1 undetected,output,,N120465,N120465,1,undetected,N120465,N120465,N120465,sa1,1
17616,N53713 /1 undetected,output,,N53713,N53713,1,undetected,N53713,N53713,N53713,sa1,1
17617,N53711 /1 undetected,output,,N53711,N53711,1,undetected,N53711,N53711,N53711,sa1,1
17618,N95843 /1 undetected,output,,N95843,N95843,1,undetected,N95843,N95843,N95843,sa1,1
17619,N53710 /1 undetected,output,,N53710,N53710,1,undetected,N53710,N53710,N53710,sa1,1
17620,N53708 /1 undetected,output,,N53708,N53708,1,undetected,N53708,N53708,N53708,sa1,1
17621,N85900 /1 undetected,output,,N85900,N85900,1,undetected,N85900,N85900,N85900,sa1,1
17622,N53707 /1 undetected,output,,N53707,N53707,1,undetected,N53707,N53707,N53707,sa1,1
17623,N93798 /1 undetected,output,,N93798,N93798,1,undetected,N93798,N93798,N93798,sa1,1
17624,N53624 /1 undetected,output,,N53624,N53624,1,undetected,N53624,N53624,N53624,sa1,1
17625,N53705 /1 undetected,output,,N53705,N53705,1,undetected,N53705,N53705,N53705,sa1,1
17626,N120473 /1 undetected,output,,N120473,N120473,1,undetected,N120473,N120473,N120473,sa1,1
17627,N93877 /1 undetected,output,,N93877,N93877,1,undetected,N93877,N93877,N93877,sa1,1
17628,N53703 /1 undetected,output,,N53703,N53703,1,undetected,N53703,N53703,N53703,sa1,1
17629,N53701 /1 undetected,output,,N53701,N53701,1,undetected,N53701,N53701,N53701,sa1,1
17630,N76084 /1 undetected,output,,N76084,N76084,1,undetected,N76084,N76084,N76084,sa1,1
17631,N53700 /1 undetected,output,,N53700,N53700,1,undetected,N53700,N53700,N53700,sa1,1
17632,N120454 /1 undetected,output,,N120454,N120454,1,undetected,N120454,N120454,N120454,sa1,1
17633,N93797 /1 undetected,output,,N93797,N93797,1,undetected,N93797,N93797,N93797,sa1,1
17634,N53698 /1 undetected,output,,N53698,N53698,1,undetected,N53698,N53698,N53698,sa1,1
17635,N120460 /1 undetected,output,,N120460,N120460,1,undetected,N120460,N120460,N120460,sa1,1
17636,N93876 /1 undetected,output,,N93876,N93876,1,undetected,N93876,N93876,N93876,sa1,1
17637,N53696 /1 undetected,output,,N53696,N53696,1,undetected,N53696,N53696,N53696,sa1,1
17638,N95754 /1 undetected,output,,N95754,N95754,1,undetected,N95754,N95754,N95754,sa1,1
17639,N53694 /1 undetected,output,,N53694,N53694,1,undetected,N53694,N53694,N53694,sa1,1
17640,N53692 /1 undetected,output,,N53692,N53692,1,undetected,N53692,N53692,N53692,sa1,1
17641,N75638 /1 undetected,output,,N75638,N75638,1,undetected,N75638,N75638,N75638,sa1,1
17642,N53691 /1 undetected,output,,N53691,N53691,1,undetected,N53691,N53691,N53691,sa1,1
17643,N120505 /1 undetected,output,,N120505,N120505,1,undetected,N120505,N120505,N120505,sa1,1
17644,N106702 /1 undetected,output,,N106702,N106702,1,undetected,N106702,N106702,N106702,sa1,1
17645,N53689 /1 undetected,output,,N53689,N53689,1,undetected,N53689,N53689,N53689,sa1,1
17646,N53687 /1 undetected,output,,N53687,N53687,1,undetected,N53687,N53687,N53687,sa1,1
17647,N76083 /1 undetected,output,,N76083,N76083,1,undetected,N76083,N76083,N76083,sa1,1
17648,N53686 /1 undetected,output,,N53686,N53686,1,undetected,N53686,N53686,N53686,sa1,1
17649,N120498 /1 undetected,output,,N120498,N120498,1,undetected,N120498,N120498,N120498,sa1,1
17650,N93875 /1 undetected,output,,N93875,N93875,1,undetected,N93875,N93875,N93875,sa1,1
17651,N53684 /1 undetected,output,,N53684,N53684,1,undetected,N53684,N53684,N53684,sa1,1
17652,N120490 /1 undetected,output,,N120490,N120490,1,undetected,N120490,N120490,N120490,sa1,1
17653,N93796 /1 undetected,output,,N93796,N93796,1,undetected,N93796,N93796,N93796,sa1,1
17654,N101531 /1 undetected,output,,N101531,N101531,1,undetected,N101531,N101531,N101531,sa1,1
17655,N53678 /1 undetected,output,,N53678,N53678,1,undetected,N53678,N53678,N53678,sa1,1
17656,N74862 /1 undetected,output,,N74862,N74862,1,undetected,N74862,N74862,N74862,sa1,1
17657,N53677 /1 undetected,output,,N53677,N53677,1,undetected,N53677,N53677,N53677,sa1,1
17658,N53675 /1 undetected,output,,N53675,N53675,1,undetected,N53675,N53675,N53675,sa1,1
17659,N76134 /1 undetected,output,,N76134,N76134,1,undetected,N76134,N76134,N76134,sa1,1
17660,N53674 /1 undetected,output,,N53674,N53674,1,undetected,N53674,N53674,N53674,sa1,1
17661,N120504 /1 undetected,output,,N120504,N120504,1,undetected,N120504,N120504,N120504,sa1,1
17662,N106707 /1 undetected,output,,N106707,N106707,1,undetected,N106707,N106707,N106707,sa1,1
17663,N53667 /1 undetected,output,,N53667,N53667,1,undetected,N53667,N53667,N53667,sa1,1
17664,N53665 /1 undetected,output,,N53665,N53665,1,undetected,N53665,N53665,N53665,sa1,1
17665,N76082 /1 undetected,output,,N76082,N76082,1,undetected,N76082,N76082,N76082,sa1,1
17666,N53664 /1 undetected,output,,N53664,N53664,1,undetected,N53664,N53664,N53664,sa1,1
17667,N120497 /1 undetected,output,,N120497,N120497,1,undetected,N120497,N120497,N120497,sa1,1
17668,N94445 /1 undetected,output,,N94445,N94445,1,undetected,N94445,N94445,N94445,sa1,1
17669,N53648 /1 undetected,output,,N53648,N53648,1,undetected,N53648,N53648,N53648,sa1,1
17670,N120489 /1 undetected,output,,N120489,N120489,1,undetected,N120489,N120489,N120489,sa1,1
17671,N94356 /1 undetected,output,,N94356,N94356,1,undetected,N94356,N94356,N94356,sa1,1
17672,N85949 /1 undetected,output,,N85949,N85949,1,undetected,N85949,N85949,N85949,sa1,1
17673,N53626 /1 undetected,output,,N53626,N53626,1,undetected,N53626,N53626,N53626,sa1,1
17674,N120480 /1 undetected,output,,N120480,N120480,1,undetected,N120480,N120480,N120480,sa1,1
17675,N94355 /1 undetected,output,,N94355,N94355,1,undetected,N94355,N94355,N94355,sa1,1
17676,N53618 /1 undetected,output,,N53618,N53618,1,undetected,N53618,N53618,N53618,sa1,1
17677,N94444 /1 undetected,output,,N94444,N94444,1,undetected,N94444,N94444,N94444,sa1,1
17678,N53602 /1 undetected,output,,N53602,N53602,1,undetected,N53602,N53602,N53602,sa1,1
17679,N120464 /1 undetected,output,,N120464,N120464,1,undetected,N120464,N120464,N120464,sa1,1
17680,N53597 /1 undetected,output,,N53597,N53597,1,undetected,N53597,N53597,N53597,sa1,1
17681,N76081 /1 undetected,output,,N76081,N76081,1,undetected,N76081,N76081,N76081,sa1,1
17682,N53593 /1 undetected,output,,N53593,N53593,1,undetected,N53593,N53593,N53593,sa1,1
17683,N94443 /1 undetected,output,,N94443,N94443,1,undetected,N94443,N94443,N94443,sa1,1
17684,N53578 /1 undetected,output,,N53578,N53578,1,undetected,N53578,N53578,N53578,sa1,1
17685,N120453 /1 undetected,output,,N120453,N120453,1,undetected,N120453,N120453,N120453,sa1,1
17686,N94354 /1 undetected,output,,N94354,N94354,1,undetected,N94354,N94354,N94354,sa1,1
17687,N53746 /1 undetected,output,,N53746,N53746,1,undetected,N53746,N53746,N53746,sa1,1
17688,N53744 /1 undetected,output,,N53744,N53744,1,undetected,N53744,N53744,N53744,sa1,1
17689,N107786 /1 undetected,output,,N107786,N107786,1,undetected,N107786,N107786,N107786,sa1,1
17690,N75749 /1 undetected,output,,N75749,N75749,1,undetected,N75749,N75749,N75749,sa1,1
17691,N91885 /1 undetected,output,,N91885,N91885,1,undetected,N91885,N91885,N91885,sa1,1
17692,N55829 /1 undetected,output,,N55829,N55829,1,undetected,N55829,N55829,N55829,sa1,1
17693,N106796 /1 undetected,output,,N106796,N106796,1,undetected,N106796,N106796,N106796,sa1,1
17694,N75848 /1 undetected,output,,N75848,N75848,1,undetected,N75848,N75848,N75848,sa1,1
17695,N92409 /1 undetected,output,,N92409,N92409,1,undetected,N92409,N92409,N92409,sa1,1
17696,N55814 /1 undetected,output,,N55814,N55814,1,undetected,N55814,N55814,N55814,sa1,1
17697,N106774 /1 undetected,output,,N106774,N106774,1,undetected,N106774,N106774,N106774,sa1,1
17698,N85880 /1 undetected,output,,N85880,N85880,1,undetected,N85880,N85880,N85880,sa1,1
17699,N55809 /1 undetected,output,,N55809,N55809,1,undetected,N55809,N55809,N55809,sa1,1
17700,N120849 /1 undetected,output,,N120849,N120849,1,undetected,N120849,N120849,N120849,sa1,1
17701,N11581 /1 undetected,output,,N11581,N11581,1,undetected,N11581,N11581,N11581,sa1,1
17702,N85873 /1 undetected,output,,N85873,N85873,1,undetected,N85873,N85873,N85873,sa1,1
17703,N85444 /1 undetected,output,,N85444,N85444,1,undetected,N85444,N85444,N85444,sa1,1
17704,N55807 /1 undetected,output,,N55807,N55807,1,undetected,N55807,N55807,N55807,sa1,1
17705,N121071 /1 undetected,output,,N121071,N121071,1,undetected,N121071,N121071,N121071,sa1,1
17706,N106771 /1 undetected,output,,N106771,N106771,1,undetected,N106771,N106771,N106771,sa1,1
17707,N55824 /1 undetected,output,,N55824,N55824,1,undetected,N55824,N55824,N55824,sa1,1
17708,N55822 /1 undetected,output,,N55822,N55822,1,undetected,N55822,N55822,N55822,sa1,1
17709,N121072 /1 undetected,output,,N121072,N121072,1,undetected,N121072,N121072,N121072,sa1,1
17710,N106826 /1 undetected,output,,N106826,N106826,1,undetected,N106826,N106826,N106826,sa1,1
17711,N75647 /1 undetected,output,,N75647,N75647,1,undetected,N75647,N75647,N75647,sa1,1
17712,N55819 /1 undetected,output,,N55819,N55819,1,undetected,N55819,N55819,N55819,sa1,1
17713,N55818 /1 undetected,output,,N55818,N55818,1,undetected,N55818,N55818,N55818,sa1,1
17714,N106732 /1 undetected,output,,N106732,N106732,1,undetected,N106732,N106732,N106732,sa1,1
17715,N76059 /1 undetected,output,,N76059,N76059,1,undetected,N76059,N76059,N76059,sa1,1
17716,N55816 /1 undetected,output,,N55816,N55816,1,undetected,N55816,N55816,N55816,sa1,1
17717,N106779 /1 undetected,output,,N106779,N106779,1,undetected,N106779,N106779,N106779,sa1,1
17718,N85881 /1 undetected,output,,N85881,N85881,1,undetected,N85881,N85881,N85881,sa1,1
17719,N55805 /1 undetected,output,,N55805,N55805,1,undetected,N55805,N55805,N55805,sa1,1
17720,N97787 /1 undetected,output,,N97787,N97787,1,undetected,N97787,N97787,N97787,sa1,1
17721,N55801 /1 undetected,output,,N55801,N55801,1,undetected,N55801,N55801,N55801,sa1,1
17722,N55788 /1 undetected,output,,N55788,N55788,1,undetected,N55788,N55788,N55788,sa1,1
17723,N95746 /1 undetected,output,,N95746,N95746,1,undetected,N95746,N95746,N95746,sa1,1
17724,N55784 /1 undetected,output,,N55784,N55784,1,undetected,N55784,N55784,N55784,sa1,1
17725,N55782 /1 undetected,output,,N55782,N55782,1,undetected,N55782,N55782,N55782,sa1,1
17726,N95850 /1 undetected,output,,N95850,N95850,1,undetected,N95850,N95850,N95850,sa1,1
17727,N55781 /1 undetected,output,,N55781,N55781,1,undetected,N55781,N55781,N55781,sa1,1
17728,N55779 /1 undetected,output,,N55779,N55779,1,undetected,N55779,N55779,N55779,sa1,1
17729,N85879 /1 undetected,output,,N85879,N85879,1,undetected,N85879,N85879,N85879,sa1,1
17730,N55778 /1 undetected,output,,N55778,N55778,1,undetected,N55778,N55778,N55778,sa1,1
17731,N121079 /1 undetected,output,,N121079,N121079,1,undetected,N121079,N121079,N121079,sa1,1
17732,N93898 /1 undetected,output,,N93898,N93898,1,undetected,N93898,N93898,N93898,sa1,1
17733,N55776 /1 undetected,output,,N55776,N55776,1,undetected,N55776,N55776,N55776,sa1,1
17734,N121077 /1 undetected,output,,N121077,N121077,1,undetected,N121077,N121077,N121077,sa1,1
17735,N93819 /1 undetected,output,,N93819,N93819,1,undetected,N93819,N93819,N93819,sa1,1
17736,N55772 /1 undetected,output,,N55772,N55772,1,undetected,N55772,N55772,N55772,sa1,1
17737,N76057 /1 undetected,output,,N76057,N76057,1,undetected,N76057,N76057,N76057,sa1,1
17738,N55771 /1 undetected,output,,N55771,N55771,1,undetected,N55771,N55771,N55771,sa1,1
17739,N93897 /1 undetected,output,,N93897,N93897,1,undetected,N93897,N93897,N93897,sa1,1
17740,N55769 /1 undetected,output,,N55769,N55769,1,undetected,N55769,N55769,N55769,sa1,1
17741,N121065 /1 undetected,output,,N121065,N121065,1,undetected,N121065,N121065,N121065,sa1,1
17742,N93818 /1 undetected,output,,N93818,N93818,1,undetected,N93818,N93818,N93818,sa1,1
17743,N55767 /1 undetected,output,,N55767,N55767,1,undetected,N55767,N55767,N55767,sa1,1
17744,N55765 /1 undetected,output,,N55765,N55765,1,undetected,N55765,N55765,N55765,sa1,1
17745,N106715 /1 undetected,output,,N106715,N106715,1,undetected,N106715,N106715,N106715,sa1,1
17746,N75847 /1 undetected,output,,N75847,N75847,1,undetected,N75847,N75847,N75847,sa1,1
17747,N55763 /1 undetected,output,,N55763,N55763,1,undetected,N55763,N55763,N55763,sa1,1
17748,N85579 /1 undetected,output,,N85579,N85579,1,undetected,N85579,N85579,N85579,sa1,1
17749,N55759 /1 undetected,output,,N55759,N55759,1,undetected,N55759,N55759,N55759,sa1,1
17750,N55757 /1 undetected,output,,N55757,N55757,1,undetected,N55757,N55757,N55757,sa1,1
17751,N76153 /1 undetected,output,,N76153,N76153,1,undetected,N76153,N76153,N76153,sa1,1
17752,N55756 /1 undetected,output,,N55756,N55756,1,undetected,N55756,N55756,N55756,sa1,1
17753,N121084 /1 undetected,output,,N121084,N121084,1,undetected,N121084,N121084,N121084,sa1,1
17754,N120590 /1 undetected,output,,N120590,N120590,1,undetected,N120590,N120590,N120590,sa1,1
17755,N55753 /1 undetected,output,,N55753,N55753,1,undetected,N55753,N55753,N55753,sa1,1
17756,N55751 /1 undetected,output,,N55751,N55751,1,undetected,N55751,N55751,N55751,sa1,1
17757,N76056 /1 undetected,output,,N76056,N76056,1,undetected,N76056,N76056,N76056,sa1,1
17758,N55750 /1 undetected,output,,N55750,N55750,1,undetected,N55750,N55750,N55750,sa1,1
17759,N121082 /1 undetected,output,,N121082,N121082,1,undetected,N121082,N121082,N121082,sa1,1
17760,N94375 /1 undetected,output,,N94375,N94375,1,undetected,N94375,N94375,N94375,sa1,1
17761,N55743 /1 undetected,output,,N55743,N55743,1,undetected,N55743,N55743,N55743,sa1,1
17762,N121080 /1 undetected,output,,N121080,N121080,1,undetected,N121080,N121080,N121080,sa1,1
17763,N94464 /1 undetected,output,,N94464,N94464,1,undetected,N94464,N94464,N94464,sa1,1
17764,N55736 /1 undetected,output,,N55736,N55736,1,undetected,N55736,N55736,N55736,sa1,1
17765,N55734 /1 undetected,output,,N55734,N55734,1,undetected,N55734,N55734,N55734,sa1,1
17766,N55733 /1 undetected,output,,N55733,N55733,1,undetected,N55733,N55733,N55733,sa1,1
17767,N85965 /1 undetected,output,,N85965,N85965,1,undetected,N85965,N85965,N85965,sa1,1
17768,N55732 /1 undetected,output,,N55732,N55732,1,undetected,N55732,N55732,N55732,sa1,1
17769,N106717 /1 undetected,output,,N106717,N106717,1,undetected,N106717,N106717,N106717,sa1,1
17770,N75843 /1 undetected,output,,N75843,N75843,1,undetected,N75843,N75843,N75843,sa1,1
17771,N55730 /1 undetected,output,,N55730,N55730,1,undetected,N55730,N55730,N55730,sa1,1
17772,N55728 /1 undetected,output,,N55728,N55728,1,undetected,N55728,N55728,N55728,sa1,1
17773,N94504 /1 undetected,output,,N94504,N94504,1,undetected,N94504,N94504,N94504,sa1,1
17774,N55727 /1 undetected,output,,N55727,N55727,1,undetected,N55727,N55727,N55727,sa1,1
17775,N121078 /1 undetected,output,,N121078,N121078,1,undetected,N121078,N121078,N121078,sa1,1
17776,N94463 /1 undetected,output,,N94463,N94463,1,undetected,N94463,N94463,N94463,sa1,1
17777,N55723 /1 undetected,output,,N55723,N55723,1,undetected,N55723,N55723,N55723,sa1,1
17778,N121076 /1 undetected,output,,N121076,N121076,1,undetected,N121076,N121076,N121076,sa1,1
17779,N94374 /1 undetected,output,,N94374,N94374,1,undetected,N94374,N94374,N94374,sa1,1
17780,N55715 /1 undetected,output,,N55715,N55715,1,undetected,N55715,N55715,N55715,sa1,1
17781,N76055 /1 undetected,output,,N76055,N76055,1,undetected,N76055,N76055,N76055,sa1,1
17782,N55714 /1 undetected,output,,N55714,N55714,1,undetected,N55714,N55714,N55714,sa1,1
17783,N94462 /1 undetected,output,,N94462,N94462,1,undetected,N94462,N94462,N94462,sa1,1
17784,N55712 /1 undetected,output,,N55712,N55712,1,undetected,N55712,N55712,N55712,sa1,1
17785,N121064 /1 undetected,output,,N121064,N121064,1,undetected,N121064,N121064,N121064,sa1,1
17786,N94373 /1 undetected,output,,N94373,N94373,1,undetected,N94373,N94373,N94373,sa1,1
17787,N55800 /1 undetected,output,,N55800,N55800,1,undetected,N55800,N55800,N55800,sa1,1
17788,N55798 /1 undetected,output,,N55798,N55798,1,undetected,N55798,N55798,N55798,sa1,1
17789,N98423 /1 undetected,output,,N98423,N98423,1,undetected,N98423,N98423,N98423,sa1,1
17790,N55797 /1 undetected,output,,N55797,N55797,1,undetected,N55797,N55797,N55797,sa1,1
17791,N121085 /1 undetected,output,,N121085,N121085,1,undetected,N121085,N121085,N121085,sa1,1
17792,N120588 /1 undetected,output,,N120588,N120588,1,undetected,N120588,N120588,N120588,sa1,1
17793,N55795 /1 undetected,output,,N55795,N55795,1,undetected,N55795,N55795,N55795,sa1,1
17794,N55793 /1 undetected,output,,N55793,N55793,1,undetected,N55793,N55793,N55793,sa1,1
17795,N76058 /1 undetected,output,,N76058,N76058,1,undetected,N76058,N76058,N76058,sa1,1
17796,N55792 /1 undetected,output,,N55792,N55792,1,undetected,N55792,N55792,N55792,sa1,1
17797,N121083 /1 undetected,output,,N121083,N121083,1,undetected,N121083,N121083,N121083,sa1,1
17798,N93820 /1 undetected,output,,N93820,N93820,1,undetected,N93820,N93820,N93820,sa1,1
17799,N55790 /1 undetected,output,,N55790,N55790,1,undetected,N55790,N55790,N55790,sa1,1
17800,N121081 /1 undetected,output,,N121081,N121081,1,undetected,N121081,N121081,N121081,sa1,1
17801,N93899 /1 undetected,output,,N93899,N93899,1,undetected,N93899,N93899,N93899,sa1,1
17802,N35735 /0 undetected,output,,N35735,N35735,0,undetected,N35735,N35735,N35735,sa0,1
17803,N111639 /1 undetected,output,,N111639,N111639,1,undetected,N111639,N111639,N111639,sa1,1
17804,N84595 /1 undetected,output,,N84595,N84595,1,undetected,N84595,N84595,N84595,sa1,1
17805,N52513 /1 undetected,output,,N52513,N52513,1,undetected,N52513,N52513,N52513,sa1,1
17806,N110522 /1 undetected,output,,N110522,N110522,1,undetected,N110522,N110522,N110522,sa1,1
17807,N52508 /1 undetected,output,,N52508,N52508,1,undetected,N52508,N52508,N52508,sa1,1
17808,N110418 /1 undetected,output,,N110418,N110418,1,undetected,N110418,N110418,N110418,sa1,1
17809,N51552 /1 undetected,output,,N51552,N51552,1,undetected,N51552,N51552,N51552,sa1,1
17810,N110141 /1 undetected,output,,N110141,N110141,1,undetected,N110141,N110141,N110141,sa1,1
17811,N23930 /0 undetected,output,,N23930,N23930,0,undetected,N23930,N23930,N23930,sa0,1
17812,N106121 /1 undetected,output,,N106121,N106121,1,undetected,N106121,N106121,N106121,sa1,1
17813,N84527 /1 undetected,output,,N84527,N84527,1,undetected,N84527,N84527,N84527,sa1,1
17814,N80038 /1 undetected,output,,N80038,N80038,1,undetected,N80038,N80038,N80038,sa1,1
17815,N88652 /1 undetected,output,,N88652,N88652,1,undetected,N88652,N88652,N88652,sa1,1
17816,N52547 /1 undetected,output,,N52547,N52547,1,undetected,N52547,N52547,N52547,sa1,1
17817,N89916 /1 undetected,output,,N89916,N89916,1,undetected,N89916,N89916,N89916,sa1,1
17818,N89851 /1 undetected,output,,N89851,N89851,1,undetected,N89851,N89851,N89851,sa1,1
17819,N120105 /1 undetected,output,,N120105,N120105,1,undetected,N120105,N120105,N120105,sa1,1
17820,N79473 /1 undetected,output,,N79473,N79473,1,undetected,N79473,N79473,N79473,sa1,1
17821,N52577 /0 undetected,output,,N52577,N52577,0,undetected,N52577,N52577,N52577,sa0,1
17822,N52576 /1 undetected,output,,N52576,N52576,1,undetected,N52576,N52576,N52576,sa1,1
17823,N120116 /1 undetected,output,,N120116,N120116,1,undetected,N120116,N120116,N120116,sa1,1
17824,N94880 /1 undetected,output,,N94880,N94880,1,undetected,N94880,N94880,N94880,sa1,1
17825,N51550 /1 undetected,output,,N51550,N51550,1,undetected,N51550,N51550,N51550,sa1,1
17826,N30517 /1 undetected,output,,N30517,N30517,1,undetected,N30517,N30517,N30517,sa1,1
17827,N113621 /1 undetected,output,,N113621,N113621,1,undetected,N113621,N113621,N113621,sa1,1
17828,N30514 /1 undetected,output,,N30514,N30514,1,undetected,N30514,N30514,N30514,sa1,1
17829,N75590 /1 undetected,output,,N75590,N75590,1,undetected,N75590,N75590,N75590,sa1,1
17830,N30491 /1 undetected,output,,N30491,N30491,1,undetected,N30491,N30491,N30491,sa1,1
17831,N30490 /1 undetected,output,,N30490,N30490,1,undetected,N30490,N30490,N30490,sa1,1
17832,N74817 /1 undetected,output,,N74817,N74817,1,undetected,N74817,N74817,N74817,sa1,1
17833,N30453 /1 undetected,output,,N30453,N30453,1,undetected,N30453,N30453,N30453,sa1,1
17834,N93741 /1 undetected,output,,N93741,N93741,1,undetected,N93741,N93741,N93741,sa1,1
17835,N30549 /0 undetected,output,,N30549,N30549,0,undetected,N30549,N30549,N30549,sa0,1
17836,N30447 /0 undetected,output,,N30447,N30447,0,undetected,N30447,N30447,N30447,sa0,1
17837,N30368 /0 undetected,output,,N30368,N30368,0,undetected,N30368,N30368,N30368,sa0,1
17838,N23928 /1 undetected,output,,N23928,N23928,1,undetected,N23928,N23928,N23928,sa1,1
17839,N23928 /0 undetected,output,,N23928,N23928,0,undetected,N23928,N23928,N23928,sa0,1
17840,N116793 /1 undetected,output,,N116793,N116793,1,undetected,N116793,N116793,N116793,sa1,1
17841,N42054 /1 undetected,output,,N42054,N42054,1,undetected,N42054,N42054,N42054,sa1,1
17842,N113151 /1 undetected,output,,N113151,N113151,1,undetected,N113151,N113151,N113151,sa1,1
17843,N42053 /1 undetected,output,,N42053,N42053,1,undetected,N42053,N42053,N42053,sa1,1
17844,N116680 /1 undetected,output,,N116680,N116680,1,undetected,N116680,N116680,N116680,sa1,1
17845,N92325 /1 undetected,output,,N92325,N92325,1,undetected,N92325,N92325,N92325,sa1,1
17846,N42047 /1 undetected,output,,N42047,N42047,1,undetected,N42047,N42047,N42047,sa1,1
17847,N112828 /1 undetected,output,,N112828,N112828,1,undetected,N112828,N112828,N112828,sa1,1
17848,N42045 /1 undetected,output,,N42045,N42045,1,undetected,N42045,N42045,N42045,sa1,1
17849,N105392 /1 undetected,output,,N105392,N105392,1,undetected,N105392,N105392,N105392,sa1,1
17850,N81802 /1 undetected,output,,N81802,N81802,1,undetected,N81802,N81802,N81802,sa1,1
17851,N42044 /1 undetected,output,,N42044,N42044,1,undetected,N42044,N42044,N42044,sa1,1
17852,N92721 /1 undetected,output,,N92721,N92721,1,undetected,N92721,N92721,N92721,sa1,1
17853,N42040 /1 undetected,output,,N42040,N42040,1,undetected,N42040,N42040,N42040,sa1,1
17854,N42037 /1 undetected,output,,N42037,N42037,1,undetected,N42037,N42037,N42037,sa1,1
17855,N107904 /1 undetected,output,,N107904,N107904,1,undetected,N107904,N107904,N107904,sa1,1
17856,N42033 /1 undetected,output,,N42033,N42033,1,undetected,N42033,N42033,N42033,sa1,1
17857,N116789 /1 undetected,output,,N116789,N116789,1,undetected,N116789,N116789,N116789,sa1,1
17858,N42039 /1 undetected,output,,N42039,N42039,1,undetected,N42039,N42039,N42039,sa1,1
17859,N81801 /1 undetected,output,,N81801,N81801,1,undetected,N81801,N81801,N81801,sa1,1
17860,N42035 /1 undetected,output,,N42035,N42035,1,undetected,N42035,N42035,N42035,sa1,1
17861,N105560 /1 undetected,output,,N105560,N105560,1,undetected,N105560,N105560,N105560,sa1,1
17862,N88291 /1 undetected,output,,N88291,N88291,1,undetected,N88291,N88291,N88291,sa1,1
17863,N32452 /1 undetected,output,,N32452,N32452,1,undetected,N32452,N32452,N32452,sa1,1
17864,N32452 /0 undetected,output,,N32452,N32452,0,undetected,N32452,N32452,N32452,sa0,1
17865,N112839 /1 undetected,output,,N112839,N112839,1,undetected,N112839,N112839,N112839,sa1,1
17866,N90204 /1 undetected,output,,N90204,N90204,1,undetected,N90204,N90204,N90204,sa1,1
17867,N31117 /1 undetected,output,,N31117,N31117,1,undetected,N31117,N31117,N31117,sa1,1
17868,N112834 /1 undetected,output,,N112834,N112834,1,undetected,N112834,N112834,N112834,sa1,1
17869,N90052 /1 undetected,output,,N90052,N90052,1,undetected,N90052,N90052,N90052,sa1,1
17870,N29052 /1 undetected,output,,N29052,N29052,1,undetected,N29052,N29052,N29052,sa1,1
17871,N112829 /1 undetected,output,,N112829,N112829,1,undetected,N112829,N112829,N112829,sa1,1
17872,N89972 /1 undetected,output,,N89972,N89972,1,undetected,N89972,N89972,N89972,sa1,1
17873,N26205 /1 undetected,output,,N26205,N26205,1,undetected,N26205,N26205,N26205,sa1,1
17874,N26205 /0 undetected,output,,N26205,N26205,0,undetected,N26205,N26205,N26205,sa0,1
17875,N28239 /1 undetected,output,,N28239,N28239,1,undetected,N28239,N28239,N28239,sa1,1
17876,N30405 /0 undetected,output,,N30405,N30405,0,undetected,N30405,N30405,N30405,sa0,1
17877,N113431 /1 undetected,output,,N113431,N113431,1,undetected,N113431,N113431,N113431,sa1,1
17878,N55624 /1 undetected,output,,N55624,N55624,1,undetected,N55624,N55624,N55624,sa1,1
17879,N97800 /1 undetected,output,,N97800,N97800,1,undetected,N97800,N97800,N97800,sa1,1
17880,N55620 /1 undetected,output,,N55620,N55620,1,undetected,N55620,N55620,N55620,sa1,1
17881,N55618 /1 undetected,output,,N55618,N55618,1,undetected,N55618,N55618,N55618,sa1,1
17882,N84637 /1 undetected,output,,N84637,N84637,1,undetected,N84637,N84637,N84637,sa1,1
17883,N55617 /1 undetected,output,,N55617,N55617,1,undetected,N55617,N55617,N55617,sa1,1
17884,N75646 /1 undetected,output,,N75646,N75646,1,undetected,N75646,N75646,N75646,sa1,1
17885,N55615 /1 undetected,output,,N55615,N55615,1,undetected,N55615,N55615,N55615,sa1,1
17886,N55609 /1 undetected,output,,N55609,N55609,1,undetected,N55609,N55609,N55609,sa1,1
17887,N85578 /1 undetected,output,,N85578,N85578,1,undetected,N85578,N85578,N85578,sa1,1
17888,N55607 /1 undetected,output,,N55607,N55607,1,undetected,N55607,N55607,N55607,sa1,1
17889,N121019 /1 undetected,output,,N121019,N121019,1,undetected,N121019,N121019,N121019,sa1,1
17890,N55603 /1 undetected,output,,N55603,N55603,1,undetected,N55603,N55603,N55603,sa1,1
17891,N121017 /1 undetected,output,,N121017,N121017,1,undetected,N121017,N121017,N121017,sa1,1
17892,N108022 /1 undetected,output,,N108022,N108022,1,undetected,N108022,N108022,N108022,sa1,1
17893,N55596 /1 undetected,output,,N55596,N55596,1,undetected,N55596,N55596,N55596,sa1,1
17894,N101532 /1 undetected,output,,N101532,N101532,1,undetected,N101532,N101532,N101532,sa1,1
17895,N55592 /1 undetected,output,,N55592,N55592,1,undetected,N55592,N55592,N55592,sa1,1
17896,N74865 /1 undetected,output,,N74865,N74865,1,undetected,N74865,N74865,N74865,sa1,1
17897,N55591 /1 undetected,output,,N55591,N55591,1,undetected,N55591,N55591,N55591,sa1,1
17898,N55589 /1 undetected,output,,N55589,N55589,1,undetected,N55589,N55589,N55589,sa1,1
17899,N76152 /1 undetected,output,,N76152,N76152,1,undetected,N76152,N76152,N76152,sa1,1
17900,N55588 /1 undetected,output,,N55588,N55588,1,undetected,N55588,N55588,N55588,sa1,1
17901,N120975 /1 undetected,output,,N120975,N120975,1,undetected,N120975,N120975,N120975,sa1,1
17902,N106709 /1 undetected,output,,N106709,N106709,1,undetected,N106709,N106709,N106709,sa1,1
17903,N55586 /1 undetected,output,,N55586,N55586,1,undetected,N55586,N55586,N55586,sa1,1
17904,N55584 /1 undetected,output,,N55584,N55584,1,undetected,N55584,N55584,N55584,sa1,1
17905,N76050 /1 undetected,output,,N76050,N76050,1,undetected,N76050,N76050,N76050,sa1,1
17906,N55583 /1 undetected,output,,N55583,N55583,1,undetected,N55583,N55583,N55583,sa1,1
17907,N120971 /1 undetected,output,,N120971,N120971,1,undetected,N120971,N120971,N120971,sa1,1
17908,N94461 /1 undetected,output,,N94461,N94461,1,undetected,N94461,N94461,N94461,sa1,1
17909,N55581 /1 undetected,output,,N55581,N55581,1,undetected,N55581,N55581,N55581,sa1,1
17910,N120961 /1 undetected,output,,N120961,N120961,1,undetected,N120961,N120961,N120961,sa1,1
17911,N94372 /1 undetected,output,,N94372,N94372,1,undetected,N94372,N94372,N94372,sa1,1
17912,N55579 /1 undetected,output,,N55579,N55579,1,undetected,N55579,N55579,N55579,sa1,1
17913,N55577 /1 undetected,output,,N55577,N55577,1,undetected,N55577,N55577,N55577,sa1,1
17914,N55576 /1 undetected,output,,N55576,N55576,1,undetected,N55576,N55576,N55576,sa1,1
17915,N55574 /1 undetected,output,,N55574,N55574,1,undetected,N55574,N55574,N55574,sa1,1
17916,N94503 /1 undetected,output,,N94503,N94503,1,undetected,N94503,N94503,N94503,sa1,1
17917,N55573 /1 undetected,output,,N55573,N55573,1,undetected,N55573,N55573,N55573,sa1,1
17918,N94371 /1 undetected,output,,N94371,N94371,1,undetected,N94371,N94371,N94371,sa1,1
17919,N55488 /1 undetected,output,,N55488,N55488,1,undetected,N55488,N55488,N55488,sa1,1
17920,N55571 /1 undetected,output,,N55571,N55571,1,undetected,N55571,N55571,N55571,sa1,1
17921,N94460 /1 undetected,output,,N94460,N94460,1,undetected,N94460,N94460,N94460,sa1,1
17922,N55484 /1 undetected,output,,N55484,N55484,1,undetected,N55484,N55484,N55484,sa1,1
17923,N55569 /1 undetected,output,,N55569,N55569,1,undetected,N55569,N55569,N55569,sa1,1
17924,N85964 /1 undetected,output,,N85964,N85964,1,undetected,N85964,N85964,N85964,sa1,1
17925,N55568 /1 undetected,output,,N55568,N55568,1,undetected,N55568,N55568,N55568,sa1,1
17926,N120944 /1 undetected,output,,N120944,N120944,1,undetected,N120944,N120944,N120944,sa1,1
17927,N107885 /1 undetected,output,,N107885,N107885,1,undetected,N107885,N107885,N107885,sa1,1
17928,N55564 /1 undetected,output,,N55564,N55564,1,undetected,N55564,N55564,N55564,sa1,1
17929,N76049 /1 undetected,output,,N76049,N76049,1,undetected,N76049,N76049,N76049,sa1,1
17930,N55561 /1 undetected,output,,N55561,N55561,1,undetected,N55561,N55561,N55561,sa1,1
17931,N94459 /1 undetected,output,,N94459,N94459,1,undetected,N94459,N94459,N94459,sa1,1
17932,N55563 /1 undetected,output,,N55563,N55563,1,undetected,N55563,N55563,N55563,sa1,1
17933,N121009 /1 undetected,output,,N121009,N121009,1,undetected,N121009,N121009,N121009,sa1,1
17934,N94370 /1 undetected,output,,N94370,N94370,1,undetected,N94370,N94370,N94370,sa1,1
17935,N55559 /1 undetected,output,,N55559,N55559,1,undetected,N55559,N55559,N55559,sa1,1
17936,N55557 /1 undetected,output,,N55557,N55557,1,undetected,N55557,N55557,N55557,sa1,1
17937,N55555 /1 undetected,output,,N55555,N55555,1,undetected,N55555,N55555,N55555,sa1,1
17938,N85199 /1 undetected,output,,N85199,N85199,1,undetected,N85199,N85199,N85199,sa1,1
17939,N55554 /1 undetected,output,,N55554,N55554,1,undetected,N55554,N55554,N55554,sa1,1
17940,N121013 /1 undetected,output,,N121013,N121013,1,undetected,N121013,N121013,N121013,sa1,1
17941,N121010 /1 undetected,output,,N121010,N121010,1,undetected,N121010,N121010,N121010,sa1,1
17942,N55547 /1 undetected,output,,N55547,N55547,1,undetected,N55547,N55547,N55547,sa1,1
17943,N95849 /1 undetected,output,,N95849,N95849,1,undetected,N95849,N95849,N95849,sa1,1
17944,N55545 /1 undetected,output,,N55545,N55545,1,undetected,N55545,N55545,N55545,sa1,1
17945,N55543 /1 undetected,output,,N55543,N55543,1,undetected,N55543,N55543,N55543,sa1,1
17946,N55541 /1 undetected,output,,N55541,N55541,1,undetected,N55541,N55541,N55541,sa1,1
17947,N76047 /1 undetected,output,,N76047,N76047,1,undetected,N76047,N76047,N76047,sa1,1
17948,N55523 /1 undetected,output,,N55523,N55523,1,undetected,N55523,N55523,N55523,sa1,1
17949,N93896 /1 undetected,output,,N93896,N93896,1,undetected,N93896,N93896,N93896,sa1,1
17950,N55521 /1 undetected,output,,N55521,N55521,1,undetected,N55521,N55521,N55521,sa1,1
17951,N55540 /1 undetected,output,,N55540,N55540,1,undetected,N55540,N55540,N55540,sa1,1
17952,N93817 /1 undetected,output,,N93817,N93817,1,undetected,N93817,N93817,N93817,sa1,1
17953,N55538 /1 undetected,output,,N55538,N55538,1,undetected,N55538,N55538,N55538,sa1,1
17954,N55493 /1 undetected,output,,N55493,N55493,1,undetected,N55493,N55493,N55493,sa1,1
17955,N55491 /1 undetected,output,,N55491,N55491,1,undetected,N55491,N55491,N55491,sa1,1
17956,N85877 /1 undetected,output,,N85877,N85877,1,undetected,N85877,N85877,N85877,sa1,1
17957,N55490 /1 undetected,output,,N55490,N55490,1,undetected,N55490,N55490,N55490,sa1,1
17958,N120986 /1 undetected,output,,N120986,N120986,1,undetected,N120986,N120986,N120986,sa1,1
17959,N93816 /1 undetected,output,,N93816,N93816,1,undetected,N93816,N93816,N93816,sa1,1
17960,N55486 /1 undetected,output,,N55486,N55486,1,undetected,N55486,N55486,N55486,sa1,1
17961,N120984 /1 undetected,output,,N120984,N120984,1,undetected,N120984,N120984,N120984,sa1,1
17962,N93895 /1 undetected,output,,N93895,N93895,1,undetected,N93895,N93895,N93895,sa1,1
17963,N55468 /1 undetected,output,,N55468,N55468,1,undetected,N55468,N55468,N55468,sa1,1
17964,N95756 /1 undetected,output,,N95756,N95756,1,undetected,N95756,N95756,N95756,sa1,1
17965,N55466 /1 undetected,output,,N55466,N55466,1,undetected,N55466,N55466,N55466,sa1,1
17966,N55464 /1 undetected,output,,N55464,N55464,1,undetected,N55464,N55464,N55464,sa1,1
17967,N75645 /1 undetected,output,,N75645,N75645,1,undetected,N75645,N75645,N75645,sa1,1
17968,N55463 /1 undetected,output,,N55463,N55463,1,undetected,N55463,N55463,N55463,sa1,1
17969,N120974 /1 undetected,output,,N120974,N120974,1,undetected,N120974,N120974,N120974,sa1,1
17970,N106704 /1 undetected,output,,N106704,N106704,1,undetected,N106704,N106704,N106704,sa1,1
17971,N55459 /1 undetected,output,,N55459,N55459,1,undetected,N55459,N55459,N55459,sa1,1
17972,N55457 /1 undetected,output,,N55457,N55457,1,undetected,N55457,N55457,N55457,sa1,1
17973,N76046 /1 undetected,output,,N76046,N76046,1,undetected,N76046,N76046,N76046,sa1,1
17974,N55456 /1 undetected,output,,N55456,N55456,1,undetected,N55456,N55456,N55456,sa1,1
17975,N120970 /1 undetected,output,,N120970,N120970,1,undetected,N120970,N120970,N120970,sa1,1
17976,N93894 /1 undetected,output,,N93894,N93894,1,undetected,N93894,N93894,N93894,sa1,1
17977,N55437 /1 undetected,output,,N55437,N55437,1,undetected,N55437,N55437,N55437,sa1,1
17978,N120960 /1 undetected,output,,N120960,N120960,1,undetected,N120960,N120960,N120960,sa1,1
17979,N93815 /1 undetected,output,,N93815,N93815,1,undetected,N93815,N93815,N93815,sa1,1
17980,N52525 /0 undetected,output,,N52525,N52525,0,undetected,N52525,N52525,N52525,sa0,1
17981,N81522 /1 undetected,output,,N81522,N81522,1,undetected,N81522,N81522,N81522,sa1,1
17982,N120104 /1 undetected,output,,N120104,N120104,1,undetected,N120104,N120104,N120104,sa1,1
17983,N88421 /1 undetected,output,,N88421,N88421,1,undetected,N88421,N88421,N88421,sa1,1
17984,N50413 /1 undetected,output,,N50413,N50413,1,undetected,N50413,N50413,N50413,sa1,1
17985,N52050 /1 undetected,output,,N52050,N52050,1,undetected,N52050,N52050,N52050,sa1,1
17986,N109738 /1 undetected,output,,N109738,N109738,1,undetected,N109738,N109738,N109738,sa1,1
17987,N52046 /1 undetected,output,,N52046,N52046,1,undetected,N52046,N52046,N52046,sa1,1
17988,N109670 /1 undetected,output,,N109670,N109670,1,undetected,N109670,N109670,N109670,sa1,1
17989,N27335 /1 undetected,output,,N27335,N27335,1,undetected,N27335,N27335,N27335,sa1,1
17990,N84534 /1 undetected,output,,N84534,N84534,1,undetected,N84534,N84534,N84534,sa1,1
17991,N27331 /1 undetected,output,,N27331,N27331,1,undetected,N27331,N27331,N27331,sa1,1
17992,N27330 /1 undetected,output,,N27330,N27330,1,undetected,N27330,N27330,N27330,sa1,1
17993,N27300 /1 undetected,output,,N27300,N27300,1,undetected,N27300,N27300,N27300,sa1,1
17994,N27298 /1 undetected,output,,N27298,N27298,1,undetected,N27298,N27298,N27298,sa1,1
17995,N101526 /1 undetected,output,,N101526,N101526,1,undetected,N101526,N101526,N101526,sa1,1
17996,N27297 /1 undetected,output,,N27297,N27297,1,undetected,N27297,N27297,N27297,sa1,1
17997,N27295 /1 undetected,output,,N27295,N27295,1,undetected,N27295,N27295,N27295,sa1,1
17998,N75169 /1 undetected,output,,N75169,N75169,1,undetected,N75169,N75169,N75169,sa1,1
17999,N27294 /1 undetected,output,,N27294,N27294,1,undetected,N27294,N27294,N27294,sa1,1
18000,N112083 /1 undetected,output,,N112083,N112083,1,undetected,N112083,N112083,N112083,sa1,1
18001,N93784 /1 undetected,output,,N93784,N93784,1,undetected,N93784,N93784,N93784,sa1,1
18002,N27292 /1 undetected,output,,N27292,N27292,1,undetected,N27292,N27292,N27292,sa1,1
18003,N112080 /1 undetected,output,,N112080,N112080,1,undetected,N112080,N112080,N112080,sa1,1
18004,N93861 /1 undetected,output,,N93861,N93861,1,undetected,N93861,N93861,N93861,sa1,1
18005,N27290 /1 undetected,output,,N27290,N27290,1,undetected,N27290,N27290,N27290,sa1,1
18006,N27288 /1 undetected,output,,N27288,N27288,1,undetected,N27288,N27288,N27288,sa1,1
18007,N85168 /1 undetected,output,,N85168,N85168,1,undetected,N85168,N85168,N85168,sa1,1
18008,N27287 /1 undetected,output,,N27287,N27287,1,undetected,N27287,N27287,N27287,sa1,1
18009,N95797 /1 undetected,output,,N95797,N95797,1,undetected,N95797,N95797,N95797,sa1,1
18010,N27269 /1 undetected,output,,N27269,N27269,1,undetected,N27269,N27269,N27269,sa1,1
18011,N27285 /1 undetected,output,,N27285,N27285,1,undetected,N27285,N27285,N27285,sa1,1
18012,N27283 /1 undetected,output,,N27283,N27283,1,undetected,N27283,N27283,N27283,sa1,1
18013,N95822 /1 undetected,output,,N95822,N95822,1,undetected,N95822,N95822,N95822,sa1,1
18014,N27282 /1 undetected,output,,N27282,N27282,1,undetected,N27282,N27282,N27282,sa1,1
18015,N112096 /1 undetected,output,,N112096,N112096,1,undetected,N112096,N112096,N112096,sa1,1
18016,N93860 /1 undetected,output,,N93860,N93860,1,undetected,N93860,N93860,N93860,sa1,1
18017,N27280 /1 undetected,output,,N27280,N27280,1,undetected,N27280,N27280,N27280,sa1,1
18018,N112093 /1 undetected,output,,N112093,N112093,1,undetected,N112093,N112093,N112093,sa1,1
18019,N93783 /1 undetected,output,,N93783,N93783,1,undetected,N93783,N93783,N93783,sa1,1
18020,N27278 /1 undetected,output,,N27278,N27278,1,undetected,N27278,N27278,N27278,sa1,1
18021,N101224 /1 undetected,output,,N101224,N101224,1,undetected,N101224,N101224,N101224,sa1,1
18022,N27274 /1 undetected,output,,N27274,N27274,1,undetected,N27274,N27274,N27274,sa1,1
18023,N27272 /1 undetected,output,,N27272,N27272,1,undetected,N27272,N27272,N27272,sa1,1
18024,N85932 /1 undetected,output,,N85932,N85932,1,undetected,N85932,N85932,N85932,sa1,1
18025,N27271 /1 undetected,output,,N27271,N27271,1,undetected,N27271,N27271,N27271,sa1,1
18026,N112103 /1 undetected,output,,N112103,N112103,1,undetected,N112103,N112103,N112103,sa1,1
18027,N95935 /1 undetected,output,,N95935,N95935,1,undetected,N95935,N95935,N95935,sa1,1
18028,N27262 /1 undetected,output,,N27262,N27262,1,undetected,N27262,N27262,N27262,sa1,1
18029,N95958 /1 undetected,output,,N95958,N95958,1,undetected,N95958,N95958,N95958,sa1,1
18030,N27261 /1 undetected,output,,N27261,N27261,1,undetected,N27261,N27261,N27261,sa1,1
18031,N94418 /1 undetected,output,,N94418,N94418,1,undetected,N94418,N94418,N94418,sa1,1
18032,N27249 /1 undetected,output,,N27249,N27249,1,undetected,N27249,N27249,N27249,sa1,1
18033,N94330 /1 undetected,output,,N94330,N94330,1,undetected,N94330,N94330,N94330,sa1,1
18034,N27247 /1 undetected,output,,N27247,N27247,1,undetected,N27247,N27247,N27247,sa1,1
18035,N27234 /1 undetected,output,,N27234,N27234,1,undetected,N27234,N27234,N27234,sa1,1
18036,N27232 /1 undetected,output,,N27232,N27232,1,undetected,N27232,N27232,N27232,sa1,1
18037,N76119 /1 undetected,output,,N76119,N76119,1,undetected,N76119,N76119,N76119,sa1,1
18038,N27231 /1 undetected,output,,N27231,N27231,1,undetected,N27231,N27231,N27231,sa1,1
18039,N94329 /1 undetected,output,,N94329,N94329,1,undetected,N94329,N94329,N94329,sa1,1
18040,N27229 /1 undetected,output,,N27229,N27229,1,undetected,N27229,N27229,N27229,sa1,1
18041,N27220 /1 undetected,output,,N27220,N27220,1,undetected,N27220,N27220,N27220,sa1,1
18042,N94417 /1 undetected,output,,N94417,N94417,1,undetected,N94417,N94417,N94417,sa1,1
18043,N27218 /1 undetected,output,,N27218,N27218,1,undetected,N27218,N27218,N27218,sa1,1
18044,N27329 /1 undetected,output,,N27329,N27329,1,undetected,N27329,N27329,N27329,sa1,1
18045,N112112 /1 undetected,output,,N112112,N112112,1,undetected,N112112,N112112,N112112,sa1,1
18046,N84752 /1 undetected,output,,N84752,N84752,1,undetected,N84752,N84752,N84752,sa1,1
18047,N30488 /1 undetected,output,,N30488,N30488,1,undetected,N30488,N30488,N30488,sa1,1
18048,N52506 /0 undetected,output,,N52506,N52506,0,undetected,N52506,N52506,N52506,sa0,1
18049,N112735 /1 undetected,output,,N112735,N112735,1,undetected,N112735,N112735,N112735,sa1,1
18050,N51549 /0 undetected,output,,N51549,N51549,0,undetected,N51549,N51549,N51549,sa0,1
18051,N111001 /1 undetected,output,,N111001,N111001,1,undetected,N111001,N111001,N111001,sa1,1
18052,N50399 /1 undetected,output,,N50399,N50399,1,undetected,N50399,N50399,N50399,sa1,1
18053,N30446 /1 undetected,output,,N30446,N30446,1,undetected,N30446,N30446,N30446,sa1,1
18054,N30445 /1 undetected,output,,N30445,N30445,1,undetected,N30445,N30445,N30445,sa1,1
18055,N85541 /1 undetected,output,,N85541,N85541,1,undetected,N85541,N85541,N85541,sa1,1
18056,N30441 /1 undetected,output,,N30441,N30441,1,undetected,N30441,N30441,N30441,sa1,1
18057,N75587 /1 undetected,output,,N75587,N75587,1,undetected,N75587,N75587,N75587,sa1,1
18058,N105751 /1 undetected,output,,N105751,N105751,1,undetected,N105751,N105751,N105751,sa1,1
18059,N30433 /1 undetected,output,,N30433,N30433,1,undetected,N30433,N30433,N30433,sa1,1
18060,N95800 /1 undetected,output,,N95800,N95800,1,undetected,N95800,N95800,N95800,sa1,1
18061,N30431 /1 undetected,output,,N30431,N30431,1,undetected,N30431,N30431,N30431,sa1,1
18062,N105635 /1 undetected,output,,N105635,N105635,1,undetected,N105635,N105635,N105635,sa1,1
18063,N93749 /1 undetected,output,,N93749,N93749,1,undetected,N93749,N93749,N93749,sa1,1
18064,N30367 /0 undetected,output,,N30367,N30367,0,undetected,N30367,N30367,N30367,sa0,1
18065,N23927 /1 undetected,output,,N23927,N23927,1,undetected,N23927,N23927,N23927,sa1,1
18066,N105555 /1 undetected,output,,N105555,N105555,1,undetected,N105555,N105555,N105555,sa1,1
18067,N23926 /1 undetected,output,,N23926,N23926,1,undetected,N23926,N23926,N23926,sa1,1
18068,N31683 /0 undetected,output,,N31683,N31683,0,undetected,N31683,N31683,N31683,sa0,1
18069,N81914 /1 undetected,output,,N81914,N81914,1,undetected,N81914,N81914,N81914,sa1,1
18070,N31566 /0 undetected,output,,N31566,N31566,0,undetected,N31566,N31566,N31566,sa0,1
18071,N97764 /1 undetected,output,,N97764,N97764,1,undetected,N97764,N97764,N97764,sa1,1
18072,N29051 /1 undetected,output,,N29051,N29051,1,undetected,N29051,N29051,N29051,sa1,1
18073,N107392 /1 undetected,output,,N107392,N107392,1,undetected,N107392,N107392,N107392,sa1,1
18074,N107316 /1 undetected,output,,N107316,N107316,1,undetected,N107316,N107316,N107316,sa1,1
18075,N107461 /1 undetected,output,,N107461,N107461,1,undetected,N107461,N107461,N107461,sa1,1
18076,N108766 /1 undetected,output,,N108766,N108766,1,undetected,N108766,N108766,N108766,sa1,1
18077,N92406 /1 undetected,output,,N92406,N92406,1,undetected,N92406,N92406,N92406,sa1,1
18078,N53972 /1 undetected,output,,N53972,N53972,1,undetected,N53972,N53972,N53972,sa1,1
18079,N53971 /1 undetected,output,,N53971,N53971,1,undetected,N53971,N53971,N53971,sa1,1
18080,N53969 /1 undetected,output,,N53969,N53969,1,undetected,N53969,N53969,N53969,sa1,1
18081,N120565 /1 undetected,output,,N120565,N120565,1,undetected,N120565,N120565,N120565,sa1,1
18082,N106781 /1 undetected,output,,N106781,N106781,1,undetected,N106781,N106781,N106781,sa1,1
18083,N75640 /1 undetected,output,,N75640,N75640,1,undetected,N75640,N75640,N75640,sa1,1
18084,N53966 /1 undetected,output,,N53966,N53966,1,undetected,N53966,N53966,N53966,sa1,1
18085,N53965 /1 undetected,output,,N53965,N53965,1,undetected,N53965,N53965,N53965,sa1,1
18086,N106729 /1 undetected,output,,N106729,N106729,1,undetected,N106729,N106729,N106729,sa1,1
18087,N76093 /1 undetected,output,,N76093,N76093,1,undetected,N76093,N76093,N76093,sa1,1
18088,N53963 /1 undetected,output,,N53963,N53963,1,undetected,N53963,N53963,N53963,sa1,1
18089,N106777 /1 undetected,output,,N106777,N106777,1,undetected,N106777,N106777,N106777,sa1,1
18090,N85905 /1 undetected,output,,N85905,N85905,1,undetected,N85905,N85905,N85905,sa1,1
18091,N53961 /1 undetected,output,,N53961,N53961,1,undetected,N53961,N53961,N53961,sa1,1
18092,N106772 /1 undetected,output,,N106772,N106772,1,undetected,N106772,N106772,N106772,sa1,1
18093,N85904 /1 undetected,output,,N85904,N85904,1,undetected,N85904,N85904,N85904,sa1,1
18094,N53956 /1 undetected,output,,N53956,N53956,1,undetected,N53956,N53956,N53956,sa1,1
18095,N85571 /1 undetected,output,,N85571,N85571,1,undetected,N85571,N85571,N85571,sa1,1
18096,N53955 /1 undetected,output,,N53955,N53955,1,undetected,N53955,N53955,N53955,sa1,1
18097,N106748 /1 undetected,output,,N106748,N106748,1,undetected,N106748,N106748,N106748,sa1,1
18098,N76092 /1 undetected,output,,N76092,N76092,1,undetected,N76092,N76092,N76092,sa1,1
18099,N53953 /1 undetected,output,,N53953,N53953,1,undetected,N53953,N53953,N53953,sa1,1
18100,N120564 /1 undetected,output,,N120564,N120564,1,undetected,N120564,N120564,N120564,sa1,1
18101,N106769 /1 undetected,output,,N106769,N106769,1,undetected,N106769,N106769,N106769,sa1,1
18102,N91879 /1 undetected,output,,N91879,N91879,1,undetected,N91879,N91879,N91879,sa1,1
18103,N53948 /1 undetected,output,,N53948,N53948,1,undetected,N53948,N53948,N53948,sa1,1
18104,N106794 /1 undetected,output,,N106794,N106794,1,undetected,N106794,N106794,N106794,sa1,1
18105,N75868 /1 undetected,output,,N75868,N75868,1,undetected,N75868,N75868,N75868,sa1,1
18106,N53946 /1 undetected,output,,N53946,N53946,1,undetected,N53946,N53946,N53946,sa1,1
18107,N53944 /1 undetected,output,,N53944,N53944,1,undetected,N53944,N53944,N53944,sa1,1
18108,N101228 /1 undetected,output,,N101228,N101228,1,undetected,N101228,N101228,N101228,sa1,1
18109,N84634 /1 undetected,output,,N84634,N84634,1,undetected,N84634,N84634,N84634,sa1,1
18110,N53941 /1 undetected,output,,N53941,N53941,1,undetected,N53941,N53941,N53941,sa1,1
18111,N53939 /1 undetected,output,,N53939,N53939,1,undetected,N53939,N53939,N53939,sa1,1
18112,N76135 /1 undetected,output,,N76135,N76135,1,undetected,N76135,N76135,N76135,sa1,1
18113,N53938 /1 undetected,output,,N53938,N53938,1,undetected,N53938,N53938,N53938,sa1,1
18114,N120589 /1 undetected,output,,N120589,N120589,1,undetected,N120589,N120589,N120589,sa1,1
18115,N120585 /1 undetected,output,,N120585,N120585,1,undetected,N120585,N120585,N120585,sa1,1
18116,N53935 /1 undetected,output,,N53935,N53935,1,undetected,N53935,N53935,N53935,sa1,1
18117,N53933 /1 undetected,output,,N53933,N53933,1,undetected,N53933,N53933,N53933,sa1,1
18118,N76091 /1 undetected,output,,N76091,N76091,1,undetected,N76091,N76091,N76091,sa1,1
18119,N53932 /1 undetected,output,,N53932,N53932,1,undetected,N53932,N53932,N53932,sa1,1
18120,N120582 /1 undetected,output,,N120582,N120582,1,undetected,N120582,N120582,N120582,sa1,1
18121,N94448 /1 undetected,output,,N94448,N94448,1,undetected,N94448,N94448,N94448,sa1,1
18122,N53930 /1 undetected,output,,N53930,N53930,1,undetected,N53930,N53930,N53930,sa1,1
18123,N120580 /1 undetected,output,,N120580,N120580,1,undetected,N120580,N120580,N120580,sa1,1
18124,N94359 /1 undetected,output,,N94359,N94359,1,undetected,N94359,N94359,N94359,sa1,1
18125,N53928 /1 undetected,output,,N53928,N53928,1,undetected,N53928,N53928,N53928,sa1,1
18126,N53926 /1 undetected,output,,N53926,N53926,1,undetected,N53926,N53926,N53926,sa1,1
18127,N85950 /1 undetected,output,,N85950,N85950,1,undetected,N85950,N85950,N85950,sa1,1
18128,N53925 /1 undetected,output,,N53925,N53925,1,undetected,N53925,N53925,N53925,sa1,1
18129,N53923 /1 undetected,output,,N53923,N53923,1,undetected,N53923,N53923,N53923,sa1,1
18130,N53921 /1 undetected,output,,N53921,N53921,1,undetected,N53921,N53921,N53921,sa1,1
18131,N76043 /1 undetected,output,,N76043,N76043,1,undetected,N76043,N76043,N76043,sa1,1
18132,N53920 /1 undetected,output,,N53920,N53920,1,undetected,N53920,N53920,N53920,sa1,1
18133,N120578 /1 undetected,output,,N120578,N120578,1,undetected,N120578,N120578,N120578,sa1,1
18134,N94447 /1 undetected,output,,N94447,N94447,1,undetected,N94447,N94447,N94447,sa1,1
18135,N53918 /1 undetected,output,,N53918,N53918,1,undetected,N53918,N53918,N53918,sa1,1
18136,N120576 /1 undetected,output,,N120576,N120576,1,undetected,N120576,N120576,N120576,sa1,1
18137,N94358 /1 undetected,output,,N94358,N94358,1,undetected,N94358,N94358,N94358,sa1,1
18138,N53916 /1 undetected,output,,N53916,N53916,1,undetected,N53916,N53916,N53916,sa1,1
18139,N53914 /1 undetected,output,,N53914,N53914,1,undetected,N53914,N53914,N53914,sa1,1
18140,N120584 /1 undetected,output,,N120584,N120584,1,undetected,N120584,N120584,N120584,sa1,1
18141,N106713 /1 undetected,output,,N106713,N106713,1,undetected,N106713,N106713,N106713,sa1,1
18142,N4136 /1 undetected,output,,N4136,N4136,1,undetected,N4136,N4136,N4136,sa1,1
18143,N53910 /1 undetected,output,,N53910,N53910,1,undetected,N53910,N53910,N53910,sa1,1
18144,N120552 /1 undetected,output,,N120552,N120552,1,undetected,N120552,N120552,N120552,sa1,1
18145,N94357 /1 undetected,output,,N94357,N94357,1,undetected,N94357,N94357,N94357,sa1,1
18146,N53908 /1 undetected,output,,N53908,N53908,1,undetected,N53908,N53908,N53908,sa1,1
18147,N76090 /1 undetected,output,,N76090,N76090,1,undetected,N76090,N76090,N76090,sa1,1
18148,N53907 /1 undetected,output,,N53907,N53907,1,undetected,N53907,N53907,N53907,sa1,1
18149,N94446 /1 undetected,output,,N94446,N94446,1,undetected,N94446,N94446,N94446,sa1,1
18150,N53905 /1 undetected,output,,N53905,N53905,1,undetected,N53905,N53905,N53905,sa1,1
18151,N97784 /1 undetected,output,,N97784,N97784,1,undetected,N97784,N97784,N97784,sa1,1
18152,N95755 /1 undetected,output,,N95755,N95755,1,undetected,N95755,N95755,N95755,sa1,1
18153,N53900 /1 undetected,output,,N53900,N53900,1,undetected,N53900,N53900,N53900,sa1,1
18154,N53898 /1 undetected,output,,N53898,N53898,1,undetected,N53898,N53898,N53898,sa1,1
18155,N75639 /1 undetected,output,,N75639,N75639,1,undetected,N75639,N75639,N75639,sa1,1
18156,N53897 /1 undetected,output,,N53897,N53897,1,undetected,N53897,N53897,N53897,sa1,1
18157,N120586 /1 undetected,output,,N120586,N120586,1,undetected,N120586,N120586,N120586,sa1,1
18158,N120583 /1 undetected,output,,N120583,N120583,1,undetected,N120583,N120583,N120583,sa1,1
18159,N53893 /1 undetected,output,,N53893,N53893,1,undetected,N53893,N53893,N53893,sa1,1
18160,N53891 /1 undetected,output,,N53891,N53891,1,undetected,N53891,N53891,N53891,sa1,1
18161,N76089 /1 undetected,output,,N76089,N76089,1,undetected,N76089,N76089,N76089,sa1,1
18162,N53890 /1 undetected,output,,N53890,N53890,1,undetected,N53890,N53890,N53890,sa1,1
18163,N120581 /1 undetected,output,,N120581,N120581,1,undetected,N120581,N120581,N120581,sa1,1
18164,N93880 /1 undetected,output,,N93880,N93880,1,undetected,N93880,N93880,N93880,sa1,1
18165,N53881 /1 undetected,output,,N53881,N53881,1,undetected,N53881,N53881,N53881,sa1,1
18166,N120579 /1 undetected,output,,N120579,N120579,1,undetected,N120579,N120579,N120579,sa1,1
18167,N93801 /1 undetected,output,,N93801,N93801,1,undetected,N93801,N93801,N93801,sa1,1
18168,N53872 /1 undetected,output,,N53872,N53872,1,undetected,N53872,N53872,N53872,sa1,1
18169,N85197 /1 undetected,output,,N85197,N85197,1,undetected,N85197,N85197,N85197,sa1,1
18170,N53871 /1 undetected,output,,N53871,N53871,1,undetected,N53871,N53871,N53871,sa1,1
18171,N53869 /1 undetected,output,,N53869,N53869,1,undetected,N53869,N53869,N53869,sa1,1
18172,N106712 /1 undetected,output,,N106712,N106712,1,undetected,N106712,N106712,N106712,sa1,1
18173,N75864 /1 undetected,output,,N75864,N75864,1,undetected,N75864,N75864,N75864,sa1,1
18174,N53867 /1 undetected,output,,N53867,N53867,1,undetected,N53867,N53867,N53867,sa1,1
18175,N53865 /1 undetected,output,,N53865,N53865,1,undetected,N53865,N53865,N53865,sa1,1
18176,N95844 /1 undetected,output,,N95844,N95844,1,undetected,N95844,N95844,N95844,sa1,1
18177,N53864 /1 undetected,output,,N53864,N53864,1,undetected,N53864,N53864,N53864,sa1,1
18178,N53862 /1 undetected,output,,N53862,N53862,1,undetected,N53862,N53862,N53862,sa1,1
18179,N85902 /1 undetected,output,,N85902,N85902,1,undetected,N85902,N85902,N85902,sa1,1
18180,N53861 /1 undetected,output,,N53861,N53861,1,undetected,N53861,N53861,N53861,sa1,1
18181,N93879 /1 undetected,output,,N93879,N93879,1,undetected,N93879,N93879,N93879,sa1,1
18182,N53859 /1 undetected,output,,N53859,N53859,1,undetected,N53859,N53859,N53859,sa1,1
18183,N53857 /1 undetected,output,,N53857,N53857,1,undetected,N53857,N53857,N53857,sa1,1
18184,N93800 /1 undetected,output,,N93800,N93800,1,undetected,N93800,N93800,N93800,sa1,1
18185,N53855 /1 undetected,output,,N53855,N53855,1,undetected,N53855,N53855,N53855,sa1,1
18186,N53849 /1 undetected,output,,N53849,N53849,1,undetected,N53849,N53849,N53849,sa1,1
18187,N76088 /1 undetected,output,,N76088,N76088,1,undetected,N76088,N76088,N76088,sa1,1
18188,N53848 /1 undetected,output,,N53848,N53848,1,undetected,N53848,N53848,N53848,sa1,1
18189,N120551 /1 undetected,output,,N120551,N120551,1,undetected,N120551,N120551,N120551,sa1,1
18190,N93799 /1 undetected,output,,N93799,N93799,1,undetected,N93799,N93799,N93799,sa1,1
18191,N53846 /1 undetected,output,,N53846,N53846,1,undetected,N53846,N53846,N53846,sa1,1
18192,N93878 /1 undetected,output,,N93878,N93878,1,undetected,N93878,N93878,N93878,sa1,1
18193,N26204 /1 undetected,output,,N26204,N26204,1,undetected,N26204,N26204,N26204,sa1,1
18194,N106599 /1 undetected,output,,N106599,N106599,1,undetected,N106599,N106599,N106599,sa1,1
18195,N24278 /1 undetected,output,,N24278,N24278,1,undetected,N24278,N24278,N24278,sa1,1
18196,N84743 /1 undetected,output,,N84743,N84743,1,undetected,N84743,N84743,N84743,sa1,1
18197,N28238 /0 undetected,output,,N28238,N28238,0,undetected,N28238,N28238,N28238,sa0,1
18198,N84539 /1 undetected,output,,N84539,N84539,1,undetected,N84539,N84539,N84539,sa1,1
18199,N28298 /1 undetected,output,,N28298,N28298,1,undetected,N28298,N28298,N28298,sa1,1
18200,N30609 /1 undetected,output,,N30609,N30609,1,undetected,N30609,N30609,N30609,sa1,1
18201,N30608 /1 undetected,output,,N30608,N30608,1,undetected,N30608,N30608,N30608,sa1,1
18202,N113683 /1 undetected,output,,N113683,N113683,1,undetected,N113683,N113683,N113683,sa1,1
18203,N75592 /1 undetected,output,,N75592,N75592,1,undetected,N75592,N75592,N75592,sa1,1
18204,N30380 /1 undetected,output,,N30380,N30380,1,undetected,N30380,N30380,N30380,sa1,1
18205,N30533 /1 undetected,output,,N30533,N30533,1,undetected,N30533,N30533,N30533,sa1,1
18206,N113658 /1 undetected,output,,N113658,N113658,1,undetected,N113658,N113658,N113658,sa1,1
18207,N85543 /1 undetected,output,,N85543,N85543,1,undetected,N85543,N85543,N85543,sa1,1
18208,N30516 /1 undetected,output,,N30516,N30516,1,undetected,N30516,N30516,N30516,sa1,1
18209,N113320 /1 undetected,output,,N113320,N113320,1,undetected,N113320,N113320,N113320,sa1,1
18210,N30382 /1 undetected,output,,N30382,N30382,1,undetected,N30382,N30382,N30382,sa1,1
18211,N75932 /1 undetected,output,,N75932,N75932,1,undetected,N75932,N75932,N75932,sa1,1
18212,N91882 /1 undetected,output,,N91882,N91882,1,undetected,N91882,N91882,N91882,sa1,1
18213,N54939 /1 undetected,output,,N54939,N54939,1,undetected,N54939,N54939,N54939,sa1,1
18214,N54937 /1 undetected,output,,N54937,N54937,1,undetected,N54937,N54937,N54937,sa1,1
18215,N106795 /1 undetected,output,,N106795,N106795,1,undetected,N106795,N106795,N106795,sa1,1
18216,N75894 /1 undetected,output,,N75894,N75894,1,undetected,N75894,N75894,N75894,sa1,1
18217,N120791 /1 undetected,output,,N120791,N120791,1,undetected,N120791,N120791,N120791,sa1,1
18218,N28072 /1 undetected,output,,N28072,N28072,1,undetected,N28072,N28072,N28072,sa1,1
18219,N54933 /1 undetected,output,,N54933,N54933,1,undetected,N54933,N54933,N54933,sa1,1
18220,N92408 /1 undetected,output,,N92408,N92408,1,undetected,N92408,N92408,N92408,sa1,1
18221,N54918 /1 undetected,output,,N54918,N54918,1,undetected,N54918,N54918,N54918,sa1,1
18222,N54917 /1 undetected,output,,N54917,N54917,1,undetected,N54917,N54917,N54917,sa1,1
18223,N106773 /1 undetected,output,,N106773,N106773,1,undetected,N106773,N106773,N106773,sa1,1
18224,N54915 /1 undetected,output,,N54915,N54915,1,undetected,N54915,N54915,N54915,sa1,1
18225,N97187 /1 undetected,output,,N97187,N97187,1,undetected,N97187,N97187,N97187,sa1,1
18226,N54911 /1 undetected,output,,N54911,N54911,1,undetected,N54911,N54911,N54911,sa1,1
18227,N120825 /1 undetected,output,,N120825,N120825,1,undetected,N120825,N120825,N120825,sa1,1
18228,N54930 /1 undetected,output,,N54930,N54930,1,undetected,N54930,N54930,N54930,sa1,1
18229,N54928 /1 undetected,output,,N54928,N54928,1,undetected,N54928,N54928,N54928,sa1,1
18230,N120826 /1 undetected,output,,N120826,N120826,1,undetected,N120826,N120826,N120826,sa1,1
18231,N106825 /1 undetected,output,,N106825,N106825,1,undetected,N106825,N106825,N106825,sa1,1
18232,N54926 /1 undetected,output,,N54926,N54926,1,undetected,N54926,N54926,N54926,sa1,1
18233,N75643 /1 undetected,output,,N75643,N75643,1,undetected,N75643,N75643,N75643,sa1,1
18234,N54925 /1 undetected,output,,N54925,N54925,1,undetected,N54925,N54925,N54925,sa1,1
18235,N54924 /1 undetected,output,,N54924,N54924,1,undetected,N54924,N54924,N54924,sa1,1
18236,N106731 /1 undetected,output,,N106731,N106731,1,undetected,N106731,N106731,N106731,sa1,1
18237,N76147 /1 undetected,output,,N76147,N76147,1,undetected,N76147,N76147,N76147,sa1,1
18238,N54922 /1 undetected,output,,N54922,N54922,1,undetected,N54922,N54922,N54922,sa1,1
18239,N106778 /1 undetected,output,,N106778,N106778,1,undetected,N106778,N106778,N106778,sa1,1
18240,N85961 /1 undetected,output,,N85961,N85961,1,undetected,N85961,N85961,N85961,sa1,1
18241,N97786 /1 undetected,output,,N97786,N97786,1,undetected,N97786,N97786,N97786,sa1,1
18242,N54904 /1 undetected,output,,N54904,N54904,1,undetected,N54904,N54904,N54904,sa1,1
18243,N54902 /1 undetected,output,,N54902,N54902,1,undetected,N54902,N54902,N54902,sa1,1
18244,N98422 /1 undetected,output,,N98422,N98422,1,undetected,N98422,N98422,N98422,sa1,1
18245,N54901 /1 undetected,output,,N54901,N54901,1,undetected,N54901,N54901,N54901,sa1,1
18246,N120845 /1 undetected,output,,N120845,N120845,1,undetected,N120845,N120845,N120845,sa1,1
18247,N120587 /1 undetected,output,,N120587,N120587,1,undetected,N120587,N120587,N120587,sa1,1
18248,N54899 /1 undetected,output,,N54899,N54899,1,undetected,N54899,N54899,N54899,sa1,1
18249,N54897 /1 undetected,output,,N54897,N54897,1,undetected,N54897,N54897,N54897,sa1,1
18250,N76146 /1 undetected,output,,N76146,N76146,1,undetected,N76146,N76146,N76146,sa1,1
18251,N54896 /1 undetected,output,,N54896,N54896,1,undetected,N54896,N54896,N54896,sa1,1
18252,N120844 /1 undetected,output,,N120844,N120844,1,undetected,N120844,N120844,N120844,sa1,1
18253,N93812 /1 undetected,output,,N93812,N93812,1,undetected,N93812,N93812,N93812,sa1,1
18254,N54894 /1 undetected,output,,N54894,N54894,1,undetected,N54894,N54894,N54894,sa1,1
18255,N120842 /1 undetected,output,,N120842,N120842,1,undetected,N120842,N120842,N120842,sa1,1
18256,N93891 /1 undetected,output,,N93891,N93891,1,undetected,N93891,N93891,N93891,sa1,1
18257,N54890 /1 undetected,output,,N54890,N54890,1,undetected,N54890,N54890,N54890,sa1,1
18258,N85575 /1 undetected,output,,N85575,N85575,1,undetected,N85575,N85575,N85575,sa1,1
18259,N54889 /1 undetected,output,,N54889,N54889,1,undetected,N54889,N54889,N54889,sa1,1
18260,N85959 /1 undetected,output,,N85959,N85959,1,undetected,N85959,N85959,N85959,sa1,1
18261,N54886 /1 undetected,output,,N54886,N54886,1,undetected,N54886,N54886,N54886,sa1,1
18262,N120836 /1 undetected,output,,N120836,N120836,1,undetected,N120836,N120836,N120836,sa1,1
18263,N95946 /1 undetected,output,,N95946,N95946,1,undetected,N95946,N95946,N95946,sa1,1
18264,N54881 /1 undetected,output,,N54881,N54881,1,undetected,N54881,N54881,N54881,sa1,1
18265,N95975 /1 undetected,output,,N95975,N95975,1,undetected,N95975,N95975,N95975,sa1,1
18266,N54880 /1 undetected,output,,N54880,N54880,1,undetected,N54880,N54880,N54880,sa1,1
18267,N94456 /1 undetected,output,,N94456,N94456,1,undetected,N94456,N94456,N94456,sa1,1
18268,N54878 /1 undetected,output,,N54878,N54878,1,undetected,N54878,N54878,N54878,sa1,1
18269,N120838 /1 undetected,output,,N120838,N120838,1,undetected,N120838,N120838,N120838,sa1,1
18270,N94367 /1 undetected,output,,N94367,N94367,1,undetected,N94367,N94367,N94367,sa1,1
18271,N54876 /1 undetected,output,,N54876,N54876,1,undetected,N54876,N54876,N54876,sa1,1
18272,N54873 /1 undetected,output,,N54873,N54873,1,undetected,N54873,N54873,N54873,sa1,1
18273,N120843 /1 undetected,output,,N120843,N120843,1,undetected,N120843,N120843,N120843,sa1,1
18274,N94366 /1 undetected,output,,N94366,N94366,1,undetected,N94366,N94366,N94366,sa1,1
18275,N54868 /1 undetected,output,,N54868,N54868,1,undetected,N54868,N54868,N54868,sa1,1
18276,N120841 /1 undetected,output,,N120841,N120841,1,undetected,N120841,N120841,N120841,sa1,1
18277,N94455 /1 undetected,output,,N94455,N94455,1,undetected,N94455,N94455,N94455,sa1,1
18278,N54863 /1 undetected,output,,N54863,N54863,1,undetected,N54863,N54863,N54863,sa1,1
18279,N95745 /1 undetected,output,,N95745,N95745,1,undetected,N95745,N95745,N95745,sa1,1
18280,N54859 /1 undetected,output,,N54859,N54859,1,undetected,N54859,N54859,N54859,sa1,1
18281,N54857 /1 undetected,output,,N54857,N54857,1,undetected,N54857,N54857,N54857,sa1,1
18282,N95847 /1 undetected,output,,N95847,N95847,1,undetected,N95847,N95847,N95847,sa1,1
18283,N54856 /1 undetected,output,,N54856,N54856,1,undetected,N54856,N54856,N54856,sa1,1
18284,N54854 /1 undetected,output,,N54854,N54854,1,undetected,N54854,N54854,N54854,sa1,1
18285,N85957 /1 undetected,output,,N85957,N85957,1,undetected,N85957,N85957,N85957,sa1,1
18286,N54853 /1 undetected,output,,N54853,N54853,1,undetected,N54853,N54853,N54853,sa1,1
18287,N93890 /1 undetected,output,,N93890,N93890,1,undetected,N93890,N93890,N93890,sa1,1
18288,N54851 /1 undetected,output,,N54851,N54851,1,undetected,N54851,N54851,N54851,sa1,1
18289,N54849 /1 undetected,output,,N54849,N54849,1,undetected,N54849,N54849,N54849,sa1,1
18290,N93811 /1 undetected,output,,N93811,N93811,1,undetected,N93811,N93811,N93811,sa1,1
18291,N54847 /1 undetected,output,,N54847,N54847,1,undetected,N54847,N54847,N54847,sa1,1
18292,N54843 /1 undetected,output,,N54843,N54843,1,undetected,N54843,N54843,N54843,sa1,1
18293,N76144 /1 undetected,output,,N76144,N76144,1,undetected,N76144,N76144,N76144,sa1,1
18294,N54842 /1 undetected,output,,N54842,N54842,1,undetected,N54842,N54842,N54842,sa1,1
18295,N54840 /1 undetected,output,,N54840,N54840,1,undetected,N54840,N54840,N54840,sa1,1
18296,N105719 /1 undetected,output,,N105719,N105719,1,undetected,N105719,N105719,N105719,sa1,1
18297,N93889 /1 undetected,output,,N93889,N93889,1,undetected,N93889,N93889,N93889,sa1,1
18298,N120544 /1 undetected,output,,N120544,N120544,1,undetected,N120544,N120544,N120544,sa1,1
18299,N75889 /1 undetected,output,,N75889,N75889,1,undetected,N75889,N75889,N75889,sa1,1
18300,N54837 /1 undetected,output,,N54837,N54837,1,undetected,N54837,N54837,N54837,sa1,1
18301,N54835 /1 undetected,output,,N54835,N54835,1,undetected,N54835,N54835,N54835,sa1,1
18302,N93810 /1 undetected,output,,N93810,N93810,1,undetected,N93810,N93810,N93810,sa1,1
18303,N23757 /1 undetected,output,,N23757,N23757,1,undetected,N23757,N23757,N23757,sa1,1
18304,N105845 /1 undetected,output,,N105845,N105845,1,undetected,N105845,N105845,N105845,sa1,1
18305,N23755 /1 undetected,output,,N23755,N23755,1,undetected,N23755,N23755,N23755,sa1,1
18306,N105858 /1 undetected,output,,N105858,N105858,1,undetected,N105858,N105858,N105858,sa1,1
18307,N85764 /1 undetected,output,,N85764,N85764,1,undetected,N85764,N85764,N85764,sa1,1
18308,N54834 /1 undetected,output,,N54834,N54834,1,undetected,N54834,N54834,N54834,sa1,1
18309,N106537 /1 undetected,output,,N106537,N106537,1,undetected,N106537,N106537,N106537,sa1,1
18310,N75888 /1 undetected,output,,N75888,N75888,1,undetected,N75888,N75888,N75888,sa1,1
18311,N54832 /1 undetected,output,,N54832,N54832,1,undetected,N54832,N54832,N54832,sa1,1
18312,N120835 /1 undetected,output,,N120835,N120835,1,undetected,N120835,N120835,N120835,sa1,1
18313,N50401 /1 undetected,output,,N50401,N50401,1,undetected,N50401,N50401,N50401,sa1,1
18314,N50412 /0 undetected,output,,N50412,N50412,0,undetected,N50412,N50412,N50412,sa0,1
18315,N91861 /1 undetected,output,,N91861,N91861,1,undetected,N91861,N91861,N91861,sa1,1
18316,N30512 /0 undetected,output,,N30512,N30512,0,undetected,N30512,N30512,N30512,sa0,1
18317,N30487 /0 undetected,output,,N30487,N30487,0,undetected,N30487,N30487,N30487,sa0,1
18318,N113584 /1 undetected,output,,N113584,N113584,1,undetected,N113584,N113584,N113584,sa1,1
18319,N113564 /1 undetected,output,,N113564,N113564,1,undetected,N113564,N113564,N113564,sa1,1
18320,N75588 /1 undetected,output,,N75588,N75588,1,undetected,N75588,N75588,N75588,sa1,1
18321,N30443 /1 undetected,output,,N30443,N30443,1,undetected,N30443,N30443,N30443,sa1,1
18322,N108244 /1 undetected,output,,N108244,N108244,1,undetected,N108244,N108244,N108244,sa1,1
18323,N108184 /1 undetected,output,,N108184,N108184,1,undetected,N108184,N108184,N108184,sa1,1
18324,N108348 /1 undetected,output,,N108348,N108348,1,undetected,N108348,N108348,N108348,sa1,1
18325,N108287 /1 undetected,output,,N108287,N108287,1,undetected,N108287,N108287,N108287,sa1,1
18326,N51548 /0 undetected,output,,N51548,N51548,0,undetected,N51548,N51548,N51548,sa0,1
18327,N112647 /1 undetected,output,,N112647,N112647,1,undetected,N112647,N112647,N112647,sa1,1
18328,N30404 /0 undetected,output,,N30404,N30404,0,undetected,N30404,N30404,N30404,sa0,1
18329,N113464 /1 undetected,output,,N113464,N113464,1,undetected,N113464,N113464,N113464,sa1,1
18330,N75586 /1 undetected,output,,N75586,N75586,1,undetected,N75586,N75586,N75586,sa1,1
18331,N30366 /1 undetected,output,,N30366,N30366,1,undetected,N30366,N30366,N30366,sa1,1
18332,N85539 /1 undetected,output,,N85539,N85539,1,undetected,N85539,N85539,N85539,sa1,1
18333,N30365 /1 undetected,output,,N30365,N30365,1,undetected,N30365,N30365,N30365,sa1,1
18334,N75931 /1 undetected,output,,N75931,N75931,1,undetected,N75931,N75931,N75931,sa1,1
18335,N29050 /0 undetected,output,,N29050,N29050,0,undetected,N29050,N29050,N29050,sa0,1
18336,N106051 /1 undetected,output,,N106051,N106051,1,undetected,N106051,N106051,N106051,sa1,1
18337,N23924 /0 undetected,output,,N23924,N23924,0,undetected,N23924,N23924,N23924,sa0,1
18338,N74799 /1 undetected,output,,N74799,N74799,1,undetected,N74799,N74799,N74799,sa1,1
18339,N52522 /1 undetected,output,,N52522,N52522,1,undetected,N52522,N52522,N52522,sa1,1
18340,N24088 /1 undetected,output,,N24088,N24088,1,undetected,N24088,N24088,N24088,sa1,1
18341,N74801 /1 undetected,output,,N74801,N74801,1,undetected,N74801,N74801,N74801,sa1,1
18342,N28236 /0 undetected,output,,N28236,N28236,0,undetected,N28236,N28236,N28236,sa0,1
18343,N109225 /1 undetected,output,,N109225,N109225,1,undetected,N109225,N109225,N109225,sa1,1
18344,N74808 /1 undetected,output,,N74808,N74808,1,undetected,N74808,N74808,N74808,sa1,1
18345,N28297 /0 undetected,output,,N28297,N28297,0,undetected,N28297,N28297,N28297,sa0,1
18346,N28292 /1 undetected,output,,N28292,N28292,1,undetected,N28292,N28292,N28292,sa1,1
18347,N112469 /1 undetected,output,,N112469,N112469,1,undetected,N112469,N112469,N112469,sa1,1
18348,N84542 /1 undetected,output,,N84542,N84542,1,undetected,N84542,N84542,N84542,sa1,1
18349,N30532 /1 undetected,output,,N30532,N30532,1,undetected,N30532,N30532,N30532,sa1,1
18350,N113292 /1 undetected,output,,N113292,N113292,1,undetected,N113292,N113292,N113292,sa1,1
18351,N51894 /0 undetected,output,,N51894,N51894,0,undetected,N51894,N51894,N51894,sa0,1
18352,N107089 /1 undetected,output,,N107089,N107089,1,undetected,N107089,N107089,N107089,sa1,1
18353,N119914 /1 undetected,output,,N119914,N119914,1,undetected,N119914,N119914,N119914,sa1,1
18354,N89251 /1 undetected,output,,N89251,N89251,1,undetected,N89251,N89251,N89251,sa1,1
18355,N51855 /0 undetected,output,,N51855,N51855,0,undetected,N51855,N51855,N51855,sa0,1
18356,N107085 /1 undetected,output,,N107085,N107085,1,undetected,N107085,N107085,N107085,sa1,1
18357,N119913 /1 undetected,output,,N119913,N119913,1,undetected,N119913,N119913,N119913,sa1,1
18358,N80832 /1 undetected,output,,N80832,N80832,1,undetected,N80832,N80832,N80832,sa1,1
18359,N50400 /0 undetected,output,,N50400,N50400,0,undetected,N50400,N50400,N50400,sa0,1
18360,N112460 /1 undetected,output,,N112460,N112460,1,undetected,N112460,N112460,N112460,sa1,1
18361,N91860 /1 undetected,output,,N91860,N91860,1,undetected,N91860,N91860,N91860,sa1,1
18362,N35890 /0 undetected,output,,N35890,N35890,0,undetected,N35890,N35890,N35890,sa0,1
18363,N112443 /1 undetected,output,,N112443,N112443,1,undetected,N112443,N112443,N112443,sa1,1
18364,N28264 /1 undetected,output,,N28264,N28264,1,undetected,N28264,N28264,N28264,sa1,1
18365,N30511 /1 undetected,output,,N30511,N30511,1,undetected,N30511,N30511,N30511,sa1,1
18366,N113565 /1 undetected,output,,N113565,N113565,1,undetected,N113565,N113565,N113565,sa1,1
18367,N113377 /1 undetected,output,,N113377,N113377,1,undetected,N113377,N113377,N113377,sa1,1
18368,N30442 /0 undetected,output,,N30442,N30442,0,undetected,N30442,N30442,N30442,sa0,1
18369,N93750 /1 undetected,output,,N93750,N93750,1,undetected,N93750,N93750,N93750,sa1,1
18370,N30379 /0 undetected,output,,N30379,N30379,0,undetected,N30379,N30379,N30379,sa0,1
18371,N85540 /1 undetected,output,,N85540,N85540,1,undetected,N85540,N85540,N85540,sa1,1
18372,N23922 /0 undetected,output,,N23922,N23922,0,undetected,N23922,N23922,N23922,sa0,1
18373,N32374 /1 undetected,output,,N32374,N32374,1,undetected,N32374,N32374,N32374,sa1,1
18374,N113827 /1 undetected,output,,N113827,N113827,1,undetected,N113827,N113827,N113827,sa1,1
18375,N106088 /1 undetected,output,,N106088,N106088,1,undetected,N106088,N106088,N106088,sa1,1
18376,N86402 /1 undetected,output,,N86402,N86402,1,undetected,N86402,N86402,N86402,sa1,1
18377,N31944 /1 undetected,output,,N31944,N31944,1,undetected,N31944,N31944,N31944,sa1,1
18378,N113826 /1 undetected,output,,N113826,N113826,1,undetected,N113826,N113826,N113826,sa1,1
18379,N31942 /1 undetected,output,,N31942,N31942,1,undetected,N31942,N31942,N31942,sa1,1
18380,N113971 /1 undetected,output,,N113971,N113971,1,undetected,N113971,N113971,N113971,sa1,1
18381,N85548 /1 undetected,output,,N85548,N85548,1,undetected,N85548,N85548,N85548,sa1,1
18382,N31091 /1 undetected,output,,N31091,N31091,1,undetected,N31091,N31091,N31091,sa1,1
18383,N113825 /1 undetected,output,,N113825,N113825,1,undetected,N113825,N113825,N113825,sa1,1
18384,N113810 /1 undetected,output,,N113810,N113810,1,undetected,N113810,N113810,N113810,sa1,1
18385,N85546 /1 undetected,output,,N85546,N85546,1,undetected,N85546,N85546,N85546,sa1,1
18386,N84939 /1 undetected,output,,N84939,N84939,1,undetected,N84939,N84939,N84939,sa1,1
18387,N13934 /1 undetected,output,,N13934,N13934,1,undetected,N13934,N13934,N13934,sa1,1
18388,N101158 /1 undetected,output,,N101158,N101158,1,undetected,N101158,N101158,N101158,sa1,1
18389,N86191 /1 undetected,output,,N86191,N86191,1,undetected,N86191,N86191,N86191,sa1,1
18390,N13927 /1 undetected,output,,N13927,N13927,1,undetected,N13927,N13927,N13927,sa1,1
18391,N13925 /1 undetected,output,,N13925,N13925,1,undetected,N13925,N13925,N13925,sa1,1
18392,N91619 /1 undetected,output,,N91619,N91619,1,undetected,N91619,N91619,N91619,sa1,1
18393,N13901 /1 undetected,output,,N13901,N13901,1,undetected,N13901,N13901,N13901,sa1,1
18394,N13899 /1 undetected,output,,N13899,N13899,1,undetected,N13899,N13899,N13899,sa1,1
18395,N93496 /1 undetected,output,,N93496,N93496,1,undetected,N93496,N93496,N93496,sa1,1
18396,N13897 /1 undetected,output,,N13897,N13897,1,undetected,N13897,N13897,N13897,sa1,1
18397,N84508 /1 undetected,output,,N84508,N84508,1,undetected,N84508,N84508,N84508,sa1,1
18398,N13895 /1 undetected,output,,N13895,N13895,1,undetected,N13895,N13895,N13895,sa1,1
18399,N75090 /1 undetected,output,,N75090,N75090,1,undetected,N75090,N75090,N75090,sa1,1
18400,N101191 /1 undetected,output,,N101191,N101191,1,undetected,N101191,N101191,N101191,sa1,1
18401,N13864 /1 undetected,output,,N13864,N13864,1,undetected,N13864,N13864,N13864,sa1,1
18402,N101496 /1 undetected,output,,N101496,N101496,1,undetected,N101496,N101496,N101496,sa1,1
18403,N13859 /1 undetected,output,,N13859,N13859,1,undetected,N13859,N13859,N13859,sa1,1
18404,N101082 /1 undetected,output,,N101082,N101082,1,undetected,N101082,N101082,N101082,sa1,1
18405,N13857 /1 undetected,output,,N13857,N13857,1,undetected,N13857,N13857,N13857,sa1,1
18406,N101493 /1 undetected,output,,N101493,N101493,1,undetected,N101493,N101493,N101493,sa1,1
18407,N93300 /1 undetected,output,,N93300,N93300,1,undetected,N93300,N93300,N93300,sa1,1
18408,N13855 /1 undetected,output,,N13855,N13855,1,undetected,N13855,N13855,N13855,sa1,1
18409,N101489 /1 undetected,output,,N101489,N101489,1,undetected,N101489,N101489,N101489,sa1,1
18410,N101076 /1 undetected,output,,N101076,N101076,1,undetected,N101076,N101076,N101076,sa1,1
18411,N101490 /1 undetected,output,,N101490,N101490,1,undetected,N101490,N101490,N101490,sa1,1
18412,N101031 /1 undetected,output,,N101031,N101031,1,undetected,N101031,N101031,N101031,sa1,1
18413,N13849 /1 undetected,output,,N13849,N13849,1,undetected,N13849,N13849,N13849,sa1,1
18414,N101488 /1 undetected,output,,N101488,N101488,1,undetected,N101488,N101488,N101488,sa1,1
18415,N13846 /1 undetected,output,,N13846,N13846,1,undetected,N13846,N13846,N13846,sa1,1
18416,N101098 /1 undetected,output,,N101098,N101098,1,undetected,N101098,N101098,N101098,sa1,1
18417,N76655 /1 undetected,output,,N76655,N76655,1,undetected,N76655,N76655,N76655,sa1,1
18418,N97747 /1 undetected,output,,N97747,N97747,1,undetected,N97747,N97747,N97747,sa1,1
18419,N13838 /1 undetected,output,,N13838,N13838,1,undetected,N13838,N13838,N13838,sa1,1
18420,N76431 /1 undetected,output,,N76431,N76431,1,undetected,N76431,N76431,N76431,sa1,1
18421,N13837 /1 undetected,output,,N13837,N13837,1,undetected,N13837,N13837,N13837,sa1,1
18422,N101106 /1 undetected,output,,N101106,N101106,1,undetected,N101106,N101106,N101106,sa1,1
18423,N13835 /1 undetected,output,,N13835,N13835,1,undetected,N13835,N13835,N13835,sa1,1
18424,N86214 /1 undetected,output,,N86214,N86214,1,undetected,N86214,N86214,N86214,sa1,1
18425,N13834 /1 undetected,output,,N13834,N13834,1,undetected,N13834,N13834,N13834,sa1,1
18426,N101480 /1 undetected,output,,N101480,N101480,1,undetected,N101480,N101480,N101480,sa1,1
18427,N101122 /1 undetected,output,,N101122,N101122,1,undetected,N101122,N101122,N101122,sa1,1
18428,N101484 /1 undetected,output,,N101484,N101484,1,undetected,N101484,N101484,N101484,sa1,1
18429,N13828 /1 undetected,output,,N13828,N13828,1,undetected,N13828,N13828,N13828,sa1,1
18430,N101105 /1 undetected,output,,N101105,N101105,1,undetected,N101105,N101105,N101105,sa1,1
18431,N13155 /1 undetected,output,,N13155,N13155,1,undetected,N13155,N13155,N13155,sa1,1
18432,N101479 /1 undetected,output,,N101479,N101479,1,undetected,N101479,N101479,N101479,sa1,1
18433,N76495 /1 undetected,output,,N76495,N76495,1,undetected,N76495,N76495,N76495,sa1,1
18434,N86190 /1 undetected,output,,N86190,N86190,1,undetected,N86190,N86190,N86190,sa1,1
18435,N13814 /1 undetected,output,,N13814,N13814,1,undetected,N13814,N13814,N13814,sa1,1
18436,N76430 /1 undetected,output,,N76430,N76430,1,undetected,N76430,N76430,N76430,sa1,1
18437,N13810 /1 undetected,output,,N13810,N13810,1,undetected,N13810,N13810,N13810,sa1,1
18438,N101474 /1 undetected,output,,N101474,N101474,1,undetected,N101474,N101474,N101474,sa1,1
18439,N13808 /1 undetected,output,,N13808,N13808,1,undetected,N13808,N13808,N13808,sa1,1
18440,N13806 /1 undetected,output,,N13806,N13806,1,undetected,N13806,N13806,N13806,sa1,1
18441,N13804 /1 undetected,output,,N13804,N13804,1,undetected,N13804,N13804,N13804,sa1,1
18442,N13803 /1 undetected,output,,N13803,N13803,1,undetected,N13803,N13803,N13803,sa1,1
18443,N13802 /1 undetected,output,,N13802,N13802,1,undetected,N13802,N13802,N13802,sa1,1
18444,N13801 /1 undetected,output,,N13801,N13801,1,undetected,N13801,N13801,N13801,sa1,1
18445,N100969 /1 undetected,output,,N100969,N100969,1,undetected,N100969,N100969,N100969,sa1,1
18446,N87649 /1 undetected,output,,N87649,N87649,1,undetected,N87649,N87649,N87649,sa1,1
18447,N13800 /1 undetected,output,,N13800,N13800,1,undetected,N13800,N13800,N13800,sa1,1
18448,N101457 /1 undetected,output,,N101457,N101457,1,undetected,N101457,N101457,N101457,sa1,1
18449,N101023 /1 undetected,output,,N101023,N101023,1,undetected,N101023,N101023,N101023,sa1,1
18450,N13796 /1 undetected,output,,N13796,N13796,1,undetected,N13796,N13796,N13796,sa1,1
18451,N101471 /1 undetected,output,,N101471,N101471,1,undetected,N101471,N101471,N101471,sa1,1
18452,N101011 /1 undetected,output,,N101011,N101011,1,undetected,N101011,N101011,N101011,sa1,1
18453,N13798 /1 undetected,output,,N13798,N13798,1,undetected,N13798,N13798,N13798,sa1,1
18454,N101448 /1 undetected,output,,N101448,N101448,1,undetected,N101448,N101448,N101448,sa1,1
18455,N101020 /1 undetected,output,,N101020,N101020,1,undetected,N101020,N101020,N101020,sa1,1
18456,N13794 /1 undetected,output,,N13794,N13794,1,undetected,N13794,N13794,N13794,sa1,1
18457,N101466 /1 undetected,output,,N101466,N101466,1,undetected,N101466,N101466,N101466,sa1,1
18458,N100924 /1 undetected,output,,N100924,N100924,1,undetected,N100924,N100924,N100924,sa1,1
18459,N13792 /1 undetected,output,,N13792,N13792,1,undetected,N13792,N13792,N13792,sa1,1
18460,N78762 /1 undetected,output,,N78762,N78762,1,undetected,N78762,N78762,N78762,sa1,1
18461,N13790 /1 undetected,output,,N13790,N13790,1,undetected,N13790,N13790,N13790,sa1,1
18462,N13788 /1 undetected,output,,N13788,N13788,1,undetected,N13788,N13788,N13788,sa1,1
18463,N13787 /1 undetected,output,,N13787,N13787,1,undetected,N13787,N13787,N13787,sa1,1
18464,N101447 /1 undetected,output,,N101447,N101447,1,undetected,N101447,N101447,N101447,sa1,1
18465,N100948 /1 undetected,output,,N100948,N100948,1,undetected,N100948,N100948,N100948,sa1,1
18466,N13785 /1 undetected,output,,N13785,N13785,1,undetected,N13785,N13785,N13785,sa1,1
18467,N101456 /1 undetected,output,,N101456,N101456,1,undetected,N101456,N101456,N101456,sa1,1
18468,N100982 /1 undetected,output,,N100982,N100982,1,undetected,N100982,N100982,N100982,sa1,1
18469,N13783 /1 undetected,output,,N13783,N13783,1,undetected,N13783,N13783,N13783,sa1,1
18470,N13782 /1 undetected,output,,N13782,N13782,1,undetected,N13782,N13782,N13782,sa1,1
18471,N101470 /1 undetected,output,,N101470,N101470,1,undetected,N101470,N101470,N101470,sa1,1
18472,N100971 /1 undetected,output,,N100971,N100971,1,undetected,N100971,N100971,N100971,sa1,1
18473,N13780 /1 undetected,output,,N13780,N13780,1,undetected,N13780,N13780,N13780,sa1,1
18474,N101465 /1 undetected,output,,N101465,N101465,1,undetected,N101465,N101465,N101465,sa1,1
18475,N100935 /1 undetected,output,,N100935,N100935,1,undetected,N100935,N100935,N100935,sa1,1
18476,N13774 /1 undetected,output,,N13774,N13774,1,undetected,N13774,N13774,N13774,sa1,1
18477,N93440 /1 undetected,output,,N93440,N93440,1,undetected,N93440,N93440,N93440,sa1,1
18478,N13773 /1 undetected,output,,N13773,N13773,1,undetected,N13773,N13773,N13773,sa1,1
18479,N87648 /1 undetected,output,,N87648,N87648,1,undetected,N87648,N87648,N87648,sa1,1
18480,N13769 /1 undetected,output,,N13769,N13769,1,undetected,N13769,N13769,N13769,sa1,1
18481,N13768 /1 undetected,output,,N13768,N13768,1,undetected,N13768,N13768,N13768,sa1,1
18482,N13767 /1 undetected,output,,N13767,N13767,1,undetected,N13767,N13767,N13767,sa1,1
18483,N101469 /1 undetected,output,,N101469,N101469,1,undetected,N101469,N101469,N101469,sa1,1
18484,N101004 /1 undetected,output,,N101004,N101004,1,undetected,N101004,N101004,N101004,sa1,1
18485,N13765 /1 undetected,output,,N13765,N13765,1,undetected,N13765,N13765,N13765,sa1,1
18486,N101464 /1 undetected,output,,N101464,N101464,1,undetected,N101464,N101464,N101464,sa1,1
18487,N100998 /1 undetected,output,,N100998,N100998,1,undetected,N100998,N100998,N100998,sa1,1
18488,N13763 /1 undetected,output,,N13763,N13763,1,undetected,N13763,N13763,N13763,sa1,1
18489,N13762 /1 undetected,output,,N13762,N13762,1,undetected,N13762,N13762,N13762,sa1,1
18490,N101455 /1 undetected,output,,N101455,N101455,1,undetected,N101455,N101455,N101455,sa1,1
18491,N101008 /1 undetected,output,,N101008,N101008,1,undetected,N101008,N101008,N101008,sa1,1
18492,N13760 /1 undetected,output,,N13760,N13760,1,undetected,N13760,N13760,N13760,sa1,1
18493,N101446 /1 undetected,output,,N101446,N101446,1,undetected,N101446,N101446,N101446,sa1,1
18494,N100994 /1 undetected,output,,N100994,N100994,1,undetected,N100994,N100994,N100994,sa1,1
18495,N13771 /1 undetected,output,,N13771,N13771,1,undetected,N13771,N13771,N13771,sa1,1
18496,N78761 /1 undetected,output,,N78761,N78761,1,undetected,N78761,N78761,N78761,sa1,1
18497,N13757 /1 undetected,output,,N13757,N13757,1,undetected,N13757,N13757,N13757,sa1,1
18498,N13756 /1 undetected,output,,N13756,N13756,1,undetected,N13756,N13756,N13756,sa1,1
18499,N101468 /1 undetected,output,,N101468,N101468,1,undetected,N101468,N101468,N101468,sa1,1
18500,N100988 /1 undetected,output,,N100988,N100988,1,undetected,N100988,N100988,N100988,sa1,1
18501,N13753 /1 undetected,output,,N13753,N13753,1,undetected,N13753,N13753,N13753,sa1,1
18502,N101463 /1 undetected,output,,N101463,N101463,1,undetected,N101463,N101463,N101463,sa1,1
18503,N100984 /1 undetected,output,,N100984,N100984,1,undetected,N100984,N100984,N100984,sa1,1
18504,N101454 /1 undetected,output,,N101454,N101454,1,undetected,N101454,N101454,N101454,sa1,1
18505,N100990 /1 undetected,output,,N100990,N100990,1,undetected,N100990,N100990,N100990,sa1,1
18506,N13746 /1 undetected,output,,N13746,N13746,1,undetected,N13746,N13746,N13746,sa1,1
18507,N101445 /1 undetected,output,,N101445,N101445,1,undetected,N101445,N101445,N101445,sa1,1
18508,N100986 /1 undetected,output,,N100986,N100986,1,undetected,N100986,N100986,N100986,sa1,1
18509,N13743 /1 undetected,output,,N13743,N13743,1,undetected,N13743,N13743,N13743,sa1,1
18510,N85463 /1 undetected,output,,N85463,N85463,1,undetected,N85463,N85463,N85463,sa1,1
18511,N13741 /1 undetected,output,,N13741,N13741,1,undetected,N13741,N13741,N13741,sa1,1
18512,N13739 /1 undetected,output,,N13739,N13739,1,undetected,N13739,N13739,N13739,sa1,1
18513,N86213 /1 undetected,output,,N86213,N86213,1,undetected,N86213,N86213,N86213,sa1,1
18514,N13737 /1 undetected,output,,N13737,N13737,1,undetected,N13737,N13737,N13737,sa1,1
18515,N13736 /1 undetected,output,,N13736,N13736,1,undetected,N13736,N13736,N13736,sa1,1
18516,N78778 /1 undetected,output,,N78778,N78778,1,undetected,N78778,N78778,N78778,sa1,1
18517,N13712 /1 undetected,output,,N13712,N13712,1,undetected,N13712,N13712,N13712,sa1,1
18518,N13711 /1 undetected,output,,N13711,N13711,1,undetected,N13711,N13711,N13711,sa1,1
18519,N13709 /1 undetected,output,,N13709,N13709,1,undetected,N13709,N13709,N13709,sa1,1
18520,N86141 /1 undetected,output,,N86141,N86141,1,undetected,N86141,N86141,N86141,sa1,1
18521,N13708 /1 undetected,output,,N13708,N13708,1,undetected,N13708,N13708,N13708,sa1,1
18522,N100877 /1 undetected,output,,N100877,N100877,1,undetected,N100877,N100877,N100877,sa1,1
18523,N86291 /1 undetected,output,,N86291,N86291,1,undetected,N86291,N86291,N86291,sa1,1
18524,N13706 /1 undetected,output,,N13706,N13706,1,undetected,N13706,N13706,N13706,sa1,1
18525,N101438 /1 undetected,output,,N101438,N101438,1,undetected,N101438,N101438,N101438,sa1,1
18526,N100945 /1 undetected,output,,N100945,N100945,1,undetected,N100945,N100945,N100945,sa1,1
18527,N13704 /1 undetected,output,,N13704,N13704,1,undetected,N13704,N13704,N13704,sa1,1
18528,N76365 /1 undetected,output,,N76365,N76365,1,undetected,N76365,N76365,N76365,sa1,1
18529,N13702 /1 undetected,output,,N13702,N13702,1,undetected,N13702,N13702,N13702,sa1,1
18530,N13700 /1 undetected,output,,N13700,N13700,1,undetected,N13700,N13700,N13700,sa1,1
18531,N100900 /1 undetected,output,,N100900,N100900,1,undetected,N100900,N100900,N100900,sa1,1
18532,N86290 /1 undetected,output,,N86290,N86290,1,undetected,N86290,N86290,N86290,sa1,1
18533,N13698 /1 undetected,output,,N13698,N13698,1,undetected,N13698,N13698,N13698,sa1,1
18534,N100776 /1 undetected,output,,N100776,N100776,1,undetected,N100776,N100776,N100776,sa1,1
18535,N76586 /1 undetected,output,,N76586,N76586,1,undetected,N76586,N76586,N76586,sa1,1
18536,N13734 /1 undetected,output,,N13734,N13734,1,undetected,N13734,N13734,N13734,sa1,1
18537,N87666 /1 undetected,output,,N87666,N87666,1,undetected,N87666,N87666,N87666,sa1,1
18538,N13732 /1 undetected,output,,N13732,N13732,1,undetected,N13732,N13732,N13732,sa1,1
18539,N13731 /1 undetected,output,,N13731,N13731,1,undetected,N13731,N13731,N13731,sa1,1
18540,N13729 /1 undetected,output,,N13729,N13729,1,undetected,N13729,N13729,N13729,sa1,1
18541,N86142 /1 undetected,output,,N86142,N86142,1,undetected,N86142,N86142,N86142,sa1,1
18542,N13728 /1 undetected,output,,N13728,N13728,1,undetected,N13728,N13728,N13728,sa1,1
18543,N101439 /1 undetected,output,,N101439,N101439,1,undetected,N101439,N101439,N101439,sa1,1
18544,N13726 /1 undetected,output,,N13726,N13726,1,undetected,N13726,N13726,N13726,sa1,1
18545,N101443 /1 undetected,output,,N101443,N101443,1,undetected,N101443,N101443,N101443,sa1,1
18546,N93299 /1 undetected,output,,N93299,N93299,1,undetected,N93299,N93299,N93299,sa1,1
18547,N13722 /1 undetected,output,,N13722,N13722,1,undetected,N13722,N13722,N13722,sa1,1
18548,N86293 /1 undetected,output,,N86293,N86293,1,undetected,N86293,N86293,N86293,sa1,1
18549,N12874 /1 undetected,output,,N12874,N12874,1,undetected,N12874,N12874,N12874,sa1,1
18550,N13720 /1 undetected,output,,N13720,N13720,1,undetected,N13720,N13720,N13720,sa1,1
18551,N76366 /1 undetected,output,,N76366,N76366,1,undetected,N76366,N76366,N76366,sa1,1
18552,N13718 /1 undetected,output,,N13718,N13718,1,undetected,N13718,N13718,N13718,sa1,1
18553,N13716 /1 undetected,output,,N13716,N13716,1,undetected,N13716,N13716,N13716,sa1,1
18554,N100770 /1 undetected,output,,N100770,N100770,1,undetected,N100770,N100770,N100770,sa1,1
18555,N76587 /1 undetected,output,,N76587,N76587,1,undetected,N76587,N76587,N76587,sa1,1
18556,N13714 /1 undetected,output,,N13714,N13714,1,undetected,N13714,N13714,N13714,sa1,1
18557,N100898 /1 undetected,output,,N100898,N100898,1,undetected,N100898,N100898,N100898,sa1,1
18558,N86292 /1 undetected,output,,N86292,N86292,1,undetected,N86292,N86292,N86292,sa1,1
18559,N13696 /1 undetected,output,,N13696,N13696,1,undetected,N13696,N13696,N13696,sa1,1
18560,N13694 /1 undetected,output,,N13694,N13694,1,undetected,N13694,N13694,N13694,sa1,1
18561,N76494 /1 undetected,output,,N76494,N76494,1,undetected,N76494,N76494,N76494,sa1,1
18562,N13693 /1 undetected,output,,N13693,N13693,1,undetected,N13693,N13693,N13693,sa1,1
18563,N13691 /1 undetected,output,,N13691,N13691,1,undetected,N13691,N13691,N13691,sa1,1
18564,N78777 /1 undetected,output,,N78777,N78777,1,undetected,N78777,N78777,N78777,sa1,1
18565,N13672 /1 undetected,output,,N13672,N13672,1,undetected,N13672,N13672,N13672,sa1,1
18566,N86139 /1 undetected,output,,N86139,N86139,1,undetected,N86139,N86139,N86139,sa1,1
18567,N13670 /1 undetected,output,,N13670,N13670,1,undetected,N13670,N13670,N13670,sa1,1
18568,N13669 /1 undetected,output,,N13669,N13669,1,undetected,N13669,N13669,N13669,sa1,1
18569,N86287 /1 undetected,output,,N86287,N86287,1,undetected,N86287,N86287,N86287,sa1,1
18570,N12786 /1 undetected,output,,N12786,N12786,1,undetected,N12786,N12786,N12786,sa1,1
18571,N13667 /1 undetected,output,,N13667,N13667,1,undetected,N13667,N13667,N13667,sa1,1
18572,N101437 /1 undetected,output,,N101437,N101437,1,undetected,N101437,N101437,N101437,sa1,1
18573,N100753 /1 undetected,output,,N100753,N100753,1,undetected,N100753,N100753,N100753,sa1,1
18574,N13664 /1 undetected,output,,N13664,N13664,1,undetected,N13664,N13664,N13664,sa1,1
18575,N76363 /1 undetected,output,,N76363,N76363,1,undetected,N76363,N76363,N76363,sa1,1
18576,N13662 /1 undetected,output,,N13662,N13662,1,undetected,N13662,N13662,N13662,sa1,1
18577,N13660 /1 undetected,output,,N13660,N13660,1,undetected,N13660,N13660,N13660,sa1,1
18578,N100735 /1 undetected,output,,N100735,N100735,1,undetected,N100735,N100735,N100735,sa1,1
18579,N76582 /1 undetected,output,,N76582,N76582,1,undetected,N76582,N76582,N76582,sa1,1
18580,N13658 /1 undetected,output,,N13658,N13658,1,undetected,N13658,N13658,N13658,sa1,1
18581,N100881 /1 undetected,output,,N100881,N100881,1,undetected,N100881,N100881,N100881,sa1,1
18582,N86286 /1 undetected,output,,N86286,N86286,1,undetected,N86286,N86286,N86286,sa1,1
18583,N13690 /1 undetected,output,,N13690,N13690,1,undetected,N13690,N13690,N13690,sa1,1
18584,N87665 /1 undetected,output,,N87665,N87665,1,undetected,N87665,N87665,N87665,sa1,1
18585,N13688 /1 undetected,output,,N13688,N13688,1,undetected,N13688,N13688,N13688,sa1,1
18586,N13686 /1 undetected,output,,N13686,N13686,1,undetected,N13686,N13686,N13686,sa1,1
18587,N13684 /1 undetected,output,,N13684,N13684,1,undetected,N13684,N13684,N13684,sa1,1
18588,N86140 /1 undetected,output,,N86140,N86140,1,undetected,N86140,N86140,N86140,sa1,1
18589,N13681 /1 undetected,output,,N13681,N13681,1,undetected,N13681,N13681,N13681,sa1,1
18590,N100703 /1 undetected,output,,N100703,N100703,1,undetected,N100703,N100703,N100703,sa1,1
18591,N76585 /1 undetected,output,,N76585,N76585,1,undetected,N76585,N76585,N76585,sa1,1
18592,N13679 /1 undetected,output,,N13679,N13679,1,undetected,N13679,N13679,N13679,sa1,1
18593,N100843 /1 undetected,output,,N100843,N100843,1,undetected,N100843,N100843,N100843,sa1,1
18594,N86289 /1 undetected,output,,N86289,N86289,1,undetected,N86289,N86289,N86289,sa1,1
18595,N13683 /1 undetected,output,,N13683,N13683,1,undetected,N13683,N13683,N13683,sa1,1
18596,N76364 /1 undetected,output,,N76364,N76364,1,undetected,N76364,N76364,N76364,sa1,1
18597,N13677 /1 undetected,output,,N13677,N13677,1,undetected,N13677,N13677,N13677,sa1,1
18598,N13676 /1 undetected,output,,N13676,N13676,1,undetected,N13676,N13676,N13676,sa1,1
18599,N100745 /1 undetected,output,,N100745,N100745,1,undetected,N100745,N100745,N100745,sa1,1
18600,N76584 /1 undetected,output,,N76584,N76584,1,undetected,N76584,N76584,N76584,sa1,1
18601,N13674 /1 undetected,output,,N13674,N13674,1,undetected,N13674,N13674,N13674,sa1,1
18602,N100885 /1 undetected,output,,N100885,N100885,1,undetected,N100885,N100885,N100885,sa1,1
18603,N86288 /1 undetected,output,,N86288,N86288,1,undetected,N86288,N86288,N86288,sa1,1
18604,N74980 /1 undetected,output,,N74980,N74980,1,undetected,N74980,N74980,N74980,sa1,1
18605,N13238 /1 undetected,output,,N13238,N13238,1,undetected,N13238,N13238,N13238,sa1,1
18606,N13236 /1 undetected,output,,N13236,N13236,1,undetected,N13236,N13236,N13236,sa1,1
18607,N13235 /1 undetected,output,,N13235,N13235,1,undetected,N13235,N13235,N13235,sa1,1
18608,N100404 /1 undetected,output,,N100404,N100404,1,undetected,N100404,N100404,N100404,sa1,1
18609,N84500 /1 undetected,output,,N84500,N84500,1,undetected,N84500,N84500,N84500,sa1,1
18610,N13234 /1 undetected,output,,N13234,N13234,1,undetected,N13234,N13234,N13234,sa1,1
18611,N13213 /1 undetected,output,,N13213,N13213,1,undetected,N13213,N13213,N13213,sa1,1
18612,N101150 /1 undetected,output,,N101150,N101150,1,undetected,N101150,N101150,N101150,sa1,1
18613,N85061 /1 undetected,output,,N85061,N85061,1,undetected,N85061,N85061,N85061,sa1,1
18614,N84498 /1 undetected,output,,N84498,N84498,1,undetected,N84498,N84498,N84498,sa1,1
18615,N74754 /1 undetected,output,,N74754,N74754,1,undetected,N74754,N74754,N74754,sa1,1
18616,N100512 /1 undetected,output,,N100512,N100512,1,undetected,N100512,N100512,N100512,sa1,1
18617,N101104 /1 undetected,output,,N101104,N101104,1,undetected,N101104,N101104,N101104,sa1,1
18618,N13166 /1 undetected,output,,N13166,N13166,1,undetected,N13166,N13166,N13166,sa1,1
18619,N13165 /1 undetected,output,,N13165,N13165,1,undetected,N13165,N13165,N13165,sa1,1
18620,N87612 /1 undetected,output,,N87612,N87612,1,undetected,N87612,N87612,N87612,sa1,1
18621,N13157 /1 undetected,output,,N13157,N13157,1,undetected,N13157,N13157,N13157,sa1,1
18622,N101118 /1 undetected,output,,N101118,N101118,1,undetected,N101118,N101118,N101118,sa1,1
18623,N76516 /1 undetected,output,,N76516,N76516,1,undetected,N76516,N76516,N76516,sa1,1
18624,N13133 /1 undetected,output,,N13133,N13133,1,undetected,N13133,N13133,N13133,sa1,1
18625,N76426 /1 undetected,output,,N76426,N76426,1,undetected,N76426,N76426,N76426,sa1,1
18626,N13129 /1 undetected,output,,N13129,N13129,1,undetected,N13129,N13129,N13129,sa1,1
18627,N13127 /1 undetected,output,,N13127,N13127,1,undetected,N13127,N13127,N13127,sa1,1
18628,N94157 /1 undetected,output,,N94157,N94157,1,undetected,N94157,N94157,N94157,sa1,1
18629,N13126 /1 undetected,output,,N13126,N13126,1,undetected,N13126,N13126,N13126,sa1,1
18630,N101097 /1 undetected,output,,N101097,N101097,1,undetected,N101097,N101097,N101097,sa1,1
18631,N101095 /1 undetected,output,,N101095,N101095,1,undetected,N101095,N101095,N101095,sa1,1
18632,N13122 /1 undetected,output,,N13122,N13122,1,undetected,N13122,N13122,N13122,sa1,1
18633,N101068 /1 undetected,output,,N101068,N101068,1,undetected,N101068,N101068,N101068,sa1,1
18634,N77183 /1 undetected,output,,N77183,N77183,1,undetected,N77183,N77183,N77183,sa1,1
18635,N13120 /1 undetected,output,,N13120,N13120,1,undetected,N13120,N13120,N13120,sa1,1
18636,N101078 /1 undetected,output,,N101078,N101078,1,undetected,N101078,N101078,N101078,sa1,1
18637,N13118 /1 undetected,output,,N13118,N13118,1,undetected,N13118,N13118,N13118,sa1,1
18638,N86722 /1 undetected,output,,N86722,N86722,1,undetected,N86722,N86722,N86722,sa1,1
18639,N13117 /1 undetected,output,,N13117,N13117,1,undetected,N13117,N13117,N13117,sa1,1
18640,N101089 /1 undetected,output,,N101089,N101089,1,undetected,N101089,N101089,N101089,sa1,1
18641,N101081 /1 undetected,output,,N101081,N101081,1,undetected,N101081,N101081,N101081,sa1,1
18642,N98700 /1 undetected,output,,N98700,N98700,1,undetected,N98700,N98700,N98700,sa1,1
18643,N94563 /1 undetected,output,,N94563,N94563,1,undetected,N94563,N94563,N94563,sa1,1
18644,N13065 /1 undetected,output,,N13065,N13065,1,undetected,N13065,N13065,N13065,sa1,1
18645,N78661 /1 undetected,output,,N78661,N78661,1,undetected,N78661,N78661,N78661,sa1,1
18646,N12994 /1 undetected,output,,N12994,N12994,1,undetected,N12994,N12994,N12994,sa1,1
18647,N93445 /1 undetected,output,,N93445,N93445,1,undetected,N93445,N93445,N93445,sa1,1
18648,N12992 /1 undetected,output,,N12992,N12992,1,undetected,N12992,N12992,N12992,sa1,1
18649,N12990 /1 undetected,output,,N12990,N12990,1,undetected,N12990,N12990,N12990,sa1,1
18650,N12985 /1 undetected,output,,N12985,N12985,1,undetected,N12985,N12985,N12985,sa1,1
18651,N100987 /1 undetected,output,,N100987,N100987,1,undetected,N100987,N100987,N100987,sa1,1
18652,N100950 /1 undetected,output,,N100950,N100950,1,undetected,N100950,N100950,N100950,sa1,1
18653,N12982 /1 undetected,output,,N12982,N12982,1,undetected,N12982,N12982,N12982,sa1,1
18654,N12981 /1 undetected,output,,N12981,N12981,1,undetected,N12981,N12981,N12981,sa1,1
18655,N100985 /1 undetected,output,,N100985,N100985,1,undetected,N100985,N100985,N100985,sa1,1
18656,N100937 /1 undetected,output,,N100937,N100937,1,undetected,N100937,N100937,N100937,sa1,1
18657,N12978 /1 undetected,output,,N12978,N12978,1,undetected,N12978,N12978,N12978,sa1,1
18658,N100983 /1 undetected,output,,N100983,N100983,1,undetected,N100983,N100983,N100983,sa1,1
18659,N100912 /1 undetected,output,,N100912,N100912,1,undetected,N100912,N100912,N100912,sa1,1
18660,N12989 /1 undetected,output,,N12989,N12989,1,undetected,N12989,N12989,N12989,sa1,1
18661,N100989 /1 undetected,output,,N100989,N100989,1,undetected,N100989,N100989,N100989,sa1,1
18662,N100973 /1 undetected,output,,N100973,N100973,1,undetected,N100973,N100973,N100973,sa1,1
18663,N12975 /1 undetected,output,,N12975,N12975,1,undetected,N12975,N12975,N12975,sa1,1
18664,N100901 /1 undetected,output,,N100901,N100901,1,undetected,N100901,N100901,N100901,sa1,1
18665,N12973 /1 undetected,output,,N12973,N12973,1,undetected,N12973,N12973,N12973,sa1,1
18666,N12971 /1 undetected,output,,N12971,N12971,1,undetected,N12971,N12971,N12971,sa1,1
18667,N12970 /1 undetected,output,,N12970,N12970,1,undetected,N12970,N12970,N12970,sa1,1
18668,N100981 /1 undetected,output,,N100981,N100981,1,undetected,N100981,N100981,N100981,sa1,1
18669,N100972 /1 undetected,output,,N100972,N100972,1,undetected,N100972,N100972,N100972,sa1,1
18670,N12965 /1 undetected,output,,N12965,N12965,1,undetected,N12965,N12965,N12965,sa1,1
18671,N100970 /1 undetected,output,,N100970,N100970,1,undetected,N100970,N100970,N100970,sa1,1
18672,N100949 /1 undetected,output,,N100949,N100949,1,undetected,N100949,N100949,N100949,sa1,1
18673,N12959 /1 undetected,output,,N12959,N12959,1,undetected,N12959,N12959,N12959,sa1,1
18674,N12958 /1 undetected,output,,N12958,N12958,1,undetected,N12958,N12958,N12958,sa1,1
18675,N100947 /1 undetected,output,,N100947,N100947,1,undetected,N100947,N100947,N100947,sa1,1
18676,N100936 /1 undetected,output,,N100936,N100936,1,undetected,N100936,N100936,N100936,sa1,1
18677,N12949 /1 undetected,output,,N12949,N12949,1,undetected,N12949,N12949,N12949,sa1,1
18678,N100934 /1 undetected,output,,N100934,N100934,1,undetected,N100934,N100934,N100934,sa1,1
18679,N100911 /1 undetected,output,,N100911,N100911,1,undetected,N100911,N100911,N100911,sa1,1
18680,N13064 /1 undetected,output,,N13064,N13064,1,undetected,N13064,N13064,N13064,sa1,1
18681,N87520 /1 undetected,output,,N87520,N87520,1,undetected,N87520,N87520,N87520,sa1,1
18682,N13059 /1 undetected,output,,N13059,N13059,1,undetected,N13059,N13059,N13059,sa1,1
18683,N13058 /1 undetected,output,,N13058,N13058,1,undetected,N13058,N13058,N13058,sa1,1
18684,N13057 /1 undetected,output,,N13057,N13057,1,undetected,N13057,N13057,N13057,sa1,1
18685,N100902 /1 undetected,output,,N100902,N100902,1,undetected,N100902,N100902,N100902,sa1,1
18686,N13056 /1 undetected,output,,N13056,N13056,1,undetected,N13056,N13056,N13056,sa1,1
18687,N100975 /1 undetected,output,,N100975,N100975,1,undetected,N100975,N100975,N100975,sa1,1
18688,N13050 /1 undetected,output,,N13050,N13050,1,undetected,N13050,N13050,N13050,sa1,1
18689,N101019 /1 undetected,output,,N101019,N101019,1,undetected,N101019,N101019,N101019,sa1,1
18690,N100939 /1 undetected,output,,N100939,N100939,1,undetected,N100939,N100939,N100939,sa1,1
18691,N13043 /1 undetected,output,,N13043,N13043,1,undetected,N13043,N13043,N13043,sa1,1
18692,N101010 /1 undetected,output,,N101010,N101010,1,undetected,N101010,N101010,N101010,sa1,1
18693,N100952 /1 undetected,output,,N100952,N100952,1,undetected,N100952,N100952,N100952,sa1,1
18694,N13037 /1 undetected,output,,N13037,N13037,1,undetected,N13037,N13037,N13037,sa1,1
18695,N13035 /1 undetected,output,,N13035,N13035,1,undetected,N13035,N13035,N13035,sa1,1
18696,N93287 /1 undetected,output,,N93287,N93287,1,undetected,N93287,N93287,N93287,sa1,1
18697,N12939 /1 undetected,output,,N12939,N12939,1,undetected,N12939,N12939,N12939,sa1,1
18698,N13033 /1 undetected,output,,N13033,N13033,1,undetected,N13033,N13033,N13033,sa1,1
18699,N93446 /1 undetected,output,,N93446,N93446,1,undetected,N93446,N93446,N93446,sa1,1
18700,N13031 /1 undetected,output,,N13031,N13031,1,undetected,N13031,N13031,N13031,sa1,1
18701,N13029 /1 undetected,output,,N13029,N13029,1,undetected,N13029,N13029,N13029,sa1,1
18702,N13028 /1 undetected,output,,N13028,N13028,1,undetected,N13028,N13028,N13028,sa1,1
18703,N101007 /1 undetected,output,,N101007,N101007,1,undetected,N101007,N101007,N101007,sa1,1
18704,N100974 /1 undetected,output,,N100974,N100974,1,undetected,N100974,N100974,N100974,sa1,1
18705,N13018 /1 undetected,output,,N13018,N13018,1,undetected,N13018,N13018,N13018,sa1,1
18706,N101003 /1 undetected,output,,N101003,N101003,1,undetected,N101003,N101003,N101003,sa1,1
18707,N100951 /1 undetected,output,,N100951,N100951,1,undetected,N100951,N100951,N100951,sa1,1
18708,N13009 /1 undetected,output,,N13009,N13009,1,undetected,N13009,N13009,N13009,sa1,1
18709,N13008 /1 undetected,output,,N13008,N13008,1,undetected,N13008,N13008,N13008,sa1,1
18710,N100997 /1 undetected,output,,N100997,N100997,1,undetected,N100997,N100997,N100997,sa1,1
18711,N100913 /1 undetected,output,,N100913,N100913,1,undetected,N100913,N100913,N100913,sa1,1
18712,N13001 /1 undetected,output,,N13001,N13001,1,undetected,N13001,N13001,N13001,sa1,1
18713,N100993 /1 undetected,output,,N100993,N100993,1,undetected,N100993,N100993,N100993,sa1,1
18714,N100938 /1 undetected,output,,N100938,N100938,1,undetected,N100938,N100938,N100938,sa1,1
18715,N85454 /1 undetected,output,,N85454,N85454,1,undetected,N85454,N85454,N85454,sa1,1
18716,N12932 /1 undetected,output,,N12932,N12932,1,undetected,N12932,N12932,N12932,sa1,1
18717,N78741 /1 undetected,output,,N78741,N78741,1,undetected,N78741,N78741,N78741,sa1,1
18718,N12887 /1 undetected,output,,N12887,N12887,1,undetected,N12887,N12887,N12887,sa1,1
18719,N86097 /1 undetected,output,,N86097,N86097,1,undetected,N86097,N86097,N86097,sa1,1
18720,N12886 /1 undetected,output,,N12886,N12886,1,undetected,N12886,N12886,N12886,sa1,1
18721,N12885 /1 undetected,output,,N12885,N12885,1,undetected,N12885,N12885,N12885,sa1,1
18722,N100865 /1 undetected,output,,N100865,N100865,1,undetected,N100865,N100865,N100865,sa1,1
18723,N12876 /1 undetected,output,,N12876,N12876,1,undetected,N12876,N12876,N12876,sa1,1
18724,N100864 /1 undetected,output,,N100864,N100864,1,undetected,N100864,N100864,N100864,sa1,1
18725,N100844 /1 undetected,output,,N100844,N100844,1,undetected,N100844,N100844,N100844,sa1,1
18726,N12847 /1 undetected,output,,N12847,N12847,1,undetected,N12847,N12847,N12847,sa1,1
18727,N76514 /1 undetected,output,,N76514,N76514,1,undetected,N76514,N76514,N76514,sa1,1
18728,N12845 /1 undetected,output,,N12845,N12845,1,undetected,N12845,N12845,N12845,sa1,1
18729,N12843 /1 undetected,output,,N12843,N12843,1,undetected,N12843,N12843,N12843,sa1,1
18730,N100842 /1 undetected,output,,N100842,N100842,1,undetected,N100842,N100842,N100842,sa1,1
18731,N87544 /1 undetected,output,,N87544,N87544,1,undetected,N87544,N87544,N87544,sa1,1
18732,N12788 /1 undetected,output,,N12788,N12788,1,undetected,N12788,N12788,N12788,sa1,1
18733,N100789 /1 undetected,output,,N100789,N100789,1,undetected,N100789,N100789,N100789,sa1,1
18734,N78682 /1 undetected,output,,N78682,N78682,1,undetected,N78682,N78682,N78682,sa1,1
18735,N12929 /1 undetected,output,,N12929,N12929,1,undetected,N12929,N12929,N12929,sa1,1
18736,N12927 /1 undetected,output,,N12927,N12927,1,undetected,N12927,N12927,N12927,sa1,1
18737,N12926 /1 undetected,output,,N12926,N12926,1,undetected,N12926,N12926,N12926,sa1,1
18738,N76324 /1 undetected,output,,N76324,N76324,1,undetected,N76324,N76324,N76324,sa1,1
18739,N12925 /1 undetected,output,,N12925,N12925,1,undetected,N12925,N12925,N12925,sa1,1
18740,N100899 /1 undetected,output,,N100899,N100899,1,undetected,N100899,N100899,N100899,sa1,1
18741,N100866 /1 undetected,output,,N100866,N100866,1,undetected,N100866,N100866,N100866,sa1,1
18742,N12921 /1 undetected,output,,N12921,N12921,1,undetected,N12921,N12921,N12921,sa1,1
18743,N100897 /1 undetected,output,,N100897,N100897,1,undetected,N100897,N100897,N100897,sa1,1
18744,N100845 /1 undetected,output,,N100845,N100845,1,undetected,N100845,N100845,N100845,sa1,1
18745,N12904 /1 undetected,output,,N12904,N12904,1,undetected,N12904,N12904,N12904,sa1,1
18746,N76515 /1 undetected,output,,N76515,N76515,1,undetected,N76515,N76515,N76515,sa1,1
18747,N12902 /1 undetected,output,,N12902,N12902,1,undetected,N12902,N12902,N12902,sa1,1
18748,N12900 /1 undetected,output,,N12900,N12900,1,undetected,N12900,N12900,N12900,sa1,1
18749,N100884 /1 undetected,output,,N100884,N100884,1,undetected,N100884,N100884,N100884,sa1,1
18750,N87546 /1 undetected,output,,N87546,N87546,1,undetected,N87546,N87546,N87546,sa1,1
18751,N12894 /1 undetected,output,,N12894,N12894,1,undetected,N12894,N12894,N12894,sa1,1
18752,N100880 /1 undetected,output,,N100880,N100880,1,undetected,N100880,N100880,N100880,sa1,1
18753,N78684 /1 undetected,output,,N78684,N78684,1,undetected,N78684,N78684,N78684,sa1,1
18754,N87624 /1 undetected,output,,N87624,N87624,1,undetected,N87624,N87624,N87624,sa1,1
18755,N12770 /1 undetected,output,,N12770,N12770,1,undetected,N12770,N12770,N12770,sa1,1
18756,N12768 /1 undetected,output,,N12768,N12768,1,undetected,N12768,N12768,N12768,sa1,1
18757,N86233 /1 undetected,output,,N86233,N86233,1,undetected,N86233,N86233,N86233,sa1,1
18758,N12767 /1 undetected,output,,N12767,N12767,1,undetected,N12767,N12767,N12767,sa1,1
18759,N100675 /1 undetected,output,,N100675,N100675,1,undetected,N100675,N100675,N100675,sa1,1
18760,N86096 /1 undetected,output,,N86096,N86096,1,undetected,N86096,N86096,N86096,sa1,1
18761,N12763 /1 undetected,output,,N12763,N12763,1,undetected,N12763,N12763,N12763,sa1,1
18762,N12761 /1 undetected,output,,N12761,N12761,1,undetected,N12761,N12761,N12761,sa1,1
18763,N100775 /1 undetected,output,,N100775,N100775,1,undetected,N100775,N100775,N100775,sa1,1
18764,N78681 /1 undetected,output,,N78681,N78681,1,undetected,N78681,N78681,N78681,sa1,1
18765,N100769 /1 undetected,output,,N100769,N100769,1,undetected,N100769,N100769,N100769,sa1,1
18766,N87543 /1 undetected,output,,N87543,N87543,1,undetected,N87543,N87543,N87543,sa1,1
18767,N12720 /1 undetected,output,,N12720,N12720,1,undetected,N12720,N12720,N12720,sa1,1
18768,N86095 /1 undetected,output,,N86095,N86095,1,undetected,N86095,N86095,N86095,sa1,1
18769,N12718 /1 undetected,output,,N12718,N12718,1,undetected,N12718,N12718,N12718,sa1,1
18770,N76513 /1 undetected,output,,N76513,N76513,1,undetected,N76513,N76513,N76513,sa1,1
18771,N12716 /1 undetected,output,,N12716,N12716,1,undetected,N12716,N12716,N12716,sa1,1
18772,N12715 /1 undetected,output,,N12715,N12715,1,undetected,N12715,N12715,N12715,sa1,1
18773,N12713 /1 undetected,output,,N12713,N12713,1,undetected,N12713,N12713,N12713,sa1,1
18774,N76323 /1 undetected,output,,N76323,N76323,1,undetected,N76323,N76323,N76323,sa1,1
18775,N12698 /1 undetected,output,,N12698,N12698,1,undetected,N12698,N12698,N12698,sa1,1
18776,N87542 /1 undetected,output,,N87542,N87542,1,undetected,N87542,N87542,N87542,sa1,1
18777,N12696 /1 undetected,output,,N12696,N12696,1,undetected,N12696,N12696,N12696,sa1,1
18778,N12688 /1 undetected,output,,N12688,N12688,1,undetected,N12688,N12688,N12688,sa1,1
18779,N78678 /1 undetected,output,,N78678,N78678,1,undetected,N78678,N78678,N78678,sa1,1
18780,N12686 /1 undetected,output,,N12686,N12686,1,undetected,N12686,N12686,N12686,sa1,1
18781,N12712 /1 undetected,output,,N12712,N12712,1,undetected,N12712,N12712,N12712,sa1,1
18782,N86094 /1 undetected,output,,N86094,N86094,1,undetected,N86094,N86094,N86094,sa1,1
18783,N12710 /1 undetected,output,,N12710,N12710,1,undetected,N12710,N12710,N12710,sa1,1
18784,N12708 /1 undetected,output,,N12708,N12708,1,undetected,N12708,N12708,N12708,sa1,1
18785,N100751 /1 undetected,output,,N100751,N100751,1,undetected,N100751,N100751,N100751,sa1,1
18786,N78680 /1 undetected,output,,N78680,N78680,1,undetected,N78680,N78680,N78680,sa1,1
18787,N12704 /1 undetected,output,,N12704,N12704,1,undetected,N12704,N12704,N12704,sa1,1
18788,N100701 /1 undetected,output,,N100701,N100701,1,undetected,N100701,N100701,N100701,sa1,1
18789,N12700 /1 undetected,output,,N12700,N12700,1,undetected,N12700,N12700,N12700,sa1,1
18790,N107168 /1 undetected,output,,N107168,N107168,1,undetected,N107168,N107168,N107168,sa1,1
18791,N107128 /1 undetected,output,,N107128,N107128,1,undetected,N107128,N107128,N107128,sa1,1
18792,N107225 /1 undetected,output,,N107225,N107225,1,undetected,N107225,N107225,N107225,sa1,1
18793,N107211 /1 undetected,output,,N107211,N107211,1,undetected,N107211,N107211,N107211,sa1,1
18794,N111702 /1 undetected,output,,N111702,N111702,1,undetected,N111702,N111702,N111702,sa1,1
18795,N111714 /1 undetected,output,,N111714,N111714,1,undetected,N111714,N111714,N111714,sa1,1
18796,N51865 /1 undetected,output,,N51865,N51865,1,undetected,N51865,N51865,N51865,sa1,1
18797,N80331 /1 undetected,output,,N80331,N80331,1,undetected,N80331,N80331,N80331,sa1,1
18798,N51864 /1 undetected,output,,N51864,N51864,1,undetected,N51864,N51864,N51864,sa1,1
18799,N91881 /1 undetected,output,,N91881,N91881,1,undetected,N91881,N91881,N91881,sa1,1
18800,N54753 /1 undetected,output,,N54753,N54753,1,undetected,N54753,N54753,N54753,sa1,1
18801,N120792 /1 undetected,output,,N120792,N120792,1,undetected,N120792,N120792,N120792,sa1,1
18802,N120788 /1 undetected,output,,N120788,N120788,1,undetected,N120788,N120788,N120788,sa1,1
18803,N54647 /1 undetected,output,,N54647,N54647,1,undetected,N54647,N54647,N54647,sa1,1
18804,N84635 /1 undetected,output,,N84635,N84635,1,undetected,N84635,N84635,N84635,sa1,1
18805,N54739 /1 undetected,output,,N54739,N54739,1,undetected,N54739,N54739,N54739,sa1,1
18806,N84786 /1 undetected,output,,N84786,N84786,1,undetected,N84786,N84786,N84786,sa1,1
18807,N54538 /1 undetected,output,,N54538,N54538,1,undetected,N54538,N54538,N54538,sa1,1
18808,N120708 /1 undetected,output,,N120708,N120708,1,undetected,N120708,N120708,N120708,sa1,1
18809,N54532 /1 undetected,output,,N54532,N54532,1,undetected,N54532,N54532,N54532,sa1,1
18810,N120703 /1 undetected,output,,N120703,N120703,1,undetected,N120703,N120703,N120703,sa1,1
18811,N108021 /1 undetected,output,,N108021,N108021,1,undetected,N108021,N108021,N108021,sa1,1
18812,N54548 /1 undetected,output,,N54548,N54548,1,undetected,N54548,N54548,N54548,sa1,1
18813,N120712 /1 undetected,output,,N120712,N120712,1,undetected,N120712,N120712,N120712,sa1,1
18814,N54543 /1 undetected,output,,N54543,N54543,1,undetected,N54543,N54543,N54543,sa1,1
18815,N120710 /1 undetected,output,,N120710,N120710,1,undetected,N120710,N120710,N120710,sa1,1
18816,N24669 /1 undetected,output,,N24669,N24669,1,undetected,N24669,N24669,N24669,sa1,1
18817,N54736 /1 undetected,output,,N54736,N54736,1,undetected,N54736,N54736,N54736,sa1,1
18818,N54734 /1 undetected,output,,N54734,N54734,1,undetected,N54734,N54734,N54734,sa1,1
18819,N54733 /1 undetected,output,,N54733,N54733,1,undetected,N54733,N54733,N54733,sa1,1
18820,N74863 /1 undetected,output,,N74863,N74863,1,undetected,N74863,N74863,N74863,sa1,1
18821,N54709 /1 undetected,output,,N54709,N54709,1,undetected,N54709,N54709,N54709,sa1,1
18822,N54707 /1 undetected,output,,N54707,N54707,1,undetected,N54707,N54707,N54707,sa1,1
18823,N98421 /1 undetected,output,,N98421,N98421,1,undetected,N98421,N98421,N98421,sa1,1
18824,N54686 /1 undetected,output,,N54686,N54686,1,undetected,N54686,N54686,N54686,sa1,1
18825,N54684 /1 undetected,output,,N54684,N54684,1,undetected,N54684,N54684,N54684,sa1,1
18826,N76142 /1 undetected,output,,N76142,N76142,1,undetected,N76142,N76142,N76142,sa1,1
18827,N54681 /1 undetected,output,,N54681,N54681,1,undetected,N54681,N54681,N54681,sa1,1
18828,N120777 /1 undetected,output,,N120777,N120777,1,undetected,N120777,N120777,N120777,sa1,1
18829,N93887 /1 undetected,output,,N93887,N93887,1,undetected,N93887,N93887,N93887,sa1,1
18830,N54683 /1 undetected,output,,N54683,N54683,1,undetected,N54683,N54683,N54683,sa1,1
18831,N120766 /1 undetected,output,,N120766,N120766,1,undetected,N120766,N120766,N120766,sa1,1
18832,N93808 /1 undetected,output,,N93808,N93808,1,undetected,N93808,N93808,N93808,sa1,1
18833,N54706 /1 undetected,output,,N54706,N54706,1,undetected,N54706,N54706,N54706,sa1,1
18834,N85954 /1 undetected,output,,N85954,N85954,1,undetected,N85954,N85954,N85954,sa1,1
18835,N54704 /1 undetected,output,,N54704,N54704,1,undetected,N54704,N54704,N54704,sa1,1
18836,N54702 /1 undetected,output,,N54702,N54702,1,undetected,N54702,N54702,N54702,sa1,1
18837,N120786 /1 undetected,output,,N120786,N120786,1,undetected,N120786,N120786,N120786,sa1,1
18838,N120725 /1 undetected,output,,N120725,N120725,1,undetected,N120725,N120725,N120725,sa1,1
18839,N54699 /1 undetected,output,,N54699,N54699,1,undetected,N54699,N54699,N54699,sa1,1
18840,N54645 /1 undetected,output,,N54645,N54645,1,undetected,N54645,N54645,N54645,sa1,1
18841,N95744 /1 undetected,output,,N95744,N95744,1,undetected,N95744,N95744,N95744,sa1,1
18842,N54643 /1 undetected,output,,N54643,N54643,1,undetected,N54643,N54643,N54643,sa1,1
18843,N54641 /1 undetected,output,,N54641,N54641,1,undetected,N54641,N54641,N54641,sa1,1
18844,N54639 /1 undetected,output,,N54639,N54639,1,undetected,N54639,N54639,N54639,sa1,1
18845,N95846 /1 undetected,output,,N95846,N95846,1,undetected,N95846,N95846,N95846,sa1,1
18846,N54638 /1 undetected,output,,N54638,N54638,1,undetected,N54638,N54638,N54638,sa1,1
18847,N54636 /1 undetected,output,,N54636,N54636,1,undetected,N54636,N54636,N54636,sa1,1
18848,N85953 /1 undetected,output,,N85953,N85953,1,undetected,N85953,N85953,N85953,sa1,1
18849,N54586 /1 undetected,output,,N54586,N54586,1,undetected,N54586,N54586,N54586,sa1,1
18850,N93806 /1 undetected,output,,N93806,N93806,1,undetected,N93806,N93806,N93806,sa1,1
18851,N54584 /1 undetected,output,,N54584,N54584,1,undetected,N54584,N54584,N54584,sa1,1
18852,N54573 /1 undetected,output,,N54573,N54573,1,undetected,N54573,N54573,N54573,sa1,1
18853,N93885 /1 undetected,output,,N93885,N93885,1,undetected,N93885,N93885,N93885,sa1,1
18854,N54571 /1 undetected,output,,N54571,N54571,1,undetected,N54571,N54571,N54571,sa1,1
18855,N54635 /1 undetected,output,,N54635,N54635,1,undetected,N54635,N54635,N54635,sa1,1
18856,N120759 /1 undetected,output,,N120759,N120759,1,undetected,N120759,N120759,N120759,sa1,1
18857,N76141 /1 undetected,output,,N76141,N76141,1,undetected,N76141,N76141,N76141,sa1,1
18858,N54557 /1 undetected,output,,N54557,N54557,1,undetected,N54557,N54557,N54557,sa1,1
18859,N120726 /1 undetected,output,,N120726,N120726,1,undetected,N120726,N120726,N120726,sa1,1
18860,N120714 /1 undetected,output,,N120714,N120714,1,undetected,N120714,N120714,N120714,sa1,1
18861,N54730 /1 undetected,output,,N54730,N54730,1,undetected,N54730,N54730,N54730,sa1,1
18862,N85574 /1 undetected,output,,N85574,N85574,1,undetected,N85574,N85574,N85574,sa1,1
18863,N54729 /1 undetected,output,,N54729,N54729,1,undetected,N54729,N54729,N54729,sa1,1
18864,N54725 /1 undetected,output,,N54725,N54725,1,undetected,N54725,N54725,N54725,sa1,1
18865,N95974 /1 undetected,output,,N95974,N95974,1,undetected,N95974,N95974,N95974,sa1,1
18866,N54724 /1 undetected,output,,N54724,N54724,1,undetected,N54724,N54724,N54724,sa1,1
18867,N120747 /1 undetected,output,,N120747,N120747,1,undetected,N120747,N120747,N120747,sa1,1
18868,N94365 /1 undetected,output,,N94365,N94365,1,undetected,N94365,N94365,N94365,sa1,1
18869,N54722 /1 undetected,output,,N54722,N54722,1,undetected,N54722,N54722,N54722,sa1,1
18870,N94454 /1 undetected,output,,N94454,N94454,1,undetected,N94454,N94454,N94454,sa1,1
18871,N54720 /1 undetected,output,,N54720,N54720,1,undetected,N54720,N54720,N54720,sa1,1
18872,N103885 /1 undetected,output,,N103885,N103885,1,undetected,N103885,N103885,N103885,sa1,1
18873,N54718 /1 undetected,output,,N54718,N54718,1,undetected,N54718,N54718,N54718,sa1,1
18874,N120707 /1 undetected,output,,N120707,N120707,1,undetected,N120707,N120707,N120707,sa1,1
18875,N107839 /1 undetected,output,,N107839,N107839,1,undetected,N107839,N107839,N107839,sa1,1
18876,N54716 /1 undetected,output,,N54716,N54716,1,undetected,N54716,N54716,N54716,sa1,1
18877,N54713 /1 undetected,output,,N54713,N54713,1,undetected,N54713,N54713,N54713,sa1,1
18878,N120778 /1 undetected,output,,N120778,N120778,1,undetected,N120778,N120778,N120778,sa1,1
18879,N94453 /1 undetected,output,,N94453,N94453,1,undetected,N94453,N94453,N94453,sa1,1
18880,N54711 /1 undetected,output,,N54711,N54711,1,undetected,N54711,N54711,N54711,sa1,1
18881,N120767 /1 undetected,output,,N120767,N120767,1,undetected,N120767,N120767,N120767,sa1,1
18882,N94364 /1 undetected,output,,N94364,N94364,1,undetected,N94364,N94364,N94364,sa1,1
18883,N51547 /0 undetected,output,,N51547,N51547,0,undetected,N51547,N51547,N51547,sa0,1
18884,N112656 /1 undetected,output,,N112656,N112656,1,undetected,N112656,N112656,N112656,sa1,1
18885,N30899 /1 undetected,output,,N30899,N30899,1,undetected,N30899,N30899,N30899,sa1,1
18886,N30899 /0 undetected,output,,N30899,N30899,0,undetected,N30899,N30899,N30899,sa0,1
18887,N113757 /1 undetected,output,,N113757,N113757,1,undetected,N113757,N113757,N113757,sa1,1
18888,N75176 /1 undetected,output,,N75176,N75176,1,undetected,N75176,N75176,N75176,sa1,1
18889,N23886 /0 undetected,output,,N23886,N23886,0,undetected,N23886,N23886,N23886,sa0,1
18890,N75567 /1 undetected,output,,N75567,N75567,1,undetected,N75567,N75567,N75567,sa1,1
18891,N23884 /1 undetected,output,,N23884,N23884,1,undetected,N23884,N23884,N23884,sa1,1
18892,N23774 /1 undetected,output,,N23774,N23774,1,undetected,N23774,N23774,N23774,sa1,1
18893,N105884 /1 undetected,output,,N105884,N105884,1,undetected,N105884,N105884,N105884,sa1,1
18894,N105750 /1 undetected,output,,N105750,N105750,1,undetected,N105750,N105750,N105750,sa1,1
18895,N23763 /1 undetected,output,,N23763,N23763,1,undetected,N23763,N23763,N23763,sa1,1
18896,N52521 /0 undetected,output,,N52521,N52521,0,undetected,N52521,N52521,N52521,sa0,1
18897,N111994 /1 undetected,output,,N111994,N111994,1,undetected,N111994,N111994,N111994,sa1,1
18898,N49046 /1 undetected,output,,N49046,N49046,1,undetected,N49046,N49046,N49046,sa1,1
18899,N106105 /1 undetected,output,,N106105,N106105,1,undetected,N106105,N106105,N106105,sa1,1
18900,N33102 /1 undetected,output,,N33102,N33102,1,undetected,N33102,N33102,N33102,sa1,1
18901,N106104 /1 undetected,output,,N106104,N106104,1,undetected,N106104,N106104,N106104,sa1,1
18902,N106103 /1 undetected,output,,N106103,N106103,1,undetected,N106103,N106103,N106103,sa1,1
18903,N106102 /1 undetected,output,,N106102,N106102,1,undetected,N106102,N106102,N106102,sa1,1
18904,N106101 /1 undetected,output,,N106101,N106101,1,undetected,N106101,N106101,N106101,sa1,1
18905,N106100 /1 undetected,output,,N106100,N106100,1,undetected,N106100,N106100,N106100,sa1,1
18906,N106096 /1 undetected,output,,N106096,N106096,1,undetected,N106096,N106096,N106096,sa1,1
18907,N30482 /1 undetected,output,,N30482,N30482,1,undetected,N30482,N30482,N30482,sa1,1
18908,N85542 /1 undetected,output,,N85542,N85542,1,undetected,N85542,N85542,N85542,sa1,1
18909,N30481 /1 undetected,output,,N30481,N30481,1,undetected,N30481,N30481,N30481,sa1,1
18910,N113574 /1 undetected,output,,N113574,N113574,1,undetected,N113574,N113574,N113574,sa1,1
18911,N30474 /1 undetected,output,,N30474,N30474,1,undetected,N30474,N30474,N30474,sa1,1
18912,N85936 /1 undetected,output,,N85936,N85936,1,undetected,N85936,N85936,N85936,sa1,1
18913,N30468 /1 undetected,output,,N30468,N30468,1,undetected,N30468,N30468,N30468,sa1,1
18914,N93742 /1 undetected,output,,N93742,N93742,1,undetected,N93742,N93742,N93742,sa1,1
18915,N80174 /1 undetected,output,,N80174,N80174,1,undetected,N80174,N80174,N80174,sa1,1
18916,N88716 /1 undetected,output,,N88716,N88716,1,undetected,N88716,N88716,N88716,sa1,1
18917,N107605 /1 undetected,output,,N107605,N107605,1,undetected,N107605,N107605,N107605,sa1,1
18918,N107562 /1 undetected,output,,N107562,N107562,1,undetected,N107562,N107562,N107562,sa1,1
18919,N51886 /0 undetected,output,,N51886,N51886,0,undetected,N51886,N51886,N51886,sa0,1
18920,N89561 /1 undetected,output,,N89561,N89561,1,undetected,N89561,N89561,N89561,sa1,1
18921,N51879 /1 undetected,output,,N51879,N51879,1,undetected,N51879,N51879,N51879,sa1,1
18922,N51882 /1 undetected,output,,N51882,N51882,1,undetected,N51882,N51882,N51882,sa1,1
18923,N109644 /1 undetected,output,,N109644,N109644,1,undetected,N109644,N109644,N109644,sa1,1
18924,N51881 /1 undetected,output,,N51881,N51881,1,undetected,N51881,N51881,N51881,sa1,1
18925,N89578 /1 undetected,output,,N89578,N89578,1,undetected,N89578,N89578,N89578,sa1,1
18926,N28282 /0 undetected,output,,N28282,N28282,0,undetected,N28282,N28282,N28282,sa0,1
18927,N24086 /0 undetected,output,,N24086,N24086,0,undetected,N24086,N24086,N24086,sa0,1
18928,N24084 /1 undetected,output,,N24084,N24084,1,undetected,N24084,N24084,N24084,sa1,1
18929,N85522 /1 undetected,output,,N85522,N85522,1,undetected,N85522,N85522,N85522,sa1,1
18930,N24078 /1 undetected,output,,N24078,N24078,1,undetected,N24078,N24078,N24078,sa1,1
18931,N24076 /1 undetected,output,,N24076,N24076,1,undetected,N24076,N24076,N24076,sa1,1
18932,N76114 /1 undetected,output,,N76114,N76114,1,undetected,N76114,N76114,N76114,sa1,1
18933,N24075 /1 undetected,output,,N24075,N24075,1,undetected,N24075,N24075,N24075,sa1,1
18934,N106591 /1 undetected,output,,N106591,N106591,1,undetected,N106591,N106591,N106591,sa1,1
18935,N94403 /1 undetected,output,,N94403,N94403,1,undetected,N94403,N94403,N94403,sa1,1
18936,N24073 /1 undetected,output,,N24073,N24073,1,undetected,N24073,N24073,N24073,sa1,1
18937,N106580 /1 undetected,output,,N106580,N106580,1,undetected,N106580,N106580,N106580,sa1,1
18938,N94316 /1 undetected,output,,N94316,N94316,1,undetected,N94316,N94316,N94316,sa1,1
18939,N24069 /1 undetected,output,,N24069,N24069,1,undetected,N24069,N24069,N24069,sa1,1
18940,N85928 /1 undetected,output,,N85928,N85928,1,undetected,N85928,N85928,N85928,sa1,1
18941,N24068 /1 undetected,output,,N24068,N24068,1,undetected,N24068,N24068,N24068,sa1,1
18942,N106510 /1 undetected,output,,N106510,N106510,1,undetected,N106510,N106510,N106510,sa1,1
18943,N24064 /1 undetected,output,,N24064,N24064,1,undetected,N24064,N24064,N24064,sa1,1
18944,N95950 /1 undetected,output,,N95950,N95950,1,undetected,N95950,N95950,N95950,sa1,1
18945,N106555 /1 undetected,output,,N106555,N106555,1,undetected,N106555,N106555,N106555,sa1,1
18946,N94402 /1 undetected,output,,N94402,N94402,1,undetected,N94402,N94402,N94402,sa1,1
18947,N24059 /1 undetected,output,,N24059,N24059,1,undetected,N24059,N24059,N24059,sa1,1
18948,N106541 /1 undetected,output,,N106541,N106541,1,undetected,N106541,N106541,N106541,sa1,1
18949,N94315 /1 undetected,output,,N94315,N94315,1,undetected,N94315,N94315,N94315,sa1,1
18950,N24081 /1 undetected,output,,N24081,N24081,1,undetected,N24081,N24081,N24081,sa1,1
18951,N75568 /1 undetected,output,,N75568,N75568,1,undetected,N75568,N75568,N75568,sa1,1
18952,N24079 /1 undetected,output,,N24079,N24079,1,undetected,N24079,N24079,N24079,sa1,1
18953,N24057 /1 undetected,output,,N24057,N24057,1,undetected,N24057,N24057,N24057,sa1,1
18954,N24055 /1 undetected,output,,N24055,N24055,1,undetected,N24055,N24055,N24055,sa1,1
18955,N75163 /1 undetected,output,,N75163,N75163,1,undetected,N75163,N75163,N75163,sa1,1
18956,N24054 /1 undetected,output,,N24054,N24054,1,undetected,N24054,N24054,N24054,sa1,1
18957,N106590 /1 undetected,output,,N106590,N106590,1,undetected,N106590,N106590,N106590,sa1,1
18958,N93844 /1 undetected,output,,N93844,N93844,1,undetected,N93844,N93844,N93844,sa1,1
18959,N24043 /1 undetected,output,,N24043,N24043,1,undetected,N24043,N24043,N24043,sa1,1
18960,N106579 /1 undetected,output,,N106579,N106579,1,undetected,N106579,N106579,N106579,sa1,1
18961,N93768 /1 undetected,output,,N93768,N93768,1,undetected,N93768,N93768,N93768,sa1,1
18962,N24024 /1 undetected,output,,N24024,N24024,1,undetected,N24024,N24024,N24024,sa1,1
18963,N24022 /1 undetected,output,,N24022,N24022,1,undetected,N24022,N24022,N24022,sa1,1
18964,N24020 /1 undetected,output,,N24020,N24020,1,undetected,N24020,N24020,N24020,sa1,1
18965,N95813 /1 undetected,output,,N95813,N95813,1,undetected,N95813,N95813,N95813,sa1,1
18966,N24019 /1 undetected,output,,N24019,N24019,1,undetected,N24019,N24019,N24019,sa1,1
18967,N106554 /1 undetected,output,,N106554,N106554,1,undetected,N106554,N106554,N106554,sa1,1
18968,N93843 /1 undetected,output,,N93843,N93843,1,undetected,N93843,N93843,N93843,sa1,1
18969,N24000 /1 undetected,output,,N24000,N24000,1,undetected,N24000,N24000,N24000,sa1,1
18970,N106540 /1 undetected,output,,N106540,N106540,1,undetected,N106540,N106540,N106540,sa1,1
18971,N93767 /1 undetected,output,,N93767,N93767,1,undetected,N93767,N93767,N93767,sa1,1
18972,N23970 /1 undetected,output,,N23970,N23970,1,undetected,N23970,N23970,N23970,sa1,1
18973,N106485 /1 undetected,output,,N106485,N106485,1,undetected,N106485,N106485,N106485,sa1,1
18974,N23968 /1 undetected,output,,N23968,N23968,1,undetected,N23968,N23968,N23968,sa1,1
18975,N85161 /1 undetected,output,,N85161,N85161,1,undetected,N85161,N85161,N85161,sa1,1
18976,N23966 /1 undetected,output,,N23966,N23966,1,undetected,N23966,N23966,N23966,sa1,1
18977,N30464 /1 undetected,output,,N30464,N30464,1,undetected,N30464,N30464,N30464,sa1,1
18978,N113560 /1 undetected,output,,N113560,N113560,1,undetected,N113560,N113560,N113560,sa1,1
18979,N113558 /1 undetected,output,,N113558,N113558,1,undetected,N113558,N113558,N113558,sa1,1
18980,N30401 /1 undetected,output,,N30401,N30401,1,undetected,N30401,N30401,N30401,sa1,1
18981,N113456 /1 undetected,output,,N113456,N113456,1,undetected,N113456,N113456,N113456,sa1,1
18982,N30397 /1 undetected,output,,N30397,N30397,1,undetected,N30397,N30397,N30397,sa1,1
18983,N85835 /1 undetected,output,,N85835,N85835,1,undetected,N85835,N85835,N85835,sa1,1
18984,N23921 /0 undetected,output,,N23921,N23921,0,undetected,N23921,N23921,N23921,sa0,1
18985,N23919 /0 undetected,output,,N23919,N23919,0,undetected,N23919,N23919,N23919,sa0,1
18986,N51546 /0 undetected,output,,N51546,N51546,0,undetected,N51546,N51546,N51546,sa0,1
18987,N112631 /1 undetected,output,,N112631,N112631,1,undetected,N112631,N112631,N112631,sa1,1
18988,N25344 /1 undetected,output,,N25344,N25344,1,undetected,N25344,N25344,N25344,sa1,1
18989,N28290 /1 undetected,output,,N28290,N28290,1,undetected,N28290,N28290,N28290,sa1,1
18990,N28290 /0 undetected,output,,N28290,N28290,0,undetected,N28290,N28290,N28290,sa0,1
18991,N31087 /1 undetected,output,,N31087,N31087,1,undetected,N31087,N31087,N31087,sa1,1
18992,N31087 /0 undetected,output,,N31087,N31087,0,undetected,N31087,N31087,N31087,sa0,1
18993,N113575 /1 undetected,output,,N113575,N113575,1,undetected,N113575,N113575,N113575,sa1,1
18994,N85545 /1 undetected,output,,N85545,N85545,1,undetected,N85545,N85545,N85545,sa1,1
18995,N51624 /1 undetected,output,,N51624,N51624,1,undetected,N51624,N51624,N51624,sa1,1
18996,N51619 /0 undetected,output,,N51619,N51619,0,undetected,N51619,N51619,N51619,sa0,1
18997,N111452 /1 undetected,output,,N111452,N111452,1,undetected,N111452,N111452,N111452,sa1,1
18998,N51618 /1 undetected,output,,N51618,N51618,1,undetected,N51618,N51618,N51618,sa1,1
18999,N28263 /0 undetected,output,,N28263,N28263,0,undetected,N28263,N28263,N28263,sa0,1
19000,N84540 /1 undetected,output,,N84540,N84540,1,undetected,N84540,N84540,N84540,sa1,1
19001,N24986 /1 undetected,output,,N24986,N24986,1,undetected,N24986,N24986,N24986,sa1,1
19002,N24986 /0 undetected,output,,N24986,N24986,0,undetected,N24986,N24986,N24986,sa0,1
19003,N24985 /1 undetected,output,,N24985,N24985,1,undetected,N24985,N24985,N24985,sa1,1
19004,N85529 /1 undetected,output,,N85529,N85529,1,undetected,N85529,N85529,N85529,sa1,1
19005,N24983 /1 undetected,output,,N24983,N24983,1,undetected,N24983,N24983,N24983,sa1,1
19006,N108950 /1 undetected,output,,N108950,N108950,1,undetected,N108950,N108950,N108950,sa1,1
19007,N108948 /1 undetected,output,,N108948,N108948,1,undetected,N108948,N108948,N108948,sa1,1
19008,N24962 /1 undetected,output,,N24962,N24962,1,undetected,N24962,N24962,N24962,sa1,1
19009,N75575 /1 undetected,output,,N75575,N75575,1,undetected,N75575,N75575,N75575,sa1,1
19010,N24960 /1 undetected,output,,N24960,N24960,1,undetected,N24960,N24960,N24960,sa1,1
19011,N30897 /1 undetected,output,,N30897,N30897,1,undetected,N30897,N30897,N30897,sa1,1
19012,N30897 /0 undetected,output,,N30897,N30897,0,undetected,N30897,N30897,N30897,sa0,1
19013,N105993 /1 undetected,output,,N105993,N105993,1,undetected,N105993,N105993,N105993,sa1,1
19014,N30895 /1 undetected,output,,N30895,N30895,1,undetected,N30895,N30895,N30895,sa1,1
19015,N113755 /1 undetected,output,,N113755,N113755,1,undetected,N113755,N113755,N113755,sa1,1
19016,N86785 /1 undetected,output,,N86785,N86785,1,undetected,N86785,N86785,N86785,sa1,1
19017,N84702 /1 undetected,output,,N84702,N84702,1,undetected,N84702,N84702,N84702,sa1,1
19018,N17096 /1 undetected,output,,N17096,N17096,1,undetected,N17096,N17096,N17096,sa1,1
19019,N103344 /1 undetected,output,,N103344,N103344,1,undetected,N103344,N103344,N103344,sa1,1
19020,N103341 /1 undetected,output,,N103341,N103341,1,undetected,N103341,N103341,N103341,sa1,1
19021,N84701 /1 undetected,output,,N84701,N84701,1,undetected,N84701,N84701,N84701,sa1,1
19022,N17064 /1 undetected,output,,N17064,N17064,1,undetected,N17064,N17064,N17064,sa1,1
19023,N103331 /1 undetected,output,,N103331,N103331,1,undetected,N103331,N103331,N103331,sa1,1
19024,N74774 /1 undetected,output,,N74774,N74774,1,undetected,N74774,N74774,N74774,sa1,1
19025,N17010 /1 undetected,output,,N17010,N17010,1,undetected,N17010,N17010,N17010,sa1,1
19026,N86198 /1 undetected,output,,N86198,N86198,1,undetected,N86198,N86198,N86198,sa1,1
19027,N75532 /1 undetected,output,,N75532,N75532,1,undetected,N75532,N75532,N75532,sa1,1
19028,N101027 /1 undetected,output,,N101027,N101027,1,undetected,N101027,N101027,N101027,sa1,1
19029,N98895 /1 undetected,output,,N98895,N98895,1,undetected,N98895,N98895,N98895,sa1,1
19030,N100801 /1 undetected,output,,N100801,N100801,1,undetected,N100801,N100801,N100801,sa1,1
19031,N94185 /1 undetected,output,,N94185,N94185,1,undetected,N94185,N94185,N94185,sa1,1
19032,N17002 /1 undetected,output,,N17002,N17002,1,undetected,N17002,N17002,N17002,sa1,1
19033,N94161 /1 undetected,output,,N94161,N94161,1,undetected,N94161,N94161,N94161,sa1,1
19034,N16997 /1 undetected,output,,N16997,N16997,1,undetected,N16997,N16997,N16997,sa1,1
19035,N79332 /1 undetected,output,,N79332,N79332,1,undetected,N79332,N79332,N79332,sa1,1
19036,N16982 /1 undetected,output,,N16982,N16982,1,undetected,N16982,N16982,N16982,sa1,1
19037,N103307 /1 undetected,output,,N103307,N103307,1,undetected,N103307,N103307,N103307,sa1,1
19038,N16935 /1 undetected,output,,N16935,N16935,1,undetected,N16935,N16935,N16935,sa1,1
19039,N16980 /1 undetected,output,,N16980,N16980,1,undetected,N16980,N16980,N16980,sa1,1
19040,N16978 /1 undetected,output,,N16978,N16978,1,undetected,N16978,N16978,N16978,sa1,1
19041,N16996 /1 undetected,output,,N16996,N16996,1,undetected,N16996,N16996,N16996,sa1,1
19042,N16994 /1 undetected,output,,N16994,N16994,1,undetected,N16994,N16994,N16994,sa1,1
19043,N88257 /1 undetected,output,,N88257,N88257,1,undetected,N88257,N88257,N88257,sa1,1
19044,N16993 /1 undetected,output,,N16993,N16993,1,undetected,N16993,N16993,N16993,sa1,1
19045,N103309 /1 undetected,output,,N103309,N103309,1,undetected,N103309,N103309,N103309,sa1,1
19046,N103305 /1 undetected,output,,N103305,N103305,1,undetected,N103305,N103305,N103305,sa1,1
19047,N16991 /1 undetected,output,,N16991,N16991,1,undetected,N16991,N16991,N16991,sa1,1
19048,N103310 /1 undetected,output,,N103310,N103310,1,undetected,N103310,N103310,N103310,sa1,1
19049,N16984 /1 undetected,output,,N16984,N16984,1,undetected,N16984,N16984,N16984,sa1,1
19050,N85485 /1 undetected,output,,N85485,N85485,1,undetected,N85485,N85485,N85485,sa1,1
19051,N16973 /1 undetected,output,,N16973,N16973,1,undetected,N16973,N16973,N16973,sa1,1
19052,N94549 /1 undetected,output,,N94549,N94549,1,undetected,N94549,N94549,N94549,sa1,1
19053,N94540 /1 undetected,output,,N94540,N94540,1,undetected,N94540,N94540,N94540,sa1,1
19054,N16967 /1 undetected,output,,N16967,N16967,1,undetected,N16967,N16967,N16967,sa1,1
19055,N103293 /1 undetected,output,,N103293,N103293,1,undetected,N103293,N103293,N103293,sa1,1
19056,N94306 /1 undetected,output,,N94306,N94306,1,undetected,N94306,N94306,N94306,sa1,1
19057,N16963 /1 undetected,output,,N16963,N16963,1,undetected,N16963,N16963,N16963,sa1,1
19058,N94392 /1 undetected,output,,N94392,N94392,1,undetected,N94392,N94392,N94392,sa1,1
19059,N86197 /1 undetected,output,,N86197,N86197,1,undetected,N86197,N86197,N86197,sa1,1
19060,N76446 /1 undetected,output,,N76446,N76446,1,undetected,N76446,N76446,N76446,sa1,1
19061,N16960 /1 undetected,output,,N16960,N16960,1,undetected,N16960,N16960,N16960,sa1,1
19062,N16958 /1 undetected,output,,N16958,N16958,1,undetected,N16958,N16958,N16958,sa1,1
19063,N16956 /1 undetected,output,,N16956,N16956,1,undetected,N16956,N16956,N16956,sa1,1
19064,N16955 /1 undetected,output,,N16955,N16955,1,undetected,N16955,N16955,N16955,sa1,1
19065,N76548 /1 undetected,output,,N76548,N76548,1,undetected,N76548,N76548,N76548,sa1,1
19066,N16947 /1 undetected,output,,N16947,N16947,1,undetected,N16947,N16947,N16947,sa1,1
19067,N16943 /1 undetected,output,,N16943,N16943,1,undetected,N16943,N16943,N16943,sa1,1
19068,N94391 /1 undetected,output,,N94391,N94391,1,undetected,N94391,N94391,N94391,sa1,1
19069,N88245 /1 undetected,output,,N88245,N88245,1,undetected,N88245,N88245,N88245,sa1,1
19070,N16953 /1 undetected,output,,N16953,N16953,1,undetected,N16953,N16953,N16953,sa1,1
19071,N103304 /1 undetected,output,,N103304,N103304,1,undetected,N103304,N103304,N103304,sa1,1
19072,N86261 /1 undetected,output,,N86261,N86261,1,undetected,N86261,N86261,N86261,sa1,1
19073,N79320 /1 undetected,output,,N79320,N79320,1,undetected,N79320,N79320,N79320,sa1,1
19074,N16940 /1 undetected,output,,N16940,N16940,1,undetected,N16940,N16940,N16940,sa1,1
19075,N16938 /1 undetected,output,,N16938,N16938,1,undetected,N16938,N16938,N16938,sa1,1
19076,N103300 /1 undetected,output,,N103300,N103300,1,undetected,N103300,N103300,N103300,sa1,1
19077,N16936 /1 undetected,output,,N16936,N16936,1,undetected,N16936,N16936,N16936,sa1,1
19078,N94390 /1 undetected,output,,N94390,N94390,1,undetected,N94390,N94390,N94390,sa1,1
19079,N76547 /1 undetected,output,,N76547,N76547,1,undetected,N76547,N76547,N76547,sa1,1
19080,N103292 /1 undetected,output,,N103292,N103292,1,undetected,N103292,N103292,N103292,sa1,1
19081,N86260 /1 undetected,output,,N86260,N86260,1,undetected,N86260,N86260,N86260,sa1,1
19082,N98701 /1 undetected,output,,N98701,N98701,1,undetected,N98701,N98701,N98701,sa1,1
19083,N75531 /1 undetected,output,,N75531,N75531,1,undetected,N75531,N75531,N75531,sa1,1
19084,N85484 /1 undetected,output,,N85484,N85484,1,undetected,N85484,N85484,N85484,sa1,1
19085,N94565 /1 undetected,output,,N94565,N94565,1,undetected,N94565,N94565,N94565,sa1,1
19086,N16909 /1 undetected,output,,N16909,N16909,1,undetected,N16909,N16909,N16909,sa1,1
19087,N16907 /1 undetected,output,,N16907,N16907,1,undetected,N16907,N16907,N16907,sa1,1
19088,N16906 /1 undetected,output,,N16906,N16906,1,undetected,N16906,N16906,N16906,sa1,1
19089,N103287 /1 undetected,output,,N103287,N103287,1,undetected,N103287,N103287,N103287,sa1,1
19090,N16905 /1 undetected,output,,N16905,N16905,1,undetected,N16905,N16905,N16905,sa1,1
19091,N88234 /1 undetected,output,,N88234,N88234,1,undetected,N88234,N88234,N88234,sa1,1
19092,N86119 /1 undetected,output,,N86119,N86119,1,undetected,N86119,N86119,N86119,sa1,1
19093,N16902 /1 undetected,output,,N16902,N16902,1,undetected,N16902,N16902,N16902,sa1,1
19094,N101798 /1 undetected,output,,N101798,N101798,1,undetected,N101798,N101798,N101798,sa1,1
19095,N16900 /1 undetected,output,,N16900,N16900,1,undetected,N16900,N16900,N16900,sa1,1
19096,N16898 /1 undetected,output,,N16898,N16898,1,undetected,N16898,N16898,N16898,sa1,1
19097,N103229 /1 undetected,output,,N103229,N103229,1,undetected,N103229,N103229,N103229,sa1,1
19098,N76391 /1 undetected,output,,N76391,N76391,1,undetected,N76391,N76391,N76391,sa1,1
19099,N16896 /1 undetected,output,,N16896,N16896,1,undetected,N16896,N16896,N16896,sa1,1
19100,N103225 /1 undetected,output,,N103225,N103225,1,undetected,N103225,N103225,N103225,sa1,1
19101,N86172 /1 undetected,output,,N86172,N86172,1,undetected,N86172,N86172,N86172,sa1,1
19102,N16894 /1 undetected,output,,N16894,N16894,1,undetected,N16894,N16894,N16894,sa1,1
19103,N103263 /1 undetected,output,,N103263,N103263,1,undetected,N103263,N103263,N103263,sa1,1
19104,N101804 /1 undetected,output,,N101804,N101804,1,undetected,N101804,N101804,N101804,sa1,1
19105,N16892 /1 undetected,output,,N16892,N16892,1,undetected,N16892,N16892,N16892,sa1,1
19106,N16890 /1 undetected,output,,N16890,N16890,1,undetected,N16890,N16890,N16890,sa1,1
19107,N16888 /1 undetected,output,,N16888,N16888,1,undetected,N16888,N16888,N16888,sa1,1
19108,N103280 /1 undetected,output,,N103280,N103280,1,undetected,N103280,N103280,N103280,sa1,1
19109,N16886 /1 undetected,output,,N16886,N16886,1,undetected,N16886,N16886,N16886,sa1,1
19110,N16884 /1 undetected,output,,N16884,N16884,1,undetected,N16884,N16884,N16884,sa1,1
19111,N16882 /1 undetected,output,,N16882,N16882,1,undetected,N16882,N16882,N16882,sa1,1
19112,N16881 /1 undetected,output,,N16881,N16881,1,undetected,N16881,N16881,N16881,sa1,1
19113,N88205 /1 undetected,output,,N88205,N88205,1,undetected,N88205,N88205,N88205,sa1,1
19114,N76344 /1 undetected,output,,N76344,N76344,1,undetected,N76344,N76344,N76344,sa1,1
19115,N16880 /1 undetected,output,,N16880,N16880,1,undetected,N16880,N16880,N16880,sa1,1
19116,N16878 /1 undetected,output,,N16878,N16878,1,undetected,N16878,N16878,N16878,sa1,1
19117,N101797 /1 undetected,output,,N101797,N101797,1,undetected,N101797,N101797,N101797,sa1,1
19118,N16877 /1 undetected,output,,N16877,N16877,1,undetected,N16877,N16877,N16877,sa1,1
19119,N103233 /1 undetected,output,,N103233,N103233,1,undetected,N103233,N103233,N103233,sa1,1
19120,N86171 /1 undetected,output,,N86171,N86171,1,undetected,N86171,N86171,N86171,sa1,1
19121,N16875 /1 undetected,output,,N16875,N16875,1,undetected,N16875,N16875,N16875,sa1,1
19122,N103235 /1 undetected,output,,N103235,N103235,1,undetected,N103235,N103235,N103235,sa1,1
19123,N76390 /1 undetected,output,,N76390,N76390,1,undetected,N76390,N76390,N76390,sa1,1
19124,N16873 /1 undetected,output,,N16873,N16873,1,undetected,N16873,N16873,N16873,sa1,1
19125,N103266 /1 undetected,output,,N103266,N103266,1,undetected,N103266,N103266,N103266,sa1,1
19126,N103261 /1 undetected,output,,N103261,N103261,1,undetected,N103261,N103261,N103261,sa1,1
19127,N16871 /1 undetected,output,,N16871,N16871,1,undetected,N16871,N16871,N16871,sa1,1
19128,N79289 /1 undetected,output,,N79289,N79289,1,undetected,N79289,N79289,N79289,sa1,1
19129,N16869 /1 undetected,output,,N16869,N16869,1,undetected,N16869,N16869,N16869,sa1,1
19130,N16867 /1 undetected,output,,N16867,N16867,1,undetected,N16867,N16867,N16867,sa1,1
19131,N103273 /1 undetected,output,,N103273,N103273,1,undetected,N103273,N103273,N103273,sa1,1
19132,N16866 /1 undetected,output,,N16866,N16866,1,undetected,N16866,N16866,N16866,sa1,1
19133,N93310 /1 undetected,output,,N93310,N93310,1,undetected,N93310,N93310,N93310,sa1,1
19134,N16865 /1 undetected,output,,N16865,N16865,1,undetected,N16865,N16865,N16865,sa1,1
19135,N100814 /1 undetected,output,,N100814,N100814,1,undetected,N100814,N100814,N100814,sa1,1
19136,N76343 /1 undetected,output,,N76343,N76343,1,undetected,N76343,N76343,N76343,sa1,1
19137,N16863 /1 undetected,output,,N16863,N16863,1,undetected,N16863,N16863,N16863,sa1,1
19138,N103237 /1 undetected,output,,N103237,N103237,1,undetected,N103237,N103237,N103237,sa1,1
19139,N16861 /1 undetected,output,,N16861,N16861,1,undetected,N16861,N16861,N16861,sa1,1
19140,N103239 /1 undetected,output,,N103239,N103239,1,undetected,N103239,N103239,N103239,sa1,1
19141,N76546 /1 undetected,output,,N76546,N76546,1,undetected,N76546,N76546,N76546,sa1,1
19142,N16858 /1 undetected,output,,N16858,N16858,1,undetected,N16858,N16858,N16858,sa1,1
19143,N16856 /1 undetected,output,,N16856,N16856,1,undetected,N16856,N16856,N16856,sa1,1
19144,N103274 /1 undetected,output,,N103274,N103274,1,undetected,N103274,N103274,N103274,sa1,1
19145,N16855 /1 undetected,output,,N16855,N16855,1,undetected,N16855,N16855,N16855,sa1,1
19146,N103272 /1 undetected,output,,N103272,N103272,1,undetected,N103272,N103272,N103272,sa1,1
19147,N16853 /1 undetected,output,,N16853,N16853,1,undetected,N16853,N16853,N16853,sa1,1
19148,N103181 /1 undetected,output,,N103181,N103181,1,undetected,N103181,N103181,N103181,sa1,1
19149,N16852 /1 undetected,output,,N16852,N16852,1,undetected,N16852,N16852,N16852,sa1,1
19150,N16850 /1 undetected,output,,N16850,N16850,1,undetected,N16850,N16850,N16850,sa1,1
19151,N103241 /1 undetected,output,,N103241,N103241,1,undetected,N103241,N103241,N103241,sa1,1
19152,N16848 /1 undetected,output,,N16848,N16848,1,undetected,N16848,N16848,N16848,sa1,1
19153,N91354 /1 undetected,output,,N91354,N91354,1,undetected,N91354,N91354,N91354,sa1,1
19154,N16846 /1 undetected,output,,N16846,N16846,1,undetected,N16846,N16846,N16846,sa1,1
19155,N84311 /1 undetected,output,,N84311,N84311,1,undetected,N84311,N84311,N84311,sa1,1
19156,N76545 /1 undetected,output,,N76545,N76545,1,undetected,N76545,N76545,N76545,sa1,1
19157,N16831 /1 undetected,output,,N16831,N16831,1,undetected,N16831,N16831,N16831,sa1,1
19158,N16843 /1 undetected,output,,N16843,N16843,1,undetected,N16843,N16843,N16843,sa1,1
19159,N88204 /1 undetected,output,,N88204,N88204,1,undetected,N88204,N88204,N88204,sa1,1
19160,N16841 /1 undetected,output,,N16841,N16841,1,undetected,N16841,N16841,N16841,sa1,1
19161,N16839 /1 undetected,output,,N16839,N16839,1,undetected,N16839,N16839,N16839,sa1,1
19162,N101796 /1 undetected,output,,N101796,N101796,1,undetected,N101796,N101796,N101796,sa1,1
19163,N16835 /1 undetected,output,,N16835,N16835,1,undetected,N16835,N16835,N16835,sa1,1
19164,N100896 /1 undetected,output,,N100896,N100896,1,undetected,N100896,N100896,N100896,sa1,1
19165,N16833 /1 undetected,output,,N16833,N16833,1,undetected,N16833,N16833,N16833,sa1,1
19166,N103271 /1 undetected,output,,N103271,N103271,1,undetected,N103271,N103271,N103271,sa1,1
19167,N103202 /1 undetected,output,,N103202,N103202,1,undetected,N103202,N103202,N103202,sa1,1
19168,N16829 /1 undetected,output,,N16829,N16829,1,undetected,N16829,N16829,N16829,sa1,1
19169,N16827 /1 undetected,output,,N16827,N16827,1,undetected,N16827,N16827,N16827,sa1,1
19170,N103265 /1 undetected,output,,N103265,N103265,1,undetected,N103265,N103265,N103265,sa1,1
19171,N16826 /1 undetected,output,,N16826,N16826,1,undetected,N16826,N16826,N16826,sa1,1
19172,N86116 /1 undetected,output,,N86116,N86116,1,undetected,N86116,N86116,N86116,sa1,1
19173,N16824 /1 undetected,output,,N16824,N16824,1,undetected,N16824,N16824,N16824,sa1,1
19174,N16823 /1 undetected,output,,N16823,N16823,1,undetected,N16823,N16823,N16823,sa1,1
19175,N103206 /1 undetected,output,,N103206,N103206,1,undetected,N103206,N103206,N103206,sa1,1
19176,N76389 /1 undetected,output,,N76389,N76389,1,undetected,N76389,N76389,N76389,sa1,1
19177,N16821 /1 undetected,output,,N16821,N16821,1,undetected,N16821,N16821,N16821,sa1,1
19178,N103212 /1 undetected,output,,N103212,N103212,1,undetected,N103212,N103212,N103212,sa1,1
19179,N86170 /1 undetected,output,,N86170,N86170,1,undetected,N86170,N86170,N86170,sa1,1
19180,N16819 /1 undetected,output,,N16819,N16819,1,undetected,N16819,N16819,N16819,sa1,1
19181,N76342 /1 undetected,output,,N76342,N76342,1,undetected,N76342,N76342,N76342,sa1,1
19182,N16817 /1 undetected,output,,N16817,N16817,1,undetected,N16817,N16817,N16817,sa1,1
19183,N16816 /1 undetected,output,,N16816,N16816,1,undetected,N16816,N16816,N16816,sa1,1
19184,N103231 /1 undetected,output,,N103231,N103231,1,undetected,N103231,N103231,N103231,sa1,1
19185,N76388 /1 undetected,output,,N76388,N76388,1,undetected,N76388,N76388,N76388,sa1,1
19186,N16814 /1 undetected,output,,N16814,N16814,1,undetected,N16814,N16814,N16814,sa1,1
19187,N100830 /1 undetected,output,,N100830,N100830,1,undetected,N100830,N100830,N100830,sa1,1
19188,N86169 /1 undetected,output,,N86169,N86169,1,undetected,N86169,N86169,N86169,sa1,1
19189,N103262 /1 undetected,output,,N103262,N103262,1,undetected,N103262,N103262,N103262,sa1,1
19190,N93370 /1 undetected,output,,N93370,N93370,1,undetected,N93370,N93370,N93370,sa1,1
19191,N16804 /1 undetected,output,,N16804,N16804,1,undetected,N16804,N16804,N16804,sa1,1
19192,N16801 /1 undetected,output,,N16801,N16801,1,undetected,N16801,N16801,N16801,sa1,1
19193,N75530 /1 undetected,output,,N75530,N75530,1,undetected,N75530,N75530,N75530,sa1,1
19194,N16800 /1 undetected,output,,N16800,N16800,1,undetected,N16800,N16800,N16800,sa1,1
19195,N16798 /1 undetected,output,,N16798,N16798,1,undetected,N16798,N16798,N16798,sa1,1
19196,N79271 /1 undetected,output,,N79271,N79271,1,undetected,N79271,N79271,N79271,sa1,1
19197,N16797 /1 undetected,output,,N16797,N16797,1,undetected,N16797,N16797,N16797,sa1,1
19198,N103257 /1 undetected,output,,N103257,N103257,1,undetected,N103257,N103257,N103257,sa1,1
19199,N16795 /1 undetected,output,,N16795,N16795,1,undetected,N16795,N16795,N16795,sa1,1
19200,N76201 /1 undetected,output,,N76201,N76201,1,undetected,N76201,N76201,N76201,sa1,1
19201,N16793 /1 undetected,output,,N16793,N16793,1,undetected,N16793,N16793,N16793,sa1,1
19202,N16791 /1 undetected,output,,N16791,N16791,1,undetected,N16791,N16791,N16791,sa1,1
19203,N77122 /1 undetected,output,,N77122,N77122,1,undetected,N77122,N77122,N77122,sa1,1
19204,N16790 /1 undetected,output,,N16790,N16790,1,undetected,N16790,N16790,N16790,sa1,1
19205,N101780 /1 undetected,output,,N101780,N101780,1,undetected,N101780,N101780,N101780,sa1,1
19206,N100798 /1 undetected,output,,N100798,N100798,1,undetected,N100798,N100798,N100798,sa1,1
19207,N16788 /1 undetected,output,,N16788,N16788,1,undetected,N16788,N16788,N16788,sa1,1
19208,N16786 /1 undetected,output,,N16786,N16786,1,undetected,N16786,N16786,N16786,sa1,1
19209,N103259 /1 undetected,output,,N103259,N103259,1,undetected,N103259,N103259,N103259,sa1,1
19210,N76697 /1 undetected,output,,N76697,N76697,1,undetected,N76697,N76697,N76697,sa1,1
19211,N16765 /1 undetected,output,,N16765,N16765,1,undetected,N16765,N16765,N16765,sa1,1
19212,N16785 /1 undetected,output,,N16785,N16785,1,undetected,N16785,N16785,N16785,sa1,1
19213,N86668 /1 undetected,output,,N86668,N86668,1,undetected,N86668,N86668,N86668,sa1,1
19214,N16783 /1 undetected,output,,N16783,N16783,1,undetected,N16783,N16783,N16783,sa1,1
19215,N16781 /1 undetected,output,,N16781,N16781,1,undetected,N16781,N16781,N16781,sa1,1
19216,N103256 /1 undetected,output,,N103256,N103256,1,undetected,N103256,N103256,N103256,sa1,1
19217,N16779 /1 undetected,output,,N16779,N16779,1,undetected,N16779,N16779,N16779,sa1,1
19218,N16761 /1 undetected,output,,N16761,N16761,1,undetected,N16761,N16761,N16761,sa1,1
19219,N103236 /1 undetected,output,,N103236,N103236,1,undetected,N103236,N103236,N103236,sa1,1
19220,N16759 /1 undetected,output,,N16759,N16759,1,undetected,N16759,N16759,N16759,sa1,1
19221,N103238 /1 undetected,output,,N103238,N103238,1,undetected,N103238,N103238,N103238,sa1,1
19222,N76696 /1 undetected,output,,N76696,N76696,1,undetected,N76696,N76696,N76696,sa1,1
19223,N16753 /1 undetected,output,,N16753,N16753,1,undetected,N16753,N16753,N16753,sa1,1
19224,N103218 /1 undetected,output,,N103218,N103218,1,undetected,N103218,N103218,N103218,sa1,1
19225,N93369 /1 undetected,output,,N93369,N93369,1,undetected,N93369,N93369,N93369,sa1,1
19226,N16751 /1 undetected,output,,N16751,N16751,1,undetected,N16751,N16751,N16751,sa1,1
19227,N16749 /1 undetected,output,,N16749,N16749,1,undetected,N16749,N16749,N16749,sa1,1
19228,N88187 /1 undetected,output,,N88187,N88187,1,undetected,N88187,N88187,N88187,sa1,1
19229,N16748 /1 undetected,output,,N16748,N16748,1,undetected,N16748,N16748,N16748,sa1,1
19230,N16746 /1 undetected,output,,N16746,N16746,1,undetected,N16746,N16746,N16746,sa1,1
19231,N76200 /1 undetected,output,,N76200,N76200,1,undetected,N76200,N76200,N76200,sa1,1
19232,N16745 /1 undetected,output,,N16745,N16745,1,undetected,N16745,N16745,N16745,sa1,1
19233,N101779 /1 undetected,output,,N101779,N101779,1,undetected,N101779,N101779,N101779,sa1,1
19234,N16743 /1 undetected,output,,N16743,N16743,1,undetected,N16743,N16743,N16743,sa1,1
19235,N16741 /1 undetected,output,,N16741,N16741,1,undetected,N16741,N16741,N16741,sa1,1
19236,N16739 /1 undetected,output,,N16739,N16739,1,undetected,N16739,N16739,N16739,sa1,1
19237,N86667 /1 undetected,output,,N86667,N86667,1,undetected,N86667,N86667,N86667,sa1,1
19238,N16738 /1 undetected,output,,N16738,N16738,1,undetected,N16738,N16738,N16738,sa1,1
19239,N103232 /1 undetected,output,,N103232,N103232,1,undetected,N103232,N103232,N103232,sa1,1
19240,N86034 /1 undetected,output,,N86034,N86034,1,undetected,N86034,N86034,N86034,sa1,1
19241,N16736 /1 undetected,output,,N16736,N16736,1,undetected,N16736,N16736,N16736,sa1,1
19242,N103234 /1 undetected,output,,N103234,N103234,1,undetected,N103234,N103234,N103234,sa1,1
19243,N76247 /1 undetected,output,,N76247,N76247,1,undetected,N76247,N76247,N76247,sa1,1
19244,N16730 /1 undetected,output,,N16730,N16730,1,undetected,N16730,N16730,N16730,sa1,1
19245,N103214 /1 undetected,output,,N103214,N103214,1,undetected,N103214,N103214,N103214,sa1,1
19246,N16728 /1 undetected,output,,N16728,N16728,1,undetected,N16728,N16728,N16728,sa1,1
19247,N100819 /1 undetected,output,,N100819,N100819,1,undetected,N100819,N100819,N100819,sa1,1
19248,N77119 /1 undetected,output,,N77119,N77119,1,undetected,N77119,N77119,N77119,sa1,1
19249,N16727 /1 undetected,output,,N16727,N16727,1,undetected,N16727,N16727,N16727,sa1,1
19250,N103208 /1 undetected,output,,N103208,N103208,1,undetected,N103208,N103208,N103208,sa1,1
19251,N16725 /1 undetected,output,,N16725,N16725,1,undetected,N16725,N16725,N16725,sa1,1
19252,N16723 /1 undetected,output,,N16723,N16723,1,undetected,N16723,N16723,N16723,sa1,1
19253,N103216 /1 undetected,output,,N103216,N103216,1,undetected,N103216,N103216,N103216,sa1,1
19254,N86666 /1 undetected,output,,N86666,N86666,1,undetected,N86666,N86666,N86666,sa1,1
19255,N16721 /1 undetected,output,,N16721,N16721,1,undetected,N16721,N16721,N16721,sa1,1
19256,N77118 /1 undetected,output,,N77118,N77118,1,undetected,N77118,N77118,N77118,sa1,1
19257,N16719 /1 undetected,output,,N16719,N16719,1,undetected,N16719,N16719,N16719,sa1,1
19258,N16717 /1 undetected,output,,N16717,N16717,1,undetected,N16717,N16717,N16717,sa1,1
19259,N103230 /1 undetected,output,,N103230,N103230,1,undetected,N103230,N103230,N103230,sa1,1
19260,N76246 /1 undetected,output,,N76246,N76246,1,undetected,N76246,N76246,N76246,sa1,1
19261,N16714 /1 undetected,output,,N16714,N16714,1,undetected,N16714,N16714,N16714,sa1,1
19262,N100829 /1 undetected,output,,N100829,N100829,1,undetected,N100829,N100829,N100829,sa1,1
19263,N86033 /1 undetected,output,,N86033,N86033,1,undetected,N86033,N86033,N86033,sa1,1
19264,N16712 /1 undetected,output,,N16712,N16712,1,undetected,N16712,N16712,N16712,sa1,1
19265,N85974 /1 undetected,output,,N85974,N85974,1,undetected,N85974,N85974,N85974,sa1,1
19266,N16710 /1 undetected,output,,N16710,N16710,1,undetected,N16710,N16710,N16710,sa1,1
19267,N16708 /1 undetected,output,,N16708,N16708,1,undetected,N16708,N16708,N16708,sa1,1
19268,N16706 /1 undetected,output,,N16706,N16706,1,undetected,N16706,N16706,N16706,sa1,1
19269,N86665 /1 undetected,output,,N86665,N86665,1,undetected,N86665,N86665,N86665,sa1,1
19270,N16705 /1 undetected,output,,N16705,N16705,1,undetected,N16705,N16705,N16705,sa1,1
19271,N101778 /1 undetected,output,,N101778,N101778,1,undetected,N101778,N101778,N101778,sa1,1
19272,N16703 /1 undetected,output,,N16703,N16703,1,undetected,N16703,N16703,N16703,sa1,1
19273,N16701 /1 undetected,output,,N16701,N16701,1,undetected,N16701,N16701,N16701,sa1,1
19274,N103228 /1 undetected,output,,N103228,N103228,1,undetected,N103228,N103228,N103228,sa1,1
19275,N76245 /1 undetected,output,,N76245,N76245,1,undetected,N76245,N76245,N76245,sa1,1
19276,N16696 /1 undetected,output,,N16696,N16696,1,undetected,N16696,N16696,N16696,sa1,1
19277,N103224 /1 undetected,output,,N103224,N103224,1,undetected,N103224,N103224,N103224,sa1,1
19278,N86032 /1 undetected,output,,N86032,N86032,1,undetected,N86032,N86032,N86032,sa1,1
19279,N16689 /1 undetected,output,,N16689,N16689,1,undetected,N16689,N16689,N16689,sa1,1
19280,N103217 /1 undetected,output,,N103217,N103217,1,undetected,N103217,N103217,N103217,sa1,1
19281,N76695 /1 undetected,output,,N76695,N76695,1,undetected,N76695,N76695,N76695,sa1,1
19282,N16682 /1 undetected,output,,N16682,N16682,1,undetected,N16682,N16682,N16682,sa1,1
19283,N16680 /1 undetected,output,,N16680,N16680,1,undetected,N16680,N16680,N16680,sa1,1
19284,N77117 /1 undetected,output,,N77117,N77117,1,undetected,N77117,N77117,N77117,sa1,1
19285,N16679 /1 undetected,output,,N16679,N16679,1,undetected,N16679,N16679,N16679,sa1,1
19286,N103213 /1 undetected,output,,N103213,N103213,1,undetected,N103213,N103213,N103213,sa1,1
19287,N16672 /1 undetected,output,,N16672,N16672,1,undetected,N16672,N16672,N16672,sa1,1
19288,N103196 /1 undetected,output,,N103196,N103196,1,undetected,N103196,N103196,N103196,sa1,1
19289,N101777 /1 undetected,output,,N101777,N101777,1,undetected,N101777,N101777,N101777,sa1,1
19290,N16671 /1 undetected,output,,N16671,N16671,1,undetected,N16671,N16671,N16671,sa1,1
19291,N16669 /1 undetected,output,,N16669,N16669,1,undetected,N16669,N16669,N16669,sa1,1
19292,N103207 /1 undetected,output,,N103207,N103207,1,undetected,N103207,N103207,N103207,sa1,1
19293,N16668 /1 undetected,output,,N16668,N16668,1,undetected,N16668,N16668,N16668,sa1,1
19294,N86030 /1 undetected,output,,N86030,N86030,1,undetected,N86030,N86030,N86030,sa1,1
19295,N16666 /1 undetected,output,,N16666,N16666,1,undetected,N16666,N16666,N16666,sa1,1
19296,N16663 /1 undetected,output,,N16663,N16663,1,undetected,N16663,N16663,N16663,sa1,1
19297,N76243 /1 undetected,output,,N76243,N76243,1,undetected,N76243,N76243,N76243,sa1,1
19298,N16661 /1 undetected,output,,N16661,N16661,1,undetected,N16661,N16661,N16661,sa1,1
19299,N88824 /1 undetected,output,,N88824,N88824,1,undetected,N88824,N88824,N88824,sa1,1
19300,N80321 /1 undetected,output,,N80321,N80321,1,undetected,N80321,N80321,N80321,sa1,1
19301,N51862 /0 undetected,output,,N51862,N51862,0,undetected,N51862,N51862,N51862,sa0,1
19302,N51860 /1 undetected,output,,N51860,N51860,1,undetected,N51860,N51860,N51860,sa1,1
19303,N24369 /1 undetected,output,,N24369,N24369,1,undetected,N24369,N24369,N24369,sa1,1
19304,N28281 /1 undetected,output,,N28281,N28281,1,undetected,N28281,N28281,N28281,sa1,1
19305,N112450 /1 undetected,output,,N112450,N112450,1,undetected,N112450,N112450,N112450,sa1,1
19306,N28280 /1 undetected,output,,N28280,N28280,1,undetected,N28280,N28280,N28280,sa1,1
19307,N25403 /1 undetected,output,,N25403,N25403,1,undetected,N25403,N25403,N25403,sa1,1
19308,N23920 /1 undetected,output,,N23920,N23920,1,undetected,N23920,N23920,N23920,sa1,1
19309,N106091 /1 undetected,output,,N106091,N106091,1,undetected,N106091,N106091,N106091,sa1,1
19310,N106086 /1 undetected,output,,N106086,N106086,1,undetected,N106086,N106086,N106086,sa1,1
19311,N23918 /1 undetected,output,,N23918,N23918,1,undetected,N23918,N23918,N23918,sa1,1
19312,N106085 /1 undetected,output,,N106085,N106085,1,undetected,N106085,N106085,N106085,sa1,1
19313,N23898 /1 undetected,output,,N23898,N23898,1,undetected,N23898,N23898,N23898,sa1,1
19314,N76113 /1 undetected,output,,N76113,N76113,1,undetected,N76113,N76113,N76113,sa1,1
19315,N32353 /0 undetected,output,,N32353,N32353,0,undetected,N32353,N32353,N32353,sa0,1
19316,N75604 /1 undetected,output,,N75604,N75604,1,undetected,N75604,N75604,N75604,sa1,1
19317,N32352 /1 undetected,output,,N32352,N32352,1,undetected,N32352,N32352,N32352,sa1,1
19318,N106041 /1 undetected,output,,N106041,N106041,1,undetected,N106041,N106041,N106041,sa1,1
19319,N32350 /1 undetected,output,,N32350,N32350,1,undetected,N32350,N32350,N32350,sa1,1
19320,N105997 /1 undetected,output,,N105997,N105997,1,undetected,N105997,N105997,N105997,sa1,1
19321,N86400 /1 undetected,output,,N86400,N86400,1,undetected,N86400,N86400,N86400,sa1,1
19322,N31901 /0 undetected,output,,N31901,N31901,0,undetected,N31901,N31901,N31901,sa0,1
19323,N75603 /1 undetected,output,,N75603,N75603,1,undetected,N75603,N75603,N75603,sa1,1
19324,N31900 /1 undetected,output,,N31900,N31900,1,undetected,N31900,N31900,N31900,sa1,1
19325,N106040 /1 undetected,output,,N106040,N106040,1,undetected,N106040,N106040,N106040,sa1,1
19326,N31898 /1 undetected,output,,N31898,N31898,1,undetected,N31898,N31898,N31898,sa1,1
19327,N105996 /1 undetected,output,,N105996,N105996,1,undetected,N105996,N105996,N105996,sa1,1
19328,N86353 /1 undetected,output,,N86353,N86353,1,undetected,N86353,N86353,N86353,sa1,1
19329,N31034 /1 undetected,output,,N31034,N31034,1,undetected,N31034,N31034,N31034,sa1,1
19330,N31034 /0 undetected,output,,N31034,N31034,0,undetected,N31034,N31034,N31034,sa0,1
19331,N75597 /1 undetected,output,,N75597,N75597,1,undetected,N75597,N75597,N75597,sa1,1
19332,N31033 /1 undetected,output,,N31033,N31033,1,undetected,N31033,N31033,N31033,sa1,1
19333,N106038 /1 undetected,output,,N106038,N106038,1,undetected,N106038,N106038,N106038,sa1,1
19334,N31031 /1 undetected,output,,N31031,N31031,1,undetected,N31031,N31031,N31031,sa1,1
19335,N105994 /1 undetected,output,,N105994,N105994,1,undetected,N105994,N105994,N105994,sa1,1
19336,N86377 /1 undetected,output,,N86377,N86377,1,undetected,N86377,N86377,N86377,sa1,1
19337,N51545 /0 undetected,output,,N51545,N51545,0,undetected,N51545,N51545,N51545,sa0,1
19338,N107610 /1 undetected,output,,N107610,N107610,1,undetected,N107610,N107610,N107610,sa1,1
19339,N27438 /1 undetected,output,,N27438,N27438,1,undetected,N27438,N27438,N27438,sa1,1
19340,N27438 /0 undetected,output,,N27438,N27438,0,undetected,N27438,N27438,N27438,sa0,1
19341,N27436 /1 undetected,output,,N27436,N27436,1,undetected,N27436,N27436,N27436,sa1,1
19342,N27434 /1 undetected,output,,N27434,N27434,1,undetected,N27434,N27434,N27434,sa1,1
19343,N76618 /1 undetected,output,,N76618,N76618,1,undetected,N76618,N76618,N76618,sa1,1
19344,N23998 /1 undetected,output,,N23998,N23998,1,undetected,N23998,N23998,N23998,sa1,1
19345,N27432 /1 undetected,output,,N27432,N27432,1,undetected,N27432,N27432,N27432,sa1,1
19346,N81719 /1 undetected,output,,N81719,N81719,1,undetected,N81719,N81719,N81719,sa1,1
19347,N27431 /1 undetected,output,,N27431,N27431,1,undetected,N27431,N27431,N27431,sa1,1
19348,N106656 /1 undetected,output,,N106656,N106656,1,undetected,N106656,N106656,N106656,sa1,1
19349,N86308 /1 undetected,output,,N86308,N86308,1,undetected,N86308,N86308,N86308,sa1,1
19350,N27429 /1 undetected,output,,N27429,N27429,1,undetected,N27429,N27429,N27429,sa1,1
19351,N112154 /1 undetected,output,,N112154,N112154,1,undetected,N112154,N112154,N112154,sa1,1
19352,N105864 /1 undetected,output,,N105864,N105864,1,undetected,N105864,N105864,N105864,sa1,1
19353,N25343 /0 undetected,output,,N25343,N25343,0,undetected,N25343,N25343,N25343,sa0,1
19354,N108949 /1 undetected,output,,N108949,N108949,1,undetected,N108949,N108949,N108949,sa1,1
19355,N25340 /1 undetected,output,,N25340,N25340,1,undetected,N25340,N25340,N25340,sa1,1
19356,N108951 /1 undetected,output,,N108951,N108951,1,undetected,N108951,N108951,N108951,sa1,1
19357,N85533 /1 undetected,output,,N85533,N85533,1,undetected,N85533,N85533,N85533,sa1,1
19358,N25339 /1 undetected,output,,N25339,N25339,1,undetected,N25339,N25339,N25339,sa1,1
19359,N108947 /1 undetected,output,,N108947,N108947,1,undetected,N108947,N108947,N108947,sa1,1
19360,N75579 /1 undetected,output,,N75579,N75579,1,undetected,N75579,N75579,N75579,sa1,1
19361,N28289 /1 undetected,output,,N28289,N28289,1,undetected,N28289,N28289,N28289,sa1,1
19362,N28289 /0 undetected,output,,N28289,N28289,0,undetected,N28289,N28289,N28289,sa0,1
19363,N112465 /1 undetected,output,,N112465,N112465,1,undetected,N112465,N112465,N112465,sa1,1
19364,N112461 /1 undetected,output,,N112461,N112461,1,undetected,N112461,N112461,N112461,sa1,1
19365,N113806 /1 undetected,output,,N113806,N113806,1,undetected,N113806,N113806,N113806,sa1,1
19366,N31930 /0 undetected,output,,N31930,N31930,0,undetected,N31930,N31930,N31930,sa0,1
19367,N113814 /1 undetected,output,,N113814,N113814,1,undetected,N113814,N113814,N113814,sa1,1
19368,N113813 /1 undetected,output,,N113813,N113813,1,undetected,N113813,N113813,N113813,sa1,1
19369,N53082 /0 undetected,output,,N53082,N53082,0,undetected,N53082,N53082,N53082,sa0,1
19370,N113756 /1 undetected,output,,N113756,N113756,1,undetected,N113756,N113756,N113756,sa1,1
19371,N85850 /1 undetected,output,,N85850,N85850,1,undetected,N85850,N85850,N85850,sa1,1
19372,N32380 /1 undetected,output,,N32380,N32380,1,undetected,N32380,N32380,N32380,sa1,1
19373,N113569 /1 undetected,output,,N113569,N113569,1,undetected,N113569,N113569,N113569,sa1,1
19374,N86403 /1 undetected,output,,N86403,N86403,1,undetected,N86403,N86403,N86403,sa1,1
19375,N32376 /1 undetected,output,,N32376,N32376,1,undetected,N32376,N32376,N32376,sa1,1
19376,N93753 /1 undetected,output,,N93753,N93753,1,undetected,N93753,N93753,N93753,sa1,1
19377,N113568 /1 undetected,output,,N113568,N113568,1,undetected,N113568,N113568,N113568,sa1,1
19378,N31912 /1 undetected,output,,N31912,N31912,1,undetected,N31912,N31912,N31912,sa1,1
19379,N31053 /1 undetected,output,,N31053,N31053,1,undetected,N31053,N31053,N31053,sa1,1
19380,N113567 /1 undetected,output,,N113567,N113567,1,undetected,N113567,N113567,N113567,sa1,1
19381,N27776 /1 undetected,output,,N27776,N27776,1,undetected,N27776,N27776,N27776,sa1,1
19382,N27776 /0 undetected,output,,N27776,N27776,0,undetected,N27776,N27776,N27776,sa0,1
19383,N27775 /1 undetected,output,,N27775,N27775,1,undetected,N27775,N27775,N27775,sa1,1
19384,N112081 /1 undetected,output,,N112081,N112081,1,undetected,N112081,N112081,N112081,sa1,1
19385,N89956 /1 undetected,output,,N89956,N89956,1,undetected,N89956,N89956,N89956,sa1,1
19386,N27773 /1 undetected,output,,N27773,N27773,1,undetected,N27773,N27773,N27773,sa1,1
19387,N81730 /1 undetected,output,,N81730,N81730,1,undetected,N81730,N81730,N81730,sa1,1
19388,N27771 /1 undetected,output,,N27771,N27771,1,undetected,N27771,N27771,N27771,sa1,1
19389,N27769 /1 undetected,output,,N27769,N27769,1,undetected,N27769,N27769,N27769,sa1,1
19390,N27768 /1 undetected,output,,N27768,N27768,1,undetected,N27768,N27768,N27768,sa1,1
19391,N112228 /1 undetected,output,,N112228,N112228,1,undetected,N112228,N112228,N112228,sa1,1
19392,N109172 /1 undetected,output,,N109172,N109172,1,undetected,N109172,N109172,N109172,sa1,1
19393,N27766 /1 undetected,output,,N27766,N27766,1,undetected,N27766,N27766,N27766,sa1,1
19394,N27764 /1 undetected,output,,N27764,N27764,1,undetected,N27764,N27764,N27764,sa1,1
19395,N81712 /1 undetected,output,,N81712,N81712,1,undetected,N81712,N81712,N81712,sa1,1
19396,N27763 /1 undetected,output,,N27763,N27763,1,undetected,N27763,N27763,N27763,sa1,1
19397,N109093 /1 undetected,output,,N109093,N109093,1,undetected,N109093,N109093,N109093,sa1,1
19398,N76625 /1 undetected,output,,N76625,N76625,1,undetected,N76625,N76625,N76625,sa1,1
19399,N27761 /1 undetected,output,,N27761,N27761,1,undetected,N27761,N27761,N27761,sa1,1
19400,N109035 /1 undetected,output,,N109035,N109035,1,undetected,N109035,N109035,N109035,sa1,1
19401,N86316 /1 undetected,output,,N86316,N86316,1,undetected,N86316,N86316,N86316,sa1,1
19402,N27759 /1 undetected,output,,N27759,N27759,1,undetected,N27759,N27759,N27759,sa1,1
19403,N112090 /1 undetected,output,,N112090,N112090,1,undetected,N112090,N112090,N112090,sa1,1
19404,N108899 /1 undetected,output,,N108899,N108899,1,undetected,N108899,N108899,N108899,sa1,1
19405,N51874 /0 undetected,output,,N51874,N51874,0,undetected,N51874,N51874,N51874,sa0,1
19406,N51872 /1 undetected,output,,N51872,N51872,1,undetected,N51872,N51872,N51872,sa1,1
19407,N27660 /1 undetected,output,,N27660,N27660,1,undetected,N27660,N27660,N27660,sa1,1
19408,N88860 /1 undetected,output,,N88860,N88860,1,undetected,N88860,N88860,N88860,sa1,1
19409,N80540 /1 undetected,output,,N80540,N80540,1,undetected,N80540,N80540,N80540,sa1,1
19410,N24367 /1 undetected,output,,N24367,N24367,1,undetected,N24367,N24367,N24367,sa1,1
19411,N51878 /0 undetected,output,,N51878,N51878,0,undetected,N51878,N51878,N51878,sa0,1
19412,N107245 /1 undetected,output,,N107245,N107245,1,undetected,N107245,N107245,N107245,sa1,1
19413,N51877 /1 undetected,output,,N51877,N51877,1,undetected,N51877,N51877,N51877,sa1,1
19414,N51877 /0 undetected,output,,N51877,N51877,0,undetected,N51877,N51877,N51877,sa0,1
19415,N119893 /1 undetected,output,,N119893,N119893,1,undetected,N119893,N119893,N119893,sa1,1
19416,N107215 /1 undetected,output,,N107215,N107215,1,undetected,N107215,N107215,N107215,sa1,1
19417,N51623 /0 undetected,output,,N51623,N51623,0,undetected,N51623,N51623,N51623,sa0,1
19418,N107171 /1 undetected,output,,N107171,N107171,1,undetected,N107171,N107171,N107171,sa1,1
19419,N51617 /0 undetected,output,,N51617,N51617,0,undetected,N51617,N51617,N51617,sa0,1
19420,N111704 /1 undetected,output,,N111704,N111704,1,undetected,N111704,N111704,N111704,sa1,1
19421,N51464 /1 undetected,output,,N51464,N51464,1,undetected,N51464,N51464,N51464,sa1,1
19422,N28262 /0 undetected,output,,N28262,N28262,0,undetected,N28262,N28262,N28262,sa0,1
19423,N32347 /1 undetected,output,,N32347,N32347,1,undetected,N32347,N32347,N32347,sa1,1
19424,N32347 /0 undetected,output,,N32347,N32347,0,undetected,N32347,N32347,N32347,sa0,1
19425,N114012 /1 undetected,output,,N114012,N114012,1,undetected,N114012,N114012,N114012,sa1,1
19426,N114004 /1 undetected,output,,N114004,N114004,1,undetected,N114004,N114004,N114004,sa1,1
19427,N31047 /1 undetected,output,,N31047,N31047,1,undetected,N31047,N31047,N31047,sa1,1
19428,N113805 /1 undetected,output,,N113805,N113805,1,undetected,N113805,N113805,N113805,sa1,1
19429,N103883 /1 undetected,output,,N103883,N103883,1,undetected,N103883,N103883,N103883,sa1,1
19430,N33093 /1 undetected,output,,N33093,N33093,1,undetected,N33093,N33093,N33093,sa1,1
19431,N33093 /0 undetected,output,,N33093,N33093,0,undetected,N33093,N33093,N33093,sa0,1
19432,N114129 /1 undetected,output,,N114129,N114129,1,undetected,N114129,N114129,N114129,sa1,1
19433,N106046 /1 undetected,output,,N106046,N106046,1,undetected,N106046,N106046,N106046,sa1,1
19434,N32956 /1 undetected,output,,N32956,N32956,1,undetected,N32956,N32956,N32956,sa1,1
19435,N32956 /0 undetected,output,,N32956,N32956,0,undetected,N32956,N32956,N32956,sa0,1
19436,N114108 /1 undetected,output,,N114108,N114108,1,undetected,N114108,N114108,N114108,sa1,1
19437,N106045 /1 undetected,output,,N106045,N106045,1,undetected,N106045,N106045,N106045,sa1,1
19438,N32829 /1 undetected,output,,N32829,N32829,1,undetected,N32829,N32829,N32829,sa1,1
19439,N32829 /0 undetected,output,,N32829,N32829,0,undetected,N32829,N32829,N32829,sa0,1
19440,N114090 /1 undetected,output,,N114090,N114090,1,undetected,N114090,N114090,N114090,sa1,1
19441,N106044 /1 undetected,output,,N106044,N106044,1,undetected,N106044,N106044,N106044,sa1,1
19442,N32705 /1 undetected,output,,N32705,N32705,1,undetected,N32705,N32705,N32705,sa1,1
19443,N32705 /0 undetected,output,,N32705,N32705,0,undetected,N32705,N32705,N32705,sa0,1
19444,N114069 /1 undetected,output,,N114069,N114069,1,undetected,N114069,N114069,N114069,sa1,1
19445,N106043 /1 undetected,output,,N106043,N106043,1,undetected,N106043,N106043,N106043,sa1,1
19446,N32588 /1 undetected,output,,N32588,N32588,1,undetected,N32588,N32588,N32588,sa1,1
19447,N32588 /0 undetected,output,,N32588,N32588,0,undetected,N32588,N32588,N32588,sa0,1
19448,N114053 /1 undetected,output,,N114053,N114053,1,undetected,N114053,N114053,N114053,sa1,1
19449,N106042 /1 undetected,output,,N106042,N106042,1,undetected,N106042,N106042,N106042,sa1,1
19450,N31199 /1 undetected,output,,N31199,N31199,1,undetected,N31199,N31199,N31199,sa1,1
19451,N31199 /0 undetected,output,,N31199,N31199,0,undetected,N31199,N31199,N31199,sa0,1
19452,N113848 /1 undetected,output,,N113848,N113848,1,undetected,N113848,N113848,N113848,sa1,1
19453,N106039 /1 undetected,output,,N106039,N106039,1,undetected,N106039,N106039,N106039,sa1,1
19454,N30548 /0 undetected,output,,N30548,N30548,0,undetected,N30548,N30548,N30548,sa0,1
19455,N75591 /1 undetected,output,,N75591,N75591,1,undetected,N75591,N75591,N75591,sa1,1
19456,N30546 /1 undetected,output,,N30546,N30546,1,undetected,N30546,N30546,N30546,sa1,1
19457,N30478 /1 undetected,output,,N30478,N30478,1,undetected,N30478,N30478,N30478,sa1,1
19458,N30478 /0 undetected,output,,N30478,N30478,0,undetected,N30478,N30478,N30478,sa0,1
19459,N113570 /1 undetected,output,,N113570,N113570,1,undetected,N113570,N113570,N113570,sa1,1
19460,N76124 /1 undetected,output,,N76124,N76124,1,undetected,N76124,N76124,N76124,sa1,1
19461,N23881 /1 undetected,output,,N23881,N23881,1,undetected,N23881,N23881,N23881,sa1,1
19462,N106037 /1 undetected,output,,N106037,N106037,1,undetected,N106037,N106037,N106037,sa1,1
19463,N105991 /1 undetected,output,,N105991,N105991,1,undetected,N105991,N105991,N105991,sa1,1
19464,N28278 /1 undetected,output,,N28278,N28278,1,undetected,N28278,N28278,N28278,sa1,1
19465,N84541 /1 undetected,output,,N84541,N84541,1,undetected,N84541,N84541,N84541,sa1,1
19466,N31885 /1 undetected,output,,N31885,N31885,1,undetected,N31885,N31885,N31885,sa1,1
19467,N31885 /0 undetected,output,,N31885,N31885,0,undetected,N31885,N31885,N31885,sa0,1
19468,N31016 /1 undetected,output,,N31016,N31016,1,undetected,N31016,N31016,N31016,sa1,1
19469,N31016 /0 undetected,output,,N31016,N31016,0,undetected,N31016,N31016,N31016,sa0,1
19470,N30458 /1 undetected,output,,N30458,N30458,1,undetected,N30458,N30458,N30458,sa1,1
19471,N113551 /1 undetected,output,,N113551,N113551,1,undetected,N113551,N113551,N113551,sa1,1
19472,N85174 /1 undetected,output,,N85174,N85174,1,undetected,N85174,N85174,N85174,sa1,1
19473,N30395 /1 undetected,output,,N30395,N30395,1,undetected,N30395,N30395,N30395,sa1,1
19474,N113452 /1 undetected,output,,N113452,N113452,1,undetected,N113452,N113452,N113452,sa1,1
19475,N85173 /1 undetected,output,,N85173,N85173,1,undetected,N85173,N85173,N85173,sa1,1
19476,N23913 /1 undetected,output,,N23913,N23913,1,undetected,N23913,N23913,N23913,sa1,1
19477,N85927 /1 undetected,output,,N85927,N85927,1,undetected,N85927,N85927,N85927,sa1,1
19478,N23917 /1 undetected,output,,N23917,N23917,1,undetected,N23917,N23917,N23917,sa1,1
19479,N97184 /1 undetected,output,,N97184,N97184,1,undetected,N97184,N97184,N97184,sa1,1
19480,N83106 /1 undetected,output,,N83106,N83106,1,undetected,N83106,N83106,N83106,sa1,1
19481,N69199 /1 undetected,output,,N69199,N69199,1,undetected,N69199,N69199,N69199,sa1,1
19482,N77524 /1 undetected,output,,N77524,N77524,1,undetected,N77524,N77524,N77524,sa1,1
19483,N69198 /1 undetected,output,,N69198,N69198,1,undetected,N69198,N69198,N69198,sa1,1
19484,N90858 /1 undetected,output,,N90858,N90858,1,undetected,N90858,N90858,N90858,sa1,1
19485,N83074 /1 undetected,output,,N83074,N83074,1,undetected,N83074,N83074,N83074,sa1,1
19486,N69184 /1 undetected,output,,N69184,N69184,1,undetected,N69184,N69184,N69184,sa1,1
19487,N90857 /1 undetected,output,,N90857,N90857,1,undetected,N90857,N90857,N90857,sa1,1
19488,N86950 /1 undetected,output,,N86950,N86950,1,undetected,N86950,N86950,N86950,sa1,1
19489,N83072 /1 undetected,output,,N83072,N83072,1,undetected,N83072,N83072,N83072,sa1,1
19490,N19075 /1 undetected,output,,N19075,N19075,1,undetected,N19075,N19075,N19075,sa1,1
19491,N103850 /1 undetected,output,,N103850,N103850,1,undetected,N103850,N103850,N103850,sa1,1
19492,N19057 /1 undetected,output,,N19057,N19057,1,undetected,N19057,N19057,N19057,sa1,1
19493,N103846 /1 undetected,output,,N103846,N103846,1,undetected,N103846,N103846,N103846,sa1,1
19494,N84511 /1 undetected,output,,N84511,N84511,1,undetected,N84511,N84511,N84511,sa1,1
19495,N19034 /1 undetected,output,,N19034,N19034,1,undetected,N19034,N19034,N19034,sa1,1
19496,N74782 /1 undetected,output,,N74782,N74782,1,undetected,N74782,N74782,N74782,sa1,1
19497,N19033 /1 undetected,output,,N19033,N19033,1,undetected,N19033,N19033,N19033,sa1,1
19498,N76450 /1 undetected,output,,N76450,N76450,1,undetected,N76450,N76450,N76450,sa1,1
19499,N19027 /1 undetected,output,,N19027,N19027,1,undetected,N19027,N19027,N19027,sa1,1
19500,N19024 /1 undetected,output,,N19024,N19024,1,undetected,N19024,N19024,N19024,sa1,1
19501,N101123 /1 undetected,output,,N101123,N101123,1,undetected,N101123,N101123,N101123,sa1,1
19502,N100530 /1 undetected,output,,N100530,N100530,1,undetected,N100530,N100530,N100530,sa1,1
19503,N19004 /1 undetected,output,,N19004,N19004,1,undetected,N19004,N19004,N19004,sa1,1
19504,N19020 /1 undetected,output,,N19020,N19020,1,undetected,N19020,N19020,N19020,sa1,1
19505,N19018 /1 undetected,output,,N19018,N19018,1,undetected,N19018,N19018,N19018,sa1,1
19506,N19016 /1 undetected,output,,N19016,N19016,1,undetected,N19016,N19016,N19016,sa1,1
19507,N98515 /1 undetected,output,,N98515,N98515,1,undetected,N98515,N98515,N98515,sa1,1
19508,N93910 /1 undetected,output,,N93910,N93910,1,undetected,N93910,N93910,N93910,sa1,1
19509,N19015 /1 undetected,output,,N19015,N19015,1,undetected,N19015,N19015,N19015,sa1,1
19510,N19013 /1 undetected,output,,N19013,N19013,1,undetected,N19013,N19013,N19013,sa1,1
19511,N101054 /1 undetected,output,,N101054,N101054,1,undetected,N101054,N101054,N101054,sa1,1
19512,N77617 /1 undetected,output,,N77617,N77617,1,undetected,N77617,N77617,N77617,sa1,1
19513,N19011 /1 undetected,output,,N19011,N19011,1,undetected,N19011,N19011,N19011,sa1,1
19514,N101045 /1 undetected,output,,N101045,N101045,1,undetected,N101045,N101045,N101045,sa1,1
19515,N78649 /1 undetected,output,,N78649,N78649,1,undetected,N78649,N78649,N78649,sa1,1
19516,N12472 /1 undetected,output,,N12472,N12472,1,undetected,N12472,N12472,N12472,sa1,1
19517,N103834 /1 undetected,output,,N103834,N103834,1,undetected,N103834,N103834,N103834,sa1,1
19518,N100650 /1 undetected,output,,N100650,N100650,1,undetected,N100650,N100650,N100650,sa1,1
19519,N13331 /1 undetected,output,,N13331,N13331,1,undetected,N13331,N13331,N13331,sa1,1
19520,N19002 /1 undetected,output,,N19002,N19002,1,undetected,N19002,N19002,N19002,sa1,1
19521,N19000 /1 undetected,output,,N19000,N19000,1,undetected,N19000,N19000,N19000,sa1,1
19522,N101108 /1 undetected,output,,N101108,N101108,1,undetected,N101108,N101108,N101108,sa1,1
19523,N94541 /1 undetected,output,,N94541,N94541,1,undetected,N94541,N94541,N94541,sa1,1
19524,N18999 /1 undetected,output,,N18999,N18999,1,undetected,N18999,N18999,N18999,sa1,1
19525,N101061 /1 undetected,output,,N101061,N101061,1,undetected,N101061,N101061,N101061,sa1,1
19526,N18997 /1 undetected,output,,N18997,N18997,1,undetected,N18997,N18997,N18997,sa1,1
19527,N101044 /1 undetected,output,,N101044,N101044,1,undetected,N101044,N101044,N101044,sa1,1
19528,N78699 /1 undetected,output,,N78699,N78699,1,undetected,N78699,N78699,N78699,sa1,1
19529,N18993 /1 undetected,output,,N18993,N18993,1,undetected,N18993,N18993,N18993,sa1,1
19530,N84723 /1 undetected,output,,N84723,N84723,1,undetected,N84723,N84723,N84723,sa1,1
19531,N18992 /1 undetected,output,,N18992,N18992,1,undetected,N18992,N18992,N18992,sa1,1
19532,N86200 /1 undetected,output,,N86200,N86200,1,undetected,N86200,N86200,N86200,sa1,1
19533,N18990 /1 undetected,output,,N18990,N18990,1,undetected,N18990,N18990,N18990,sa1,1
19534,N18986 /1 undetected,output,,N18986,N18986,1,undetected,N18986,N18986,N18986,sa1,1
19535,N75537 /1 undetected,output,,N75537,N75537,1,undetected,N75537,N75537,N75537,sa1,1
19536,N18940 /1 undetected,output,,N18940,N18940,1,undetected,N18940,N18940,N18940,sa1,1
19537,N18938 /1 undetected,output,,N18938,N18938,1,undetected,N18938,N18938,N18938,sa1,1
19538,N18937 /1 undetected,output,,N18937,N18937,1,undetected,N18937,N18937,N18937,sa1,1
19539,N88267 /1 undetected,output,,N88267,N88267,1,undetected,N88267,N88267,N88267,sa1,1
19540,N18936 /1 undetected,output,,N18936,N18936,1,undetected,N18936,N18936,N18936,sa1,1
19541,N86777 /1 undetected,output,,N86777,N86777,1,undetected,N86777,N86777,N86777,sa1,1
19542,N18934 /1 undetected,output,,N18934,N18934,1,undetected,N18934,N18934,N18934,sa1,1
19543,N18933 /1 undetected,output,,N18933,N18933,1,undetected,N18933,N18933,N18933,sa1,1
19544,N103823 /1 undetected,output,,N103823,N103823,1,undetected,N103823,N103823,N103823,sa1,1
19545,N100869 /1 undetected,output,,N100869,N100869,1,undetected,N100869,N100869,N100869,sa1,1
19546,N18929 /1 undetected,output,,N18929,N18929,1,undetected,N18929,N18929,N18929,sa1,1
19547,N100784 /1 undetected,output,,N100784,N100784,1,undetected,N100784,N100784,N100784,sa1,1
19548,N77615 /1 undetected,output,,N77615,N77615,1,undetected,N77615,N77615,N77615,sa1,1
19549,N18927 /1 undetected,output,,N18927,N18927,1,undetected,N18927,N18927,N18927,sa1,1
19550,N103797 /1 undetected,output,,N103797,N103797,1,undetected,N103797,N103797,N103797,sa1,1
19551,N18925 /1 undetected,output,,N18925,N18925,1,undetected,N18925,N18925,N18925,sa1,1
19552,N103810 /1 undetected,output,,N103810,N103810,1,undetected,N103810,N103810,N103810,sa1,1
19553,N18921 /1 undetected,output,,N18921,N18921,1,undetected,N18921,N18921,N18921,sa1,1
19554,N18917 /1 undetected,output,,N18917,N18917,1,undetected,N18917,N18917,N18917,sa1,1
19555,N79340 /1 undetected,output,,N79340,N79340,1,undetected,N79340,N79340,N79340,sa1,1
19556,N18915 /1 undetected,output,,N18915,N18915,1,undetected,N18915,N18915,N18915,sa1,1
19557,N103790 /1 undetected,output,,N103790,N103790,1,undetected,N103790,N103790,N103790,sa1,1
19558,N18913 /1 undetected,output,,N18913,N18913,1,undetected,N18913,N18913,N18913,sa1,1
19559,N18911 /1 undetected,output,,N18911,N18911,1,undetected,N18911,N18911,N18911,sa1,1
19560,N103809 /1 undetected,output,,N103809,N103809,1,undetected,N103809,N103809,N103809,sa1,1
19561,N18908 /1 undetected,output,,N18908,N18908,1,undetected,N18908,N18908,N18908,sa1,1
19562,N100925 /1 undetected,output,,N100925,N100925,1,undetected,N100925,N100925,N100925,sa1,1
19563,N93314 /1 undetected,output,,N93314,N93314,1,undetected,N93314,N93314,N93314,sa1,1
19564,N18906 /1 undetected,output,,N18906,N18906,1,undetected,N18906,N18906,N18906,sa1,1
19565,N18905 /1 undetected,output,,N18905,N18905,1,undetected,N18905,N18905,N18905,sa1,1
19566,N18904 /1 undetected,output,,N18904,N18904,1,undetected,N18904,N18904,N18904,sa1,1
19567,N103805 /1 undetected,output,,N103805,N103805,1,undetected,N103805,N103805,N103805,sa1,1
19568,N13054 /1 undetected,output,,N13054,N13054,1,undetected,N13054,N13054,N13054,sa1,1
19569,N18901 /1 undetected,output,,N18901,N18901,1,undetected,N18901,N18901,N18901,sa1,1
19570,N103796 /1 undetected,output,,N103796,N103796,1,undetected,N103796,N103796,N103796,sa1,1
19571,N13048 /1 undetected,output,,N13048,N13048,1,undetected,N13048,N13048,N13048,sa1,1
19572,N18898 /1 undetected,output,,N18898,N18898,1,undetected,N18898,N18898,N18898,sa1,1
19573,N103793 /1 undetected,output,,N103793,N103793,1,undetected,N103793,N103793,N103793,sa1,1
19574,N13041 /1 undetected,output,,N13041,N13041,1,undetected,N13041,N13041,N13041,sa1,1
19575,N76449 /1 undetected,output,,N76449,N76449,1,undetected,N76449,N76449,N76449,sa1,1
19576,N85491 /1 undetected,output,,N85491,N85491,1,undetected,N85491,N85491,N85491,sa1,1
19577,N18982 /1 undetected,output,,N18982,N18982,1,undetected,N18982,N18982,N18982,sa1,1
19578,N18981 /1 undetected,output,,N18981,N18981,1,undetected,N18981,N18981,N18981,sa1,1
19579,N79391 /1 undetected,output,,N79391,N79391,1,undetected,N79391,N79391,N79391,sa1,1
19580,N18976 /1 undetected,output,,N18976,N18976,1,undetected,N18976,N18976,N18976,sa1,1
19581,N88284 /1 undetected,output,,N88284,N88284,1,undetected,N88284,N88284,N88284,sa1,1
19582,N18975 /1 undetected,output,,N18975,N18975,1,undetected,N18975,N18975,N18975,sa1,1
19583,N88312 /1 undetected,output,,N88312,N88312,1,undetected,N88312,N88312,N88312,sa1,1
19584,N103792 /1 undetected,output,,N103792,N103792,1,undetected,N103792,N103792,N103792,sa1,1
19585,N100787 /1 undetected,output,,N100787,N100787,1,undetected,N100787,N100787,N100787,sa1,1
19586,N18971 /1 undetected,output,,N18971,N18971,1,undetected,N18971,N18971,N18971,sa1,1
19587,N103817 /1 undetected,output,,N103817,N103817,1,undetected,N103817,N103817,N103817,sa1,1
19588,N79375 /1 undetected,output,,N79375,N79375,1,undetected,N79375,N79375,N79375,sa1,1
19589,N18969 /1 undetected,output,,N18969,N18969,1,undetected,N18969,N18969,N18969,sa1,1
19590,N18967 /1 undetected,output,,N18967,N18967,1,undetected,N18967,N18967,N18967,sa1,1
19591,N103830 /1 undetected,output,,N103830,N103830,1,undetected,N103830,N103830,N103830,sa1,1
19592,N18962 /1 undetected,output,,N18962,N18962,1,undetected,N18962,N18962,N18962,sa1,1
19593,N100841 /1 undetected,output,,N100841,N100841,1,undetected,N100841,N100841,N100841,sa1,1
19594,N88311 /1 undetected,output,,N88311,N88311,1,undetected,N88311,N88311,N88311,sa1,1
19595,N18966 /1 undetected,output,,N18966,N18966,1,undetected,N18966,N18966,N18966,sa1,1
19596,N103828 /1 undetected,output,,N103828,N103828,1,undetected,N103828,N103828,N103828,sa1,1
19597,N100700 /1 undetected,output,,N100700,N100700,1,undetected,N100700,N100700,N100700,sa1,1
19598,N18960 /1 undetected,output,,N18960,N18960,1,undetected,N18960,N18960,N18960,sa1,1
19599,N88331 /1 undetected,output,,N88331,N88331,1,undetected,N88331,N88331,N88331,sa1,1
19600,N18957 /1 undetected,output,,N18957,N18957,1,undetected,N18957,N18957,N18957,sa1,1
19601,N18955 /1 undetected,output,,N18955,N18955,1,undetected,N18955,N18955,N18955,sa1,1
19602,N88283 /1 undetected,output,,N88283,N88283,1,undetected,N88283,N88283,N88283,sa1,1
19603,N18954 /1 undetected,output,,N18954,N18954,1,undetected,N18954,N18954,N18954,sa1,1
19604,N100870 /1 undetected,output,,N100870,N100870,1,undetected,N100870,N100870,N100870,sa1,1
19605,N88310 /1 undetected,output,,N88310,N88310,1,undetected,N88310,N88310,N88310,sa1,1
19606,N18952 /1 undetected,output,,N18952,N18952,1,undetected,N18952,N18952,N18952,sa1,1
19607,N103819 /1 undetected,output,,N103819,N103819,1,undetected,N103819,N103819,N103819,sa1,1
19608,N79374 /1 undetected,output,,N79374,N79374,1,undetected,N79374,N79374,N79374,sa1,1
19609,N18948 /1 undetected,output,,N18948,N18948,1,undetected,N18948,N18948,N18948,sa1,1
19610,N103829 /1 undetected,output,,N103829,N103829,1,undetected,N103829,N103829,N103829,sa1,1
19611,N18947 /1 undetected,output,,N18947,N18947,1,undetected,N18947,N18947,N18947,sa1,1
19612,N103831 /1 undetected,output,,N103831,N103831,1,undetected,N103831,N103831,N103831,sa1,1
19613,N100862 /1 undetected,output,,N100862,N100862,1,undetected,N100862,N100862,N100862,sa1,1
19614,N18943 /1 undetected,output,,N18943,N18943,1,undetected,N18943,N18943,N18943,sa1,1
19615,N103827 /1 undetected,output,,N103827,N103827,1,undetected,N103827,N103827,N103827,sa1,1
19616,N101441 /1 undetected,output,,N101441,N101441,1,undetected,N101441,N101441,N101441,sa1,1
19617,N80689 /1 undetected,output,,N80689,N80689,1,undetected,N80689,N80689,N80689,sa1,1
19618,N107682 /1 undetected,output,,N107682,N107682,1,undetected,N107682,N107682,N107682,sa1,1
19619,N107647 /1 undetected,output,,N107647,N107647,1,undetected,N107647,N107647,N107647,sa1,1
19620,N89113 /1 undetected,output,,N89113,N89113,1,undetected,N89113,N89113,N89113,sa1,1
19621,N108143 /1 undetected,output,,N108143,N108143,1,undetected,N108143,N108143,N108143,sa1,1
19622,N108111 /1 undetected,output,,N108111,N108111,1,undetected,N108111,N108111,N108111,sa1,1
19623,N51543 /0 undetected,output,,N51543,N51543,0,undetected,N51543,N51543,N51543,sa0,1
19624,N91869 /1 undetected,output,,N91869,N91869,1,undetected,N91869,N91869,N91869,sa1,1
19625,N28288 /1 undetected,output,,N28288,N28288,1,undetected,N28288,N28288,N28288,sa1,1
19626,N28288 /0 undetected,output,,N28288,N28288,0,undetected,N28288,N28288,N28288,sa0,1
19627,N31075 /1 undetected,output,,N31075,N31075,1,undetected,N31075,N31075,N31075,sa1,1
19628,N95962 /1 undetected,output,,N95962,N95962,1,undetected,N95962,N95962,N95962,sa1,1
19629,N31074 /1 undetected,output,,N31074,N31074,1,undetected,N31074,N31074,N31074,sa1,1
19630,N93752 /1 undetected,output,,N93752,N93752,1,undetected,N93752,N93752,N93752,sa1,1
19631,N31070 /1 undetected,output,,N31070,N31070,1,undetected,N31070,N31070,N31070,sa1,1
19632,N95961 /1 undetected,output,,N95961,N95961,1,undetected,N95961,N95961,N95961,sa1,1
19633,N31069 /1 undetected,output,,N31069,N31069,1,undetected,N31069,N31069,N31069,sa1,1
19634,N106071 /1 undetected,output,,N106071,N106071,1,undetected,N106071,N106071,N106071,sa1,1
19635,N85838 /1 undetected,output,,N85838,N85838,1,undetected,N85838,N85838,N85838,sa1,1
19636,N31038 /1 undetected,output,,N31038,N31038,1,undetected,N31038,N31038,N31038,sa1,1
19637,N113507 /1 undetected,output,,N113507,N113507,1,undetected,N113507,N113507,N113507,sa1,1
19638,N31036 /1 undetected,output,,N31036,N31036,1,undetected,N31036,N31036,N31036,sa1,1
19639,N113326 /1 undetected,output,,N113326,N113326,1,undetected,N113326,N113326,N113326,sa1,1
19640,N75598 /1 undetected,output,,N75598,N75598,1,undetected,N75598,N75598,N75598,sa1,1
19641,N51859 /0 undetected,output,,N51859,N51859,0,undetected,N51859,N51859,N51859,sa0,1
19642,N24381 /1 undetected,output,,N24381,N24381,1,undetected,N24381,N24381,N24381,sa1,1
19643,N88960 /1 undetected,output,,N88960,N88960,1,undetected,N88960,N88960,N88960,sa1,1
19644,N80378 /1 undetected,output,,N80378,N80378,1,undetected,N80378,N80378,N80378,sa1,1
19645,N51616 /0 undetected,output,,N51616,N51616,0,undetected,N51616,N51616,N51616,sa0,1
19646,N111938 /1 undetected,output,,N111938,N111938,1,undetected,N111938,N111938,N111938,sa1,1
19647,N35728 /1 undetected,output,,N35728,N35728,1,undetected,N35728,N35728,N35728,sa1,1
19648,N51463 /0 undetected,output,,N51463,N51463,0,undetected,N51463,N51463,N51463,sa0,1
19649,N91867 /1 undetected,output,,N91867,N91867,1,undetected,N91867,N91867,N91867,sa1,1
19650,N28261 /1 undetected,output,,N28261,N28261,1,undetected,N28261,N28261,N28261,sa1,1
19651,N28260 /1 undetected,output,,N28260,N28260,1,undetected,N28260,N28260,N28260,sa1,1
19652,N28258 /1 undetected,output,,N28258,N28258,1,undetected,N28258,N28258,N28258,sa1,1
19653,N74809 /1 undetected,output,,N74809,N74809,1,undetected,N74809,N74809,N74809,sa1,1
19654,N32340 /1 undetected,output,,N32340,N32340,1,undetected,N32340,N32340,N32340,sa1,1
19655,N32340 /0 undetected,output,,N32340,N32340,0,undetected,N32340,N32340,N32340,sa0,1
19656,N113681 /1 undetected,output,,N113681,N113681,1,undetected,N113681,N113681,N113681,sa1,1
19657,N32338 /1 undetected,output,,N32338,N32338,1,undetected,N32338,N32338,N32338,sa1,1
19658,N113550 /1 undetected,output,,N113550,N113550,1,undetected,N113550,N113550,N113550,sa1,1
19659,N76707 /1 undetected,output,,N76707,N76707,1,undetected,N76707,N76707,N76707,sa1,1
19660,N31046 /1 undetected,output,,N31046,N31046,1,undetected,N31046,N31046,N31046,sa1,1
19661,N113327 /1 undetected,output,,N113327,N113327,1,undetected,N113327,N113327,N113327,sa1,1
19662,N30893 /1 undetected,output,,N30893,N30893,1,undetected,N30893,N30893,N30893,sa1,1
19663,N113434 /1 undetected,output,,N113434,N113434,1,undetected,N113434,N113434,N113434,sa1,1
19664,N106035 /1 undetected,output,,N106035,N106035,1,undetected,N106035,N106035,N106035,sa1,1
19665,N30473 /1 undetected,output,,N30473,N30473,1,undetected,N30473,N30473,N30473,sa1,1
19666,N76123 /1 undetected,output,,N76123,N76123,1,undetected,N76123,N76123,N76123,sa1,1
19667,N30472 /1 undetected,output,,N30472,N30472,1,undetected,N30472,N30472,N30472,sa1,1
19668,N113319 /1 undetected,output,,N113319,N113319,1,undetected,N113319,N113319,N113319,sa1,1
19669,N30387 /1 undetected,output,,N30387,N30387,1,undetected,N30387,N30387,N30387,sa1,1
19670,N113436 /1 undetected,output,,N113436,N113436,1,undetected,N113436,N113436,N113436,sa1,1
19671,N106034 /1 undetected,output,,N106034,N106034,1,undetected,N106034,N106034,N106034,sa1,1
19672,N27797 /1 undetected,output,,N27797,N27797,1,undetected,N27797,N27797,N27797,sa1,1
19673,N27797 /0 undetected,output,,N27797,N27797,0,undetected,N27797,N27797,N27797,sa0,1
19674,N27796 /1 undetected,output,,N27796,N27796,1,undetected,N27796,N27796,N27796,sa1,1
19675,N112084 /1 undetected,output,,N112084,N112084,1,undetected,N112084,N112084,N112084,sa1,1
19676,N89957 /1 undetected,output,,N89957,N89957,1,undetected,N89957,N89957,N89957,sa1,1
19677,N27794 /1 undetected,output,,N27794,N27794,1,undetected,N27794,N27794,N27794,sa1,1
19678,N81731 /1 undetected,output,,N81731,N81731,1,undetected,N81731,N81731,N81731,sa1,1
19679,N27792 /1 undetected,output,,N27792,N27792,1,undetected,N27792,N27792,N27792,sa1,1
19680,N27790 /1 undetected,output,,N27790,N27790,1,undetected,N27790,N27790,N27790,sa1,1
19681,N27789 /1 undetected,output,,N27789,N27789,1,undetected,N27789,N27789,N27789,sa1,1
19682,N112229 /1 undetected,output,,N112229,N112229,1,undetected,N112229,N112229,N112229,sa1,1
19683,N109156 /1 undetected,output,,N109156,N109156,1,undetected,N109156,N109156,N109156,sa1,1
19684,N27787 /1 undetected,output,,N27787,N27787,1,undetected,N27787,N27787,N27787,sa1,1
19685,N27785 /1 undetected,output,,N27785,N27785,1,undetected,N27785,N27785,N27785,sa1,1
19686,N81713 /1 undetected,output,,N81713,N81713,1,undetected,N81713,N81713,N81713,sa1,1
19687,N27784 /1 undetected,output,,N27784,N27784,1,undetected,N27784,N27784,N27784,sa1,1
19688,N109096 /1 undetected,output,,N109096,N109096,1,undetected,N109096,N109096,N109096,sa1,1
19689,N76626 /1 undetected,output,,N76626,N76626,1,undetected,N76626,N76626,N76626,sa1,1
19690,N27782 /1 undetected,output,,N27782,N27782,1,undetected,N27782,N27782,N27782,sa1,1
19691,N109025 /1 undetected,output,,N109025,N109025,1,undetected,N109025,N109025,N109025,sa1,1
19692,N86317 /1 undetected,output,,N86317,N86317,1,undetected,N86317,N86317,N86317,sa1,1
19693,N27780 /1 undetected,output,,N27780,N27780,1,undetected,N27780,N27780,N27780,sa1,1
19694,N112091 /1 undetected,output,,N112091,N112091,1,undetected,N112091,N112091,N112091,sa1,1
19695,N108885 /1 undetected,output,,N108885,N108885,1,undetected,N108885,N108885,N108885,sa1,1
19696,N23879 /1 undetected,output,,N23879,N23879,1,undetected,N23879,N23879,N23879,sa1,1
19697,N106033 /1 undetected,output,,N106033,N106033,1,undetected,N106033,N106033,N106033,sa1,1
19698,N75162 /1 undetected,output,,N75162,N75162,1,undetected,N75162,N75162,N75162,sa1,1
19699,N3509 /1 undetected,output,,N3509,N3509,1,undetected,N3509,N3509,N3509,sa1,1
19700,N3509 /0 undetected,output,,N3509,N3509,0,undetected,N3509,N3509,N3509,sa0,1
19701,N3508 /1 undetected,output,,N3508,N3508,1,undetected,N3508,N3508,N3508,sa1,1
19702,N95901 /1 undetected,output,,N95901,N95901,1,undetected,N95901,N95901,N95901,sa1,1
19703,N3506 /1 undetected,output,,N3506,N3506,1,undetected,N3506,N3506,N3506,sa1,1
19704,N96425 /1 undetected,output,,N96425,N96425,1,undetected,N96425,N96425,N96425,sa1,1
19705,N96410 /1 undetected,output,,N96410,N96410,1,undetected,N96410,N96410,N96410,sa1,1
19706,N3500 /1 undetected,output,,N3500,N3500,1,undetected,N3500,N3500,N3500,sa1,1
19707,N96114 /1 undetected,output,,N96114,N96114,1,undetected,N96114,N96114,N96114,sa1,1
19708,N3498 /1 undetected,output,,N3498,N3498,1,undetected,N3498,N3498,N3498,sa1,1
19709,N96340 /1 undetected,output,,N96340,N96340,1,undetected,N96340,N96340,N96340,sa1,1
19710,N3420 /1 undetected,output,,N3420,N3420,1,undetected,N3420,N3420,N3420,sa1,1
19711,N3491 /0 undetected,output,,N3491,N3491,0,undetected,N3491,N3491,N3491,sa0,1
19712,N95900 /1 undetected,output,,N95900,N95900,1,undetected,N95900,N95900,N95900,sa1,1
19713,N3488 /1 undetected,output,,N3488,N3488,1,undetected,N3488,N3488,N3488,sa1,1
19714,N96409 /1 undetected,output,,N96409,N96409,1,undetected,N96409,N96409,N96409,sa1,1
19715,N3458 /1 undetected,output,,N3458,N3458,1,undetected,N3458,N3458,N3458,sa1,1
19716,N96113 /1 undetected,output,,N96113,N96113,1,undetected,N96113,N96113,N96113,sa1,1
19717,N3456 /1 undetected,output,,N3456,N3456,1,undetected,N3456,N3456,N3456,sa1,1
19718,N96339 /1 undetected,output,,N96339,N96339,1,undetected,N96339,N96339,N96339,sa1,1
19719,N3454 /1 undetected,output,,N3454,N3454,1,undetected,N3454,N3454,N3454,sa1,1
19720,N3453 /1 undetected,output,,N3453,N3453,1,undetected,N3453,N3453,N3453,sa1,1
19721,N96372 /1 undetected,output,,N96372,N96372,1,undetected,N96372,N96372,N96372,sa1,1
19722,N3451 /1 undetected,output,,N3451,N3451,1,undetected,N3451,N3451,N3451,sa1,1
19723,N3449 /1 undetected,output,,N3449,N3449,1,undetected,N3449,N3449,N3449,sa1,1
19724,N96367 /1 undetected,output,,N96367,N96367,1,undetected,N96367,N96367,N96367,sa1,1
19725,N2602 /1 undetected,output,,N2602,N2602,1,undetected,N2602,N2602,N2602,sa1,1
19726,N3447 /1 undetected,output,,N3447,N3447,1,undetected,N3447,N3447,N3447,sa1,1
19727,N96382 /1 undetected,output,,N96382,N96382,1,undetected,N96382,N96382,N96382,sa1,1
19728,N94258 /1 undetected,output,,N94258,N94258,1,undetected,N94258,N94258,N94258,sa1,1
19729,N3422 /1 undetected,output,,N3422,N3422,1,undetected,N3422,N3422,N3422,sa1,1
19730,N96370 /1 undetected,output,,N96370,N96370,1,undetected,N96370,N96370,N96370,sa1,1
19731,N94224 /1 undetected,output,,N94224,N94224,1,undetected,N94224,N94224,N94224,sa1,1
19732,N24974 /1 undetected,output,,N24974,N24974,1,undetected,N24974,N24974,N24974,sa1,1
19733,N85930 /1 undetected,output,,N85930,N85930,1,undetected,N85930,N85930,N85930,sa1,1
19734,N108945 /1 undetected,output,,N108945,N108945,1,undetected,N108945,N108945,N108945,sa1,1
19735,N95931 /1 undetected,output,,N95931,N95931,1,undetected,N95931,N95931,N95931,sa1,1
19736,N24969 /1 undetected,output,,N24969,N24969,1,undetected,N24969,N24969,N24969,sa1,1
19737,N24967 /1 undetected,output,,N24967,N24967,1,undetected,N24967,N24967,N24967,sa1,1
19738,N95954 /1 undetected,output,,N95954,N95954,1,undetected,N95954,N95954,N95954,sa1,1
19739,N24964 /1 undetected,output,,N24964,N24964,1,undetected,N24964,N24964,N24964,sa1,1
19740,N108921 /1 undetected,output,,N108921,N108921,1,undetected,N108921,N108921,N108921,sa1,1
19741,N94321 /1 undetected,output,,N94321,N94321,1,undetected,N94321,N94321,N94321,sa1,1
19742,N24966 /1 undetected,output,,N24966,N24966,1,undetected,N24966,N24966,N24966,sa1,1
19743,N108935 /1 undetected,output,,N108935,N108935,1,undetected,N108935,N108935,N108935,sa1,1
19744,N94409 /1 undetected,output,,N94409,N94409,1,undetected,N94409,N94409,N94409,sa1,1
19745,N24959 /1 undetected,output,,N24959,N24959,1,undetected,N24959,N24959,N24959,sa1,1
19746,N24959 /0 undetected,output,,N24959,N24959,0,undetected,N24959,N24959,N24959,sa0,1
19747,N24958 /1 undetected,output,,N24958,N24958,1,undetected,N24958,N24958,N24958,sa1,1
19748,N24956 /1 undetected,output,,N24956,N24956,1,undetected,N24956,N24956,N24956,sa1,1
19749,N85163 /1 undetected,output,,N85163,N85163,1,undetected,N85163,N85163,N85163,sa1,1
19750,N24955 /1 undetected,output,,N24955,N24955,1,undetected,N24955,N24955,N24955,sa1,1
19751,N108944 /1 undetected,output,,N108944,N108944,1,undetected,N108944,N108944,N108944,sa1,1
19752,N95794 /1 undetected,output,,N95794,N95794,1,undetected,N95794,N95794,N95794,sa1,1
19753,N24949 /1 undetected,output,,N24949,N24949,1,undetected,N24949,N24949,N24949,sa1,1
19754,N24947 /1 undetected,output,,N24947,N24947,1,undetected,N24947,N24947,N24947,sa1,1
19755,N95817 /1 undetected,output,,N95817,N95817,1,undetected,N95817,N95817,N95817,sa1,1
19756,N24946 /1 undetected,output,,N24946,N24946,1,undetected,N24946,N24946,N24946,sa1,1
19757,N108934 /1 undetected,output,,N108934,N108934,1,undetected,N108934,N108934,N108934,sa1,1
19758,N93851 /1 undetected,output,,N93851,N93851,1,undetected,N93851,N93851,N93851,sa1,1
19759,N24927 /1 undetected,output,,N24927,N24927,1,undetected,N24927,N24927,N24927,sa1,1
19760,N108920 /1 undetected,output,,N108920,N108920,1,undetected,N108920,N108920,N108920,sa1,1
19761,N93774 /1 undetected,output,,N93774,N93774,1,undetected,N93774,N93774,N93774,sa1,1
19762,N24895 /1 undetected,output,,N24895,N24895,1,undetected,N24895,N24895,N24895,sa1,1
19763,N24893 /1 undetected,output,,N24893,N24893,1,undetected,N24893,N24893,N24893,sa1,1
19764,N75164 /1 undetected,output,,N75164,N75164,1,undetected,N75164,N75164,N75164,sa1,1
19765,N24892 /1 undetected,output,,N24892,N24892,1,undetected,N24892,N24892,N24892,sa1,1
19766,N108897 /1 undetected,output,,N108897,N108897,1,undetected,N108897,N108897,N108897,sa1,1
19767,N93850 /1 undetected,output,,N93850,N93850,1,undetected,N93850,N93850,N93850,sa1,1
19768,N24874 /1 undetected,output,,N24874,N24874,1,undetected,N24874,N24874,N24874,sa1,1
19769,N108883 /1 undetected,output,,N108883,N108883,1,undetected,N108883,N108883,N108883,sa1,1
19770,N93773 /1 undetected,output,,N93773,N93773,1,undetected,N93773,N93773,N93773,sa1,1
19771,N31884 /1 undetected,output,,N31884,N31884,1,undetected,N31884,N31884,N31884,sa1,1
19772,N31884 /0 undetected,output,,N31884,N31884,0,undetected,N31884,N31884,N31884,sa0,1
19773,N113680 /1 undetected,output,,N113680,N113680,1,undetected,N113680,N113680,N113680,sa1,1
19774,N31883 /1 undetected,output,,N31883,N31883,1,undetected,N31883,N31883,N31883,sa1,1
19775,N113549 /1 undetected,output,,N113549,N113549,1,undetected,N113549,N113549,N113549,sa1,1
19776,N76665 /1 undetected,output,,N76665,N76665,1,undetected,N76665,N76665,N76665,sa1,1
19777,N31015 /1 undetected,output,,N31015,N31015,1,undetected,N31015,N31015,N31015,sa1,1
19778,N31015 /0 undetected,output,,N31015,N31015,0,undetected,N31015,N31015,N31015,sa0,1
19779,N113679 /1 undetected,output,,N113679,N113679,1,undetected,N113679,N113679,N113679,sa1,1
19780,N31014 /1 undetected,output,,N31014,N31014,1,undetected,N31014,N31014,N31014,sa1,1
19781,N113548 /1 undetected,output,,N113548,N113548,1,undetected,N113548,N113548,N113548,sa1,1
19782,N76685 /1 undetected,output,,N76685,N76685,1,undetected,N76685,N76685,N76685,sa1,1
19783,N30457 /1 undetected,output,,N30457,N30457,1,undetected,N30457,N30457,N30457,sa1,1
19784,N95828 /1 undetected,output,,N95828,N95828,1,undetected,N95828,N95828,N95828,sa1,1
19785,N30394 /1 undetected,output,,N30394,N30394,1,undetected,N30394,N30394,N30394,sa1,1
19786,N95827 /1 undetected,output,,N95827,N95827,1,undetected,N95827,N95827,N95827,sa1,1
19787,N30476 /1 undetected,output,,N30476,N30476,1,undetected,N30476,N30476,N30476,sa1,1
19788,N85837 /1 undetected,output,,N85837,N85837,1,undetected,N85837,N85837,N85837,sa1,1
19789,N27217 /1 undetected,output,,N27217,N27217,1,undetected,N27217,N27217,N27217,sa1,1
19790,N27217 /0 undetected,output,,N27217,N27217,0,undetected,N27217,N27217,N27217,sa0,1
19791,N27216 /1 undetected,output,,N27216,N27216,1,undetected,N27216,N27216,N27216,sa1,1
19792,N27214 /1 undetected,output,,N27214,N27214,1,undetected,N27214,N27214,N27214,sa1,1
19793,N109032 /1 undetected,output,,N109032,N109032,1,undetected,N109032,N109032,N109032,sa1,1
19794,N81703 /1 undetected,output,,N81703,N81703,1,undetected,N81703,N81703,N81703,sa1,1
19795,N27213 /1 undetected,output,,N27213,N27213,1,undetected,N27213,N27213,N27213,sa1,1
19796,N107991 /1 undetected,output,,N107991,N107991,1,undetected,N107991,N107991,N107991,sa1,1
19797,N76609 /1 undetected,output,,N76609,N76609,1,undetected,N76609,N76609,N76609,sa1,1
19798,N27211 /1 undetected,output,,N27211,N27211,1,undetected,N27211,N27211,N27211,sa1,1
19799,N112031 /1 undetected,output,,N112031,N112031,1,undetected,N112031,N112031,N112031,sa1,1
19800,N89942 /1 undetected,output,,N89942,N89942,1,undetected,N89942,N89942,N89942,sa1,1
19801,N56414 /1 undetected,output,,N56414,N56414,1,undetected,N56414,N56414,N56414,sa1,1
19802,N96452 /1 undetected,output,,N96452,N96452,1,undetected,N96452,N96452,N96452,sa1,1
19803,N56413 /1 undetected,output,,N56413,N56413,1,undetected,N56413,N56413,N56413,sa1,1
19804,N85801 /1 undetected,output,,N85801,N85801,1,undetected,N85801,N85801,N85801,sa1,1
19805,N56409 /1 undetected,output,,N56409,N56409,1,undetected,N56409,N56409,N56409,sa1,1
19806,N56405 /1 undetected,output,,N56405,N56405,1,undetected,N56405,N56405,N56405,sa1,1
19807,N75904 /1 undetected,output,,N75904,N75904,1,undetected,N75904,N75904,N75904,sa1,1
19808,N56404 /1 undetected,output,,N56404,N56404,1,undetected,N56404,N56404,N56404,sa1,1
19809,N121158 /1 undetected,output,,N121158,N121158,1,undetected,N121158,N121158,N121158,sa1,1
19810,N96449 /1 undetected,output,,N96449,N96449,1,undetected,N96449,N96449,N96449,sa1,1
19811,N56402 /1 undetected,output,,N56402,N56402,1,undetected,N56402,N56402,N56402,sa1,1
19812,N84314 /1 undetected,output,,N84314,N84314,1,undetected,N84314,N84314,N84314,sa1,1
19813,N56398 /1 undetected,output,,N56398,N56398,1,undetected,N56398,N56398,N56398,sa1,1
19814,N96446 /1 undetected,output,,N96446,N96446,1,undetected,N96446,N96446,N96446,sa1,1
19815,N107005 /1 undetected,output,,N107005,N107005,1,undetected,N107005,N107005,N107005,sa1,1
19816,N106958 /1 undetected,output,,N106958,N106958,1,undetected,N106958,N106958,N106958,sa1,1
19817,N106913 /1 undetected,output,,N106913,N106913,1,undetected,N106913,N106913,N106913,sa1,1
19818,N106870 /1 undetected,output,,N106870,N106870,1,undetected,N106870,N106870,N106870,sa1,1
19819,N28275 /0 undetected,output,,N28275,N28275,0,undetected,N28275,N28275,N28275,sa0,1
19820,N28274 /1 undetected,output,,N28274,N28274,1,undetected,N28274,N28274,N28274,sa1,1
19821,N109099 /1 undetected,output,,N109099,N109099,1,undetected,N109099,N109099,N109099,sa1,1
19822,N74810 /1 undetected,output,,N74810,N74810,1,undetected,N74810,N74810,N74810,sa1,1
19823,N28076 /0 undetected,output,,N28076,N28076,0,undetected,N28076,N28076,N28076,sa0,1
19824,N25332 /1 undetected,output,,N25332,N25332,1,undetected,N25332,N25332,N25332,sa1,1
19825,N25332 /0 undetected,output,,N25332,N25332,0,undetected,N25332,N25332,N25332,sa0,1
19826,N28287 /1 undetected,output,,N28287,N28287,1,undetected,N28287,N28287,N28287,sa1,1
19827,N28287 /0 undetected,output,,N28287,N28287,0,undetected,N28287,N28287,N28287,sa0,1
19828,N109040 /1 undetected,output,,N109040,N109040,1,undetected,N109040,N109040,N109040,sa1,1
19829,N74811 /1 undetected,output,,N74811,N74811,1,undetected,N74811,N74811,N74811,sa1,1
19830,N27719 /1 undetected,output,,N27719,N27719,1,undetected,N27719,N27719,N27719,sa1,1
19831,N27719 /0 undetected,output,,N27719,N27719,0,undetected,N27719,N27719,N27719,sa0,1
19832,N27718 /1 undetected,output,,N27718,N27718,1,undetected,N27718,N27718,N27718,sa1,1
19833,N27716 /1 undetected,output,,N27716,N27716,1,undetected,N27716,N27716,N27716,sa1,1
19834,N27715 /1 undetected,output,,N27715,N27715,1,undetected,N27715,N27715,N27715,sa1,1
19835,N81727 /1 undetected,output,,N81727,N81727,1,undetected,N81727,N81727,N81727,sa1,1
19836,N27714 /1 undetected,output,,N27714,N27714,1,undetected,N27714,N27714,N27714,sa1,1
19837,N112226 /1 undetected,output,,N112226,N112226,1,undetected,N112226,N112226,N112226,sa1,1
19838,N109148 /1 undetected,output,,N109148,N109148,1,undetected,N109148,N109148,N109148,sa1,1
19839,N27712 /1 undetected,output,,N27712,N27712,1,undetected,N27712,N27712,N27712,sa1,1
19840,N27710 /1 undetected,output,,N27710,N27710,1,undetected,N27710,N27710,N27710,sa1,1
19841,N81710 /1 undetected,output,,N81710,N81710,1,undetected,N81710,N81710,N81710,sa1,1
19842,N27709 /1 undetected,output,,N27709,N27709,1,undetected,N27709,N27709,N27709,sa1,1
19843,N109084 /1 undetected,output,,N109084,N109084,1,undetected,N109084,N109084,N109084,sa1,1
19844,N76623 /1 undetected,output,,N76623,N76623,1,undetected,N76623,N76623,N76623,sa1,1
19845,N27707 /1 undetected,output,,N27707,N27707,1,undetected,N27707,N27707,N27707,sa1,1
19846,N109016 /1 undetected,output,,N109016,N109016,1,undetected,N109016,N109016,N109016,sa1,1
19847,N86314 /1 undetected,output,,N86314,N86314,1,undetected,N86314,N86314,N86314,sa1,1
19848,N27705 /1 undetected,output,,N27705,N27705,1,undetected,N27705,N27705,N27705,sa1,1
19849,N112088 /1 undetected,output,,N112088,N112088,1,undetected,N112088,N112088,N112088,sa1,1
19850,N24925 /1 undetected,output,,N24925,N24925,1,undetected,N24925,N24925,N24925,sa1,1
19851,N27703 /1 undetected,output,,N27703,N27703,1,undetected,N27703,N27703,N27703,sa1,1
19852,N112094 /1 undetected,output,,N112094,N112094,1,undetected,N112094,N112094,N112094,sa1,1
19853,N89953 /1 undetected,output,,N89953,N89953,1,undetected,N89953,N89953,N89953,sa1,1
19854,N25113 /1 undetected,output,,N25113,N25113,1,undetected,N25113,N25113,N25113,sa1,1
19855,N25113 /0 undetected,output,,N25113,N25113,0,undetected,N25113,N25113,N25113,sa0,1
19856,N55710 /1 undetected,output,,N55710,N55710,1,undetected,N55710,N55710,N55710,sa1,1
19857,N55710 /0 undetected,output,,N55710,N55710,0,undetected,N55710,N55710,N55710,sa0,1
19858,N55709 /1 undetected,output,,N55709,N55709,1,undetected,N55709,N55709,N55709,sa1,1
19859,N106538 /1 undetected,output,,N106538,N106538,1,undetected,N106538,N106538,N106538,sa1,1
19860,N75840 /1 undetected,output,,N75840,N75840,1,undetected,N75840,N75840,N75840,sa1,1
19861,N55707 /1 undetected,output,,N55707,N55707,1,undetected,N55707,N55707,N55707,sa1,1
19862,N105866 /1 undetected,output,,N105866,N105866,1,undetected,N105866,N105866,N105866,sa1,1
19863,N85745 /1 undetected,output,,N85745,N85745,1,undetected,N85745,N85745,N85745,sa1,1
19864,N53844 /1 undetected,output,,N53844,N53844,1,undetected,N53844,N53844,N53844,sa1,1
19865,N53844 /0 undetected,output,,N53844,N53844,0,undetected,N53844,N53844,N53844,sa0,1
19866,N53843 /1 undetected,output,,N53843,N53843,1,undetected,N53843,N53843,N53843,sa1,1
19867,N105841 /1 undetected,output,,N105841,N105841,1,undetected,N105841,N105841,N105841,sa1,1
19868,N53842 /1 undetected,output,,N53842,N53842,1,undetected,N53842,N53842,N53842,sa1,1
19869,N105796 /1 undetected,output,,N105796,N105796,1,undetected,N105796,N105796,N105796,sa1,1
19870,N53840 /1 undetected,output,,N53840,N53840,1,undetected,N53840,N53840,N53840,sa1,1
19871,N93611 /1 undetected,output,,N93611,N93611,1,undetected,N93611,N93611,N93611,sa1,1
19872,N85757 /1 undetected,output,,N85757,N85757,1,undetected,N85757,N85757,N85757,sa1,1
19873,N53838 /1 undetected,output,,N53838,N53838,1,undetected,N53838,N53838,N53838,sa1,1
19874,N106536 /1 undetected,output,,N106536,N106536,1,undetected,N106536,N106536,N106536,sa1,1
19875,N75861 /1 undetected,output,,N75861,N75861,1,undetected,N75861,N75861,N75861,sa1,1
19876,N53132 /0 undetected,output,,N53132,N53132,0,undetected,N53132,N53132,N53132,sa0,1
19877,N113451 /1 undetected,output,,N113451,N113451,1,undetected,N113451,N113451,N113451,sa1,1
19878,N85851 /1 undetected,output,,N85851,N85851,1,undetected,N85851,N85851,N85851,sa1,1
19879,N23911 /0 undetected,output,,N23911,N23911,0,undetected,N23911,N23911,N23911,sa0,1
19880,N106066 /1 undetected,output,,N106066,N106066,1,undetected,N106066,N106066,N106066,sa1,1
19881,N95949 /1 undetected,output,,N95949,N95949,1,undetected,N95949,N95949,N95949,sa1,1
19882,N30545 /0 undetected,output,,N30545,N30545,0,undetected,N30545,N30545,N30545,sa0,1
19883,N85175 /1 undetected,output,,N85175,N85175,1,undetected,N85175,N85175,N85175,sa1,1
19884,N30542 /1 undetected,output,,N30542,N30542,1,undetected,N30542,N30542,N30542,sa1,1
19885,N30538 /1 undetected,output,,N30538,N30538,1,undetected,N30538,N30538,N30538,sa1,1
19886,N30363 /0 undetected,output,,N30363,N30363,0,undetected,N30363,N30363,N30363,sa0,1
19887,N113384 /1 undetected,output,,N113384,N113384,1,undetected,N113384,N113384,N113384,sa1,1
19888,N113374 /1 undetected,output,,N113374,N113374,1,undetected,N113374,N113374,N113374,sa1,1
19889,N23915 /0 undetected,output,,N23915,N23915,0,undetected,N23915,N23915,N23915,sa0,1
19890,N56421 /1 undetected,output,,N56421,N56421,1,undetected,N56421,N56421,N56421,sa1,1
19891,N56420 /1 undetected,output,,N56420,N56420,1,undetected,N56420,N56420,N56420,sa1,1
19892,N85802 /1 undetected,output,,N85802,N85802,1,undetected,N85802,N85802,N85802,sa1,1
19893,N96426 /1 undetected,output,,N96426,N96426,1,undetected,N96426,N96426,N96426,sa1,1
19894,N56354 /1 undetected,output,,N56354,N56354,1,undetected,N56354,N56354,N56354,sa1,1
19895,N121159 /1 undetected,output,,N121159,N121159,1,undetected,N121159,N121159,N121159,sa1,1
19896,N96424 /1 undetected,output,,N96424,N96424,1,undetected,N96424,N96424,N96424,sa1,1
19897,N35727 /0 undetected,output,,N35727,N35727,0,undetected,N35727,N35727,N35727,sa0,1
19898,N28063 /0 undetected,output,,N28063,N28063,0,undetected,N28063,N28063,N28063,sa0,1
19899,N108050 /1 undetected,output,,N108050,N108050,1,undetected,N108050,N108050,N108050,sa1,1
19900,N84538 /1 undetected,output,,N84538,N84538,1,undetected,N84538,N84538,N84538,sa1,1
19901,N56041 /1 undetected,output,,N56041,N56041,1,undetected,N56041,N56041,N56041,sa1,1
19902,N56041 /0 undetected,output,,N56041,N56041,0,undetected,N56041,N56041,N56041,sa0,1
19903,N121007 /1 undetected,output,,N121007,N121007,1,undetected,N121007,N121007,N121007,sa1,1
19904,N56040 /1 undetected,output,,N56040,N56040,1,undetected,N56040,N56040,N56040,sa1,1
19905,N56039 /1 undetected,output,,N56039,N56039,1,undetected,N56039,N56039,N56039,sa1,1
19906,N121115 /1 undetected,output,,N121115,N121115,1,undetected,N121115,N121115,N121115,sa1,1
19907,N121003 /1 undetected,output,,N121003,N121003,1,undetected,N121003,N121003,N121003,sa1,1
19908,N56037 /1 undetected,output,,N56037,N56037,1,undetected,N56037,N56037,N56037,sa1,1
19909,N75851 /1 undetected,output,,N75851,N75851,1,undetected,N75851,N75851,N75851,sa1,1
19910,N56035 /1 undetected,output,,N56035,N56035,1,undetected,N56035,N56035,N56035,sa1,1
19911,N121005 /1 undetected,output,,N121005,N121005,1,undetected,N121005,N121005,N121005,sa1,1
19912,N56033 /1 undetected,output,,N56033,N56033,1,undetected,N56033,N56033,N56033,sa1,1
19913,N121124 /1 undetected,output,,N121124,N121124,1,undetected,N121124,N121124,N121124,sa1,1
19914,N56031 /1 undetected,output,,N56031,N56031,1,undetected,N56031,N56031,N56031,sa1,1
19915,N85697 /1 undetected,output,,N85697,N85697,1,undetected,N85697,N85697,N85697,sa1,1
19916,N56029 /1 undetected,output,,N56029,N56029,1,undetected,N56029,N56029,N56029,sa1,1
19917,N121126 /1 undetected,output,,N121126,N121126,1,undetected,N121126,N121126,N121126,sa1,1
19918,N108916 /1 undetected,output,,N108916,N108916,1,undetected,N108916,N108916,N108916,sa1,1
19919,N55537 /1 undetected,output,,N55537,N55537,1,undetected,N55537,N55537,N55537,sa1,1
19920,N55537 /0 undetected,output,,N55537,N55537,0,undetected,N55537,N55537,N55537,sa0,1
19921,N121006 /1 undetected,output,,N121006,N121006,1,undetected,N121006,N121006,N121006,sa1,1
19922,N55529 /1 undetected,output,,N55529,N55529,1,undetected,N55529,N55529,N55529,sa1,1
19923,N121001 /1 undetected,output,,N121001,N121001,1,undetected,N121001,N121001,N121001,sa1,1
19924,N105836 /1 undetected,output,,N105836,N105836,1,undetected,N105836,N105836,N105836,sa1,1
19925,N106069 /1 undetected,output,,N106069,N106069,1,undetected,N106069,N106069,N106069,sa1,1
19926,N106068 /1 undetected,output,,N106068,N106068,1,undetected,N106068,N106068,N106068,sa1,1
19927,N106067 /1 undetected,output,,N106067,N106067,1,undetected,N106067,N106067,N106067,sa1,1
19928,N55137 /1 undetected,output,,N55137,N55137,1,undetected,N55137,N55137,N55137,sa1,1
19929,N55137 /0 undetected,output,,N55137,N55137,0,undetected,N55137,N55137,N55137,sa0,1
19930,N55136 /1 undetected,output,,N55136,N55136,1,undetected,N55136,N55136,N55136,sa1,1
19931,N120765 /1 undetected,output,,N120765,N120765,1,undetected,N120765,N120765,N120765,sa1,1
19932,N55134 /1 undetected,output,,N55134,N55134,1,undetected,N55134,N55134,N55134,sa1,1
19933,N55133 /1 undetected,output,,N55133,N55133,1,undetected,N55133,N55133,N55133,sa1,1
19934,N120872 /1 undetected,output,,N120872,N120872,1,undetected,N120872,N120872,N120872,sa1,1
19935,N55132 /1 undetected,output,,N55132,N55132,1,undetected,N55132,N55132,N55132,sa1,1
19936,N120876 /1 undetected,output,,N120876,N120876,1,undetected,N120876,N120876,N120876,sa1,1
19937,N85695 /1 undetected,output,,N85695,N85695,1,undetected,N85695,N85695,N85695,sa1,1
19938,N55130 /1 undetected,output,,N55130,N55130,1,undetected,N55130,N55130,N55130,sa1,1
19939,N108876 /1 undetected,output,,N108876,N108876,1,undetected,N108876,N108876,N108876,sa1,1
19940,N93523 /1 undetected,output,,N93523,N93523,1,undetected,N93523,N93523,N93523,sa1,1
19941,N55128 /1 undetected,output,,N55128,N55128,1,undetected,N55128,N55128,N55128,sa1,1
19942,N120830 /1 undetected,output,,N120830,N120830,1,undetected,N120830,N120830,N120830,sa1,1
19943,N120768 /1 undetected,output,,N120768,N120768,1,undetected,N120768,N120768,N120768,sa1,1
19944,N23878 /1 undetected,output,,N23878,N23878,1,undetected,N23878,N23878,N23878,sa1,1
19945,N93740 /1 undetected,output,,N93740,N93740,1,undetected,N93740,N93740,N93740,sa1,1
19946,N105986 /1 undetected,output,,N105986,N105986,1,undetected,N105986,N105986,N105986,sa1,1
19947,N2543 /1 undetected,output,,N2543,N2543,1,undetected,N2543,N2543,N2543,sa1,1
19948,N23875 /1 undetected,output,,N23875,N23875,1,undetected,N23875,N23875,N23875,sa1,1
19949,N106028 /1 undetected,output,,N106028,N106028,1,undetected,N106028,N106028,N106028,sa1,1
19950,N93730 /1 undetected,output,,N93730,N93730,1,undetected,N93730,N93730,N93730,sa1,1
19951,N30430 /0 undetected,output,,N30430,N30430,0,undetected,N30430,N30430,N30430,sa0,1
19952,N8172 /1 undetected,output,,N8172,N8172,1,undetected,N8172,N8172,N8172,sa1,1
19953,N8172 /0 undetected,output,,N8172,N8172,0,undetected,N8172,N8172,N8172,sa0,1
19954,N98261 /1 undetected,output,,N98261,N98261,1,undetected,N98261,N98261,N98261,sa1,1
19955,N8171 /1 undetected,output,,N8171,N8171,1,undetected,N8171,N8171,N8171,sa1,1
19956,N98242 /1 undetected,output,,N98242,N98242,1,undetected,N98242,N98242,N98242,sa1,1
19957,N8169 /1 undetected,output,,N8169,N8169,1,undetected,N8169,N8169,N8169,sa1,1
19958,N98337 /1 undetected,output,,N98337,N98337,1,undetected,N98337,N98337,N98337,sa1,1
19959,N8167 /1 undetected,output,,N8167,N8167,1,undetected,N8167,N8167,N8167,sa1,1
19960,N86611 /1 undetected,output,,N86611,N86611,1,undetected,N86611,N86611,N86611,sa1,1
19961,N8165 /1 undetected,output,,N8165,N8165,1,undetected,N8165,N8165,N8165,sa1,1
19962,N8163 /1 undetected,output,,N8163,N8163,1,undetected,N8163,N8163,N8163,sa1,1
19963,N96964 /1 undetected,output,,N96964,N96964,1,undetected,N96964,N96964,N96964,sa1,1
19964,N8035 /1 undetected,output,,N8035,N8035,1,undetected,N8035,N8035,N8035,sa1,1
19965,N86360 /1 undetected,output,,N86360,N86360,1,undetected,N86360,N86360,N86360,sa1,1
19966,N77781 /1 undetected,output,,N77781,N77781,1,undetected,N77781,N77781,N77781,sa1,1
19967,N8161 /1 undetected,output,,N8161,N8161,1,undetected,N8161,N8161,N8161,sa1,1
19968,N8159 /1 undetected,output,,N8159,N8159,1,undetected,N8159,N8159,N8159,sa1,1
19969,N87127 /1 undetected,output,,N87127,N87127,1,undetected,N87127,N87127,N87127,sa1,1
19970,N8158 /1 undetected,output,,N8158,N8158,1,undetected,N8158,N8158,N8158,sa1,1
19971,N96873 /1 undetected,output,,N96873,N96873,1,undetected,N96873,N96873,N96873,sa1,1
19972,N86362 /1 undetected,output,,N86362,N86362,1,undetected,N86362,N86362,N86362,sa1,1
19973,N8156 /1 undetected,output,,N8156,N8156,1,undetected,N8156,N8156,N8156,sa1,1
19974,N96841 /1 undetected,output,,N96841,N96841,1,undetected,N96841,N96841,N96841,sa1,1
19975,N76674 /1 undetected,output,,N76674,N76674,1,undetected,N76674,N76674,N76674,sa1,1
19976,N3553 /1 undetected,output,,N3553,N3553,1,undetected,N3553,N3553,N3553,sa1,1
19977,N3552 /1 undetected,output,,N3552,N3552,1,undetected,N3552,N3552,N3552,sa1,1
19978,N96455 /1 undetected,output,,N96455,N96455,1,undetected,N96455,N96455,N96455,sa1,1
19979,N3544 /1 undetected,output,,N3544,N3544,1,undetected,N3544,N3544,N3544,sa1,1
19980,N96453 /1 undetected,output,,N96453,N96453,1,undetected,N96453,N96453,N96453,sa1,1
19981,N3542 /1 undetected,output,,N3542,N3542,1,undetected,N3542,N3542,N3542,sa1,1
19982,N77159 /1 undetected,output,,N77159,N77159,1,undetected,N77159,N77159,N77159,sa1,1
19983,N3541 /1 undetected,output,,N3541,N3541,1,undetected,N3541,N3541,N3541,sa1,1
19984,N96395 /1 undetected,output,,N96395,N96395,1,undetected,N96395,N96395,N96395,sa1,1
19985,N76267 /1 undetected,output,,N76267,N76267,1,undetected,N76267,N76267,N76267,sa1,1
19986,N3535 /1 undetected,output,,N3535,N3535,1,undetected,N3535,N3535,N3535,sa1,1
19987,N96450 /1 undetected,output,,N96450,N96450,1,undetected,N96450,N96450,N96450,sa1,1
19988,N3527 /1 undetected,output,,N3527,N3527,1,undetected,N3527,N3527,N3527,sa1,1
19989,N96431 /1 undetected,output,,N96431,N96431,1,undetected,N96431,N96431,N96431,sa1,1
19990,N3525 /1 undetected,output,,N3525,N3525,1,undetected,N3525,N3525,N3525,sa1,1
19991,N84281 /1 undetected,output,,N84281,N84281,1,undetected,N84281,N84281,N84281,sa1,1
19992,N3523 /1 undetected,output,,N3523,N3523,1,undetected,N3523,N3523,N3523,sa1,1
19993,N96441 /1 undetected,output,,N96441,N96441,1,undetected,N96441,N96441,N96441,sa1,1
19994,N96332 /1 undetected,output,,N96332,N96332,1,undetected,N96332,N96332,N96332,sa1,1
19995,N56396 /1 undetected,output,,N56396,N56396,1,undetected,N56396,N56396,N56396,sa1,1
19996,N56395 /1 undetected,output,,N56395,N56395,1,undetected,N56395,N56395,N56395,sa1,1
19997,N85800 /1 undetected,output,,N85800,N85800,1,undetected,N85800,N85800,N85800,sa1,1
19998,N56392 /1 undetected,output,,N56392,N56392,1,undetected,N56392,N56392,N56392,sa1,1
19999,N56390 /1 undetected,output,,N56390,N56390,1,undetected,N56390,N56390,N56390,sa1,1
20000,N121160 /1 undetected,output,,N121160,N121160,1,undetected,N121160,N121160,N121160,sa1,1
20001,N56388 /1 undetected,output,,N56388,N56388,1,undetected,N56388,N56388,N56388,sa1,1
20002,N54067 /1 undetected,output,,N54067,N54067,1,undetected,N54067,N54067,N54067,sa1,1
20003,N54067 /0 undetected,output,,N54067,N54067,0,undetected,N54067,N54067,N54067,sa0,1
20004,N120452 /1 undetected,output,,N120452,N120452,1,undetected,N120452,N120452,N120452,sa1,1
20005,N54066 /1 undetected,output,,N54066,N54066,1,undetected,N54066,N54066,N54066,sa1,1
20006,N54064 /1 undetected,output,,N54064,N54064,1,undetected,N54064,N54064,N54064,sa1,1
20007,N120450 /1 undetected,output,,N120450,N120450,1,undetected,N120450,N120450,N120450,sa1,1
20008,N85733 /1 undetected,output,,N85733,N85733,1,undetected,N85733,N85733,N85733,sa1,1
20009,N54062 /1 undetected,output,,N54062,N54062,1,undetected,N54062,N54062,N54062,sa1,1
20010,N54060 /1 undetected,output,,N54060,N54060,1,undetected,N54060,N54060,N54060,sa1,1
20011,N75869 /1 undetected,output,,N75869,N75869,1,undetected,N75869,N75869,N75869,sa1,1
20012,N54058 /1 undetected,output,,N54058,N54058,1,undetected,N54058,N54058,N54058,sa1,1
20013,N120612 /1 undetected,output,,N120612,N120612,1,undetected,N120612,N120612,N120612,sa1,1
20014,N54056 /1 undetected,output,,N54056,N54056,1,undetected,N54056,N54056,N54056,sa1,1
20015,N108918 /1 undetected,output,,N108918,N108918,1,undetected,N108918,N108918,N108918,sa1,1
20016,N85688 /1 undetected,output,,N85688,N85688,1,undetected,N85688,N85688,N85688,sa1,1
20017,N54051 /1 undetected,output,,N54051,N54051,1,undetected,N54051,N54051,N54051,sa1,1
20018,N120548 /1 undetected,output,,N120548,N120548,1,undetected,N120548,N120548,N120548,sa1,1
20019,N120448 /1 undetected,output,,N120448,N120448,1,undetected,N120448,N120448,N120448,sa1,1
20020,N53576 /1 undetected,output,,N53576,N53576,1,undetected,N53576,N53576,N53576,sa1,1
20021,N53576 /0 undetected,output,,N53576,N53576,0,undetected,N53576,N53576,N53576,sa0,1
20022,N120451 /1 undetected,output,,N120451,N120451,1,undetected,N120451,N120451,N120451,sa1,1
20023,N53575 /1 undetected,output,,N53575,N53575,1,undetected,N53575,N53575,N53575,sa1,1
20024,N120447 /1 undetected,output,,N120447,N120447,1,undetected,N120447,N120447,N120447,sa1,1
20025,N93622 /1 undetected,output,,N93622,N93622,1,undetected,N93622,N93622,N93622,sa1,1
20026,N23904 /0 undetected,output,,N23904,N23904,0,undetected,N23904,N23904,N23904,sa0,1
20027,N27485 /1 undetected,output,,N27485,N27485,1,undetected,N27485,N27485,N27485,sa1,1
20028,N27485 /0 undetected,output,,N27485,N27485,0,undetected,N27485,N27485,N27485,sa0,1
20029,N27483 /1 undetected,output,,N27483,N27483,1,undetected,N27483,N27483,N27483,sa1,1
20030,N112034 /1 undetected,output,,N112034,N112034,1,undetected,N112034,N112034,N112034,sa1,1
20031,N89951 /1 undetected,output,,N89951,N89951,1,undetected,N89951,N89951,N89951,sa1,1
20032,N27481 /1 undetected,output,,N27481,N27481,1,undetected,N27481,N27481,N27481,sa1,1
20033,N27479 /1 undetected,output,,N27479,N27479,1,undetected,N27479,N27479,N27479,sa1,1
20034,N81723 /1 undetected,output,,N81723,N81723,1,undetected,N81723,N81723,N81723,sa1,1
20035,N27471 /1 undetected,output,,N27471,N27471,1,undetected,N27471,N27471,N27471,sa1,1
20036,N106699 /1 undetected,output,,N106699,N106699,1,undetected,N106699,N106699,N106699,sa1,1
20037,N86311 /1 undetected,output,,N86311,N86311,1,undetected,N86311,N86311,N86311,sa1,1
20038,N27478 /1 undetected,output,,N27478,N27478,1,undetected,N27478,N27478,N27478,sa1,1
20039,N76621 /1 undetected,output,,N76621,N76621,1,undetected,N76621,N76621,N76621,sa1,1
20040,N24041 /1 undetected,output,,N24041,N24041,1,undetected,N24041,N24041,N24041,sa1,1
20041,N8063 /1 undetected,output,,N8063,N8063,1,undetected,N8063,N8063,N8063,sa1,1
20042,N8063 /0 undetected,output,,N8063,N8063,0,undetected,N8063,N8063,N8063,sa0,1
20043,N98259 /1 undetected,output,,N98259,N98259,1,undetected,N98259,N98259,N98259,sa1,1
20044,N8062 /1 undetected,output,,N8062,N8062,1,undetected,N8062,N8062,N8062,sa1,1
20045,N98241 /1 undetected,output,,N98241,N98241,1,undetected,N98241,N98241,N98241,sa1,1
20046,N8060 /1 undetected,output,,N8060,N8060,1,undetected,N8060,N8060,N8060,sa1,1
20047,N8058 /1 undetected,output,,N8058,N8058,1,undetected,N8058,N8058,N8058,sa1,1
20048,N98336 /1 undetected,output,,N98336,N98336,1,undetected,N98336,N98336,N98336,sa1,1
20049,N8057 /1 undetected,output,,N8057,N8057,1,undetected,N8057,N8057,N8057,sa1,1
20050,N98247 /1 undetected,output,,N98247,N98247,1,undetected,N98247,N98247,N98247,sa1,1
20051,N96802 /1 undetected,output,,N96802,N96802,1,undetected,N96802,N96802,N96802,sa1,1
20052,N8048 /1 undetected,output,,N8048,N8048,1,undetected,N8048,N8048,N8048,sa1,1
20053,N8046 /1 undetected,output,,N8046,N8046,1,undetected,N8046,N8046,N8046,sa1,1
20054,N96963 /1 undetected,output,,N96963,N96963,1,undetected,N96963,N96963,N96963,sa1,1
20055,N8044 /1 undetected,output,,N8044,N8044,1,undetected,N8044,N8044,N8044,sa1,1
20056,N87125 /1 undetected,output,,N87125,N87125,1,undetected,N87125,N87125,N87125,sa1,1
20057,N76673 /1 undetected,output,,N76673,N76673,1,undetected,N76673,N76673,N76673,sa1,1
20058,N8043 /1 undetected,output,,N8043,N8043,1,undetected,N8043,N8043,N8043,sa1,1
20059,N86610 /1 undetected,output,,N86610,N86610,1,undetected,N86610,N86610,N86610,sa1,1
20060,N8042 /1 undetected,output,,N8042,N8042,1,undetected,N8042,N8042,N8042,sa1,1
20061,N8040 /1 undetected,output,,N8040,N8040,1,undetected,N8040,N8040,N8040,sa1,1
20062,N96840 /1 undetected,output,,N96840,N96840,1,undetected,N96840,N96840,N96840,sa1,1
20063,N86361 /1 undetected,output,,N86361,N86361,1,undetected,N86361,N86361,N86361,sa1,1
20064,N8038 /1 undetected,output,,N8038,N8038,1,undetected,N8038,N8038,N8038,sa1,1
20065,N77782 /1 undetected,output,,N77782,N77782,1,undetected,N77782,N77782,N77782,sa1,1
20066,N8037 /1 undetected,output,,N8037,N8037,1,undetected,N8037,N8037,N8037,sa1,1
20067,N96872 /1 undetected,output,,N96872,N96872,1,undetected,N96872,N96872,N96872,sa1,1
20068,N76672 /1 undetected,output,,N76672,N76672,1,undetected,N76672,N76672,N76672,sa1,1
20069,N55994 /1 undetected,output,,N55994,N55994,1,undetected,N55994,N55994,N55994,sa1,1
20070,N55994 /0 undetected,output,,N55994,N55994,0,undetected,N55994,N55994,N55994,sa0,1
20071,N120998 /1 undetected,output,,N120998,N120998,1,undetected,N120998,N120998,N120998,sa1,1
20072,N55993 /1 undetected,output,,N55993,N55993,1,undetected,N55993,N55993,N55993,sa1,1
20073,N55992 /1 undetected,output,,N55992,N55992,1,undetected,N55992,N55992,N55992,sa1,1
20074,N121113 /1 undetected,output,,N121113,N121113,1,undetected,N121113,N121113,N121113,sa1,1
20075,N120994 /1 undetected,output,,N120994,N120994,1,undetected,N120994,N120994,N120994,sa1,1
20076,N55989 /1 undetected,output,,N55989,N55989,1,undetected,N55989,N55989,N55989,sa1,1
20077,N75849 /1 undetected,output,,N75849,N75849,1,undetected,N75849,N75849,N75849,sa1,1
20078,N55987 /1 undetected,output,,N55987,N55987,1,undetected,N55987,N55987,N55987,sa1,1
20079,N120996 /1 undetected,output,,N120996,N120996,1,undetected,N120996,N120996,N120996,sa1,1
20080,N55985 /1 undetected,output,,N55985,N55985,1,undetected,N55985,N55985,N55985,sa1,1
20081,N75828 /1 undetected,output,,N75828,N75828,1,undetected,N75828,N75828,N75828,sa1,1
20082,N55983 /1 undetected,output,,N55983,N55983,1,undetected,N55983,N55983,N55983,sa1,1
20083,N120626 /1 undetected,output,,N120626,N120626,1,undetected,N120626,N120626,N120626,sa1,1
20084,N55981 /1 undetected,output,,N55981,N55981,1,undetected,N55981,N55981,N55981,sa1,1
20085,N55980 /1 undetected,output,,N55980,N55980,1,undetected,N55980,N55980,N55980,sa1,1
20086,N120629 /1 undetected,output,,N120629,N120629,1,undetected,N120629,N120629,N120629,sa1,1
20087,N75777 /1 undetected,output,,N75777,N75777,1,undetected,N75777,N75777,N75777,sa1,1
20088,N55978 /1 undetected,output,,N55978,N55978,1,undetected,N55978,N55978,N55978,sa1,1
20089,N120989 /1 undetected,output,,N120989,N120989,1,undetected,N120989,N120989,N120989,sa1,1
20090,N120624 /1 undetected,output,,N120624,N120624,1,undetected,N120624,N120624,N120624,sa1,1
20091,N55520 /0 undetected,output,,N55520,N55520,0,undetected,N55520,N55520,N55520,sa0,1
20092,N120997 /1 undetected,output,,N120997,N120997,1,undetected,N120997,N120997,N120997,sa1,1
20093,N120992 /1 undetected,output,,N120992,N120992,1,undetected,N120992,N120992,N120992,sa1,1
20094,N105835 /1 undetected,output,,N105835,N105835,1,undetected,N105835,N105835,N105835,sa1,1
20095,N28075 /1 undetected,output,,N28075,N28075,1,undetected,N28075,N28075,N28075,sa1,1
20096,N111575 /1 undetected,output,,N111575,N111575,1,undetected,N111575,N111575,N111575,sa1,1
20097,N28074 /1 undetected,output,,N28074,N28074,1,undetected,N28074,N28074,N28074,sa1,1
20098,N107706 /1 undetected,output,,N107706,N107706,1,undetected,N107706,N107706,N107706,sa1,1
20099,N28069 /1 undetected,output,,N28069,N28069,1,undetected,N28069,N28069,N28069,sa1,1
20100,N28069 /0 undetected,output,,N28069,N28069,0,undetected,N28069,N28069,N28069,sa0,1
20101,N112328 /1 undetected,output,,N112328,N112328,1,undetected,N112328,N112328,N112328,sa1,1
20102,N111574 /1 undetected,output,,N111574,N111574,1,undetected,N111574,N111574,N111574,sa1,1
20103,N25331 /0 undetected,output,,N25331,N25331,0,undetected,N25331,N25331,N25331,sa0,1
20104,N25330 /1 undetected,output,,N25330,N25330,1,undetected,N25330,N25330,N25330,sa1,1
20105,N75578 /1 undetected,output,,N75578,N75578,1,undetected,N75578,N75578,N75578,sa1,1
20106,N25328 /1 undetected,output,,N25328,N25328,1,undetected,N25328,N25328,N25328,sa1,1
20107,N25326 /1 undetected,output,,N25326,N25326,1,undetected,N25326,N25326,N25326,sa1,1
20108,N25324 /1 undetected,output,,N25324,N25324,1,undetected,N25324,N25324,N25324,sa1,1
20109,N25322 /1 undetected,output,,N25322,N25322,1,undetected,N25322,N25322,N25322,sa1,1
20110,N95820 /1 undetected,output,,N95820,N95820,1,undetected,N95820,N95820,N95820,sa1,1
20111,N25321 /1 undetected,output,,N25321,N25321,1,undetected,N25321,N25321,N25321,sa1,1
20112,N109146 /1 undetected,output,,N109146,N109146,1,undetected,N109146,N109146,N109146,sa1,1
20113,N93780 /1 undetected,output,,N93780,N93780,1,undetected,N93780,N93780,N93780,sa1,1
20114,N25319 /1 undetected,output,,N25319,N25319,1,undetected,N25319,N25319,N25319,sa1,1
20115,N93857 /1 undetected,output,,N93857,N93857,1,undetected,N93857,N93857,N93857,sa1,1
20116,N25238 /1 undetected,output,,N25238,N25238,1,undetected,N25238,N25238,N25238,sa1,1
20117,N25317 /1 undetected,output,,N25317,N25317,1,undetected,N25317,N25317,N25317,sa1,1
20118,N106487 /1 undetected,output,,N106487,N106487,1,undetected,N106487,N106487,N106487,sa1,1
20119,N25315 /1 undetected,output,,N25315,N25315,1,undetected,N25315,N25315,N25315,sa1,1
20120,N109178 /1 undetected,output,,N109178,N109178,1,undetected,N109178,N109178,N109178,sa1,1
20121,N85166 /1 undetected,output,,N85166,N85166,1,undetected,N85166,N85166,N85166,sa1,1
20122,N25311 /1 undetected,output,,N25311,N25311,1,undetected,N25311,N25311,N25311,sa1,1
20123,N25309 /1 undetected,output,,N25309,N25309,1,undetected,N25309,N25309,N25309,sa1,1
20124,N75167 /1 undetected,output,,N75167,N75167,1,undetected,N75167,N75167,N75167,sa1,1
20125,N25306 /1 undetected,output,,N25306,N25306,1,undetected,N25306,N25306,N25306,sa1,1
20126,N109171 /1 undetected,output,,N109171,N109171,1,undetected,N109171,N109171,N109171,sa1,1
20127,N93856 /1 undetected,output,,N93856,N93856,1,undetected,N93856,N93856,N93856,sa1,1
20128,N25308 /1 undetected,output,,N25308,N25308,1,undetected,N25308,N25308,N25308,sa1,1
20129,N109155 /1 undetected,output,,N109155,N109155,1,undetected,N109155,N109155,N109155,sa1,1
20130,N93779 /1 undetected,output,,N93779,N93779,1,undetected,N93779,N93779,N93779,sa1,1
20131,N25302 /1 undetected,output,,N25302,N25302,1,undetected,N25302,N25302,N25302,sa1,1
20132,N85532 /1 undetected,output,,N85532,N85532,1,undetected,N85532,N85532,N85532,sa1,1
20133,N25301 /1 undetected,output,,N25301,N25301,1,undetected,N25301,N25301,N25301,sa1,1
20134,N25299 /1 undetected,output,,N25299,N25299,1,undetected,N25299,N25299,N25299,sa1,1
20135,N76118 /1 undetected,output,,N76118,N76118,1,undetected,N76118,N76118,N76118,sa1,1
20136,N25298 /1 undetected,output,,N25298,N25298,1,undetected,N25298,N25298,N25298,sa1,1
20137,N109154 /1 undetected,output,,N109154,N109154,1,undetected,N109154,N109154,N109154,sa1,1
20138,N94328 /1 undetected,output,,N94328,N94328,1,undetected,N94328,N94328,N94328,sa1,1
20139,N25296 /1 undetected,output,,N25296,N25296,1,undetected,N25296,N25296,N25296,sa1,1
20140,N94416 /1 undetected,output,,N94416,N94416,1,undetected,N94416,N94416,N94416,sa1,1
20141,N25294 /1 undetected,output,,N25294,N25294,1,undetected,N25294,N25294,N25294,sa1,1
20142,N25265 /1 undetected,output,,N25265,N25265,1,undetected,N25265,N25265,N25265,sa1,1
20143,N107887 /1 undetected,output,,N107887,N107887,1,undetected,N107887,N107887,N107887,sa1,1
20144,N25262 /1 undetected,output,,N25262,N25262,1,undetected,N25262,N25262,N25262,sa1,1
20145,N25260 /1 undetected,output,,N25260,N25260,1,undetected,N25260,N25260,N25260,sa1,1
20146,N95957 /1 undetected,output,,N95957,N95957,1,undetected,N95957,N95957,N95957,sa1,1
20147,N25259 /1 undetected,output,,N25259,N25259,1,undetected,N25259,N25259,N25259,sa1,1
20148,N109147 /1 undetected,output,,N109147,N109147,1,undetected,N109147,N109147,N109147,sa1,1
20149,N94327 /1 undetected,output,,N94327,N94327,1,undetected,N94327,N94327,N94327,sa1,1
20150,N25240 /1 undetected,output,,N25240,N25240,1,undetected,N25240,N25240,N25240,sa1,1
20151,N109132 /1 undetected,output,,N109132,N109132,1,undetected,N109132,N109132,N109132,sa1,1
20152,N94415 /1 undetected,output,,N94415,N94415,1,undetected,N94415,N94415,N94415,sa1,1
20153,N25112 /1 undetected,output,,N25112,N25112,1,undetected,N25112,N25112,N25112,sa1,1
20154,N25112 /0 undetected,output,,N25112,N25112,0,undetected,N25112,N25112,N25112,sa0,1
20155,N25111 /1 undetected,output,,N25111,N25111,1,undetected,N25111,N25111,N25111,sa1,1
20156,N85530 /1 undetected,output,,N85530,N85530,1,undetected,N85530,N85530,N85530,sa1,1
20157,N25109 /1 undetected,output,,N25109,N25109,1,undetected,N25109,N25109,N25109,sa1,1
20158,N25107 /1 undetected,output,,N25107,N25107,1,undetected,N25107,N25107,N25107,sa1,1
20159,N25105 /1 undetected,output,,N25105,N25105,1,undetected,N25105,N25105,N25105,sa1,1
20160,N76116 /1 undetected,output,,N76116,N76116,1,undetected,N76116,N76116,N76116,sa1,1
20161,N25104 /1 undetected,output,,N25104,N25104,1,undetected,N25104,N25104,N25104,sa1,1
20162,N109034 /1 undetected,output,,N109034,N109034,1,undetected,N109034,N109034,N109034,sa1,1
20163,N94412 /1 undetected,output,,N94412,N94412,1,undetected,N94412,N94412,N94412,sa1,1
20164,N25102 /1 undetected,output,,N25102,N25102,1,undetected,N25102,N25102,N25102,sa1,1
20165,N109024 /1 undetected,output,,N109024,N109024,1,undetected,N109024,N109024,N109024,sa1,1
20166,N94324 /1 undetected,output,,N94324,N94324,1,undetected,N94324,N94324,N94324,sa1,1
20167,N25100 /1 undetected,output,,N25100,N25100,1,undetected,N25100,N25100,N25100,sa1,1
20168,N109036 /1 undetected,output,,N109036,N109036,1,undetected,N109036,N109036,N109036,sa1,1
20169,N25098 /1 undetected,output,,N25098,N25098,1,undetected,N25098,N25098,N25098,sa1,1
20170,N25096 /1 undetected,output,,N25096,N25096,1,undetected,N25096,N25096,N25096,sa1,1
20171,N95955 /1 undetected,output,,N95955,N95955,1,undetected,N95955,N95955,N95955,sa1,1
20172,N25095 /1 undetected,output,,N25095,N25095,1,undetected,N25095,N25095,N25095,sa1,1
20173,N108989 /1 undetected,output,,N108989,N108989,1,undetected,N108989,N108989,N108989,sa1,1
20174,N94411 /1 undetected,output,,N94411,N94411,1,undetected,N94411,N94411,N94411,sa1,1
20175,N25093 /1 undetected,output,,N25093,N25093,1,undetected,N25093,N25093,N25093,sa1,1
20176,N109014 /1 undetected,output,,N109014,N109014,1,undetected,N109014,N109014,N109014,sa1,1
20177,N94323 /1 undetected,output,,N94323,N94323,1,undetected,N94323,N94323,N94323,sa1,1
20178,N25088 /1 undetected,output,,N25088,N25088,1,undetected,N25088,N25088,N25088,sa1,1
20179,N25086 /1 undetected,output,,N25086,N25086,1,undetected,N25086,N25086,N25086,sa1,1
20180,N75576 /1 undetected,output,,N75576,N75576,1,undetected,N75576,N75576,N75576,sa1,1
20181,N25085 /1 undetected,output,,N25085,N25085,1,undetected,N25085,N25085,N25085,sa1,1
20182,N25083 /1 undetected,output,,N25083,N25083,1,undetected,N25083,N25083,N25083,sa1,1
20183,N75165 /1 undetected,output,,N75165,N75165,1,undetected,N75165,N75165,N75165,sa1,1
20184,N25082 /1 undetected,output,,N25082,N25082,1,undetected,N25082,N25082,N25082,sa1,1
20185,N93853 /1 undetected,output,,N93853,N93853,1,undetected,N93853,N93853,N93853,sa1,1
20186,N25080 /1 undetected,output,,N25080,N25080,1,undetected,N25080,N25080,N25080,sa1,1
20187,N25073 /1 undetected,output,,N25073,N25073,1,undetected,N25073,N25073,N25073,sa1,1
20188,N109023 /1 undetected,output,,N109023,N109023,1,undetected,N109023,N109023,N109023,sa1,1
20189,N93776 /1 undetected,output,,N93776,N93776,1,undetected,N93776,N93776,N93776,sa1,1
20190,N25061 /1 undetected,output,,N25061,N25061,1,undetected,N25061,N25061,N25061,sa1,1
20191,N25059 /1 undetected,output,,N25059,N25059,1,undetected,N25059,N25059,N25059,sa1,1
20192,N85164 /1 undetected,output,,N85164,N85164,1,undetected,N85164,N85164,N85164,sa1,1
20193,N25058 /1 undetected,output,,N25058,N25058,1,undetected,N25058,N25058,N25058,sa1,1
20194,N109019 /1 undetected,output,,N109019,N109019,1,undetected,N109019,N109019,N109019,sa1,1
20195,N105875 /1 undetected,output,,N105875,N105875,1,undetected,N105875,N105875,N105875,sa1,1
20196,N25054 /1 undetected,output,,N25054,N25054,1,undetected,N25054,N25054,N25054,sa1,1
20197,N25052 /1 undetected,output,,N25052,N25052,1,undetected,N25052,N25052,N25052,sa1,1
20198,N95818 /1 undetected,output,,N95818,N95818,1,undetected,N95818,N95818,N95818,sa1,1
20199,N25051 /1 undetected,output,,N25051,N25051,1,undetected,N25051,N25051,N25051,sa1,1
20200,N108990 /1 undetected,output,,N108990,N108990,1,undetected,N108990,N108990,N108990,sa1,1
20201,N93852 /1 undetected,output,,N93852,N93852,1,undetected,N93852,N93852,N93852,sa1,1
20202,N25049 /1 undetected,output,,N25049,N25049,1,undetected,N25049,N25049,N25049,sa1,1
20203,N109015 /1 undetected,output,,N109015,N109015,1,undetected,N109015,N109015,N109015,sa1,1
20204,N93775 /1 undetected,output,,N93775,N93775,1,undetected,N93775,N93775,N93775,sa1,1
20205,N33081 /1 undetected,output,,N33081,N33081,1,undetected,N33081,N33081,N33081,sa1,1
20206,N33081 /0 undetected,output,,N33081,N33081,0,undetected,N33081,N33081,N33081,sa0,1
20207,N114121 /1 undetected,output,,N114121,N114121,1,undetected,N114121,N114121,N114121,sa1,1
20208,N105891 /1 undetected,output,,N105891,N105891,1,undetected,N105891,N105891,N105891,sa1,1
20209,N32972 /1 undetected,output,,N32972,N32972,1,undetected,N32972,N32972,N32972,sa1,1
20210,N32972 /0 undetected,output,,N32972,N32972,0,undetected,N32972,N32972,N32972,sa0,1
20211,N114105 /1 undetected,output,,N114105,N114105,1,undetected,N114105,N114105,N114105,sa1,1
20212,N105890 /1 undetected,output,,N105890,N105890,1,undetected,N105890,N105890,N105890,sa1,1
20213,N32819 /1 undetected,output,,N32819,N32819,1,undetected,N32819,N32819,N32819,sa1,1
20214,N32819 /0 undetected,output,,N32819,N32819,0,undetected,N32819,N32819,N32819,sa0,1
20215,N105889 /1 undetected,output,,N105889,N105889,1,undetected,N105889,N105889,N105889,sa1,1
20216,N32818 /1 undetected,output,,N32818,N32818,1,undetected,N32818,N32818,N32818,sa1,1
20217,N105747 /1 undetected,output,,N105747,N105747,1,undetected,N105747,N105747,N105747,sa1,1
20218,N32816 /1 undetected,output,,N32816,N32816,1,undetected,N32816,N32816,N32816,sa1,1
20219,N95834 /1 undetected,output,,N95834,N95834,1,undetected,N95834,N95834,N95834,sa1,1
20220,N77453 /1 undetected,output,,N77453,N77453,1,undetected,N77453,N77453,N77453,sa1,1
20221,N32717 /1 undetected,output,,N32717,N32717,1,undetected,N32717,N32717,N32717,sa1,1
20222,N32717 /0 undetected,output,,N32717,N32717,0,undetected,N32717,N32717,N32717,sa0,1
20223,N114066 /1 undetected,output,,N114066,N114066,1,undetected,N114066,N114066,N114066,sa1,1
20224,N105888 /1 undetected,output,,N105888,N105888,1,undetected,N105888,N105888,N105888,sa1,1
20225,N32576 /1 undetected,output,,N32576,N32576,1,undetected,N32576,N32576,N32576,sa1,1
20226,N32576 /0 undetected,output,,N32576,N32576,0,undetected,N32576,N32576,N32576,sa0,1
20227,N114045 /1 undetected,output,,N114045,N114045,1,undetected,N114045,N114045,N114045,sa1,1
20228,N105887 /1 undetected,output,,N105887,N105887,1,undetected,N105887,N105887,N105887,sa1,1
20229,N31193 /1 undetected,output,,N31193,N31193,1,undetected,N31193,N31193,N31193,sa1,1
20230,N31193 /0 undetected,output,,N31193,N31193,0,undetected,N31193,N31193,N31193,sa0,1
20231,N113844 /1 undetected,output,,N113844,N113844,1,undetected,N113844,N113844,N113844,sa1,1
20232,N105886 /1 undetected,output,,N105886,N105886,1,undetected,N105886,N105886,N105886,sa1,1
20233,N30903 /1 undetected,output,,N30903,N30903,1,undetected,N30903,N30903,N30903,sa1,1
20234,N30903 /0 undetected,output,,N30903,N30903,0,undetected,N30903,N30903,N30903,sa0,1
20235,N105885 /1 undetected,output,,N105885,N105885,1,undetected,N105885,N105885,N105885,sa1,1
20236,N30902 /1 undetected,output,,N30902,N30902,1,undetected,N30902,N30902,N30902,sa1,1
20237,N105741 /1 undetected,output,,N105741,N105741,1,undetected,N105741,N105741,N105741,sa1,1
20238,N30900 /1 undetected,output,,N30900,N30900,1,undetected,N30900,N30900,N30900,sa1,1
20239,N95830 /1 undetected,output,,N95830,N95830,1,undetected,N95830,N95830,N95830,sa1,1
20240,N77243 /1 undetected,output,,N77243,N77243,1,undetected,N77243,N77243,N77243,sa1,1
20241,N23997 /1 undetected,output,,N23997,N23997,1,undetected,N23997,N23997,N23997,sa1,1
20242,N23997 /0 undetected,output,,N23997,N23997,0,undetected,N23997,N23997,N23997,sa0,1
20243,N23996 /1 undetected,output,,N23996,N23996,1,undetected,N23996,N23996,N23996,sa1,1
20244,N106514 /1 undetected,output,,N106514,N106514,1,undetected,N106514,N106514,N106514,sa1,1
20245,N23994 /1 undetected,output,,N23994,N23994,1,undetected,N23994,N23994,N23994,sa1,1
20246,N105807 /1 undetected,output,,N105807,N105807,1,undetected,N105807,N105807,N105807,sa1,1
20247,N23993 /1 undetected,output,,N23993,N23993,1,undetected,N23993,N23993,N23993,sa1,1
20248,N106530 /1 undetected,output,,N106530,N106530,1,undetected,N106530,N106530,N106530,sa1,1
20249,N75791 /1 undetected,output,,N75791,N75791,1,undetected,N75791,N75791,N75791,sa1,1
20250,N23991 /1 undetected,output,,N23991,N23991,1,undetected,N23991,N23991,N23991,sa1,1
20251,N106535 /1 undetected,output,,N106535,N106535,1,undetected,N106535,N106535,N106535,sa1,1
20252,N105822 /1 undetected,output,,N105822,N105822,1,undetected,N105822,N105822,N105822,sa1,1
20253,N55741 /1 undetected,output,,N55741,N55741,1,undetected,N55741,N55741,N55741,sa1,1
20254,N55741 /0 undetected,output,,N55741,N55741,0,undetected,N55741,N55741,N55741,sa0,1
20255,N55740 /1 undetected,output,,N55740,N55740,1,undetected,N55740,N55740,N55740,sa1,1
20256,N105990 /1 undetected,output,,N105990,N105990,1,undetected,N105990,N105990,N105990,sa1,1
20257,N85746 /1 undetected,output,,N85746,N85746,1,undetected,N85746,N85746,N85746,sa1,1
20258,N55738 /1 undetected,output,,N55738,N55738,1,undetected,N55738,N55738,N55738,sa1,1
20259,N106589 /1 undetected,output,,N106589,N106589,1,undetected,N106589,N106589,N106589,sa1,1
20260,N75844 /1 undetected,output,,N75844,N75844,1,undetected,N75844,N75844,N75844,sa1,1
20261,N33092 /1 undetected,output,,N33092,N33092,1,undetected,N33092,N33092,N33092,sa1,1
20262,N33092 /0 undetected,output,,N33092,N33092,0,undetected,N33092,N33092,N33092,sa0,1
20263,N106002 /1 undetected,output,,N106002,N106002,1,undetected,N106002,N106002,N106002,sa1,1
20264,N77345 /1 undetected,output,,N77345,N77345,1,undetected,N77345,N77345,N77345,sa1,1
20265,N32955 /1 undetected,output,,N32955,N32955,1,undetected,N32955,N32955,N32955,sa1,1
20266,N32955 /0 undetected,output,,N32955,N32955,0,undetected,N32955,N32955,N32955,sa0,1
20267,N106001 /1 undetected,output,,N106001,N106001,1,undetected,N106001,N106001,N106001,sa1,1
20268,N77397 /1 undetected,output,,N77397,N77397,1,undetected,N77397,N77397,N77397,sa1,1
20269,N32828 /1 undetected,output,,N32828,N32828,1,undetected,N32828,N32828,N32828,sa1,1
20270,N32828 /0 undetected,output,,N32828,N32828,0,undetected,N32828,N32828,N32828,sa0,1
20271,N106000 /1 undetected,output,,N106000,N106000,1,undetected,N106000,N106000,N106000,sa1,1
20272,N77454 /1 undetected,output,,N77454,N77454,1,undetected,N77454,N77454,N77454,sa1,1
20273,N32704 /1 undetected,output,,N32704,N32704,1,undetected,N32704,N32704,N32704,sa1,1
20274,N32704 /0 undetected,output,,N32704,N32704,0,undetected,N32704,N32704,N32704,sa0,1
20275,N105999 /1 undetected,output,,N105999,N105999,1,undetected,N105999,N105999,N105999,sa1,1
20276,N77566 /1 undetected,output,,N77566,N77566,1,undetected,N77566,N77566,N77566,sa1,1
20277,N32587 /1 undetected,output,,N32587,N32587,1,undetected,N32587,N32587,N32587,sa1,1
20278,N32587 /0 undetected,output,,N32587,N32587,0,undetected,N32587,N32587,N32587,sa0,1
20279,N105998 /1 undetected,output,,N105998,N105998,1,undetected,N105998,N105998,N105998,sa1,1
20280,N77626 /1 undetected,output,,N77626,N77626,1,undetected,N77626,N77626,N77626,sa1,1
20281,N31911 /0 undetected,output,,N31911,N31911,0,undetected,N31911,N31911,N31911,sa0,1
20282,N106055 /1 undetected,output,,N106055,N106055,1,undetected,N106055,N106055,N106055,sa1,1
20283,N31198 /1 undetected,output,,N31198,N31198,1,undetected,N31198,N31198,N31198,sa1,1
20284,N31198 /0 undetected,output,,N31198,N31198,0,undetected,N31198,N31198,N31198,sa0,1
20285,N105995 /1 undetected,output,,N105995,N105995,1,undetected,N105995,N105995,N105995,sa1,1
20286,N77133 /1 undetected,output,,N77133,N77133,1,undetected,N77133,N77133,N77133,sa1,1
20287,N31050 /1 undetected,output,,N31050,N31050,1,undetected,N31050,N31050,N31050,sa1,1
20288,N106054 /1 undetected,output,,N106054,N106054,1,undetected,N106054,N106054,N106054,sa1,1
20289,N86379 /1 undetected,output,,N86379,N86379,1,undetected,N86379,N86379,N86379,sa1,1
20290,N30361 /1 undetected,output,,N30361,N30361,1,undetected,N30361,N30361,N30361,sa1,1
20291,N30361 /0 undetected,output,,N30361,N30361,0,undetected,N30361,N30361,N30361,sa0,1
20292,N113376 /1 undetected,output,,N113376,N113376,1,undetected,N113376,N113376,N113376,sa1,1
20293,N113373 /1 undetected,output,,N113373,N113373,1,undetected,N113373,N113373,N113373,sa1,1
20294,N27474 /1 undetected,output,,N27474,N27474,1,undetected,N27474,N27474,N27474,sa1,1
20295,N27474 /0 undetected,output,,N27474,N27474,0,undetected,N27474,N27474,N27474,sa0,1
20296,N27473 /1 undetected,output,,N27473,N27473,1,undetected,N27473,N27473,N27473,sa1,1
20297,N27469 /1 undetected,output,,N27469,N27469,1,undetected,N27469,N27469,N27469,sa1,1
20298,N81722 /1 undetected,output,,N81722,N81722,1,undetected,N81722,N81722,N81722,sa1,1
20299,N27468 /1 undetected,output,,N27468,N27468,1,undetected,N27468,N27468,N27468,sa1,1
20300,N27466 /1 undetected,output,,N27466,N27466,1,undetected,N27466,N27466,N27466,sa1,1
20301,N106592 /1 undetected,output,,N106592,N106592,1,undetected,N106592,N106592,N106592,sa1,1
20302,N76620 /1 undetected,output,,N76620,N76620,1,undetected,N76620,N76620,N76620,sa1,1
20303,N27464 /1 undetected,output,,N27464,N27464,1,undetected,N27464,N27464,N27464,sa1,1
20304,N112155 /1 undetected,output,,N112155,N112155,1,undetected,N112155,N112155,N112155,sa1,1
20305,N105989 /1 undetected,output,,N105989,N105989,1,undetected,N105989,N105989,N105989,sa1,1
20306,N27228 /1 undetected,output,,N27228,N27228,1,undetected,N27228,N27228,N27228,sa1,1
20307,N27228 /0 undetected,output,,N27228,N27228,0,undetected,N27228,N27228,N27228,sa0,1
20308,N27227 /1 undetected,output,,N27227,N27227,1,undetected,N27227,N27227,N27227,sa1,1
20309,N112033 /1 undetected,output,,N112033,N112033,1,undetected,N112033,N112033,N112033,sa1,1
20310,N89943 /1 undetected,output,,N89943,N89943,1,undetected,N89943,N89943,N89943,sa1,1
20311,N27225 /1 undetected,output,,N27225,N27225,1,undetected,N27225,N27225,N27225,sa1,1
20312,N27223 /1 undetected,output,,N27223,N27223,1,undetected,N27223,N27223,N27223,sa1,1
20313,N107861 /1 undetected,output,,N107861,N107861,1,undetected,N107861,N107861,N107861,sa1,1
20314,N81704 /1 undetected,output,,N81704,N81704,1,undetected,N81704,N81704,N81704,sa1,1
20315,N27222 /1 undetected,output,,N27222,N27222,1,undetected,N27222,N27222,N27222,sa1,1
20316,N107979 /1 undetected,output,,N107979,N107979,1,undetected,N107979,N107979,N107979,sa1,1
20317,N76610 /1 undetected,output,,N76610,N76610,1,undetected,N76610,N76610,N76610,sa1,1
20318,N23914 /1 undetected,output,,N23914,N23914,1,undetected,N23914,N23914,N23914,sa1,1
20319,N106052 /1 undetected,output,,N106052,N106052,1,undetected,N106052,N106052,N106052,sa1,1
20320,N85521 /1 undetected,output,,N85521,N85521,1,undetected,N85521,N85521,N85521,sa1,1
20321,N23896 /0 undetected,output,,N23896,N23896,0,undetected,N23896,N23896,N23896,sa0,1
20322,N23894 /1 undetected,output,,N23894,N23894,1,undetected,N23894,N23894,N23894,sa1,1
20323,N106029 /1 undetected,output,,N106029,N106029,1,undetected,N106029,N106029,N106029,sa1,1
20324,N94313 /1 undetected,output,,N94313,N94313,1,undetected,N94313,N94313,N94313,sa1,1
20325,N105987 /1 undetected,output,,N105987,N105987,1,undetected,N105987,N105987,N105987,sa1,1
20326,N94400 /1 undetected,output,,N94400,N94400,1,undetected,N94400,N94400,N94400,sa1,1
20327,N6225 /0 undetected,output,,N6225,N6225,0,undetected,N6225,N6225,N6225,sa0,1
20328,N97625 /1 undetected,output,,N97625,N97625,1,undetected,N97625,N97625,N97625,sa1,1
20329,N6223 /1 undetected,output,,N6223,N6223,1,undetected,N6223,N6223,N6223,sa1,1
20330,N6221 /1 undetected,output,,N6221,N6221,1,undetected,N6221,N6221,N6221,sa1,1
20331,N97636 /1 undetected,output,,N97636,N97636,1,undetected,N97636,N97636,N97636,sa1,1
20332,N96846 /1 undetected,output,,N96846,N96846,1,undetected,N96846,N96846,N96846,sa1,1
20333,N29918 /0 undetected,output,,N29918,N29918,0,undetected,N29918,N29918,N29918,sa0,1
20334,N91808 /1 undetected,output,,N91808,N91808,1,undetected,N91808,N91808,N91808,sa1,1
20335,N111630 /1 undetected,output,,N111630,N111630,1,undetected,N111630,N111630,N111630,sa1,1
20336,N84545 /1 undetected,output,,N84545,N84545,1,undetected,N84545,N84545,N84545,sa1,1
20337,N25402 /1 undetected,output,,N25402,N25402,1,undetected,N25402,N25402,N25402,sa1,1
20338,N109328 /1 undetected,output,,N109328,N109328,1,undetected,N109328,N109328,N109328,sa1,1
20339,N92390 /1 undetected,output,,N92390,N92390,1,undetected,N92390,N92390,N92390,sa1,1
20340,N25400 /1 undetected,output,,N25400,N25400,1,undetected,N25400,N25400,N25400,sa1,1
20341,N109327 /1 undetected,output,,N109327,N109327,1,undetected,N109327,N109327,N109327,sa1,1
20342,N84746 /1 undetected,output,,N84746,N84746,1,undetected,N84746,N84746,N84746,sa1,1
20343,N55536 /1 undetected,output,,N55536,N55536,1,undetected,N55536,N55536,N55536,sa1,1
20344,N55536 /0 undetected,output,,N55536,N55536,0,undetected,N55536,N55536,N55536,sa0,1
20345,N105842 /1 undetected,output,,N105842,N105842,1,undetected,N105842,N105842,N105842,sa1,1
20346,N55535 /1 undetected,output,,N55535,N55535,1,undetected,N55535,N55535,N55535,sa1,1
20347,N105817 /1 undetected,output,,N105817,N105817,1,undetected,N105817,N105817,N105817,sa1,1
20348,N55533 /1 undetected,output,,N55533,N55533,1,undetected,N55533,N55533,N55533,sa1,1
20349,N121004 /1 undetected,output,,N121004,N121004,1,undetected,N121004,N121004,N121004,sa1,1
20350,N120957 /1 undetected,output,,N120957,N120957,1,undetected,N120957,N120957,N120957,sa1,1
20351,N30454 /1 undetected,output,,N30454,N30454,1,undetected,N30454,N30454,N30454,sa1,1
20352,N113352 /1 undetected,output,,N113352,N113352,1,undetected,N113352,N113352,N113352,sa1,1
20353,N105883 /1 undetected,output,,N105883,N105883,1,undetected,N105883,N105883,N105883,sa1,1
20354,N30391 /1 undetected,output,,N30391,N30391,1,undetected,N30391,N30391,N30391,sa1,1
20355,N113448 /1 undetected,output,,N113448,N113448,1,undetected,N113448,N113448,N113448,sa1,1
20356,N105882 /1 undetected,output,,N105882,N105882,1,undetected,N105882,N105882,N105882,sa1,1
20357,N30429 /1 undetected,output,,N30429,N30429,1,undetected,N30429,N30429,N30429,sa1,1
20358,N105992 /1 undetected,output,,N105992,N105992,1,undetected,N105992,N105992,N105992,sa1,1
20359,N75175 /1 undetected,output,,N75175,N75175,1,undetected,N75175,N75175,N75175,sa1,1
20360,N30385 /1 undetected,output,,N30385,N30385,1,undetected,N30385,N30385,N30385,sa1,1
20361,N113433 /1 undetected,output,,N113433,N113433,1,undetected,N113433,N113433,N113433,sa1,1
20362,N75174 /1 undetected,output,,N75174,N75174,1,undetected,N75174,N75174,N75174,sa1,1
20363,N30359 /1 undetected,output,,N30359,N30359,1,undetected,N30359,N30359,N30359,sa1,1
20364,N113375 /1 undetected,output,,N113375,N113375,1,undetected,N113375,N113375,N113375,sa1,1
20365,N75585 /1 undetected,output,,N75585,N75585,1,undetected,N75585,N75585,N75585,sa1,1
20366,N27155 /1 undetected,output,,N27155,N27155,1,undetected,N27155,N27155,N27155,sa1,1
20367,N27155 /0 undetected,output,,N27155,N27155,0,undetected,N27155,N27155,N27155,sa0,1
20368,N105988 /1 undetected,output,,N105988,N105988,1,undetected,N105988,N105988,N105988,sa1,1
20369,N76601 /1 undetected,output,,N76601,N76601,1,undetected,N76601,N76601,N76601,sa1,1
20370,N6233 /1 undetected,output,,N6233,N6233,1,undetected,N6233,N6233,N6233,sa1,1
20371,N6233 /0 undetected,output,,N6233,N6233,0,undetected,N6233,N6233,N6233,sa0,1
20372,N97699 /1 undetected,output,,N97699,N97699,1,undetected,N97699,N97699,N97699,sa1,1
20373,N95877 /1 undetected,output,,N95877,N95877,1,undetected,N95877,N95877,N95877,sa1,1
20374,N91855 /1 undetected,output,,N91855,N91855,1,undetected,N91855,N91855,N91855,sa1,1
20375,N49630 /1 undetected,output,,N49630,N49630,1,undetected,N49630,N49630,N49630,sa1,1
20376,N49487 /1 undetected,output,,N49487,N49487,1,undetected,N49487,N49487,N49487,sa1,1
20377,N97779 /1 undetected,output,,N97779,N97779,1,undetected,N97779,N97779,N97779,sa1,1
20378,N49624 /1 undetected,output,,N49624,N49624,1,undetected,N49624,N49624,N49624,sa1,1
20379,N49622 /1 undetected,output,,N49622,N49622,1,undetected,N49622,N49622,N49622,sa1,1
20380,N75625 /1 undetected,output,,N75625,N75625,1,undetected,N75625,N75625,N75625,sa1,1
20381,N49605 /1 undetected,output,,N49605,N49605,1,undetected,N49605,N49605,N49605,sa1,1
20382,N49603 /1 undetected,output,,N49603,N49603,1,undetected,N49603,N49603,N49603,sa1,1
20383,N75178 /1 undetected,output,,N75178,N75178,1,undetected,N75178,N75178,N75178,sa1,1
20384,N49602 /1 undetected,output,,N49602,N49602,1,undetected,N49602,N49602,N49602,sa1,1
20385,N119044 /1 undetected,output,,N119044,N119044,1,undetected,N119044,N119044,N119044,sa1,1
20386,N93870 /1 undetected,output,,N93870,N93870,1,undetected,N93870,N93870,N93870,sa1,1
20387,N49600 /1 undetected,output,,N49600,N49600,1,undetected,N49600,N49600,N49600,sa1,1
20388,N119038 /1 undetected,output,,N119038,N119038,1,undetected,N119038,N119038,N119038,sa1,1
20389,N93792 /1 undetected,output,,N93792,N93792,1,undetected,N93792,N93792,N93792,sa1,1
20390,N49616 /1 undetected,output,,N49616,N49616,1,undetected,N49616,N49616,N49616,sa1,1
20391,N49614 /1 undetected,output,,N49614,N49614,1,undetected,N49614,N49614,N49614,sa1,1
20392,N95839 /1 undetected,output,,N95839,N95839,1,undetected,N95839,N95839,N95839,sa1,1
20393,N49613 /1 undetected,output,,N49613,N49613,1,undetected,N49613,N49613,N49613,sa1,1
20394,N119015 /1 undetected,output,,N119015,N119015,1,undetected,N119015,N119015,N119015,sa1,1
20395,N93793 /1 undetected,output,,N93793,N93793,1,undetected,N93793,N93793,N93793,sa1,1
20396,N119023 /1 undetected,output,,N119023,N119023,1,undetected,N119023,N119023,N119023,sa1,1
20397,N93871 /1 undetected,output,,N93871,N93871,1,undetected,N93871,N93871,N93871,sa1,1
20398,N49609 /1 undetected,output,,N49609,N49609,1,undetected,N49609,N49609,N49609,sa1,1
20399,N49607 /1 undetected,output,,N49607,N49607,1,undetected,N49607,N49607,N49607,sa1,1
20400,N85190 /1 undetected,output,,N85190,N85190,1,undetected,N85190,N85190,N85190,sa1,1
20401,N49490 /1 undetected,output,,N49490,N49490,1,undetected,N49490,N49490,N49490,sa1,1
20402,N118992 /1 undetected,output,,N118992,N118992,1,undetected,N118992,N118992,N118992,sa1,1
20403,N105691 /1 undetected,output,,N105691,N105691,1,undetected,N105691,N105691,N105691,sa1,1
20404,N85554 /1 undetected,output,,N85554,N85554,1,undetected,N85554,N85554,N85554,sa1,1
20405,N49598 /1 undetected,output,,N49598,N49598,1,undetected,N49598,N49598,N49598,sa1,1
20406,N76126 /1 undetected,output,,N76126,N76126,1,undetected,N76126,N76126,N76126,sa1,1
20407,N49595 /1 undetected,output,,N49595,N49595,1,undetected,N49595,N49595,N49595,sa1,1
20408,N119043 /1 undetected,output,,N119043,N119043,1,undetected,N119043,N119043,N119043,sa1,1
20409,N94429 /1 undetected,output,,N94429,N94429,1,undetected,N94429,N94429,N94429,sa1,1
20410,N49580 /1 undetected,output,,N49580,N49580,1,undetected,N49580,N49580,N49580,sa1,1
20411,N119037 /1 undetected,output,,N119037,N119037,1,undetected,N119037,N119037,N119037,sa1,1
20412,N94340 /1 undetected,output,,N94340,N94340,1,undetected,N94340,N94340,N94340,sa1,1
20413,N49552 /1 undetected,output,,N49552,N49552,1,undetected,N49552,N49552,N49552,sa1,1
20414,N95966 /1 undetected,output,,N95966,N95966,1,undetected,N95966,N95966,N95966,sa1,1
20415,N49551 /1 undetected,output,,N49551,N49551,1,undetected,N49551,N49551,N49551,sa1,1
20416,N119014 /1 undetected,output,,N119014,N119014,1,undetected,N119014,N119014,N119014,sa1,1
20417,N94339 /1 undetected,output,,N94339,N94339,1,undetected,N94339,N94339,N94339,sa1,1
20418,N94428 /1 undetected,output,,N94428,N94428,1,undetected,N94428,N94428,N94428,sa1,1
20419,N49492 /1 undetected,output,,N49492,N49492,1,undetected,N49492,N49492,N49492,sa1,1
20420,N49489 /1 undetected,output,,N49489,N49489,1,undetected,N49489,N49489,N49489,sa1,1
20421,N118991 /1 undetected,output,,N118991,N118991,1,undetected,N118991,N118991,N118991,sa1,1
20422,N106077 /1 undetected,output,,N106077,N106077,1,undetected,N106077,N106077,N106077,sa1,1
20423,N92401 /1 undetected,output,,N92401,N92401,1,undetected,N92401,N92401,N92401,sa1,1
20424,N49483 /1 undetected,output,,N49483,N49483,1,undetected,N49483,N49483,N49483,sa1,1
20425,N49481 /1 undetected,output,,N49481,N49481,1,undetected,N49481,N49481,N49481,sa1,1
20426,N49479 /1 undetected,output,,N49479,N49479,1,undetected,N49479,N49479,N49479,sa1,1
20427,N75624 /1 undetected,output,,N75624,N75624,1,undetected,N75624,N75624,N75624,sa1,1
20428,N49464 /1 undetected,output,,N49464,N49464,1,undetected,N49464,N49464,N49464,sa1,1
20429,N118980 /1 undetected,output,,N118980,N118980,1,undetected,N118980,N118980,N118980,sa1,1
20430,N118871 /1 undetected,output,,N118871,N118871,1,undetected,N118871,N118871,N118871,sa1,1
20431,N49472 /1 undetected,output,,N49472,N49472,1,undetected,N49472,N49472,N49472,sa1,1
20432,N118988 /1 undetected,output,,N118988,N118988,1,undetected,N118988,N118988,N118988,sa1,1
20433,N85553 /1 undetected,output,,N85553,N85553,1,undetected,N85553,N85553,N85553,sa1,1
20434,N54143 /1 undetected,output,,N54143,N54143,1,undetected,N54143,N54143,N54143,sa1,1
20435,N54143 /0 undetected,output,,N54143,N54143,0,undetected,N54143,N54143,N54143,sa0,1
20436,N54142 /1 undetected,output,,N54142,N54142,1,undetected,N54142,N54142,N54142,sa1,1
20437,N120456 /1 undetected,output,,N120456,N120456,1,undetected,N120456,N120456,N120456,sa1,1
20438,N54072 /1 undetected,output,,N54072,N54072,1,undetected,N54072,N54072,N54072,sa1,1
20439,N120458 /1 undetected,output,,N120458,N120458,1,undetected,N120458,N120458,N120458,sa1,1
20440,N54070 /1 undetected,output,,N54070,N54070,1,undetected,N54070,N54070,N54070,sa1,1
20441,N120566 /1 undetected,output,,N120566,N120566,1,undetected,N120566,N120566,N120566,sa1,1
20442,N93612 /1 undetected,output,,N93612,N93612,1,undetected,N93612,N93612,N93612,sa1,1
20443,N54100 /1 undetected,output,,N54100,N54100,1,undetected,N54100,N54100,N54100,sa1,1
20444,N120555 /1 undetected,output,,N120555,N120555,1,undetected,N120555,N120555,N120555,sa1,1
20445,N54098 /1 undetected,output,,N54098,N54098,1,undetected,N54098,N54098,N54098,sa1,1
20446,N120625 /1 undetected,output,,N120625,N120625,1,undetected,N120625,N120625,N120625,sa1,1
20447,N54096 /1 undetected,output,,N54096,N54096,1,undetected,N54096,N54096,N54096,sa1,1
20448,N54095 /1 undetected,output,,N54095,N54095,1,undetected,N54095,N54095,N54095,sa1,1
20449,N120622 /1 undetected,output,,N120622,N120622,1,undetected,N120622,N120622,N120622,sa1,1
20450,N120300 /1 undetected,output,,N120300,N120300,1,undetected,N120300,N120300,N120300,sa1,1
20451,N54093 /1 undetected,output,,N54093,N54093,1,undetected,N54093,N54093,N54093,sa1,1
20452,N120627 /1 undetected,output,,N120627,N120627,1,undetected,N120627,N120627,N120627,sa1,1
20453,N75751 /1 undetected,output,,N75751,N75751,1,undetected,N75751,N75751,N75751,sa1,1
20454,N53573 /1 undetected,output,,N53573,N53573,1,undetected,N53573,N53573,N53573,sa1,1
20455,N53573 /0 undetected,output,,N53573,N53573,0,undetected,N53573,N53573,N53573,sa0,1
20456,N53571 /1 undetected,output,,N53571,N53571,1,undetected,N53571,N53571,N53571,sa1,1
20457,N93617 /1 undetected,output,,N93617,N93617,1,undetected,N93617,N93617,N93617,sa1,1
20458,N53570 /1 undetected,output,,N53570,N53570,1,undetected,N53570,N53570,N53570,sa1,1
20459,N120449 /1 undetected,output,,N120449,N120449,1,undetected,N120449,N120449,N120449,sa1,1
20460,N93605 /1 undetected,output,,N93605,N93605,1,undetected,N93605,N93605,N93605,sa1,1
20461,N53564 /1 undetected,output,,N53564,N53564,1,undetected,N53564,N53564,N53564,sa1,1
20462,N120442 /1 undetected,output,,N120442,N120442,1,undetected,N120442,N120442,N120442,sa1,1
20463,N105762 /1 undetected,output,,N105762,N105762,1,undetected,N105762,N105762,N105762,sa1,1
20464,N27739 /1 undetected,output,,N27739,N27739,1,undetected,N27739,N27739,N27739,sa1,1
20465,N27739 /0 undetected,output,,N27739,N27739,0,undetected,N27739,N27739,N27739,sa0,1
20466,N27738 /1 undetected,output,,N27738,N27738,1,undetected,N27738,N27738,N27738,sa1,1
20467,N81728 /1 undetected,output,,N81728,N81728,1,undetected,N81728,N81728,N81728,sa1,1
20468,N27734 /1 undetected,output,,N27734,N27734,1,undetected,N27734,N27734,N27734,sa1,1
20469,N27733 /1 undetected,output,,N27733,N27733,1,undetected,N27733,N27733,N27733,sa1,1
20470,N27732 /1 undetected,output,,N27732,N27732,1,undetected,N27732,N27732,N27732,sa1,1
20471,N112089 /1 undetected,output,,N112089,N112089,1,undetected,N112089,N112089,N112089,sa1,1
20472,N24944 /1 undetected,output,,N24944,N24944,1,undetected,N24944,N24944,N24944,sa1,1
20473,N27730 /1 undetected,output,,N27730,N27730,1,undetected,N27730,N27730,N27730,sa1,1
20474,N112227 /1 undetected,output,,N112227,N112227,1,undetected,N112227,N112227,N112227,sa1,1
20475,N109133 /1 undetected,output,,N109133,N109133,1,undetected,N109133,N109133,N109133,sa1,1
20476,N27728 /1 undetected,output,,N27728,N27728,1,undetected,N27728,N27728,N27728,sa1,1
20477,N27726 /1 undetected,output,,N27726,N27726,1,undetected,N27726,N27726,N27726,sa1,1
20478,N81711 /1 undetected,output,,N81711,N81711,1,undetected,N81711,N81711,N81711,sa1,1
20479,N27723 /1 undetected,output,,N27723,N27723,1,undetected,N27723,N27723,N27723,sa1,1
20480,N109088 /1 undetected,output,,N109088,N109088,1,undetected,N109088,N109088,N109088,sa1,1
20481,N76624 /1 undetected,output,,N76624,N76624,1,undetected,N76624,N76624,N76624,sa1,1
20482,N27725 /1 undetected,output,,N27725,N27725,1,undetected,N27725,N27725,N27725,sa1,1
20483,N108991 /1 undetected,output,,N108991,N108991,1,undetected,N108991,N108991,N108991,sa1,1
20484,N86315 /1 undetected,output,,N86315,N86315,1,undetected,N86315,N86315,N86315,sa1,1
20485,N27736 /1 undetected,output,,N27736,N27736,1,undetected,N27736,N27736,N27736,sa1,1
20486,N112097 /1 undetected,output,,N112097,N112097,1,undetected,N112097,N112097,N112097,sa1,1
20487,N89954 /1 undetected,output,,N89954,N89954,1,undetected,N89954,N89954,N89954,sa1,1
20488,N23989 /1 undetected,output,,N23989,N23989,1,undetected,N23989,N23989,N23989,sa1,1
20489,N23989 /0 undetected,output,,N23989,N23989,0,undetected,N23989,N23989,N23989,sa0,1
20490,N23903 /1 undetected,output,,N23903,N23903,1,undetected,N23903,N23903,N23903,sa1,1
20491,N23902 /1 undetected,output,,N23902,N23902,1,undetected,N23902,N23902,N23902,sa1,1
20492,N23900 /1 undetected,output,,N23900,N23900,1,undetected,N23900,N23900,N23900,sa1,1
20493,N3486 /1 undetected,output,,N3486,N3486,1,undetected,N3486,N3486,N3486,sa1,1
20494,N3486 /0 undetected,output,,N3486,N3486,0,undetected,N3486,N3486,N3486,sa0,1
20495,N77156 /1 undetected,output,,N77156,N77156,1,undetected,N77156,N77156,N77156,sa1,1
20496,N3484 /1 undetected,output,,N3484,N3484,1,undetected,N3484,N3484,N3484,sa1,1
20497,N96403 /1 undetected,output,,N96403,N96403,1,undetected,N96403,N96403,N96403,sa1,1
20498,N3482 /1 undetected,output,,N3482,N3482,1,undetected,N3482,N3482,N3482,sa1,1
20499,N84280 /1 undetected,output,,N84280,N84280,1,undetected,N84280,N84280,N84280,sa1,1
20500,N3480 /1 undetected,output,,N3480,N3480,1,undetected,N3480,N3480,N3480,sa1,1
20501,N96331 /1 undetected,output,,N96331,N96331,1,undetected,N96331,N96331,N96331,sa1,1
20502,N96130 /1 undetected,output,,N96130,N96130,1,undetected,N96130,N96130,N96130,sa1,1
20503,N3393 /1 undetected,output,,N3393,N3393,1,undetected,N3393,N3393,N3393,sa1,1
20504,N3393 /0 undetected,output,,N3393,N3393,0,undetected,N3393,N3393,N3393,sa0,1
20505,N96336 /1 undetected,output,,N96336,N96336,1,undetected,N96336,N96336,N96336,sa1,1
20506,N93213 /1 undetected,output,,N93213,N93213,1,undetected,N93213,N93213,N93213,sa1,1
20507,N49378 /1 undetected,output,,N49378,N49378,1,undetected,N49378,N49378,N49378,sa1,1
20508,N84626 /1 undetected,output,,N84626,N84626,1,undetected,N84626,N84626,N84626,sa1,1
20509,N49377 /1 undetected,output,,N49377,N49377,1,undetected,N49377,N49377,N49377,sa1,1
20510,N101529 /1 undetected,output,,N101529,N101529,1,undetected,N101529,N101529,N101529,sa1,1
20511,N49375 /1 undetected,output,,N49375,N49375,1,undetected,N49375,N49375,N49375,sa1,1
20512,N49373 /1 undetected,output,,N49373,N49373,1,undetected,N49373,N49373,N49373,sa1,1
20513,N118945 /1 undetected,output,,N118945,N118945,1,undetected,N118945,N118945,N118945,sa1,1
20514,N49371 /1 undetected,output,,N49371,N49371,1,undetected,N49371,N49371,N49371,sa1,1
20515,N49369 /1 undetected,output,,N49369,N49369,1,undetected,N49369,N49369,N49369,sa1,1
20516,N95838 /1 undetected,output,,N95838,N95838,1,undetected,N95838,N95838,N95838,sa1,1
20517,N49366 /1 undetected,output,,N49366,N49366,1,undetected,N49366,N49366,N49366,sa1,1
20518,N118935 /1 undetected,output,,N118935,N118935,1,undetected,N118935,N118935,N118935,sa1,1
20519,N93791 /1 undetected,output,,N93791,N93791,1,undetected,N93791,N93791,N93791,sa1,1
20520,N49368 /1 undetected,output,,N49368,N49368,1,undetected,N49368,N49368,N49368,sa1,1
20521,N118943 /1 undetected,output,,N118943,N118943,1,undetected,N118943,N118943,N118943,sa1,1
20522,N93869 /1 undetected,output,,N93869,N93869,1,undetected,N93869,N93869,N93869,sa1,1
20523,N49360 /1 undetected,output,,N49360,N49360,1,undetected,N49360,N49360,N49360,sa1,1
20524,N49358 /1 undetected,output,,N49358,N49358,1,undetected,N49358,N49358,N49358,sa1,1
20525,N75177 /1 undetected,output,,N75177,N75177,1,undetected,N75177,N75177,N75177,sa1,1
20526,N49357 /1 undetected,output,,N49357,N49357,1,undetected,N49357,N49357,N49357,sa1,1
20527,N118916 /1 undetected,output,,N118916,N118916,1,undetected,N118916,N118916,N118916,sa1,1
20528,N93868 /1 undetected,output,,N93868,N93868,1,undetected,N93868,N93868,N93868,sa1,1
20529,N49355 /1 undetected,output,,N49355,N49355,1,undetected,N49355,N49355,N49355,sa1,1
20530,N118908 /1 undetected,output,,N118908,N118908,1,undetected,N118908,N118908,N118908,sa1,1
20531,N93790 /1 undetected,output,,N93790,N93790,1,undetected,N93790,N93790,N93790,sa1,1
20532,N101227 /1 undetected,output,,N101227,N101227,1,undetected,N101227,N101227,N101227,sa1,1
20533,N118918 /1 undetected,output,,N118918,N118918,1,undetected,N118918,N118918,N118918,sa1,1
20534,N49345 /1 undetected,output,,N49345,N49345,1,undetected,N49345,N49345,N49345,sa1,1
20535,N95965 /1 undetected,output,,N95965,N95965,1,undetected,N95965,N95965,N95965,sa1,1
20536,N49317 /1 undetected,output,,N49317,N49317,1,undetected,N49317,N49317,N49317,sa1,1
20537,N118934 /1 undetected,output,,N118934,N118934,1,undetected,N118934,N118934,N118934,sa1,1
20538,N94338 /1 undetected,output,,N94338,N94338,1,undetected,N94338,N94338,N94338,sa1,1
20539,N94427 /1 undetected,output,,N94427,N94427,1,undetected,N94427,N94427,N94427,sa1,1
20540,N49288 /1 undetected,output,,N49288,N49288,1,undetected,N49288,N49288,N49288,sa1,1
20541,N76125 /1 undetected,output,,N76125,N76125,1,undetected,N76125,N76125,N76125,sa1,1
20542,N49285 /1 undetected,output,,N49285,N49285,1,undetected,N49285,N49285,N49285,sa1,1
20543,N118915 /1 undetected,output,,N118915,N118915,1,undetected,N118915,N118915,N118915,sa1,1
20544,N94426 /1 undetected,output,,N94426,N94426,1,undetected,N94426,N94426,N94426,sa1,1
20545,N49270 /1 undetected,output,,N49270,N49270,1,undetected,N49270,N49270,N49270,sa1,1
20546,N118907 /1 undetected,output,,N118907,N118907,1,undetected,N118907,N118907,N118907,sa1,1
20547,N94337 /1 undetected,output,,N94337,N94337,1,undetected,N94337,N94337,N94337,sa1,1
20548,N49233 /1 undetected,output,,N49233,N49233,1,undetected,N49233,N49233,N49233,sa1,1
20549,N84783 /1 undetected,output,,N84783,N84783,1,undetected,N84783,N84783,N84783,sa1,1
20550,N49230 /1 undetected,output,,N49230,N49230,1,undetected,N49230,N49230,N49230,sa1,1
20551,N85552 /1 undetected,output,,N85552,N85552,1,undetected,N85552,N85552,N85552,sa1,1
20552,N49228 /1 undetected,output,,N49228,N49228,1,undetected,N49228,N49228,N49228,sa1,1
20553,N49221 /1 undetected,output,,N49221,N49221,1,undetected,N49221,N49221,N49221,sa1,1
20554,N75623 /1 undetected,output,,N75623,N75623,1,undetected,N75623,N75623,N75623,sa1,1
20555,N49219 /1 undetected,output,,N49219,N49219,1,undetected,N49219,N49219,N49219,sa1,1
20556,N49217 /1 undetected,output,,N49217,N49217,1,undetected,N49217,N49217,N49217,sa1,1
20557,N118870 /1 undetected,output,,N118870,N118870,1,undetected,N118870,N118870,N118870,sa1,1
20558,N118866 /1 undetected,output,,N118866,N118866,1,undetected,N118866,N118866,N118866,sa1,1
20559,N49215 /1 undetected,output,,N49215,N49215,1,undetected,N49215,N49215,N49215,sa1,1
20560,N118864 /1 undetected,output,,N118864,N118864,1,undetected,N118864,N118864,N118864,sa1,1
20561,N49211 /1 undetected,output,,N49211,N49211,1,undetected,N49211,N49211,N49211,sa1,1
20562,N24691 /1 undetected,output,,N24691,N24691,1,undetected,N24691,N24691,N24691,sa1,1
20563,N55519 /1 undetected,output,,N55519,N55519,1,undetected,N55519,N55519,N55519,sa1,1
20564,N55519 /0 undetected,output,,N55519,N55519,0,undetected,N55519,N55519,N55519,sa0,1
20565,N105816 /1 undetected,output,,N105816,N105816,1,undetected,N105816,N105816,N105816,sa1,1
20566,N55517 /1 undetected,output,,N55517,N55517,1,undetected,N55517,N55517,N55517,sa1,1
20567,N120995 /1 undetected,output,,N120995,N120995,1,undetected,N120995,N120995,N120995,sa1,1
20568,N55515 /1 undetected,output,,N55515,N55515,1,undetected,N55515,N55515,N55515,sa1,1
20569,N120956 /1 undetected,output,,N120956,N120956,1,undetected,N120956,N120956,N120956,sa1,1
20570,N55514 /1 undetected,output,,N55514,N55514,1,undetected,N55514,N55514,N55514,sa1,1
20571,N105613 /1 undetected,output,,N105613,N105613,1,undetected,N105613,N105613,N105613,sa1,1
20572,N75826 /1 undetected,output,,N75826,N75826,1,undetected,N75826,N75826,N75826,sa1,1
20573,N26096 /1 undetected,output,,N26096,N26096,1,undetected,N26096,N26096,N26096,sa1,1
20574,N53591 /0 undetected,output,,N53591,N53591,0,undetected,N53591,N53591,N53591,sa0,1
20575,N120455 /1 undetected,output,,N120455,N120455,1,undetected,N120455,N120455,N120455,sa1,1
20576,N120457 /1 undetected,output,,N120457,N120457,1,undetected,N120457,N120457,N120457,sa1,1
20577,N93693 /1 undetected,output,,N93693,N93693,1,undetected,N93693,N93693,N93693,sa1,1
20578,N23773 /1 undetected,output,,N23773,N23773,1,undetected,N23773,N23773,N23773,sa1,1
20579,N95812 /1 undetected,output,,N95812,N95812,1,undetected,N95812,N95812,N95812,sa1,1
20580,N54661 /1 undetected,output,,N54661,N54661,1,undetected,N54661,N54661,N54661,sa1,1
20581,N54661 /0 undetected,output,,N54661,N54661,0,undetected,N54661,N54661,N54661,sa0,1
20582,N120764 /1 undetected,output,,N120764,N120764,1,undetected,N120764,N120764,N120764,sa1,1
20583,N54660 /1 undetected,output,,N54660,N54660,1,undetected,N54660,N54660,N54660,sa1,1
20584,N120763 /1 undetected,output,,N120763,N120763,1,undetected,N120763,N120763,N120763,sa1,1
20585,N75883 /1 undetected,output,,N75883,N75883,1,undetected,N75883,N75883,N75883,sa1,1
20586,N23895 /1 undetected,output,,N23895,N23895,1,undetected,N23895,N23895,N23895,sa1,1
20587,N23890 /1 undetected,output,,N23890,N23890,1,undetected,N23890,N23890,N23890,sa1,1
20588,N94399 /1 undetected,output,,N94399,N94399,1,undetected,N94399,N94399,N94399,sa1,1
20589,N23888 /1 undetected,output,,N23888,N23888,1,undetected,N23888,N23888,N23888,sa1,1
20590,N106027 /1 undetected,output,,N106027,N106027,1,undetected,N106027,N106027,N106027,sa1,1
20591,N94312 /1 undetected,output,,N94312,N94312,1,undetected,N94312,N94312,N94312,sa1,1
20592,N3391 /0 undetected,output,,N3391,N3391,0,undetected,N3391,N3391,N3391,sa0,1
20593,N25399 /1 undetected,output,,N25399,N25399,1,undetected,N25399,N25399,N25399,sa1,1
20594,N23771 /1 undetected,output,,N23771,N23771,1,undetected,N23771,N23771,N23771,sa1,1
20595,N55748 /1 undetected,output,,N55748,N55748,1,undetected,N55748,N55748,N55748,sa1,1
20596,N55748 /0 undetected,output,,N55748,N55748,0,undetected,N55748,N55748,N55748,sa0,1
20597,N55747 /1 undetected,output,,N55747,N55747,1,undetected,N55747,N55747,N55747,sa1,1
20598,N106575 /1 undetected,output,,N106575,N106575,1,undetected,N106575,N106575,N106575,sa1,1
20599,N75845 /1 undetected,output,,N75845,N75845,1,undetected,N75845,N75845,N75845,sa1,1
20600,N55745 /1 undetected,output,,N55745,N55745,1,undetected,N55745,N55745,N55745,sa1,1
20601,N106032 /1 undetected,output,,N106032,N106032,1,undetected,N106032,N106032,N106032,sa1,1
20602,N85747 /1 undetected,output,,N85747,N85747,1,undetected,N85747,N85747,N85747,sa1,1
20603,N53879 /1 undetected,output,,N53879,N53879,1,undetected,N53879,N53879,N53879,sa1,1
20604,N53879 /0 undetected,output,,N53879,N53879,0,undetected,N53879,N53879,N53879,sa0,1
20605,N53878 /1 undetected,output,,N53878,N53878,1,undetected,N53878,N53878,N53878,sa1,1
20606,N106573 /1 undetected,output,,N106573,N106573,1,undetected,N106573,N106573,N106573,sa1,1
20607,N75865 /1 undetected,output,,N75865,N75865,1,undetected,N75865,N75865,N75865,sa1,1
20608,N53876 /1 undetected,output,,N53876,N53876,1,undetected,N53876,N53876,N53876,sa1,1
20609,N106031 /1 undetected,output,,N106031,N106031,1,undetected,N106031,N106031,N106031,sa1,1
20610,N85758 /1 undetected,output,,N85758,N85758,1,undetected,N85758,N85758,N85758,sa1,1
20611,N30384 /1 undetected,output,,N30384,N30384,1,undetected,N30384,N30384,N30384,sa1,1
20612,N113289 /1 undetected,output,,N113289,N113289,1,undetected,N113289,N113289,N113289,sa1,1
20613,N105985 /1 undetected,output,,N105985,N105985,1,undetected,N105985,N105985,N105985,sa1,1
20614,N30358 /1 undetected,output,,N30358,N30358,1,undetected,N30358,N30358,N30358,sa1,1
20615,N30356 /1 undetected,output,,N30356,N30356,1,undetected,N30356,N30356,N30356,sa1,1
20616,N75930 /1 undetected,output,,N75930,N75930,1,undetected,N75930,N75930,N75930,sa1,1
20617,N75173 /1 undetected,output,,N75173,N75173,1,undetected,N75173,N75173,N75173,sa1,1
20618,N23837 /1 undetected,output,,N23837,N23837,1,undetected,N23837,N23837,N23837,sa1,1
20619,N93746 /1 undetected,output,,N93746,N93746,1,undetected,N93746,N93746,N93746,sa1,1
20620,N69171 /1 undetected,output,,N69171,N69171,1,undetected,N69171,N69171,N69171,sa1,1
20621,N90862 /1 undetected,output,,N90862,N90862,1,undetected,N90862,N90862,N90862,sa1,1
20622,N87070 /1 undetected,output,,N87070,N87070,1,undetected,N87070,N87070,N87070,sa1,1
20623,N83078 /1 undetected,output,,N83078,N83078,1,undetected,N83078,N83078,N83078,sa1,1
20624,N69166 /1 undetected,output,,N69166,N69166,1,undetected,N69166,N69166,N69166,sa1,1
20625,N69156 /1 undetected,output,,N69156,N69156,1,undetected,N69156,N69156,N69156,sa1,1
20626,N77684 /1 undetected,output,,N77684,N77684,1,undetected,N77684,N77684,N77684,sa1,1
20627,N69155 /1 undetected,output,,N69155,N69155,1,undetected,N69155,N69155,N69155,sa1,1
20628,N90860 /1 undetected,output,,N90860,N90860,1,undetected,N90860,N90860,N90860,sa1,1
20629,N69153 /1 undetected,output,,N69153,N69153,1,undetected,N69153,N69153,N69153,sa1,1
20630,N83077 /1 undetected,output,,N83077,N83077,1,undetected,N83077,N83077,N83077,sa1,1
20631,N4621 /1 undetected,output,,N4621,N4621,1,undetected,N4621,N4621,N4621,sa1,1
20632,N84416 /1 undetected,output,,N84416,N84416,1,undetected,N84416,N84416,N84416,sa1,1
20633,N3691 /1 undetected,output,,N3691,N3691,1,undetected,N3691,N3691,N3691,sa1,1
20634,N3691 /0 undetected,output,,N3691,N3691,0,undetected,N3691,N3691,N3691,sa0,1
20635,N96116 /1 undetected,output,,N96116,N96116,1,undetected,N96116,N96116,N96116,sa1,1
20636,N3690 /1 undetected,output,,N3690,N3690,1,undetected,N3690,N3690,N3690,sa1,1
20637,N3688 /1 undetected,output,,N3688,N3688,1,undetected,N3688,N3688,N3688,sa1,1
20638,N76235 /1 undetected,output,,N76235,N76235,1,undetected,N76235,N76235,N76235,sa1,1
20639,N3687 /1 undetected,output,,N3687,N3687,1,undetected,N3687,N3687,N3687,sa1,1
20640,N96517 /1 undetected,output,,N96517,N96517,1,undetected,N96517,N96517,N96517,sa1,1
20641,N96475 /1 undetected,output,,N96475,N96475,1,undetected,N96475,N96475,N96475,sa1,1
20642,N3685 /1 undetected,output,,N3685,N3685,1,undetected,N3685,N3685,N3685,sa1,1
20643,N96520 /1 undetected,output,,N96520,N96520,1,undetected,N96520,N96520,N96520,sa1,1
20644,N3683 /1 undetected,output,,N3683,N3683,1,undetected,N3683,N3683,N3683,sa1,1
20645,N84288 /1 undetected,output,,N84288,N84288,1,undetected,N84288,N84288,N84288,sa1,1
20646,N3681 /1 undetected,output,,N3681,N3681,1,undetected,N3681,N3681,N3681,sa1,1
20647,N96525 /1 undetected,output,,N96525,N96525,1,undetected,N96525,N96525,N96525,sa1,1
20648,N96465 /1 undetected,output,,N96465,N96465,1,undetected,N96465,N96465,N96465,sa1,1
20649,N3664 /1 undetected,output,,N3664,N3664,1,undetected,N3664,N3664,N3664,sa1,1
20650,N3664 /0 undetected,output,,N3664,N3664,0,undetected,N3664,N3664,N3664,sa0,1
20651,N95903 /1 undetected,output,,N95903,N95903,1,undetected,N95903,N95903,N95903,sa1,1
20652,N3663 /1 undetected,output,,N3663,N3663,1,undetected,N3663,N3663,N3663,sa1,1
20653,N3661 /1 undetected,output,,N3661,N3661,1,undetected,N3661,N3661,N3661,sa1,1
20654,N3660 /1 undetected,output,,N3660,N3660,1,undetected,N3660,N3660,N3660,sa1,1
20655,N76234 /1 undetected,output,,N76234,N76234,1,undetected,N76234,N76234,N76234,sa1,1
20656,N3659 /1 undetected,output,,N3659,N3659,1,undetected,N3659,N3659,N3659,sa1,1
20657,N93242 /1 undetected,output,,N93242,N93242,1,undetected,N93242,N93242,N93242,sa1,1
20658,N77162 /1 undetected,output,,N77162,N77162,1,undetected,N77162,N77162,N77162,sa1,1
20659,N3657 /1 undetected,output,,N3657,N3657,1,undetected,N3657,N3657,N3657,sa1,1
20660,N96516 /1 undetected,output,,N96516,N96516,1,undetected,N96516,N96516,N96516,sa1,1
20661,N96480 /1 undetected,output,,N96480,N96480,1,undetected,N96480,N96480,N96480,sa1,1
20662,N3653 /1 undetected,output,,N3653,N3653,1,undetected,N3653,N3653,N3653,sa1,1
20663,N3651 /1 undetected,output,,N3651,N3651,1,undetected,N3651,N3651,N3651,sa1,1
20664,N84286 /1 undetected,output,,N84286,N84286,1,undetected,N84286,N84286,N84286,sa1,1
20665,N3649 /1 undetected,output,,N3649,N3649,1,undetected,N3649,N3649,N3649,sa1,1
20666,N96506 /1 undetected,output,,N96506,N96506,1,undetected,N96506,N96506,N96506,sa1,1
20667,N96463 /1 undetected,output,,N96463,N96463,1,undetected,N96463,N96463,N96463,sa1,1
20668,N3647 /1 undetected,output,,N3647,N3647,1,undetected,N3647,N3647,N3647,sa1,1
20669,N96398 /1 undetected,output,,N96398,N96398,1,undetected,N96398,N96398,N96398,sa1,1
20670,N86699 /1 undetected,output,,N86699,N86699,1,undetected,N86699,N86699,N86699,sa1,1
20671,N6232 /1 undetected,output,,N6232,N6232,1,undetected,N6232,N6232,N6232,sa1,1
20672,N6232 /0 undetected,output,,N6232,N6232,0,undetected,N6232,N6232,N6232,sa0,1
20673,N113656 /1 undetected,output,,N113656,N113656,1,undetected,N113656,N113656,N113656,sa1,1
20674,N24924 /1 undetected,output,,N24924,N24924,1,undetected,N24924,N24924,N24924,sa1,1
20675,N24924 /0 undetected,output,,N24924,N24924,0,undetected,N24924,N24924,N24924,sa0,1
20676,N106515 /1 undetected,output,,N106515,N106515,1,undetected,N106515,N106515,N106515,sa1,1
20677,N24923 /1 undetected,output,,N24923,N24923,1,undetected,N24923,N24923,N24923,sa1,1
20678,N24922 /1 undetected,output,,N24922,N24922,1,undetected,N24922,N24922,N24922,sa1,1
20679,N108864 /1 undetected,output,,N108864,N108864,1,undetected,N108864,N108864,N108864,sa1,1
20680,N24920 /1 undetected,output,,N24920,N24920,1,undetected,N24920,N24920,N24920,sa1,1
20681,N85681 /1 undetected,output,,N85681,N85681,1,undetected,N85681,N85681,N85681,sa1,1
20682,N24918 /1 undetected,output,,N24918,N24918,1,undetected,N24918,N24918,N24918,sa1,1
20683,N24906 /1 undetected,output,,N24906,N24906,1,undetected,N24906,N24906,N24906,sa1,1
20684,N23988 /1 undetected,output,,N23988,N23988,1,undetected,N23988,N23988,N23988,sa1,1
20685,N23988 /0 undetected,output,,N23988,N23988,0,undetected,N23988,N23988,N23988,sa0,1
20686,N106513 /1 undetected,output,,N106513,N106513,1,undetected,N106513,N106513,N106513,sa1,1
20687,N23987 /1 undetected,output,,N23987,N23987,1,undetected,N23987,N23987,N23987,sa1,1
20688,N106520 /1 undetected,output,,N106520,N106520,1,undetected,N106520,N106520,N106520,sa1,1
20689,N23985 /1 undetected,output,,N23985,N23985,1,undetected,N23985,N23985,N23985,sa1,1
20690,N106532 /1 undetected,output,,N106532,N106532,1,undetected,N106532,N106532,N106532,sa1,1
20691,N93564 /1 undetected,output,,N93564,N93564,1,undetected,N93564,N93564,N93564,sa1,1
20692,N27157 /1 undetected,output,,N27157,N27157,1,undetected,N27157,N27157,N27157,sa1,1
20693,N27157 /0 undetected,output,,N27157,N27157,0,undetected,N27157,N27157,N27157,sa0,1
20694,N106030 /1 undetected,output,,N106030,N106030,1,undetected,N106030,N106030,N106030,sa1,1
20695,N76602 /1 undetected,output,,N76602,N76602,1,undetected,N76602,N76602,N76602,sa1,1
20696,N23835 /1 undetected,output,,N23835,N23835,1,undetected,N23835,N23835,N23835,sa1,1
20697,N3539 /0 undetected,output,,N3539,N3539,0,undetected,N3539,N3539,N3539,sa0,1
20698,N84284 /1 undetected,output,,N84284,N84284,1,undetected,N84284,N84284,N84284,sa1,1
20699,N3537 /1 undetected,output,,N3537,N3537,1,undetected,N3537,N3537,N3537,sa1,1
20700,N96334 /1 undetected,output,,N96334,N96334,1,undetected,N96334,N96334,N96334,sa1,1
20701,N84950 /1 undetected,output,,N84950,N84950,1,undetected,N84950,N84950,N84950,sa1,1
20702,N85094 /1 undetected,output,,N85094,N85094,1,undetected,N85094,N85094,N85094,sa1,1
20703,N48940 /1 undetected,output,,N48940,N48940,1,undetected,N48940,N48940,N48940,sa1,1
20704,N48923 /1 undetected,output,,N48923,N48923,1,undetected,N48923,N48923,N48923,sa1,1
20705,N48914 /1 undetected,output,,N48914,N48914,1,undetected,N48914,N48914,N48914,sa1,1
20706,N76491 /1 undetected,output,,N76491,N76491,1,undetected,N76491,N76491,N76491,sa1,1
20707,N48931 /1 undetected,output,,N48931,N48931,1,undetected,N48931,N48931,N48931,sa1,1
20708,N105262 /1 undetected,output,,N105262,N105262,1,undetected,N105262,N105262,N105262,sa1,1
20709,N100929 /1 undetected,output,,N100929,N100929,1,undetected,N100929,N100929,N100929,sa1,1
20710,N22895 /1 undetected,output,,N22895,N22895,1,undetected,N22895,N22895,N22895,sa1,1
20711,N105257 /1 undetected,output,,N105257,N105257,1,undetected,N105257,N105257,N105257,sa1,1
20712,N75559 /1 undetected,output,,N75559,N75559,1,undetected,N75559,N75559,N75559,sa1,1
20713,N118768 /1 undetected,output,,N118768,N118768,1,undetected,N118768,N118768,N118768,sa1,1
20714,N48916 /1 undetected,output,,N48916,N48916,1,undetected,N48916,N48916,N48916,sa1,1
20715,N118766 /1 undetected,output,,N118766,N118766,1,undetected,N118766,N118766,N118766,sa1,1
20716,N105338 /1 undetected,output,,N105338,N105338,1,undetected,N105338,N105338,N105338,sa1,1
20717,N92466 /1 undetected,output,,N92466,N92466,1,undetected,N92466,N92466,N92466,sa1,1
20718,N2734 /1 undetected,output,,N2734,N2734,1,undetected,N2734,N2734,N2734,sa1,1
20719,N102550 /1 undetected,output,,N102550,N102550,1,undetected,N102550,N102550,N102550,sa1,1
20720,N102539 /1 undetected,output,,N102539,N102539,1,undetected,N102539,N102539,N102539,sa1,1
20721,N15234 /1 undetected,output,,N15234,N15234,1,undetected,N15234,N15234,N15234,sa1,1
20722,N94705 /1 undetected,output,,N94705,N94705,1,undetected,N94705,N94705,N94705,sa1,1
20723,N76743 /1 undetected,output,,N76743,N76743,1,undetected,N76743,N76743,N76743,sa1,1
20724,N29913 /0 undetected,output,,N29913,N29913,0,undetected,N29913,N29913,N29913,sa0,1
20725,N91807 /1 undetected,output,,N91807,N91807,1,undetected,N91807,N91807,N91807,sa1,1
20726,N26203 /1 undetected,output,,N26203,N26203,1,undetected,N26203,N26203,N26203,sa1,1
20727,N24690 /0 undetected,output,,N24690,N24690,0,undetected,N24690,N24690,N24690,sa0,1
20728,N108026 /1 undetected,output,,N108026,N108026,1,undetected,N108026,N108026,N108026,sa1,1
20729,N84745 /1 undetected,output,,N84745,N84745,1,undetected,N84745,N84745,N84745,sa1,1
20730,N107992 /1 undetected,output,,N107992,N107992,1,undetected,N107992,N107992,N107992,sa1,1
20731,N74803 /1 undetected,output,,N74803,N74803,1,undetected,N74803,N74803,N74803,sa1,1
20732,N26095 /0 undetected,output,,N26095,N26095,0,undetected,N26095,N26095,N26095,sa0,1
20733,N84531 /1 undetected,output,,N84531,N84531,1,undetected,N84531,N84531,N84531,sa1,1
20734,N24530 /1 undetected,output,,N24530,N24530,1,undetected,N24530,N24530,N24530,sa1,1
20735,N56012 /1 undetected,output,,N56012,N56012,1,undetected,N56012,N56012,N56012,sa1,1
20736,N56012 /0 undetected,output,,N56012,N56012,0,undetected,N56012,N56012,N56012,sa0,1
20737,N56010 /1 undetected,output,,N56010,N56010,1,undetected,N56010,N56010,N56010,sa1,1
20738,N120982 /1 undetected,output,,N120982,N120982,1,undetected,N120982,N120982,N120982,sa1,1
20739,N56009 /1 undetected,output,,N56009,N56009,1,undetected,N56009,N56009,N56009,sa1,1
20740,N121114 /1 undetected,output,,N121114,N121114,1,undetected,N121114,N121114,N121114,sa1,1
20741,N120978 /1 undetected,output,,N120978,N120978,1,undetected,N120978,N120978,N120978,sa1,1
20742,N56007 /1 undetected,output,,N56007,N56007,1,undetected,N56007,N56007,N56007,sa1,1
20743,N75850 /1 undetected,output,,N75850,N75850,1,undetected,N75850,N75850,N75850,sa1,1
20744,N56005 /1 undetected,output,,N56005,N56005,1,undetected,N56005,N56005,N56005,sa1,1
20745,N120980 /1 undetected,output,,N120980,N120980,1,undetected,N120980,N120980,N120980,sa1,1
20746,N56003 /1 undetected,output,,N56003,N56003,1,undetected,N56003,N56003,N56003,sa1,1
20747,N56001 /1 undetected,output,,N56001,N56001,1,undetected,N56001,N56001,N56001,sa1,1
20748,N75829 /1 undetected,output,,N75829,N75829,1,undetected,N75829,N75829,N75829,sa1,1
20749,N56000 /1 undetected,output,,N56000,N56000,1,undetected,N56000,N56000,N56000,sa1,1
20750,N108987 /1 undetected,output,,N108987,N108987,1,undetected,N108987,N108987,N108987,sa1,1
20751,N75778 /1 undetected,output,,N75778,N75778,1,undetected,N75778,N75778,N75778,sa1,1
20752,N55998 /1 undetected,output,,N55998,N55998,1,undetected,N55998,N55998,N55998,sa1,1
20753,N85711 /1 undetected,output,,N85711,N85711,1,undetected,N85711,N85711,N85711,sa1,1
20754,N25230 /1 undetected,output,,N25230,N25230,1,undetected,N25230,N25230,N25230,sa1,1
20755,N23901 /0 undetected,output,,N23901,N23901,0,undetected,N23901,N23901,N23901,sa0,1
20756,N105867 /1 undetected,output,,N105867,N105867,1,undetected,N105867,N105867,N105867,sa1,1
20757,N94314 /1 undetected,output,,N94314,N94314,1,undetected,N94314,N94314,N94314,sa1,1
20758,N56155 /1 undetected,output,,N56155,N56155,1,undetected,N56155,N56155,N56155,sa1,1
20759,N56155 /0 undetected,output,,N56155,N56155,0,undetected,N56155,N56155,N56155,sa0,1
20760,N56154 /1 undetected,output,,N56154,N56154,1,undetected,N56154,N56154,N56154,sa1,1
20761,N120959 /1 undetected,output,,N120959,N120959,1,undetected,N120959,N120959,N120959,sa1,1
20762,N56116 /1 undetected,output,,N56116,N56116,1,undetected,N56116,N56116,N56116,sa1,1
20763,N75853 /1 undetected,output,,N75853,N75853,1,undetected,N75853,N75853,N75853,sa1,1
20764,N56114 /1 undetected,output,,N56114,N56114,1,undetected,N56114,N56114,N56114,sa1,1
20765,N120954 /1 undetected,output,,N120954,N120954,1,undetected,N120954,N120954,N120954,sa1,1
20766,N56112 /1 undetected,output,,N56112,N56112,1,undetected,N56112,N56112,N56112,sa1,1
20767,N121125 /1 undetected,output,,N121125,N121125,1,undetected,N121125,N121125,N121125,sa1,1
20768,N56110 /1 undetected,output,,N56110,N56110,1,undetected,N56110,N56110,N56110,sa1,1
20769,N85698 /1 undetected,output,,N85698,N85698,1,undetected,N85698,N85698,N85698,sa1,1
20770,N56108 /1 undetected,output,,N56108,N56108,1,undetected,N56108,N56108,N56108,sa1,1
20771,N121127 /1 undetected,output,,N121127,N121127,1,undetected,N121127,N121127,N121127,sa1,1
20772,N108878 /1 undetected,output,,N108878,N108878,1,undetected,N108878,N108878,N108878,sa1,1
20773,N56118 /1 undetected,output,,N56118,N56118,1,undetected,N56118,N56118,N56118,sa1,1
20774,N121116 /1 undetected,output,,N121116,N121116,1,undetected,N121116,N121116,N121116,sa1,1
20775,N120952 /1 undetected,output,,N120952,N120952,1,undetected,N120952,N120952,N120952,sa1,1
20776,N54658 /1 undetected,output,,N54658,N54658,1,undetected,N54658,N54658,N54658,sa1,1
20777,N54658 /0 undetected,output,,N54658,N54658,0,undetected,N54658,N54658,N54658,sa0,1
20778,N54656 /1 undetected,output,,N54656,N54656,1,undetected,N54656,N54656,N54656,sa1,1
20779,N85772 /1 undetected,output,,N85772,N85772,1,undetected,N85772,N85772,N85772,sa1,1
20780,N54655 /1 undetected,output,,N54655,N54655,1,undetected,N54655,N54655,N54655,sa1,1
20781,N93638 /1 undetected,output,,N93638,N93638,1,undetected,N93638,N93638,N93638,sa1,1
20782,N54653 /1 undetected,output,,N54653,N54653,1,undetected,N54653,N54653,N54653,sa1,1
20783,N54649 /1 undetected,output,,N54649,N54649,1,undetected,N54649,N54649,N54649,sa1,1
20784,N120761 /1 undetected,output,,N120761,N120761,1,undetected,N120761,N120761,N120761,sa1,1
20785,N107964 /1 undetected,output,,N107964,N107964,1,undetected,N107964,N107964,N107964,sa1,1
20786,N3390 /1 undetected,output,,N3390,N3390,1,undetected,N3390,N3390,N3390,sa1,1
20787,N96121 /1 undetected,output,,N96121,N96121,1,undetected,N96121,N96121,N96121,sa1,1
20788,N3389 /1 undetected,output,,N3389,N3389,1,undetected,N3389,N3389,N3389,sa1,1
20789,N84948 /1 undetected,output,,N84948,N84948,1,undetected,N84948,N84948,N84948,sa1,1
20790,N85092 /1 undetected,output,,N85092,N85092,1,undetected,N85092,N85092,N85092,sa1,1
20791,N105358 /1 undetected,output,,N105358,N105358,1,undetected,N105358,N105358,N105358,sa1,1
20792,N23428 /1 undetected,output,,N23428,N23428,1,undetected,N23428,N23428,N23428,sa1,1
20793,N78716 /1 undetected,output,,N78716,N78716,1,undetected,N78716,N78716,N78716,sa1,1
20794,N23426 /1 undetected,output,,N23426,N23426,1,undetected,N23426,N23426,N23426,sa1,1
20795,N23424 /1 undetected,output,,N23424,N23424,1,undetected,N23424,N23424,N23424,sa1,1
20796,N94180 /1 undetected,output,,N94180,N94180,1,undetected,N94180,N94180,N94180,sa1,1
20797,N23422 /1 undetected,output,,N23422,N23422,1,undetected,N23422,N23422,N23422,sa1,1
20798,N105362 /1 undetected,output,,N105362,N105362,1,undetected,N105362,N105362,N105362,sa1,1
20799,N23420 /1 undetected,output,,N23420,N23420,1,undetected,N23420,N23420,N23420,sa1,1
20800,N101083 /1 undetected,output,,N101083,N101083,1,undetected,N101083,N101083,N101083,sa1,1
20801,N86979 /1 undetected,output,,N86979,N86979,1,undetected,N86979,N86979,N86979,sa1,1
20802,N105344 /1 undetected,output,,N105344,N105344,1,undetected,N105344,N105344,N105344,sa1,1
20803,N23416 /1 undetected,output,,N23416,N23416,1,undetected,N23416,N23416,N23416,sa1,1
20804,N76487 /1 undetected,output,,N76487,N76487,1,undetected,N76487,N76487,N76487,sa1,1
20805,N23412 /1 undetected,output,,N23412,N23412,1,undetected,N23412,N23412,N23412,sa1,1
20806,N105335 /1 undetected,output,,N105335,N105335,1,undetected,N105335,N105335,N105335,sa1,1
20807,N87589 /1 undetected,output,,N87589,N87589,1,undetected,N87589,N87589,N87589,sa1,1
20808,N23408 /1 undetected,output,,N23408,N23408,1,undetected,N23408,N23408,N23408,sa1,1
20809,N75564 /1 undetected,output,,N75564,N75564,1,undetected,N75564,N75564,N75564,sa1,1
20810,N23405 /1 undetected,output,,N23405,N23405,1,undetected,N23405,N23405,N23405,sa1,1
20811,N100927 /1 undetected,output,,N100927,N100927,1,undetected,N100927,N100927,N100927,sa1,1
20812,N100498 /1 undetected,output,,N100498,N100498,1,undetected,N100498,N100498,N100498,sa1,1
20813,N23407 /1 undetected,output,,N23407,N23407,1,undetected,N23407,N23407,N23407,sa1,1
20814,N100502 /1 undetected,output,,N100502,N100502,1,undetected,N100502,N100502,N100502,sa1,1
20815,N105348 /1 undetected,output,,N105348,N105348,1,undetected,N105348,N105348,N105348,sa1,1
20816,N78715 /1 undetected,output,,N78715,N78715,1,undetected,N78715,N78715,N78715,sa1,1
20817,N84947 /1 undetected,output,,N84947,N84947,1,undetected,N84947,N84947,N84947,sa1,1
20818,N85091 /1 undetected,output,,N85091,N85091,1,undetected,N85091,N85091,N85091,sa1,1
20819,N105357 /1 undetected,output,,N105357,N105357,1,undetected,N105357,N105357,N105357,sa1,1
20820,N23339 /1 undetected,output,,N23339,N23339,1,undetected,N23339,N23339,N23339,sa1,1
20821,N23335 /1 undetected,output,,N23335,N23335,1,undetected,N23335,N23335,N23335,sa1,1
20822,N105366 /1 undetected,output,,N105366,N105366,1,undetected,N105366,N105366,N105366,sa1,1
20823,N78796 /1 undetected,output,,N78796,N78796,1,undetected,N78796,N78796,N78796,sa1,1
20824,N23329 /1 undetected,output,,N23329,N23329,1,undetected,N23329,N23329,N23329,sa1,1
20825,N77505 /1 undetected,output,,N77505,N77505,1,undetected,N77505,N77505,N77505,sa1,1
20826,N105361 /1 undetected,output,,N105361,N105361,1,undetected,N105361,N105361,N105361,sa1,1
20827,N101028 /1 undetected,output,,N101028,N101028,1,undetected,N101028,N101028,N101028,sa1,1
20828,N23323 /1 undetected,output,,N23323,N23323,1,undetected,N23323,N23323,N23323,sa1,1
20829,N105356 /1 undetected,output,,N105356,N105356,1,undetected,N105356,N105356,N105356,sa1,1
20830,N101409 /1 undetected,output,,N101409,N101409,1,undetected,N101409,N101409,N101409,sa1,1
20831,N105343 /1 undetected,output,,N105343,N105343,1,undetected,N105343,N105343,N105343,sa1,1
20832,N76484 /1 undetected,output,,N76484,N76484,1,undetected,N76484,N76484,N76484,sa1,1
20833,N87681 /1 undetected,output,,N87681,N87681,1,undetected,N87681,N87681,N87681,sa1,1
20834,N105340 /1 undetected,output,,N105340,N105340,1,undetected,N105340,N105340,N105340,sa1,1
20835,N23290 /1 undetected,output,,N23290,N23290,1,undetected,N23290,N23290,N23290,sa1,1
20836,N75563 /1 undetected,output,,N75563,N75563,1,undetected,N75563,N75563,N75563,sa1,1
20837,N23288 /1 undetected,output,,N23288,N23288,1,undetected,N23288,N23288,N23288,sa1,1
20838,N101357 /1 undetected,output,,N101357,N101357,1,undetected,N101357,N101357,N101357,sa1,1
20839,N23286 /1 undetected,output,,N23286,N23286,1,undetected,N23286,N23286,N23286,sa1,1
20840,N105347 /1 undetected,output,,N105347,N105347,1,undetected,N105347,N105347,N105347,sa1,1
20841,N78795 /1 undetected,output,,N78795,N78795,1,undetected,N78795,N78795,N78795,sa1,1
20842,N27327 /0 undetected,output,,N27327,N27327,0,undetected,N27327,N27327,N27327,sa0,1
20843,N27326 /1 undetected,output,,N27326,N27326,1,undetected,N27326,N27326,N27326,sa1,1
20844,N75582 /1 undetected,output,,N75582,N75582,1,undetected,N75582,N75582,N75582,sa1,1
20845,N27324 /1 undetected,output,,N27324,N27324,1,undetected,N27324,N27324,N27324,sa1,1
20846,N27322 /1 undetected,output,,N27322,N27322,1,undetected,N27322,N27322,N27322,sa1,1
20847,N27321 /1 undetected,output,,N27321,N27321,1,undetected,N27321,N27321,N27321,sa1,1
20848,N89946 /1 undetected,output,,N89946,N89946,1,undetected,N89946,N89946,N89946,sa1,1
20849,N27319 /1 undetected,output,,N27319,N27319,1,undetected,N27319,N27319,N27319,sa1,1
20850,N106740 /1 undetected,output,,N106740,N106740,1,undetected,N106740,N106740,N106740,sa1,1
20851,N76616 /1 undetected,output,,N76616,N76616,1,undetected,N76616,N76616,N76616,sa1,1
20852,N27317 /1 undetected,output,,N27317,N27317,1,undetected,N27317,N27317,N27317,sa1,1
20853,N27315 /1 undetected,output,,N27315,N27315,1,undetected,N27315,N27315,N27315,sa1,1
20854,N27311 /1 undetected,output,,N27311,N27311,1,undetected,N27311,N27311,N27311,sa1,1
20855,N105491 /1 undetected,output,,N105491,N105491,1,undetected,N105491,N105491,N105491,sa1,1
20856,N85536 /1 undetected,output,,N85536,N85536,1,undetected,N85536,N85536,N85536,sa1,1
20857,N27236 /1 undetected,output,,N27236,N27236,1,undetected,N27236,N27236,N27236,sa1,1
20858,N27307 /1 undetected,output,,N27307,N27307,1,undetected,N27307,N27307,N27307,sa1,1
20859,N81708 /1 undetected,output,,N81708,N81708,1,undetected,N81708,N81708,N81708,sa1,1
20860,N27304 /1 undetected,output,,N27304,N27304,1,undetected,N27304,N27304,N27304,sa1,1
20861,N27302 /1 undetected,output,,N27302,N27302,1,undetected,N27302,N27302,N27302,sa1,1
20862,N84567 /1 undetected,output,,N84567,N84567,1,undetected,N84567,N84567,N84567,sa1,1
20863,N31534 /1 undetected,output,,N31534,N31534,1,undetected,N31534,N31534,N31534,sa1,1
20864,N113895 /1 undetected,output,,N113895,N113895,1,undetected,N113895,N113895,N113895,sa1,1
20865,N112172 /1 undetected,output,,N112172,N112172,1,undetected,N112172,N112172,N112172,sa1,1
20866,N25398 /0 undetected,output,,N25398,N25398,0,undetected,N25398,N25398,N25398,sa0,1
20867,N108029 /1 undetected,output,,N108029,N108029,1,undetected,N108029,N108029,N108029,sa1,1
20868,N106756 /1 undetected,output,,N106756,N106756,1,undetected,N106756,N106756,N106756,sa1,1
20869,N30343 /1 undetected,output,,N30343,N30343,1,undetected,N30343,N30343,N30343,sa1,1
20870,N113347 /1 undetected,output,,N113347,N113347,1,undetected,N113347,N113347,N113347,sa1,1
20871,N84548 /1 undetected,output,,N84548,N84548,1,undetected,N84548,N84548,N84548,sa1,1
20872,N105393 /1 undetected,output,,N105393,N105393,1,undetected,N105393,N105393,N105393,sa1,1
20873,N49168 /1 undetected,output,,N49168,N49168,1,undetected,N49168,N49168,N49168,sa1,1
20874,N95964 /1 undetected,output,,N95964,N95964,1,undetected,N95964,N95964,N95964,sa1,1
20875,N49165 /1 undetected,output,,N49165,N49165,1,undetected,N49165,N49165,N49165,sa1,1
20876,N118821 /1 undetected,output,,N118821,N118821,1,undetected,N118821,N118821,N118821,sa1,1
20877,N94336 /1 undetected,output,,N94336,N94336,1,undetected,N94336,N94336,N94336,sa1,1
20878,N94425 /1 undetected,output,,N94425,N94425,1,undetected,N94425,N94425,N94425,sa1,1
20879,N97186 /1 undetected,output,,N97186,N97186,1,undetected,N97186,N97186,N97186,sa1,1
20880,N49155 /1 undetected,output,,N49155,N49155,1,undetected,N49155,N49155,N49155,sa1,1
20881,N118813 /1 undetected,output,,N118813,N118813,1,undetected,N118813,N118813,N118813,sa1,1
20882,N85551 /1 undetected,output,,N85551,N85551,1,undetected,N85551,N85551,N85551,sa1,1
20883,N49154 /1 undetected,output,,N49154,N49154,1,undetected,N49154,N49154,N49154,sa1,1
20884,N94424 /1 undetected,output,,N94424,N94424,1,undetected,N94424,N94424,N94424,sa1,1
20885,N118815 /1 undetected,output,,N118815,N118815,1,undetected,N118815,N118815,N118815,sa1,1
20886,N95837 /1 undetected,output,,N95837,N95837,1,undetected,N95837,N95837,N95837,sa1,1
20887,N93867 /1 undetected,output,,N93867,N93867,1,undetected,N93867,N93867,N93867,sa1,1
20888,N49143 /1 undetected,output,,N49143,N49143,1,undetected,N49143,N49143,N49143,sa1,1
20889,N118820 /1 undetected,output,,N118820,N118820,1,undetected,N118820,N118820,N118820,sa1,1
20890,N93789 /1 undetected,output,,N93789,N93789,1,undetected,N93789,N93789,N93789,sa1,1
20891,N95751 /1 undetected,output,,N95751,N95751,1,undetected,N95751,N95751,N95751,sa1,1
20892,N49127 /1 undetected,output,,N49127,N49127,1,undetected,N49127,N49127,N49127,sa1,1
20893,N118812 /1 undetected,output,,N118812,N118812,1,undetected,N118812,N118812,N118812,sa1,1
20894,N75622 /1 undetected,output,,N75622,N75622,1,undetected,N75622,N75622,N75622,sa1,1
20895,N49116 /1 undetected,output,,N49116,N49116,1,undetected,N49116,N49116,N49116,sa1,1
20896,N93866 /1 undetected,output,,N93866,N93866,1,undetected,N93866,N93866,N93866,sa1,1
20897,N49109 /1 undetected,output,,N49109,N49109,1,undetected,N49109,N49109,N49109,sa1,1
20898,N105518 /1 undetected,output,,N105518,N105518,1,undetected,N105518,N105518,N105518,sa1,1
20899,N92400 /1 undetected,output,,N92400,N92400,1,undetected,N92400,N92400,N92400,sa1,1
20900,N53409 /0 undetected,output,,N53409,N53409,0,undetected,N53409,N53409,N53409,sa0,1
20901,N53407 /1 undetected,output,,N53407,N53407,1,undetected,N53407,N53407,N53407,sa1,1
20902,N120393 /1 undetected,output,,N120393,N120393,1,undetected,N120393,N120393,N120393,sa1,1
20903,N106014 /1 undetected,output,,N106014,N106014,1,undetected,N106014,N106014,N106014,sa1,1
20904,N53401 /1 undetected,output,,N53401,N53401,1,undetected,N53401,N53401,N53401,sa1,1
20905,N75980 /1 undetected,output,,N75980,N75980,1,undetected,N75980,N75980,N75980,sa1,1
20906,N53400 /1 undetected,output,,N53400,N53400,1,undetected,N53400,N53400,N53400,sa1,1
20907,N106012 /1 undetected,output,,N106012,N106012,1,undetected,N106012,N106012,N106012,sa1,1
20908,N53398 /1 undetected,output,,N53398,N53398,1,undetected,N53398,N53398,N53398,sa1,1
20909,N120266 /1 undetected,output,,N120266,N120266,1,undetected,N120266,N120266,N120266,sa1,1
20910,N120229 /1 undetected,output,,N120229,N120229,1,undetected,N120229,N120229,N120229,sa1,1
20911,N27246 /1 undetected,output,,N27246,N27246,1,undetected,N27246,N27246,N27246,sa1,1
20912,N27246 /0 undetected,output,,N27246,N27246,0,undetected,N27246,N27246,N27246,sa0,1
20913,N27245 /1 undetected,output,,N27245,N27245,1,undetected,N27245,N27245,N27245,sa1,1
20914,N27243 /1 undetected,output,,N27243,N27243,1,undetected,N27243,N27243,N27243,sa1,1
20915,N81705 /1 undetected,output,,N81705,N81705,1,undetected,N81705,N81705,N81705,sa1,1
20916,N27240 /1 undetected,output,,N27240,N27240,1,undetected,N27240,N27240,N27240,sa1,1
20917,N107877 /1 undetected,output,,N107877,N107877,1,undetected,N107877,N107877,N107877,sa1,1
20918,N86305 /1 undetected,output,,N86305,N86305,1,undetected,N86305,N86305,N86305,sa1,1
20919,N27242 /1 undetected,output,,N27242,N27242,1,undetected,N27242,N27242,N27242,sa1,1
20920,N76612 /1 undetected,output,,N76612,N76612,1,undetected,N76612,N76612,N76612,sa1,1
20921,N24566 /1 undetected,output,,N24566,N24566,1,undetected,N24566,N24566,N24566,sa1,1
20922,N27238 /1 undetected,output,,N27238,N27238,1,undetected,N27238,N27238,N27238,sa1,1
20923,N112086 /1 undetected,output,,N112086,N112086,1,undetected,N112086,N112086,N112086,sa1,1
20924,N105863 /1 undetected,output,,N105863,N105863,1,undetected,N105863,N105863,N105863,sa1,1
20925,N23770 /0 undetected,output,,N23770,N23770,0,undetected,N23770,N23770,N23770,sa0,1
20926,N93842 /1 undetected,output,,N93842,N93842,1,undetected,N93842,N93842,N93842,sa1,1
20927,N23767 /1 undetected,output,,N23767,N23767,1,undetected,N23767,N23767,N23767,sa1,1
20928,N93739 /1 undetected,output,,N93739,N93739,1,undetected,N93739,N93739,N93739,sa1,1
20929,N23765 /1 undetected,output,,N23765,N23765,1,undetected,N23765,N23765,N23765,sa1,1
20930,N105861 /1 undetected,output,,N105861,N105861,1,undetected,N105861,N105861,N105861,sa1,1
20931,N93729 /1 undetected,output,,N93729,N93729,1,undetected,N93729,N93729,N93729,sa1,1
20932,N55435 /1 undetected,output,,N55435,N55435,1,undetected,N55435,N55435,N55435,sa1,1
20933,N55435 /0 undetected,output,,N55435,N55435,0,undetected,N55435,N55435,N55435,sa0,1
20934,N120958 /1 undetected,output,,N120958,N120958,1,undetected,N120958,N120958,N120958,sa1,1
20935,N55425 /1 undetected,output,,N55425,N55425,1,undetected,N55425,N55425,N55425,sa1,1
20936,N120950 /1 undetected,output,,N120950,N120950,1,undetected,N120950,N120950,N120950,sa1,1
20937,N105832 /1 undetected,output,,N105832,N105832,1,undetected,N105832,N105832,N105832,sa1,1
20938,N3807 /1 undetected,output,,N3807,N3807,1,undetected,N3807,N3807,N3807,sa1,1
20939,N3807 /0 undetected,output,,N3807,N3807,0,undetected,N3807,N3807,N3807,sa0,1
20940,N86021 /1 undetected,output,,N86021,N86021,1,undetected,N86021,N86021,N86021,sa1,1
20941,N3646 /1 undetected,output,,N3646,N3646,1,undetected,N3646,N3646,N3646,sa1,1
20942,N96481 /1 undetected,output,,N96481,N96481,1,undetected,N96481,N96481,N96481,sa1,1
20943,N3644 /1 undetected,output,,N3644,N3644,1,undetected,N3644,N3644,N3644,sa1,1
20944,N96483 /1 undetected,output,,N96483,N96483,1,undetected,N96483,N96483,N96483,sa1,1
20945,N3642 /1 undetected,output,,N3642,N3642,1,undetected,N3642,N3642,N3642,sa1,1
20946,N3640 /1 undetected,output,,N3640,N3640,1,undetected,N3640,N3640,N3640,sa1,1
20947,N96470 /1 undetected,output,,N96470,N96470,1,undetected,N96470,N96470,N96470,sa1,1
20948,N3639 /1 undetected,output,,N3639,N3639,1,undetected,N3639,N3639,N3639,sa1,1
20949,N96508 /1 undetected,output,,N96508,N96508,1,undetected,N96508,N96508,N96508,sa1,1
20950,N3637 /1 undetected,output,,N3637,N3637,1,undetected,N3637,N3637,N3637,sa1,1
20951,N93000 /1 undetected,output,,N93000,N93000,1,undetected,N93000,N93000,N93000,sa1,1
20952,N3635 /1 undetected,output,,N3635,N3635,1,undetected,N3635,N3635,N3635,sa1,1
20953,N96514 /1 undetected,output,,N96514,N96514,1,undetected,N96514,N96514,N96514,sa1,1
20954,N96498 /1 undetected,output,,N96498,N96498,1,undetected,N96498,N96498,N96498,sa1,1
20955,N3611 /1 undetected,output,,N3611,N3611,1,undetected,N3611,N3611,N3611,sa1,1
20956,N96505 /1 undetected,output,,N96505,N96505,1,undetected,N96505,N96505,N96505,sa1,1
20957,N94278 /1 undetected,output,,N94278,N94278,1,undetected,N94278,N94278,N94278,sa1,1
20958,N3707 /1 undetected,output,,N3707,N3707,1,undetected,N3707,N3707,N3707,sa1,1
20959,N3707 /0 undetected,output,,N3707,N3707,0,undetected,N3707,N3707,N3707,sa0,1
20960,N86019 /1 undetected,output,,N86019,N86019,1,undetected,N86019,N86019,N86019,sa1,1
20961,N3706 /1 undetected,output,,N3706,N3706,1,undetected,N3706,N3706,N3706,sa1,1
20962,N96521 /1 undetected,output,,N96521,N96521,1,undetected,N96521,N96521,N96521,sa1,1
20963,N3704 /1 undetected,output,,N3704,N3704,1,undetected,N3704,N3704,N3704,sa1,1
20964,N84289 /1 undetected,output,,N84289,N84289,1,undetected,N84289,N84289,N84289,sa1,1
20965,N3702 /1 undetected,output,,N3702,N3702,1,undetected,N3702,N3702,N3702,sa1,1
20966,N3700 /1 undetected,output,,N3700,N3700,1,undetected,N3700,N3700,N3700,sa1,1
20967,N96467 /1 undetected,output,,N96467,N96467,1,undetected,N96467,N96467,N96467,sa1,1
20968,N3699 /1 undetected,output,,N3699,N3699,1,undetected,N3699,N3699,N3699,sa1,1
20969,N96509 /1 undetected,output,,N96509,N96509,1,undetected,N96509,N96509,N96509,sa1,1
20970,N3697 /1 undetected,output,,N3697,N3697,1,undetected,N3697,N3697,N3697,sa1,1
20971,N93002 /1 undetected,output,,N93002,N93002,1,undetected,N93002,N93002,N93002,sa1,1
20972,N3695 /1 undetected,output,,N3695,N3695,1,undetected,N3695,N3695,N3695,sa1,1
20973,N96515 /1 undetected,output,,N96515,N96515,1,undetected,N96515,N96515,N96515,sa1,1
20974,N84241 /1 undetected,output,,N84241,N84241,1,undetected,N84241,N84241,N84241,sa1,1
20975,N3693 /1 undetected,output,,N3693,N3693,1,undetected,N3693,N3693,N3693,sa1,1
20976,N96524 /1 undetected,output,,N96524,N96524,1,undetected,N96524,N96524,N96524,sa1,1
20977,N94279 /1 undetected,output,,N94279,N94279,1,undetected,N94279,N94279,N94279,sa1,1
20978,N56347 /0 undetected,output,,N56347,N56347,0,undetected,N56347,N56347,N56347,sa0,1
20979,N75903 /1 undetected,output,,N75903,N75903,1,undetected,N75903,N75903,N75903,sa1,1
20980,N96123 /1 undetected,output,,N96123,N96123,1,undetected,N96123,N96123,N96123,sa1,1
20981,N56344 /1 undetected,output,,N56344,N56344,1,undetected,N56344,N56344,N56344,sa1,1
20982,N121153 /1 undetected,output,,N121153,N121153,1,undetected,N121153,N121153,N121153,sa1,1
20983,N6231 /0 undetected,output,,N6231,N6231,0,undetected,N6231,N6231,N6231,sa0,1
20984,N86598 /1 undetected,output,,N86598,N86598,1,undetected,N86598,N86598,N86598,sa1,1
20985,N15834 /1 undetected,output,,N15834,N15834,1,undetected,N15834,N15834,N15834,sa1,1
20986,N86643 /1 undetected,output,,N86643,N86643,1,undetected,N86643,N86643,N86643,sa1,1
20987,N15829 /1 undetected,output,,N15829,N15829,1,undetected,N15829,N15829,N15829,sa1,1
20988,N94709 /1 undetected,output,,N94709,N94709,1,undetected,N94709,N94709,N94709,sa1,1
20989,N15828 /1 undetected,output,,N15828,N15828,1,undetected,N15828,N15828,N15828,sa1,1
20990,N86437 /1 undetected,output,,N86437,N86437,1,undetected,N86437,N86437,N86437,sa1,1
20991,N15826 /1 undetected,output,,N15826,N15826,1,undetected,N15826,N15826,N15826,sa1,1
20992,N102191 /1 undetected,output,,N102191,N102191,1,undetected,N102191,N102191,N102191,sa1,1
20993,N77088 /1 undetected,output,,N77088,N77088,1,undetected,N77088,N77088,N77088,sa1,1
20994,N94686 /1 undetected,output,,N94686,N94686,1,undetected,N94686,N94686,N94686,sa1,1
20995,N15815 /1 undetected,output,,N15815,N15815,1,undetected,N15815,N15815,N15815,sa1,1
20996,N15813 /1 undetected,output,,N15813,N15813,1,undetected,N15813,N15813,N15813,sa1,1
20997,N102169 /1 undetected,output,,N102169,N102169,1,undetected,N102169,N102169,N102169,sa1,1
20998,N15812 /1 undetected,output,,N15812,N15812,1,undetected,N15812,N15812,N15812,sa1,1
20999,N102179 /1 undetected,output,,N102179,N102179,1,undetected,N102179,N102179,N102179,sa1,1
21000,N86436 /1 undetected,output,,N86436,N86436,1,undetected,N86436,N86436,N86436,sa1,1
21001,N15810 /1 undetected,output,,N15810,N15810,1,undetected,N15810,N15810,N15810,sa1,1
21002,N102175 /1 undetected,output,,N102175,N102175,1,undetected,N102175,N102175,N102175,sa1,1
21003,N76739 /1 undetected,output,,N76739,N76739,1,undetected,N76739,N76739,N76739,sa1,1
21004,N15806 /1 undetected,output,,N15806,N15806,1,undetected,N15806,N15806,N15806,sa1,1
21005,N102126 /1 undetected,output,,N102126,N102126,1,undetected,N102126,N102126,N102126,sa1,1
21006,N15805 /1 undetected,output,,N15805,N15805,1,undetected,N15805,N15805,N15805,sa1,1
21007,N86435 /1 undetected,output,,N86435,N86435,1,undetected,N86435,N86435,N86435,sa1,1
21008,N15803 /1 undetected,output,,N15803,N15803,1,undetected,N15803,N15803,N15803,sa1,1
21009,N102157 /1 undetected,output,,N102157,N102157,1,undetected,N102157,N102157,N102157,sa1,1
21010,N30529 /1 undetected,output,,N30529,N30529,1,undetected,N30529,N30529,N30529,sa1,1
21011,N113647 /1 undetected,output,,N113647,N113647,1,undetected,N113647,N113647,N113647,sa1,1
21012,N84766 /1 undetected,output,,N84766,N84766,1,undetected,N84766,N84766,N84766,sa1,1
21013,N30427 /1 undetected,output,,N30427,N30427,1,undetected,N30427,N30427,N30427,sa1,1
21014,N113495 /1 undetected,output,,N113495,N113495,1,undetected,N113495,N113495,N113495,sa1,1
21015,N84765 /1 undetected,output,,N84765,N84765,1,undetected,N84765,N84765,N84765,sa1,1
21016,N27146 /1 undetected,output,,N27146,N27146,1,undetected,N27146,N27146,N27146,sa1,1
21017,N105556 /1 undetected,output,,N105556,N105556,1,undetected,N105556,N105556,N105556,sa1,1
21018,N84533 /1 undetected,output,,N84533,N84533,1,undetected,N84533,N84533,N84533,sa1,1
21019,N55531 /1 undetected,output,,N55531,N55531,1,undetected,N55531,N55531,N55531,sa1,1
21020,N55531 /0 undetected,output,,N55531,N55531,0,undetected,N55531,N55531,N55531,sa0,1
21021,N121002 /1 undetected,output,,N121002,N121002,1,undetected,N121002,N121002,N121002,sa1,1
21022,N85740 /1 undetected,output,,N85740,N85740,1,undetected,N85740,N85740,N85740,sa1,1
21023,N53588 /1 undetected,output,,N53588,N53588,1,undetected,N53588,N53588,N53588,sa1,1
21024,N53587 /1 undetected,output,,N53587,N53587,1,undetected,N53587,N53587,N53587,sa1,1
21025,N120394 /1 undetected,output,,N120394,N120394,1,undetected,N120394,N120394,N120394,sa1,1
21026,N85687 /1 undetected,output,,N85687,N85687,1,undetected,N85687,N85687,N85687,sa1,1
21027,N53585 /1 undetected,output,,N53585,N53585,1,undetected,N53585,N53585,N53585,sa1,1
21028,N75741 /1 undetected,output,,N75741,N75741,1,undetected,N75741,N75741,N75741,sa1,1
21029,N23972 /1 undetected,output,,N23972,N23972,1,undetected,N23972,N23972,N23972,sa1,1
21030,N23972 /0 undetected,output,,N23972,N23972,0,undetected,N23972,N23972,N23972,sa0,1
21031,N105795 /1 undetected,output,,N105795,N105795,1,undetected,N105795,N105795,N105795,sa1,1
21032,N85718 /1 undetected,output,,N85718,N85718,1,undetected,N85718,N85718,N85718,sa1,1
21033,N54866 /1 undetected,output,,N54866,N54866,1,undetected,N54866,N54866,N54866,sa1,1
21034,N54866 /0 undetected,output,,N54866,N54866,0,undetected,N54866,N54866,N54866,sa0,1
21035,N105979 /1 undetected,output,,N105979,N105979,1,undetected,N105979,N105979,N105979,sa1,1
21036,N54865 /1 undetected,output,,N54865,N54865,1,undetected,N54865,N54865,N54865,sa1,1
21037,N106588 /1 undetected,output,,N106588,N106588,1,undetected,N106588,N106588,N106588,sa1,1
21038,N75891 /1 undetected,output,,N75891,N75891,1,undetected,N75891,N75891,N75891,sa1,1
21039,N24981 /1 undetected,output,,N24981,N24981,1,undetected,N24981,N24981,N24981,sa1,1
21040,N76115 /1 undetected,output,,N76115,N76115,1,undetected,N76115,N76115,N76115,sa1,1
21041,N24978 /1 undetected,output,,N24978,N24978,1,undetected,N24978,N24978,N24978,sa1,1
21042,N108898 /1 undetected,output,,N108898,N108898,1,undetected,N108898,N108898,N108898,sa1,1
21043,N94410 /1 undetected,output,,N94410,N94410,1,undetected,N94410,N94410,N94410,sa1,1
21044,N24976 /1 undetected,output,,N24976,N24976,1,undetected,N24976,N24976,N24976,sa1,1
21045,N108884 /1 undetected,output,,N108884,N108884,1,undetected,N108884,N108884,N108884,sa1,1
21046,N94322 /1 undetected,output,,N94322,N94322,1,undetected,N94322,N94322,N94322,sa1,1
21047,N23834 /0 undetected,output,,N23834,N23834,0,undetected,N23834,N23834,N23834,sa0,1
21048,N4346 /0 undetected,output,,N4346,N4346,0,undetected,N4346,N4346,N4346,sa0,1
21049,N96954 /1 undetected,output,,N96954,N96954,1,undetected,N96954,N96954,N96954,sa1,1
21050,N84650 /1 undetected,output,,N84650,N84650,1,undetected,N84650,N84650,N84650,sa1,1
21051,N4184 /1 undetected,output,,N4184,N4184,1,undetected,N4184,N4184,N4184,sa1,1
21052,N4184 /0 undetected,output,,N4184,N4184,0,undetected,N4184,N4184,N4184,sa0,1
21053,N28259 /0 undetected,output,,N28259,N28259,0,undetected,N28259,N28259,N28259,sa0,1
21054,N109312 /1 undetected,output,,N109312,N109312,1,undetected,N109312,N109312,N109312,sa1,1
21055,N84758 /1 undetected,output,,N84758,N84758,1,undetected,N84758,N84758,N84758,sa1,1
21056,N26202 /0 undetected,output,,N26202,N26202,0,undetected,N26202,N26202,N26202,sa0,1
21057,N106830 /1 undetected,output,,N106830,N106830,1,undetected,N106830,N106830,N106830,sa1,1
21058,N84749 /1 undetected,output,,N84749,N84749,1,undetected,N84749,N84749,N84749,sa1,1
21059,N25375 /1 undetected,output,,N25375,N25375,1,undetected,N25375,N25375,N25375,sa1,1
21060,N25375 /0 undetected,output,,N25375,N25375,0,undetected,N25375,N25375,N25375,sa0,1
21061,N112177 /1 undetected,output,,N112177,N112177,1,undetected,N112177,N112177,N112177,sa1,1
21062,N32410 /1 undetected,output,,N32410,N32410,1,undetected,N32410,N32410,N32410,sa1,1
21063,N114000 /1 undetected,output,,N114000,N114000,1,undetected,N114000,N114000,N114000,sa1,1
21064,N32025 /1 undetected,output,,N32025,N32025,1,undetected,N32025,N32025,N32025,sa1,1
21065,N113984 /1 undetected,output,,N113984,N113984,1,undetected,N113984,N113984,N113984,sa1,1
21066,N112175 /1 undetected,output,,N112175,N112175,1,undetected,N112175,N112175,N112175,sa1,1
21067,N112174 /1 undetected,output,,N112174,N112174,1,undetected,N112174,N112174,N112174,sa1,1
21068,N31876 /1 undetected,output,,N31876,N31876,1,undetected,N31876,N31876,N31876,sa1,1
21069,N113946 /1 undetected,output,,N113946,N113946,1,undetected,N113946,N113946,N113946,sa1,1
21070,N112171 /1 undetected,output,,N112171,N112171,1,undetected,N112171,N112171,N112171,sa1,1
21071,N31122 /1 undetected,output,,N31122,N31122,1,undetected,N31122,N31122,N31122,sa1,1
21072,N113782 /1 undetected,output,,N113782,N113782,1,undetected,N113782,N113782,N113782,sa1,1
21073,N30708 /1 undetected,output,,N30708,N30708,1,undetected,N30708,N30708,N30708,sa1,1
21074,N113728 /1 undetected,output,,N113728,N113728,1,undetected,N113728,N113728,N113728,sa1,1
21075,N112170 /1 undetected,output,,N112170,N112170,1,undetected,N112170,N112170,N112170,sa1,1
21076,N24529 /0 undetected,output,,N24529,N24529,0,undetected,N24529,N24529,N24529,sa0,1
21077,N107830 /1 undetected,output,,N107830,N107830,1,undetected,N107830,N107830,N107830,sa1,1
21078,N24526 /1 undetected,output,,N24526,N24526,1,undetected,N24526,N24526,N24526,sa1,1
21079,N74802 /1 undetected,output,,N74802,N74802,1,undetected,N74802,N74802,N74802,sa1,1
21080,N24525 /1 undetected,output,,N24525,N24525,1,undetected,N24525,N24525,N24525,sa1,1
21081,N24523 /1 undetected,output,,N24523,N24523,1,undetected,N24523,N24523,N24523,sa1,1
21082,N24521 /1 undetected,output,,N24521,N24521,1,undetected,N24521,N24521,N24521,sa1,1
21083,N24519 /1 undetected,output,,N24519,N24519,1,undetected,N24519,N24519,N24519,sa1,1
21084,N95815 /1 undetected,output,,N95815,N95815,1,undetected,N95815,N95815,N95815,sa1,1
21085,N24516 /1 undetected,output,,N24516,N24516,1,undetected,N24516,N24516,N24516,sa1,1
21086,N107876 /1 undetected,output,,N107876,N107876,1,undetected,N107876,N107876,N107876,sa1,1
21087,N93770 /1 undetected,output,,N93770,N93770,1,undetected,N93770,N93770,N93770,sa1,1
21088,N24518 /1 undetected,output,,N24518,N24518,1,undetected,N24518,N24518,N24518,sa1,1
21089,N107879 /1 undetected,output,,N107879,N107879,1,undetected,N107879,N107879,N107879,sa1,1
21090,N93847 /1 undetected,output,,N93847,N93847,1,undetected,N93847,N93847,N93847,sa1,1
21091,N24514 /1 undetected,output,,N24514,N24514,1,undetected,N24514,N24514,N24514,sa1,1
21092,N106486 /1 undetected,output,,N106486,N106486,1,undetected,N106486,N106486,N106486,sa1,1
21093,N24512 /1 undetected,output,,N24512,N24512,1,undetected,N24512,N24512,N24512,sa1,1
21094,N107778 /1 undetected,output,,N107778,N107778,1,undetected,N107778,N107778,N107778,sa1,1
21095,N85162 /1 undetected,output,,N85162,N85162,1,undetected,N85162,N85162,N85162,sa1,1
21096,N24510 /1 undetected,output,,N24510,N24510,1,undetected,N24510,N24510,N24510,sa1,1
21097,N95750 /1 undetected,output,,N95750,N95750,1,undetected,N95750,N95750,N95750,sa1,1
21098,N24508 /1 undetected,output,,N24508,N24508,1,undetected,N24508,N24508,N24508,sa1,1
21099,N107863 /1 undetected,output,,N107863,N107863,1,undetected,N107863,N107863,N107863,sa1,1
21100,N24149 /1 undetected,output,,N24149,N24149,1,undetected,N24149,N24149,N24149,sa1,1
21101,N106700 /1 undetected,output,,N106700,N106700,1,undetected,N106700,N106700,N106700,sa1,1
21102,N75569 /1 undetected,output,,N75569,N75569,1,undetected,N75569,N75569,N75569,sa1,1
21103,N24506 /1 undetected,output,,N24506,N24506,1,undetected,N24506,N24506,N24506,sa1,1
21104,N24502 /1 undetected,output,,N24502,N24502,1,undetected,N24502,N24502,N24502,sa1,1
21105,N107886 /1 undetected,output,,N107886,N107886,1,undetected,N107886,N107886,N107886,sa1,1
21106,N85929 /1 undetected,output,,N85929,N85929,1,undetected,N85929,N85929,N85929,sa1,1
21107,N24498 /1 undetected,output,,N24498,N24498,1,undetected,N24498,N24498,N24498,sa1,1
21108,N24496 /1 undetected,output,,N24496,N24496,1,undetected,N24496,N24496,N24496,sa1,1
21109,N95952 /1 undetected,output,,N95952,N95952,1,undetected,N95952,N95952,N95952,sa1,1
21110,N24491 /1 undetected,output,,N24491,N24491,1,undetected,N24491,N24491,N24491,sa1,1
21111,N107875 /1 undetected,output,,N107875,N107875,1,undetected,N107875,N107875,N107875,sa1,1
21112,N94318 /1 undetected,output,,N94318,N94318,1,undetected,N94318,N94318,N94318,sa1,1
21113,N107878 /1 undetected,output,,N107878,N107878,1,undetected,N107878,N107878,N107878,sa1,1
21114,N94406 /1 undetected,output,,N94406,N94406,1,undetected,N94406,N94406,N94406,sa1,1
21115,N24478 /1 undetected,output,,N24478,N24478,1,undetected,N24478,N24478,N24478,sa1,1
21116,N97185 /1 undetected,output,,N97185,N97185,1,undetected,N97185,N97185,N97185,sa1,1
21117,N24476 /1 undetected,output,,N24476,N24476,1,undetected,N24476,N24476,N24476,sa1,1
21118,N107862 /1 undetected,output,,N107862,N107862,1,undetected,N107862,N107862,N107862,sa1,1
21119,N24474 /1 undetected,output,,N24474,N24474,1,undetected,N24474,N24474,N24474,sa1,1
21120,N106706 /1 undetected,output,,N106706,N106706,1,undetected,N106706,N106706,N106706,sa1,1
21121,N85527 /1 undetected,output,,N85527,N85527,1,undetected,N85527,N85527,N85527,sa1,1
21122,N55512 /1 undetected,output,,N55512,N55512,1,undetected,N55512,N55512,N55512,sa1,1
21123,N55512 /0 undetected,output,,N55512,N55512,0,undetected,N55512,N55512,N55512,sa0,1
21124,N120993 /1 undetected,output,,N120993,N120993,1,undetected,N120993,N120993,N120993,sa1,1
21125,N85739 /1 undetected,output,,N85739,N85739,1,undetected,N85739,N85739,N85739,sa1,1
21126,N54632 /1 undetected,output,,N54632,N54632,1,undetected,N54632,N54632,N54632,sa1,1
21127,N54632 /0 undetected,output,,N54632,N54632,0,undetected,N54632,N54632,N54632,sa0,1
21128,N54631 /1 undetected,output,,N54631,N54631,1,undetected,N54631,N54631,N54631,sa1,1
21129,N120756 /1 undetected,output,,N120756,N120756,1,undetected,N120756,N120756,N120756,sa1,1
21130,N54629 /1 undetected,output,,N54629,N54629,1,undetected,N54629,N54629,N54629,sa1,1
21131,N75882 /1 undetected,output,,N75882,N75882,1,undetected,N75882,N75882,N75882,sa1,1
21132,N54618 /1 undetected,output,,N54618,N54618,1,undetected,N54618,N54618,N54618,sa1,1
21133,N54613 /1 undetected,output,,N54613,N54613,1,undetected,N54613,N54613,N54613,sa1,1
21134,N109123 /1 undetected,output,,N109123,N109123,1,undetected,N109123,N109123,N109123,sa1,1
21135,N75696 /1 undetected,output,,N75696,N75696,1,undetected,N75696,N75696,N75696,sa1,1
21136,N54611 /1 undetected,output,,N54611,N54611,1,undetected,N54611,N54611,N54611,sa1,1
21137,N105715 /1 undetected,output,,N105715,N105715,1,undetected,N105715,N105715,N105715,sa1,1
21138,N85643 /1 undetected,output,,N85643,N85643,1,undetected,N85643,N85643,N85643,sa1,1
21139,N54609 /1 undetected,output,,N54609,N54609,1,undetected,N54609,N54609,N54609,sa1,1
21140,N120754 /1 undetected,output,,N120754,N120754,1,undetected,N120754,N120754,N120754,sa1,1
21141,N54607 /1 undetected,output,,N54607,N54607,1,undetected,N54607,N54607,N54607,sa1,1
21142,N120753 /1 undetected,output,,N120753,N120753,1,undetected,N120753,N120753,N120753,sa1,1
21143,N75881 /1 undetected,output,,N75881,N75881,1,undetected,N75881,N75881,N75881,sa1,1
21144,N53568 /1 undetected,output,,N53568,N53568,1,undetected,N53568,N53568,N53568,sa1,1
21145,N53568 /0 undetected,output,,N53568,N53568,0,undetected,N53568,N53568,N53568,sa0,1
21146,N30222 /1 undetected,output,,N30222,N30222,1,undetected,N30222,N30222,N30222,sa1,1
21147,N30222 /0 undetected,output,,N30222,N30222,0,undetected,N30222,N30222,N30222,sa0,1
21148,N105865 /1 undetected,output,,N105865,N105865,1,undetected,N105865,N105865,N105865,sa1,1
21149,N76643 /1 undetected,output,,N76643,N76643,1,undetected,N76643,N76643,N76643,sa1,1
21150,N23759 /1 undetected,output,,N23759,N23759,1,undetected,N23759,N23759,N23759,sa1,1
21151,N23759 /0 undetected,output,,N23759,N23759,0,undetected,N23759,N23759,N23759,sa0,1
21152,N23730 /1 undetected,output,,N23730,N23730,1,undetected,N23730,N23730,N23730,sa1,1
21153,N23730 /0 undetected,output,,N23730,N23730,0,undetected,N23730,N23730,N23730,sa0,1
21154,N54871 /1 undetected,output,,N54871,N54871,1,undetected,N54871,N54871,N54871,sa1,1
21155,N54871 /0 undetected,output,,N54871,N54871,0,undetected,N54871,N54871,N54871,sa0,1
21156,N106025 /1 undetected,output,,N106025,N106025,1,undetected,N106025,N106025,N106025,sa1,1
21157,N54870 /1 undetected,output,,N54870,N54870,1,undetected,N54870,N54870,N54870,sa1,1
21158,N106574 /1 undetected,output,,N106574,N106574,1,undetected,N106574,N106574,N106574,sa1,1
21159,N75892 /1 undetected,output,,N75892,N75892,1,undetected,N75892,N75892,N75892,sa1,1
21160,N54233 /1 undetected,output,,N54233,N54233,1,undetected,N54233,N54233,N54233,sa1,1
21161,N54233 /0 undetected,output,,N54233,N54233,0,undetected,N54233,N54233,N54233,sa0,1
21162,N120488 /1 undetected,output,,N120488,N120488,1,undetected,N120488,N120488,N120488,sa1,1
21163,N54232 /1 undetected,output,,N54232,N54232,1,undetected,N54232,N54232,N54232,sa1,1
21164,N54198 /1 undetected,output,,N54198,N54198,1,undetected,N54198,N54198,N54198,sa1,1
21165,N120550 /1 undetected,output,,N120550,N120550,1,undetected,N120550,N120550,N120550,sa1,1
21166,N120483 /1 undetected,output,,N120483,N120483,1,undetected,N120483,N120483,N120483,sa1,1
21167,N54196 /1 undetected,output,,N54196,N54196,1,undetected,N54196,N54196,N54196,sa1,1
21168,N54194 /1 undetected,output,,N54194,N54194,1,undetected,N54194,N54194,N54194,sa1,1
21169,N120485 /1 undetected,output,,N120485,N120485,1,undetected,N120485,N120485,N120485,sa1,1
21170,N85734 /1 undetected,output,,N85734,N85734,1,undetected,N85734,N85734,N85734,sa1,1
21171,N54192 /1 undetected,output,,N54192,N54192,1,undetected,N54192,N54192,N54192,sa1,1
21172,N75871 /1 undetected,output,,N75871,N75871,1,undetected,N75871,N75871,N75871,sa1,1
21173,N54191 /1 undetected,output,,N54191,N54191,1,undetected,N54191,N54191,N54191,sa1,1
21174,N120613 /1 undetected,output,,N120613,N120613,1,undetected,N120613,N120613,N120613,sa1,1
21175,N54189 /1 undetected,output,,N54189,N54189,1,undetected,N54189,N54189,N54189,sa1,1
21176,N108882 /1 undetected,output,,N108882,N108882,1,undetected,N108882,N108882,N108882,sa1,1
21177,N85690 /1 undetected,output,,N85690,N85690,1,undetected,N85690,N85690,N85690,sa1,1
21178,N53646 /1 undetected,output,,N53646,N53646,1,undetected,N53646,N53646,N53646,sa1,1
21179,N53646 /0 undetected,output,,N53646,N53646,0,undetected,N53646,N53646,N53646,sa0,1
21180,N120487 /1 undetected,output,,N120487,N120487,1,undetected,N120487,N120487,N120487,sa1,1
21181,N53645 /1 undetected,output,,N53645,N53645,1,undetected,N53645,N53645,N53645,sa1,1
21182,N120482 /1 undetected,output,,N120482,N120482,1,undetected,N120482,N120482,N120482,sa1,1
21183,N93624 /1 undetected,output,,N93624,N93624,1,undetected,N93624,N93624,N93624,sa1,1
21184,N23873 /1 undetected,output,,N23873,N23873,1,undetected,N23873,N23873,N23873,sa1,1
21185,N23873 /0 undetected,output,,N23873,N23873,0,undetected,N23873,N23873,N23873,sa0,1
21186,N69578 /0 undetected,output,,N69578,N69578,0,undetected,N69578,N69578,N69578,sa0,1
21187,N69576 /1 undetected,output,,N69576,N69576,1,undetected,N69576,N69576,N69576,sa1,1
21188,N83145 /1 undetected,output,,N83145,N83145,1,undetected,N83145,N83145,N83145,sa1,1
21189,N69567 /1 undetected,output,,N69567,N69567,1,undetected,N69567,N69567,N69567,sa1,1
21190,N83225 /1 undetected,output,,N83225,N83225,1,undetected,N83225,N83225,N83225,sa1,1
21191,N69565 /1 undetected,output,,N69565,N69565,1,undetected,N69565,N69565,N69565,sa1,1
21192,N77527 /1 undetected,output,,N77527,N77527,1,undetected,N77527,N77527,N77527,sa1,1
21193,N69564 /1 undetected,output,,N69564,N69564,1,undetected,N69564,N69564,N69564,sa1,1
21194,N90917 /1 undetected,output,,N90917,N90917,1,undetected,N90917,N90917,N90917,sa1,1
21195,N69562 /1 undetected,output,,N69562,N69562,1,undetected,N69562,N69562,N69562,sa1,1
21196,N90886 /1 undetected,output,,N90886,N90886,1,undetected,N90886,N90886,N90886,sa1,1
21197,N69552 /1 undetected,output,,N69552,N69552,1,undetected,N69552,N69552,N69552,sa1,1
21198,N90916 /1 undetected,output,,N90916,N90916,1,undetected,N90916,N90916,N90916,sa1,1
21199,N69325 /1 undetected,output,,N69325,N69325,1,undetected,N69325,N69325,N69325,sa1,1
21200,N86953 /1 undetected,output,,N86953,N86953,1,undetected,N86953,N86953,N86953,sa1,1
21201,N69324 /1 undetected,output,,N69324,N69324,1,undetected,N69324,N69324,N69324,sa1,1
21202,N83223 /1 undetected,output,,N83223,N83223,1,undetected,N83223,N83223,N83223,sa1,1
21203,N24685 /1 undetected,output,,N24685,N24685,1,undetected,N24685,N24685,N24685,sa1,1
21204,N24685 /0 undetected,output,,N24685,N24685,0,undetected,N24685,N24685,N24685,sa0,1
21205,N32991 /1 undetected,output,,N32991,N32991,1,undetected,N32991,N32991,N32991,sa1,1
21206,N90255 /1 undetected,output,,N90255,N90255,1,undetected,N90255,N90255,N90255,sa1,1
21207,N32764 /1 undetected,output,,N32764,N32764,1,undetected,N32764,N32764,N32764,sa1,1
21208,N90237 /1 undetected,output,,N90237,N90237,1,undetected,N90237,N90237,N90237,sa1,1
21209,N32559 /1 undetected,output,,N32559,N32559,1,undetected,N32559,N32559,N32559,sa1,1
21210,N90225 /1 undetected,output,,N90225,N90225,1,undetected,N90225,N90225,N90225,sa1,1
21211,N31259 /1 undetected,output,,N31259,N31259,1,undetected,N31259,N31259,N31259,sa1,1
21212,N90064 /1 undetected,output,,N90064,N90064,1,undetected,N90064,N90064,N90064,sa1,1
21213,N30342 /1 undetected,output,,N30342,N30342,1,undetected,N30342,N30342,N30342,sa1,1
21214,N55434 /1 undetected,output,,N55434,N55434,1,undetected,N55434,N55434,N55434,sa1,1
21215,N55434 /0 undetected,output,,N55434,N55434,0,undetected,N55434,N55434,N55434,sa0,1
21216,N105813 /1 undetected,output,,N105813,N105813,1,undetected,N105813,N105813,N105813,sa1,1
21217,N55432 /1 undetected,output,,N55432,N55432,1,undetected,N55432,N55432,N55432,sa1,1
21218,N120953 /1 undetected,output,,N120953,N120953,1,undetected,N120953,N120953,N120953,sa1,1
21219,N55430 /1 undetected,output,,N55430,N55430,1,undetected,N55430,N55430,N55430,sa1,1
21220,N120955 /1 undetected,output,,N120955,N120955,1,undetected,N120955,N120955,N120955,sa1,1
21221,N106009 /1 undetected,output,,N106009,N106009,1,undetected,N106009,N106009,N106009,sa1,1
21222,N4343 /0 undetected,output,,N4343,N4343,0,undetected,N4343,N4343,N4343,sa0,1
21223,N28232 /1 undetected,output,,N28232,N28232,1,undetected,N28232,N28232,N28232,sa1,1
21224,N109239 /1 undetected,output,,N109239,N109239,1,undetected,N109239,N109239,N109239,sa1,1
21225,N84757 /1 undetected,output,,N84757,N84757,1,undetected,N84757,N84757,N84757,sa1,1
21226,N25350 /1 undetected,output,,N25350,N25350,1,undetected,N25350,N25350,N25350,sa1,1
21227,N25350 /0 undetected,output,,N25350,N25350,0,undetected,N25350,N25350,N25350,sa0,1
21228,N30528 /1 undetected,output,,N30528,N30528,1,undetected,N30528,N30528,N30528,sa1,1
21229,N30426 /1 undetected,output,,N30426,N30426,1,undetected,N30426,N30426,N30426,sa1,1
21230,N23619 /1 undetected,output,,N23619,N23619,1,undetected,N23619,N23619,N23619,sa1,1
21231,N24655 /1 undetected,output,,N24655,N24655,1,undetected,N24655,N24655,N24655,sa1,1
21232,N24654 /1 undetected,output,,N24654,N24654,1,undetected,N24654,N24654,N24654,sa1,1
21233,N24653 /1 undetected,output,,N24653,N24653,1,undetected,N24653,N24653,N24653,sa1,1
21234,N97181 /1 undetected,output,,N97181,N97181,1,undetected,N97181,N97181,N97181,sa1,1
21235,N24649 /1 undetected,output,,N24649,N24649,1,undetected,N24649,N24649,N24649,sa1,1
21236,N107712 /1 undetected,output,,N107712,N107712,1,undetected,N107712,N107712,N107712,sa1,1
21237,N106595 /1 undetected,output,,N106595,N106595,1,undetected,N106595,N106595,N106595,sa1,1
21238,N93937 /1 undetected,output,,N93937,N93937,1,undetected,N93937,N93937,N93937,sa1,1
21239,N24583 /1 undetected,output,,N24583,N24583,1,undetected,N24583,N24583,N24583,sa1,1
21240,N24581 /1 undetected,output,,N24581,N24581,1,undetected,N24581,N24581,N24581,sa1,1
21241,N95953 /1 undetected,output,,N95953,N95953,1,undetected,N95953,N95953,N95953,sa1,1
21242,N24568 /1 undetected,output,,N24568,N24568,1,undetected,N24568,N24568,N24568,sa1,1
21243,N107954 /1 undetected,output,,N107954,N107954,1,undetected,N107954,N107954,N107954,sa1,1
21244,N94319 /1 undetected,output,,N94319,N94319,1,undetected,N94319,N94319,N94319,sa1,1
21245,N107960 /1 undetected,output,,N107960,N107960,1,undetected,N107960,N107960,N107960,sa1,1
21246,N94407 /1 undetected,output,,N94407,N94407,1,undetected,N94407,N94407,N94407,sa1,1
21247,N24631 /1 undetected,output,,N24631,N24631,1,undetected,N24631,N24631,N24631,sa1,1
21248,N24629 /1 undetected,output,,N24629,N24629,1,undetected,N24629,N24629,N24629,sa1,1
21249,N97153 /1 undetected,output,,N97153,N97153,1,undetected,N97153,N97153,N97153,sa1,1
21250,N24607 /1 undetected,output,,N24607,N24607,1,undetected,N24607,N24607,N24607,sa1,1
21251,N107977 /1 undetected,output,,N107977,N107977,1,undetected,N107977,N107977,N107977,sa1,1
21252,N94320 /1 undetected,output,,N94320,N94320,1,undetected,N94320,N94320,N94320,sa1,1
21253,N24628 /1 undetected,output,,N24628,N24628,1,undetected,N24628,N24628,N24628,sa1,1
21254,N107989 /1 undetected,output,,N107989,N107989,1,undetected,N107989,N107989,N107989,sa1,1
21255,N94408 /1 undetected,output,,N94408,N94408,1,undetected,N94408,N94408,N94408,sa1,1
21256,N24646 /1 undetected,output,,N24646,N24646,1,undetected,N24646,N24646,N24646,sa1,1
21257,N24645 /1 undetected,output,,N24645,N24645,1,undetected,N24645,N24645,N24645,sa1,1
21258,N95735 /1 undetected,output,,N95735,N95735,1,undetected,N95735,N95735,N95735,sa1,1
21259,N24643 /1 undetected,output,,N24643,N24643,1,undetected,N24643,N24643,N24643,sa1,1
21260,N24641 /1 undetected,output,,N24641,N24641,1,undetected,N24641,N24641,N24641,sa1,1
21261,N24639 /1 undetected,output,,N24639,N24639,1,undetected,N24639,N24639,N24639,sa1,1
21262,N95816 /1 undetected,output,,N95816,N95816,1,undetected,N95816,N95816,N95816,sa1,1
21263,N24587 /1 undetected,output,,N24587,N24587,1,undetected,N24587,N24587,N24587,sa1,1
21264,N107955 /1 undetected,output,,N107955,N107955,1,undetected,N107955,N107955,N107955,sa1,1
21265,N93771 /1 undetected,output,,N93771,N93771,1,undetected,N93771,N93771,N93771,sa1,1
21266,N24589 /1 undetected,output,,N24589,N24589,1,undetected,N24589,N24589,N24589,sa1,1
21267,N107961 /1 undetected,output,,N107961,N107961,1,undetected,N107961,N107961,N107961,sa1,1
21268,N93848 /1 undetected,output,,N93848,N93848,1,undetected,N93848,N93848,N93848,sa1,1
21269,N24585 /1 undetected,output,,N24585,N24585,1,undetected,N24585,N24585,N24585,sa1,1
21270,N107936 /1 undetected,output,,N107936,N107936,1,undetected,N107936,N107936,N107936,sa1,1
21271,N105873 /1 undetected,output,,N105873,N105873,1,undetected,N105873,N105873,N105873,sa1,1
21272,N24638 /1 undetected,output,,N24638,N24638,1,undetected,N24638,N24638,N24638,sa1,1
21273,N24636 /1 undetected,output,,N24636,N24636,1,undetected,N24636,N24636,N24636,sa1,1
21274,N98418 /1 undetected,output,,N98418,N98418,1,undetected,N98418,N98418,N98418,sa1,1
21275,N24635 /1 undetected,output,,N24635,N24635,1,undetected,N24635,N24635,N24635,sa1,1
21276,N107978 /1 undetected,output,,N107978,N107978,1,undetected,N107978,N107978,N107978,sa1,1
21277,N93772 /1 undetected,output,,N93772,N93772,1,undetected,N93772,N93772,N93772,sa1,1
21278,N24633 /1 undetected,output,,N24633,N24633,1,undetected,N24633,N24633,N24633,sa1,1
21279,N107990 /1 undetected,output,,N107990,N107990,1,undetected,N107990,N107990,N107990,sa1,1
21280,N93849 /1 undetected,output,,N93849,N93849,1,undetected,N93849,N93849,N93849,sa1,1
21281,N11790 /0 undetected,output,,N11790,N11790,0,undetected,N11790,N11790,N11790,sa0,1
21282,N11789 /1 undetected,output,,N11789,N11789,1,undetected,N11789,N11789,N11789,sa1,1
21283,N100192 /1 undetected,output,,N100192,N100192,1,undetected,N100192,N100192,N100192,sa1,1
21284,N77977 /1 undetected,output,,N77977,N77977,1,undetected,N77977,N77977,N77977,sa1,1
21285,N53888 /1 undetected,output,,N53888,N53888,1,undetected,N53888,N53888,N53888,sa1,1
21286,N53888 /0 undetected,output,,N53888,N53888,0,undetected,N53888,N53888,N53888,sa0,1
21287,N105977 /1 undetected,output,,N105977,N105977,1,undetected,N105977,N105977,N105977,sa1,1
21288,N53887 /1 undetected,output,,N53887,N53887,1,undetected,N53887,N53887,N53887,sa1,1
21289,N53885 /1 undetected,output,,N53885,N53885,1,undetected,N53885,N53885,N53885,sa1,1
21290,N105961 /1 undetected,output,,N105961,N105961,1,undetected,N105961,N105961,N105961,sa1,1
21291,N85759 /1 undetected,output,,N85759,N85759,1,undetected,N85759,N85759,N85759,sa1,1
21292,N53883 /1 undetected,output,,N53883,N53883,1,undetected,N53883,N53883,N53883,sa1,1
21293,N106587 /1 undetected,output,,N106587,N106587,1,undetected,N106587,N106587,N106587,sa1,1
21294,N75866 /1 undetected,output,,N75866,N75866,1,undetected,N75866,N75866,N75866,sa1,1
21295,N23833 /0 undetected,output,,N23833,N23833,0,undetected,N23833,N23833,N23833,sa0,1
21296,N105954 /1 undetected,output,,N105954,N105954,1,undetected,N105954,N105954,N105954,sa1,1
21297,N23830 /1 undetected,output,,N23830,N23830,1,undetected,N23830,N23830,N23830,sa1,1
21298,N85765 /1 undetected,output,,N85765,N85765,1,undetected,N85765,N85765,N85765,sa1,1
21299,N75858 /1 undetected,output,,N75858,N75858,1,undetected,N75858,N75858,N75858,sa1,1
21300,N4183 /1 undetected,output,,N4183,N4183,1,undetected,N4183,N4183,N4183,sa1,1
21301,N4183 /0 undetected,output,,N4183,N4183,0,undetected,N4183,N4183,N4183,sa0,1
21302,N4182 /1 undetected,output,,N4182,N4182,1,undetected,N4182,N4182,N4182,sa1,1
21303,N96823 /1 undetected,output,,N96823,N96823,1,undetected,N96823,N96823,N96823,sa1,1
21304,N86582 /1 undetected,output,,N86582,N86582,1,undetected,N86582,N86582,N86582,sa1,1
21305,N4157 /1 undetected,output,,N4157,N4157,1,undetected,N4157,N4157,N4157,sa1,1
21306,N96785 /1 undetected,output,,N96785,N96785,1,undetected,N96785,N96785,N96785,sa1,1
21307,N95867 /1 undetected,output,,N95867,N95867,1,undetected,N95867,N95867,N95867,sa1,1
21308,N3387 /0 undetected,output,,N3387,N3387,0,undetected,N3387,N3387,N3387,sa0,1
21309,N96330 /1 undetected,output,,N96330,N96330,1,undetected,N96330,N96330,N96330,sa1,1
21310,N96151 /1 undetected,output,,N96151,N96151,1,undetected,N96151,N96151,N96151,sa1,1
21311,N25391 /1 undetected,output,,N25391,N25391,1,undetected,N25391,N25391,N25391,sa1,1
21312,N25391 /0 undetected,output,,N25391,N25391,0,undetected,N25391,N25391,N25391,sa0,1
21313,N25390 /1 undetected,output,,N25390,N25390,1,undetected,N25390,N25390,N25390,sa1,1
21314,N85535 /1 undetected,output,,N85535,N85535,1,undetected,N85535,N85535,N85535,sa1,1
21315,N25360 /1 undetected,output,,N25360,N25360,1,undetected,N25360,N25360,N25360,sa1,1
21316,N25388 /1 undetected,output,,N25388,N25388,1,undetected,N25388,N25388,N25388,sa1,1
21317,N75581 /1 undetected,output,,N75581,N75581,1,undetected,N75581,N75581,N75581,sa1,1
21318,N25386 /1 undetected,output,,N25386,N25386,1,undetected,N25386,N25386,N25386,sa1,1
21319,N109311 /1 undetected,output,,N109311,N109311,1,undetected,N109311,N109311,N109311,sa1,1
21320,N75806 /1 undetected,output,,N75806,N75806,1,undetected,N75806,N75806,N75806,sa1,1
21321,N25393 /1 undetected,output,,N25393,N25393,1,undetected,N25393,N25393,N25393,sa1,1
21322,N25393 /0 undetected,output,,N25393,N25393,0,undetected,N25393,N25393,N25393,sa0,1
21323,N106829 /1 undetected,output,,N106829,N106829,1,undetected,N106829,N106829,N106829,sa1,1
21324,N24445 /1 undetected,output,,N24445,N24445,1,undetected,N24445,N24445,N24445,sa1,1
21325,N24443 /1 undetected,output,,N24443,N24443,1,undetected,N24443,N24443,N24443,sa1,1
21326,N107819 /1 undetected,output,,N107819,N107819,1,undetected,N107819,N107819,N107819,sa1,1
21327,N75572 /1 undetected,output,,N75572,N75572,1,undetected,N75572,N75572,N75572,sa1,1
21328,N24434 /1 undetected,output,,N24434,N24434,1,undetected,N24434,N24434,N24434,sa1,1
21329,N107810 /1 undetected,output,,N107810,N107810,1,undetected,N107810,N107810,N107810,sa1,1
21330,N85525 /1 undetected,output,,N85525,N85525,1,undetected,N85525,N85525,N85525,sa1,1
21331,N25374 /1 undetected,output,,N25374,N25374,1,undetected,N25374,N25374,N25374,sa1,1
21332,N25374 /0 undetected,output,,N25374,N25374,0,undetected,N25374,N25374,N25374,sa0,1
21333,N25373 /1 undetected,output,,N25373,N25373,1,undetected,N25373,N25373,N25373,sa1,1
21334,N109288 /1 undetected,output,,N109288,N109288,1,undetected,N109288,N109288,N109288,sa1,1
21335,N75580 /1 undetected,output,,N75580,N75580,1,undetected,N75580,N75580,N75580,sa1,1
21336,N25362 /1 undetected,output,,N25362,N25362,1,undetected,N25362,N25362,N25362,sa1,1
21337,N109264 /1 undetected,output,,N109264,N109264,1,undetected,N109264,N109264,N109264,sa1,1
21338,N85534 /1 undetected,output,,N85534,N85534,1,undetected,N85534,N85534,N85534,sa1,1
21339,N105509 /1 undetected,output,,N105509,N105509,1,undetected,N105509,N105509,N105509,sa1,1
21340,N30887 /1 undetected,output,,N30887,N30887,1,undetected,N30887,N30887,N30887,sa1,1
21341,N113750 /1 undetected,output,,N113750,N113750,1,undetected,N113750,N113750,N113750,sa1,1
21342,N105526 /1 undetected,output,,N105526,N105526,1,undetected,N105526,N105526,N105526,sa1,1
21343,N30411 /1 undetected,output,,N30411,N30411,1,undetected,N30411,N30411,N30411,sa1,1
21344,N84764 /1 undetected,output,,N84764,N84764,1,undetected,N84764,N84764,N84764,sa1,1
21345,N30410 /1 undetected,output,,N30410,N30410,1,undetected,N30410,N30410,N30410,sa1,1
21346,N85836 /1 undetected,output,,N85836,N85836,1,undetected,N85836,N85836,N85836,sa1,1
21347,N55527 /1 undetected,output,,N55527,N55527,1,undetected,N55527,N55527,N55527,sa1,1
21348,N55527 /0 undetected,output,,N55527,N55527,0,undetected,N55527,N55527,N55527,sa0,1
21349,N120949 /1 undetected,output,,N120949,N120949,1,undetected,N120949,N120949,N120949,sa1,1
21350,N55525 /1 undetected,output,,N55525,N55525,1,undetected,N55525,N55525,N55525,sa1,1
21351,N85696 /1 undetected,output,,N85696,N85696,1,undetected,N85696,N85696,N85696,sa1,1
21352,N23726 /1 undetected,output,,N23726,N23726,1,undetected,N23726,N23726,N23726,sa1,1
21353,N11738 /0 undetected,output,,N11738,N11738,0,undetected,N11738,N11738,N11738,sa0,1
21354,N53567 /1 undetected,output,,N53567,N53567,1,undetected,N53567,N53567,N53567,sa1,1
21355,N53567 /0 undetected,output,,N53567,N53567,0,undetected,N53567,N53567,N53567,sa0,1
21356,N120444 /1 undetected,output,,N120444,N120444,1,undetected,N120444,N120444,N120444,sa1,1
21357,N105793 /1 undetected,output,,N105793,N105793,1,undetected,N105793,N105793,N105793,sa1,1
21358,N23758 /1 undetected,output,,N23758,N23758,1,undetected,N23758,N23758,N23758,sa1,1
21359,N23758 /0 undetected,output,,N23758,N23758,0,undetected,N23758,N23758,N23758,sa0,1
21360,N105859 /1 undetected,output,,N105859,N105859,1,undetected,N105859,N105859,N105859,sa1,1
21361,N105846 /1 undetected,output,,N105846,N105846,1,undetected,N105846,N105846,N105846,sa1,1
21362,N23729 /1 undetected,output,,N23729,N23729,1,undetected,N23729,N23729,N23729,sa1,1
21363,N23729 /0 undetected,output,,N23729,N23729,0,undetected,N23729,N23729,N23729,sa0,1
21364,N105792 /1 undetected,output,,N105792,N105792,1,undetected,N105792,N105792,N105792,sa1,1
21365,N105783 /1 undetected,output,,N105783,N105783,1,undetected,N105783,N105783,N105783,sa1,1
21366,N25021 /1 undetected,output,,N25021,N25021,1,undetected,N25021,N25021,N25021,sa1,1
21367,N25021 /0 undetected,output,,N25021,N25021,0,undetected,N25021,N25021,N25021,sa0,1
21368,N53643 /1 undetected,output,,N53643,N53643,1,undetected,N53643,N53643,N53643,sa1,1
21369,N53643 /0 undetected,output,,N53643,N53643,0,undetected,N53643,N53643,N53643,sa0,1
21370,N53641 /1 undetected,output,,N53641,N53641,1,undetected,N53641,N53641,N53641,sa1,1
21371,N93619 /1 undetected,output,,N93619,N93619,1,undetected,N93619,N93619,N93619,sa1,1
21372,N53640 /1 undetected,output,,N53640,N53640,1,undetected,N53640,N53640,N53640,sa1,1
21373,N120484 /1 undetected,output,,N120484,N120484,1,undetected,N120484,N120484,N120484,sa1,1
21374,N93607 /1 undetected,output,,N93607,N93607,1,undetected,N93607,N93607,N93607,sa1,1
21375,N53636 /1 undetected,output,,N53636,N53636,1,undetected,N53636,N53636,N53636,sa1,1
21376,N120443 /1 undetected,output,,N120443,N120443,1,undetected,N120443,N120443,N120443,sa1,1
21377,N105920 /1 undetected,output,,N105920,N105920,1,undetected,N105920,N105920,N105920,sa1,1
21378,N23872 /1 undetected,output,,N23872,N23872,1,undetected,N23872,N23872,N23872,sa1,1
21379,N23872 /0 undetected,output,,N23872,N23872,0,undetected,N23872,N23872,N23872,sa0,1
21380,N106024 /1 undetected,output,,N106024,N106024,1,undetected,N106024,N106024,N106024,sa1,1
21381,N23871 /1 undetected,output,,N23871,N23871,1,undetected,N23871,N23871,N23871,sa1,1
21382,N105971 /1 undetected,output,,N105971,N105971,1,undetected,N105971,N105971,N105971,sa1,1
21383,N75876 /1 undetected,output,,N75876,N75876,1,undetected,N75876,N75876,N75876,sa1,1
21384,N56546 /1 undetected,output,,N56546,N56546,1,undetected,N56546,N56546,N56546,sa1,1
21385,N56545 /1 undetected,output,,N56545,N56545,1,undetected,N56545,N56545,N56545,sa1,1
21386,N92600 /1 undetected,output,,N92600,N92600,1,undetected,N92600,N92600,N92600,sa1,1
21387,N84315 /1 undetected,output,,N84315,N84315,1,undetected,N84315,N84315,N84315,sa1,1
21388,N56540 /1 undetected,output,,N56540,N56540,1,undetected,N56540,N56540,N56540,sa1,1
21389,N96165 /1 undetected,output,,N96165,N96165,1,undetected,N96165,N96165,N96165,sa1,1
21390,N56536 /1 undetected,output,,N56536,N56536,1,undetected,N56536,N56536,N56536,sa1,1
21391,N98463 /1 undetected,output,,N98463,N98463,1,undetected,N98463,N98463,N98463,sa1,1
21392,N56532 /1 undetected,output,,N56532,N56532,1,undetected,N56532,N56532,N56532,sa1,1
21393,N96182 /1 undetected,output,,N96182,N96182,1,undetected,N96182,N96182,N96182,sa1,1
21394,N96494 /1 undetected,output,,N96494,N96494,1,undetected,N96494,N96494,N96494,sa1,1
21395,N3202 /1 undetected,output,,N3202,N3202,1,undetected,N3202,N3202,N3202,sa1,1
21396,N56528 /1 undetected,output,,N56528,N56528,1,undetected,N56528,N56528,N56528,sa1,1
21397,N3385 /1 undetected,output,,N3385,N3385,1,undetected,N3385,N3385,N3385,sa1,1
21398,N3385 /0 undetected,output,,N3385,N3385,0,undetected,N3385,N3385,N3385,sa0,1
21399,N28286 /1 undetected,output,,N28286,N28286,1,undetected,N28286,N28286,N28286,sa1,1
21400,N28286 /0 undetected,output,,N28286,N28286,0,undetected,N28286,N28286,N28286,sa0,1
21401,N109268 /1 undetected,output,,N109268,N109268,1,undetected,N109268,N109268,N109268,sa1,1
21402,N84759 /1 undetected,output,,N84759,N84759,1,undetected,N84759,N84759,N84759,sa1,1
21403,N86639 /1 undetected,output,,N86639,N86639,1,undetected,N86639,N86639,N86639,sa1,1
21404,N86473 /1 undetected,output,,N86473,N86473,1,undetected,N86473,N86473,N86473,sa1,1
21405,N102160 /1 undetected,output,,N102160,N102160,1,undetected,N102160,N102160,N102160,sa1,1
21406,N102197 /1 undetected,output,,N102197,N102197,1,undetected,N102197,N102197,N102197,sa1,1
21407,N102129 /1 undetected,output,,N102129,N102129,1,undetected,N102129,N102129,N102129,sa1,1
21408,N77079 /1 undetected,output,,N77079,N77079,1,undetected,N77079,N77079,N77079,sa1,1
21409,N102168 /1 undetected,output,,N102168,N102168,1,undetected,N102168,N102168,N102168,sa1,1
21410,N102159 /1 undetected,output,,N102159,N102159,1,undetected,N102159,N102159,N102159,sa1,1
21411,N102180 /1 undetected,output,,N102180,N102180,1,undetected,N102180,N102180,N102180,sa1,1
21412,N14831 /1 undetected,output,,N14831,N14831,1,undetected,N14831,N14831,N14831,sa1,1
21413,N102173 /1 undetected,output,,N102173,N102173,1,undetected,N102173,N102173,N102173,sa1,1
21414,N102128 /1 undetected,output,,N102128,N102128,1,undetected,N102128,N102128,N102128,sa1,1
21415,N102123 /1 undetected,output,,N102123,N102123,1,undetected,N102123,N102123,N102123,sa1,1
21416,N14816 /1 undetected,output,,N14816,N14816,1,undetected,N14816,N14816,N14816,sa1,1
21417,N102158 /1 undetected,output,,N102158,N102158,1,undetected,N102158,N102158,N102158,sa1,1
21418,N102166 /1 undetected,output,,N102166,N102166,1,undetected,N102166,N102166,N102166,sa1,1
21419,N86446 /1 undetected,output,,N86446,N86446,1,undetected,N86446,N86446,N86446,sa1,1
21420,N14805 /1 undetected,output,,N14805,N14805,1,undetected,N14805,N14805,N14805,sa1,1
21421,N102155 /1 undetected,output,,N102155,N102155,1,undetected,N102155,N102155,N102155,sa1,1
21422,N102127 /1 undetected,output,,N102127,N102127,1,undetected,N102127,N102127,N102127,sa1,1
21423,N24684 /1 undetected,output,,N24684,N24684,1,undetected,N24684,N24684,N24684,sa1,1
21424,N24683 /1 undetected,output,,N24683,N24683,1,undetected,N24683,N24683,N24683,sa1,1
21425,N108008 /1 undetected,output,,N108008,N108008,1,undetected,N108008,N108008,N108008,sa1,1
21426,N75574 /1 undetected,output,,N75574,N75574,1,undetected,N75574,N75574,N75574,sa1,1
21427,N24681 /1 undetected,output,,N24681,N24681,1,undetected,N24681,N24681,N24681,sa1,1
21428,N85528 /1 undetected,output,,N85528,N85528,1,undetected,N85528,N85528,N85528,sa1,1
21429,N86640 /1 undetected,output,,N86640,N86640,1,undetected,N86640,N86640,N86640,sa1,1
21430,N77083 /1 undetected,output,,N77083,N77083,1,undetected,N77083,N77083,N77083,sa1,1
21431,N94210 /1 undetected,output,,N94210,N94210,1,undetected,N94210,N94210,N94210,sa1,1
21432,N94228 /1 undetected,output,,N94228,N94228,1,undetected,N94228,N94228,N94228,sa1,1
21433,N30341 /0 undetected,output,,N30341,N30341,0,undetected,N30341,N30341,N30341,sa0,1
21434,N30340 /1 undetected,output,,N30340,N30340,1,undetected,N30340,N30340,N30340,sa1,1
21435,N85834 /1 undetected,output,,N85834,N85834,1,undetected,N85834,N85834,N85834,sa1,1
21436,N84763 /1 undetected,output,,N84763,N84763,1,undetected,N84763,N84763,N84763,sa1,1
21437,N55508 /1 undetected,output,,N55508,N55508,1,undetected,N55508,N55508,N55508,sa1,1
21438,N108964 /1 undetected,output,,N108964,N108964,1,undetected,N108964,N108964,N108964,sa1,1
21439,N55504 /1 undetected,output,,N55504,N55504,1,undetected,N55504,N55504,N55504,sa1,1
21440,N120988 /1 undetected,output,,N120988,N120988,1,undetected,N120988,N120988,N120988,sa1,1
21441,N105667 /1 undetected,output,,N105667,N105667,1,undetected,N105667,N105667,N105667,sa1,1
21442,N93525 /1 undetected,output,,N93525,N93525,1,undetected,N93525,N93525,N93525,sa1,1
21443,N55497 /1 undetected,output,,N55497,N55497,1,undetected,N55497,N55497,N55497,sa1,1
21444,N93416 /1 undetected,output,,N93416,N93416,1,undetected,N93416,N93416,N93416,sa1,1
21445,N55495 /1 undetected,output,,N55495,N55495,1,undetected,N55495,N55495,N55495,sa1,1
21446,N109125 /1 undetected,output,,N109125,N109125,1,undetected,N109125,N109125,N109125,sa1,1
21447,N75775 /1 undetected,output,,N75775,N75775,1,undetected,N75775,N75775,N75775,sa1,1
21448,N26200 /1 undetected,output,,N26200,N26200,1,undetected,N26200,N26200,N26200,sa1,1
21449,N106719 /1 undetected,output,,N106719,N106719,1,undetected,N106719,N106719,N106719,sa1,1
21450,N74804 /1 undetected,output,,N74804,N74804,1,undetected,N74804,N74804,N74804,sa1,1
21451,N24176 /0 undetected,output,,N24176,N24176,0,undetected,N24176,N24176,N24176,sa0,1
21452,N53405 /1 undetected,output,,N53405,N53405,1,undetected,N53405,N53405,N53405,sa1,1
21453,N53405 /0 undetected,output,,N53405,N53405,0,undetected,N53405,N53405,N53405,sa0,1
21454,N108963 /1 undetected,output,,N108963,N108963,1,undetected,N108963,N108963,N108963,sa1,1
21455,N53403 /1 undetected,output,,N53403,N53403,1,undetected,N53403,N53403,N53403,sa1,1
21456,N105790 /1 undetected,output,,N105790,N105790,1,undetected,N105790,N105790,N105790,sa1,1
21457,N93415 /1 undetected,output,,N93415,N93415,1,undetected,N93415,N93415,N93415,sa1,1
21458,N25214 /1 undetected,output,,N25214,N25214,1,undetected,N25214,N25214,N25214,sa1,1
21459,N25214 /0 undetected,output,,N25214,N25214,0,undetected,N25214,N25214,N25214,sa0,1
21460,N54112 /1 undetected,output,,N54112,N54112,1,undetected,N54112,N54112,N54112,sa1,1
21461,N54112 /0 undetected,output,,N54112,N54112,0,undetected,N54112,N54112,N54112,sa0,1
21462,N54111 /1 undetected,output,,N54111,N54111,1,undetected,N54111,N54111,N54111,sa1,1
21463,N120567 /1 undetected,output,,N120567,N120567,1,undetected,N120567,N120567,N120567,sa1,1
21464,N120474 /1 undetected,output,,N120474,N120474,1,undetected,N120474,N120474,N120474,sa1,1
21465,N54109 /1 undetected,output,,N54109,N54109,1,undetected,N54109,N54109,N54109,sa1,1
21466,N54107 /1 undetected,output,,N54107,N54107,1,undetected,N54107,N54107,N54107,sa1,1
21467,N120556 /1 undetected,output,,N120556,N120556,1,undetected,N120556,N120556,N120556,sa1,1
21468,N108976 /1 undetected,output,,N108976,N108976,1,undetected,N108976,N108976,N108976,sa1,1
21469,N54106 /1 undetected,output,,N54106,N54106,1,undetected,N54106,N54106,N54106,sa1,1
21470,N54104 /1 undetected,output,,N54104,N54104,1,undetected,N54104,N54104,N54104,sa1,1
21471,N109127 /1 undetected,output,,N109127,N109127,1,undetected,N109127,N109127,N109127,sa1,1
21472,N85689 /1 undetected,output,,N85689,N85689,1,undetected,N85689,N85689,N85689,sa1,1
21473,N54102 /1 undetected,output,,N54102,N54102,1,undetected,N54102,N54102,N54102,sa1,1
21474,N108984 /1 undetected,output,,N108984,N108984,1,undetected,N108984,N108984,N108984,sa1,1
21475,N75752 /1 undetected,output,,N75752,N75752,1,undetected,N75752,N75752,N75752,sa1,1
21476,N4342 /1 undetected,output,,N4342,N4342,1,undetected,N4342,N4342,N4342,sa1,1
21477,N96119 /1 undetected,output,,N96119,N96119,1,undetected,N96119,N96119,N96119,sa1,1
21478,N4341 /1 undetected,output,,N4341,N4341,1,undetected,N4341,N4341,N4341,sa1,1
21479,N84295 /1 undetected,output,,N84295,N84295,1,undetected,N84295,N84295,N84295,sa1,1
21480,N92170 /1 undetected,output,,N92170,N92170,1,undetected,N92170,N92170,N92170,sa1,1
21481,N4336 /1 undetected,output,,N4336,N4336,1,undetected,N4336,N4336,N4336,sa1,1
21482,N96814 /1 undetected,output,,N96814,N96814,1,undetected,N96814,N96814,N96814,sa1,1
21483,N96499 /1 undetected,output,,N96499,N96499,1,undetected,N96499,N96499,N96499,sa1,1
21484,N4180 /1 undetected,output,,N4180,N4180,1,undetected,N4180,N4180,N4180,sa1,1
21485,N4180 /0 undetected,output,,N4180,N4180,0,undetected,N4180,N4180,N4180,sa0,1
21486,N9147 /0 undetected,output,,N9147,N9147,0,undetected,N9147,N9147,N9147,sa0,1
21487,N98915 /1 undetected,output,,N98915,N98915,1,undetected,N98915,N98915,N98915,sa1,1
21488,N76424 /1 undetected,output,,N76424,N76424,1,undetected,N76424,N76424,N76424,sa1,1
21489,N25364 /1 undetected,output,,N25364,N25364,1,undetected,N25364,N25364,N25364,sa1,1
21490,N25364 /0 undetected,output,,N25364,N25364,0,undetected,N25364,N25364,N25364,sa0,1
21491,N25349 /1 undetected,output,,N25349,N25349,1,undetected,N25349,N25349,N25349,sa1,1
21492,N107827 /1 undetected,output,,N107827,N107827,1,undetected,N107827,N107827,N107827,sa1,1
21493,N106754 /1 undetected,output,,N106754,N106754,1,undetected,N106754,N106754,N106754,sa1,1
21494,N24209 /0 undetected,output,,N24209,N24209,0,undetected,N24209,N24209,N24209,sa0,1
21495,N30527 /0 undetected,output,,N30527,N30527,0,undetected,N30527,N30527,N30527,sa0,1
21496,N113291 /1 undetected,output,,N113291,N113291,1,undetected,N113291,N113291,N113291,sa1,1
21497,N30425 /0 undetected,output,,N30425,N30425,0,undetected,N30425,N30425,N30425,sa0,1
21498,N93748 /1 undetected,output,,N93748,N93748,1,undetected,N93748,N93748,N93748,sa1,1
21499,N23618 /0 undetected,output,,N23618,N23618,0,undetected,N23618,N23618,N23618,sa0,1
21500,N84741 /1 undetected,output,,N84741,N84741,1,undetected,N84741,N84741,N84741,sa1,1
21501,N54605 /1 undetected,output,,N54605,N54605,1,undetected,N54605,N54605,N54605,sa1,1
21502,N54605 /0 undetected,output,,N54605,N54605,0,undetected,N54605,N54605,N54605,sa0,1
21503,N93807 /1 undetected,output,,N93807,N93807,1,undetected,N93807,N93807,N93807,sa1,1
21504,N54604 /1 undetected,output,,N54604,N54604,1,undetected,N54604,N54604,N54604,sa1,1
21505,N54602 /1 undetected,output,,N54602,N54602,1,undetected,N54602,N54602,N54602,sa1,1
21506,N93636 /1 undetected,output,,N93636,N93636,1,undetected,N93636,N93636,N93636,sa1,1
21507,N54600 /1 undetected,output,,N54600,N54600,1,undetected,N54600,N54600,N54600,sa1,1
21508,N54591 /1 undetected,output,,N54591,N54591,1,undetected,N54591,N54591,N54591,sa1,1
21509,N85770 /1 undetected,output,,N85770,N85770,1,undetected,N85770,N85770,N85770,sa1,1
21510,N54590 /1 undetected,output,,N54590,N54590,1,undetected,N54590,N54590,N54590,sa1,1
21511,N93631 /1 undetected,output,,N93631,N93631,1,undetected,N93631,N93631,N93631,sa1,1
21512,N54588 /1 undetected,output,,N54588,N54588,1,undetected,N54588,N54588,N54588,sa1,1
21513,N120262 /1 undetected,output,,N120262,N120262,1,undetected,N120262,N120262,N120262,sa1,1
21514,N24549 /1 undetected,output,,N24549,N24549,1,undetected,N24549,N24549,N24549,sa1,1
21515,N27258 /1 undetected,output,,N27258,N27258,1,undetected,N27258,N27258,N27258,sa1,1
21516,N27257 /1 undetected,output,,N27257,N27257,1,undetected,N27257,N27257,N27257,sa1,1
21517,N112037 /1 undetected,output,,N112037,N112037,1,undetected,N112037,N112037,N112037,sa1,1
21518,N89945 /1 undetected,output,,N89945,N89945,1,undetected,N89945,N89945,N89945,sa1,1
21519,N27255 /1 undetected,output,,N27255,N27255,1,undetected,N27255,N27255,N27255,sa1,1
21520,N81706 /1 undetected,output,,N81706,N81706,1,undetected,N81706,N81706,N81706,sa1,1
21521,N107881 /1 undetected,output,,N107881,N107881,1,undetected,N107881,N107881,N107881,sa1,1
21522,N27251 /1 undetected,output,,N27251,N27251,1,undetected,N27251,N27251,N27251,sa1,1
21523,N107962 /1 undetected,output,,N107962,N107962,1,undetected,N107962,N107962,N107962,sa1,1
21524,N25237 /1 undetected,output,,N25237,N25237,1,undetected,N25237,N25237,N25237,sa1,1
21525,N25237 /0 undetected,output,,N25237,N25237,0,undetected,N25237,N25237,N25237,sa0,1
21526,N25236 /1 undetected,output,,N25236,N25236,1,undetected,N25236,N25236,N25236,sa1,1
21527,N106686 /1 undetected,output,,N106686,N106686,1,undetected,N106686,N106686,N106686,sa1,1
21528,N25234 /1 undetected,output,,N25234,N25234,1,undetected,N25234,N25234,N25234,sa1,1
21529,N108961 /1 undetected,output,,N108961,N108961,1,undetected,N108961,N108961,N108961,sa1,1
21530,N106662 /1 undetected,output,,N106662,N106662,1,undetected,N106662,N106662,N106662,sa1,1
21531,N25232 /1 undetected,output,,N25232,N25232,1,undetected,N25232,N25232,N25232,sa1,1
21532,N109130 /1 undetected,output,,N109130,N109130,1,undetected,N109130,N109130,N109130,sa1,1
21533,N105827 /1 undetected,output,,N105827,N105827,1,undetected,N105827,N105827,N105827,sa1,1
21534,N23829 /0 undetected,output,,N23829,N23829,0,undetected,N23829,N23829,N23829,sa0,1
21535,N23827 /1 undetected,output,,N23827,N23827,1,undetected,N23827,N23827,N23827,sa1,1
21536,N105932 /1 undetected,output,,N105932,N105932,1,undetected,N105932,N105932,N105932,sa1,1
21537,N93616 /1 undetected,output,,N93616,N93616,1,undetected,N93616,N93616,N93616,sa1,1
21538,N23826 /1 undetected,output,,N23826,N23826,1,undetected,N23826,N23826,N23826,sa1,1
21539,N23824 /1 undetected,output,,N23824,N23824,1,undetected,N23824,N23824,N23824,sa1,1
21540,N105974 /1 undetected,output,,N105974,N105974,1,undetected,N105974,N105974,N105974,sa1,1
21541,N93397 /1 undetected,output,,N93397,N93397,1,undetected,N93397,N93397,N93397,sa1,1
21542,N105970 /1 undetected,output,,N105970,N105970,1,undetected,N105970,N105970,N105970,sa1,1
21543,N93604 /1 undetected,output,,N93604,N93604,1,undetected,N93604,N93604,N93604,sa1,1
21544,N54652 /1 undetected,output,,N54652,N54652,1,undetected,N54652,N54652,N54652,sa1,1
21545,N54652 /0 undetected,output,,N54652,N54652,0,undetected,N54652,N54652,N54652,sa0,1
21546,N120749 /1 undetected,output,,N120749,N120749,1,undetected,N120749,N120749,N120749,sa1,1
21547,N54651 /1 undetected,output,,N54651,N54651,1,undetected,N54651,N54651,N54651,sa1,1
21548,N120751 /1 undetected,output,,N120751,N120751,1,undetected,N120751,N120751,N120751,sa1,1
21549,N120486 /1 undetected,output,,N120486,N120486,1,undetected,N120486,N120486,N120486,sa1,1
21550,N24872 /1 undetected,output,,N24872,N24872,1,undetected,N24872,N24872,N24872,sa1,1
21551,N24872 /0 undetected,output,,N24872,N24872,0,undetected,N24872,N24872,N24872,sa0,1
21552,N106572 /1 undetected,output,,N106572,N106572,1,undetected,N106572,N106572,N106572,sa1,1
21553,N24870 /1 undetected,output,,N24870,N24870,1,undetected,N24870,N24870,N24870,sa1,1
21554,N24869 /1 undetected,output,,N24869,N24869,1,undetected,N24869,N24869,N24869,sa1,1
21555,N108863 /1 undetected,output,,N108863,N108863,1,undetected,N108863,N108863,N108863,sa1,1
21556,N24867 /1 undetected,output,,N24867,N24867,1,undetected,N24867,N24867,N24867,sa1,1
21557,N85680 /1 undetected,output,,N85680,N85680,1,undetected,N85680,N85680,N85680,sa1,1
21558,N24865 /1 undetected,output,,N24865,N24865,1,undetected,N24865,N24865,N24865,sa1,1
21559,N24835 /1 undetected,output,,N24835,N24835,1,undetected,N24835,N24835,N24835,sa1,1
21560,N107844 /1 undetected,output,,N107844,N107844,1,undetected,N107844,N107844,N107844,sa1,1
21561,N106567 /1 undetected,output,,N106567,N106567,1,undetected,N106567,N106567,N106567,sa1,1
21562,N24038 /1 undetected,output,,N24038,N24038,1,undetected,N24038,N24038,N24038,sa1,1
21563,N24038 /0 undetected,output,,N24038,N24038,0,undetected,N24038,N24038,N24038,sa0,1
21564,N106570 /1 undetected,output,,N106570,N106570,1,undetected,N106570,N106570,N106570,sa1,1
21565,N106568 /1 undetected,output,,N106568,N106568,1,undetected,N106568,N106568,N106568,sa1,1
21566,N56342 /0 undetected,output,,N56342,N56342,0,undetected,N56342,N56342,N56342,sa0,1
21567,N96164 /1 undetected,output,,N96164,N96164,1,undetected,N96164,N96164,N96164,sa1,1
21568,N56340 /1 undetected,output,,N56340,N56340,1,undetected,N56340,N56340,N56340,sa1,1
21569,N56338 /1 undetected,output,,N56338,N56338,1,undetected,N56338,N56338,N56338,sa1,1
21570,N96328 /1 undetected,output,,N96328,N96328,1,undetected,N96328,N96328,N96328,sa1,1
21571,N56336 /1 undetected,output,,N56336,N56336,1,undetected,N56336,N56336,N56336,sa1,1
21572,N96502 /1 undetected,output,,N96502,N96502,1,undetected,N96502,N96502,N96502,sa1,1
21573,N16192 /1 undetected,output,,N16192,N16192,1,undetected,N16192,N16192,N16192,sa1,1
21574,N84587 /1 undetected,output,,N84587,N84587,1,undetected,N84587,N84587,N84587,sa1,1
21575,N105516 /1 undetected,output,,N105516,N105516,1,undetected,N105516,N105516,N105516,sa1,1
21576,N84769 /1 undetected,output,,N84769,N84769,1,undetected,N84769,N84769,N84769,sa1,1
21577,N105513 /1 undetected,output,,N105513,N105513,1,undetected,N105513,N105513,N105513,sa1,1
21578,N84767 /1 undetected,output,,N84767,N84767,1,undetected,N84767,N84767,N84767,sa1,1
21579,N105507 /1 undetected,output,,N105507,N105507,1,undetected,N105507,N105507,N105507,sa1,1
21580,N27301 /1 undetected,output,,N27301,N27301,1,undetected,N27301,N27301,N27301,sa1,1
21581,N27301 /0 undetected,output,,N27301,N27301,0,undetected,N27301,N27301,N27301,sa0,1
21582,N108024 /1 undetected,output,,N108024,N108024,1,undetected,N108024,N108024,N108024,sa1,1
21583,N76614 /1 undetected,output,,N76614,N76614,1,undetected,N76614,N76614,N76614,sa1,1
21584,N11621 /0 undetected,output,,N11621,N11621,0,undetected,N11621,N11621,N11621,sa0,1
21585,N55098 /1 undetected,output,,N55098,N55098,1,undetected,N55098,N55098,N55098,sa1,1
21586,N55098 /0 undetected,output,,N55098,N55098,0,undetected,N55098,N55098,N55098,sa0,1
21587,N120735 /1 undetected,output,,N120735,N120735,1,undetected,N120735,N120735,N120735,sa1,1
21588,N55097 /1 undetected,output,,N55097,N55097,1,undetected,N55097,N55097,N55097,sa1,1
21589,N55095 /1 undetected,output,,N55095,N55095,1,undetected,N55095,N55095,N55095,sa1,1
21590,N120828 /1 undetected,output,,N120828,N120828,1,undetected,N120828,N120828,N120828,sa1,1
21591,N120737 /1 undetected,output,,N120737,N120737,1,undetected,N120737,N120737,N120737,sa1,1
21592,N55093 /1 undetected,output,,N55093,N55093,1,undetected,N55093,N55093,N55093,sa1,1
21593,N55091 /1 undetected,output,,N55091,N55091,1,undetected,N55091,N55091,N55091,sa1,1
21594,N55090 /1 undetected,output,,N55090,N55090,1,undetected,N55090,N55090,N55090,sa1,1
21595,N75820 /1 undetected,output,,N75820,N75820,1,undetected,N75820,N75820,N75820,sa1,1
21596,N55085 /1 undetected,output,,N55085,N55085,1,undetected,N55085,N55085,N55085,sa1,1
21597,N108985 /1 undetected,output,,N108985,N108985,1,undetected,N108985,N108985,N108985,sa1,1
21598,N75703 /1 undetected,output,,N75703,N75703,1,undetected,N75703,N75703,N75703,sa1,1
21599,N55089 /1 undetected,output,,N55089,N55089,1,undetected,N55089,N55089,N55089,sa1,1
21600,N120260 /1 undetected,output,,N120260,N120260,1,undetected,N120260,N120260,N120260,sa1,1
21601,N109128 /1 undetected,output,,N109128,N109128,1,undetected,N109128,N109128,N109128,sa1,1
21602,N55087 /1 undetected,output,,N55087,N55087,1,undetected,N55087,N55087,N55087,sa1,1
21603,N93547 /1 undetected,output,,N93547,N93547,1,undetected,N93547,N93547,N93547,sa1,1
21604,N25005 /1 undetected,output,,N25005,N25005,1,undetected,N25005,N25005,N25005,sa1,1
21605,N27450 /1 undetected,output,,N27450,N27450,1,undetected,N27450,N27450,N27450,sa1,1
21606,N27449 /1 undetected,output,,N27449,N27449,1,undetected,N27449,N27449,N27449,sa1,1
21607,N89950 /1 undetected,output,,N89950,N89950,1,undetected,N89950,N89950,N89950,sa1,1
21608,N27166 /1 undetected,output,,N27166,N27166,1,undetected,N27166,N27166,N27166,sa1,1
21609,N27447 /1 undetected,output,,N27447,N27447,1,undetected,N27447,N27447,N27447,sa1,1
21610,N27445 /1 undetected,output,,N27445,N27445,1,undetected,N27445,N27445,N27445,sa1,1
21611,N81720 /1 undetected,output,,N81720,N81720,1,undetected,N81720,N81720,N81720,sa1,1
21612,N27444 /1 undetected,output,,N27444,N27444,1,undetected,N27444,N27444,N27444,sa1,1
21613,N86309 /1 undetected,output,,N86309,N86309,1,undetected,N86309,N86309,N86309,sa1,1
21614,N24122 /1 undetected,output,,N24122,N24122,1,undetected,N24122,N24122,N24122,sa1,1
21615,N106556 /1 undetected,output,,N106556,N106556,1,undetected,N106556,N106556,N106556,sa1,1
21616,N76619 /1 undetected,output,,N76619,N76619,1,undetected,N76619,N76619,N76619,sa1,1
21617,N23744 /1 undetected,output,,N23744,N23744,1,undetected,N23744,N23744,N23744,sa1,1
21618,N23744 /0 undetected,output,,N23744,N23744,0,undetected,N23744,N23744,N23744,sa0,1
21619,N23728 /1 undetected,output,,N23728,N23728,1,undetected,N23728,N23728,N23728,sa1,1
21620,N23728 /0 undetected,output,,N23728,N23728,0,undetected,N23728,N23728,N23728,sa0,1
21621,N105789 /1 undetected,output,,N105789,N105789,1,undetected,N105789,N105789,N105789,sa1,1
21622,N85674 /1 undetected,output,,N85674,N85674,1,undetected,N85674,N85674,N85674,sa1,1
21623,N55483 /1 undetected,output,,N55483,N55483,1,undetected,N55483,N55483,N55483,sa1,1
21624,N55483 /0 undetected,output,,N55483,N55483,0,undetected,N55483,N55483,N55483,sa0,1
21625,N120981 /1 undetected,output,,N120981,N120981,1,undetected,N120981,N120981,N120981,sa1,1
21626,N55482 /1 undetected,output,,N55482,N55482,1,undetected,N55482,N55482,N55482,sa1,1
21627,N120977 /1 undetected,output,,N120977,N120977,1,undetected,N120977,N120977,N120977,sa1,1
21628,N105834 /1 undetected,output,,N105834,N105834,1,undetected,N105834,N105834,N105834,sa1,1
21629,N25020 /1 undetected,output,,N25020,N25020,1,undetected,N25020,N25020,N25020,sa1,1
21630,N25020 /0 undetected,output,,N25020,N25020,0,undetected,N25020,N25020,N25020,sa0,1
21631,N25019 /1 undetected,output,,N25019,N25019,1,undetected,N25019,N25019,N25019,sa1,1
21632,N108974 /1 undetected,output,,N108974,N108974,1,undetected,N108974,N108974,N108974,sa1,1
21633,N25017 /1 undetected,output,,N25017,N25017,1,undetected,N25017,N25017,N25017,sa1,1
21634,N25016 /1 undetected,output,,N25016,N25016,1,undetected,N25016,N25016,N25016,sa1,1
21635,N108986 /1 undetected,output,,N108986,N108986,1,undetected,N108986,N108986,N108986,sa1,1
21636,N93552 /1 undetected,output,,N93552,N93552,1,undetected,N93552,N93552,N93552,sa1,1
21637,N25010 /1 undetected,output,,N25010,N25010,1,undetected,N25010,N25010,N25010,sa1,1
21638,N106672 /1 undetected,output,,N106672,N106672,1,undetected,N106672,N106672,N106672,sa1,1
21639,N25009 /1 undetected,output,,N25009,N25009,1,undetected,N25009,N25009,N25009,sa1,1
21640,N108929 /1 undetected,output,,N108929,N108929,1,undetected,N108929,N108929,N108929,sa1,1
21641,N93539 /1 undetected,output,,N93539,N93539,1,undetected,N93539,N93539,N93539,sa1,1
21642,N24992 /1 undetected,output,,N24992,N24992,1,undetected,N24992,N24992,N24992,sa1,1
21643,N107880 /1 undetected,output,,N107880,N107880,1,undetected,N107880,N107880,N107880,sa1,1
21644,N24990 /1 undetected,output,,N24990,N24990,1,undetected,N24990,N24990,N24990,sa1,1
21645,N106685 /1 undetected,output,,N106685,N106685,1,undetected,N106685,N106685,N106685,sa1,1
21646,N106664 /1 undetected,output,,N106664,N106664,1,undetected,N106664,N106664,N106664,sa1,1
21647,N23869 /1 undetected,output,,N23869,N23869,1,undetected,N23869,N23869,N23869,sa1,1
21648,N23869 /0 undetected,output,,N23869,N23869,0,undetected,N23869,N23869,N23869,sa0,1
21649,N85766 /1 undetected,output,,N85766,N85766,1,undetected,N85766,N85766,N85766,sa1,1
21650,N23867 /1 undetected,output,,N23867,N23867,1,undetected,N23867,N23867,N23867,sa1,1
21651,N53008 /1 undetected,output,,N53008,N53008,1,undetected,N53008,N53008,N53008,sa1,1
21652,N53008 /0 undetected,output,,N53008,N53008,0,undetected,N53008,N53008,N53008,sa0,1
21653,N120244 /1 undetected,output,,N120244,N120244,1,undetected,N120244,N120244,N120244,sa1,1
21654,N85849 /1 undetected,output,,N85849,N85849,1,undetected,N85849,N85849,N85849,sa1,1
21655,N24040 /1 undetected,output,,N24040,N24040,1,undetected,N24040,N24040,N24040,sa1,1
21656,N24040 /0 undetected,output,,N24040,N24040,0,undetected,N24040,N24040,N24040,sa0,1
21657,N106576 /1 undetected,output,,N106576,N106576,1,undetected,N106576,N106576,N106576,sa1,1
21658,N106571 /1 undetected,output,,N106571,N106571,1,undetected,N106571,N106571,N106571,sa1,1
21659,N69151 /0 undetected,output,,N69151,N69151,0,undetected,N69151,N69151,N69151,sa0,1
21660,N69149 /1 undetected,output,,N69149,N69149,1,undetected,N69149,N69149,N69149,sa1,1
21661,N90868 /1 undetected,output,,N90868,N90868,1,undetected,N90868,N90868,N90868,sa1,1
21662,N69140 /1 undetected,output,,N69140,N69140,1,undetected,N69140,N69140,N69140,sa1,1
21663,N90926 /1 undetected,output,,N90926,N90926,1,undetected,N90926,N90926,N90926,sa1,1
21664,N69138 /1 undetected,output,,N69138,N69138,1,undetected,N69138,N69138,N69138,sa1,1
21665,N87115 /1 undetected,output,,N87115,N87115,1,undetected,N87115,N87115,N87115,sa1,1
21666,N69137 /1 undetected,output,,N69137,N69137,1,undetected,N69137,N69137,N69137,sa1,1
21667,N83262 /1 undetected,output,,N83262,N83262,1,undetected,N83262,N83262,N83262,sa1,1
21668,N69135 /1 undetected,output,,N69135,N69135,1,undetected,N69135,N69135,N69135,sa1,1
21669,N83094 /1 undetected,output,,N83094,N83094,1,undetected,N83094,N83094,N83094,sa1,1
21670,N69125 /1 undetected,output,,N69125,N69125,1,undetected,N69125,N69125,N69125,sa1,1
21671,N83261 /1 undetected,output,,N83261,N83261,1,undetected,N83261,N83261,N83261,sa1,1
21672,N68924 /1 undetected,output,,N68924,N68924,1,undetected,N68924,N68924,N68924,sa1,1
21673,N77766 /1 undetected,output,,N77766,N77766,1,undetected,N77766,N77766,N77766,sa1,1
21674,N68923 /1 undetected,output,,N68923,N68923,1,undetected,N68923,N68923,N68923,sa1,1
21675,N90924 /1 undetected,output,,N90924,N90924,1,undetected,N90924,N90924,N90924,sa1,1
21676,N3679 /1 undetected,output,,N3679,N3679,1,undetected,N3679,N3679,N3679,sa1,1
21677,N3679 /0 undetected,output,,N3679,N3679,0,undetected,N3679,N3679,N3679,sa0,1
21678,N3609 /1 undetected,output,,N3609,N3609,1,undetected,N3609,N3609,N3609,sa1,1
21679,N3609 /0 undetected,output,,N3609,N3609,0,undetected,N3609,N3609,N3609,sa0,1
21680,N3384 /1 undetected,output,,N3384,N3384,1,undetected,N3384,N3384,N3384,sa1,1
21681,N96159 /1 undetected,output,,N96159,N96159,1,undetected,N96159,N96159,N96159,sa1,1
21682,N3383 /1 undetected,output,,N3383,N3383,1,undetected,N3383,N3383,N3383,sa1,1
21683,N3381 /1 undetected,output,,N3381,N3381,1,undetected,N3381,N3381,N3381,sa1,1
21684,N96327 /1 undetected,output,,N96327,N96327,1,undetected,N96327,N96327,N96327,sa1,1
21685,N84237 /1 undetected,output,,N84237,N84237,1,undetected,N84237,N84237,N84237,sa1,1
21686,N24459 /1 undetected,output,,N24459,N24459,1,undetected,N24459,N24459,N24459,sa1,1
21687,N24459 /0 undetected,output,,N24459,N24459,0,undetected,N24459,N24459,N24459,sa0,1
21688,N107826 /1 undetected,output,,N107826,N107826,1,undetected,N107826,N107826,N107826,sa1,1
21689,N84744 /1 undetected,output,,N84744,N84744,1,undetected,N84744,N84744,N84744,sa1,1
21690,N24276 /1 undetected,output,,N24276,N24276,1,undetected,N24276,N24276,N24276,sa1,1
21691,N106784 /1 undetected,output,,N106784,N106784,1,undetected,N106784,N106784,N106784,sa1,1
21692,N85524 /1 undetected,output,,N85524,N85524,1,undetected,N85524,N85524,N85524,sa1,1
21693,N24272 /1 undetected,output,,N24272,N24272,1,undetected,N24272,N24272,N24272,sa1,1
21694,N106827 /1 undetected,output,,N106827,N106827,1,undetected,N106827,N106827,N106827,sa1,1
21695,N75571 /1 undetected,output,,N75571,N75571,1,undetected,N75571,N75571,N75571,sa1,1
21696,N55614 /1 undetected,output,,N55614,N55614,1,undetected,N55614,N55614,N55614,sa1,1
21697,N55614 /0 undetected,output,,N55614,N55614,0,undetected,N55614,N55614,N55614,sa0,1
21698,N121021 /1 undetected,output,,N121021,N121021,1,undetected,N121021,N121021,N121021,sa1,1
21699,N55611 /1 undetected,output,,N55611,N55611,1,undetected,N55611,N55611,N55611,sa1,1
21700,N106742 /1 undetected,output,,N106742,N106742,1,undetected,N106742,N106742,N106742,sa1,1
21701,N76052 /1 undetected,output,,N76052,N76052,1,undetected,N76052,N76052,N76052,sa1,1
21702,N105512 /1 undetected,output,,N105512,N105512,1,undetected,N105512,N105512,N105512,sa1,1
21703,N105511 /1 undetected,output,,N105511,N105511,1,undetected,N105511,N105511,N105511,sa1,1
21704,N105508 /1 undetected,output,,N105508,N105508,1,undetected,N105508,N105508,N105508,sa1,1
21705,N24175 /1 undetected,output,,N24175,N24175,1,undetected,N24175,N24175,N24175,sa1,1
21706,N24174 /1 undetected,output,,N24174,N24174,1,undetected,N24174,N24174,N24174,sa1,1
21707,N24173 /1 undetected,output,,N24173,N24173,1,undetected,N24173,N24173,N24173,sa1,1
21708,N97180 /1 undetected,output,,N97180,N97180,1,undetected,N97180,N97180,N97180,sa1,1
21709,N24169 /1 undetected,output,,N24169,N24169,1,undetected,N24169,N24169,N24169,sa1,1
21710,N24166 /1 undetected,output,,N24166,N24166,1,undetected,N24166,N24166,N24166,sa1,1
21711,N95951 /1 undetected,output,,N95951,N95951,1,undetected,N95951,N95951,N95951,sa1,1
21712,N106667 /1 undetected,output,,N106667,N106667,1,undetected,N106667,N106667,N106667,sa1,1
21713,N94405 /1 undetected,output,,N94405,N94405,1,undetected,N94405,N94405,N94405,sa1,1
21714,N24163 /1 undetected,output,,N24163,N24163,1,undetected,N24163,N24163,N24163,sa1,1
21715,N106655 /1 undetected,output,,N106655,N106655,1,undetected,N106655,N106655,N106655,sa1,1
21716,N94317 /1 undetected,output,,N94317,N94317,1,undetected,N94317,N94317,N94317,sa1,1
21717,N24159 /1 undetected,output,,N24159,N24159,1,undetected,N24159,N24159,N24159,sa1,1
21718,N106697 /1 undetected,output,,N106697,N106697,1,undetected,N106697,N106697,N106697,sa1,1
21719,N24155 /1 undetected,output,,N24155,N24155,1,undetected,N24155,N24155,N24155,sa1,1
21720,N106705 /1 undetected,output,,N106705,N106705,1,undetected,N106705,N106705,N106705,sa1,1
21721,N97152 /1 undetected,output,,N97152,N97152,1,undetected,N97152,N97152,N97152,sa1,1
21722,N24151 /1 undetected,output,,N24151,N24151,1,undetected,N24151,N24151,N24151,sa1,1
21723,N106701 /1 undetected,output,,N106701,N106701,1,undetected,N106701,N106701,N106701,sa1,1
21724,N98417 /1 undetected,output,,N98417,N98417,1,undetected,N98417,N98417,N98417,sa1,1
21725,N24133 /1 undetected,output,,N24133,N24133,1,undetected,N24133,N24133,N24133,sa1,1
21726,N95734 /1 undetected,output,,N95734,N95734,1,undetected,N95734,N95734,N95734,sa1,1
21727,N24129 /1 undetected,output,,N24129,N24129,1,undetected,N24129,N24129,N24129,sa1,1
21728,N95814 /1 undetected,output,,N95814,N95814,1,undetected,N95814,N95814,N95814,sa1,1
21729,N106666 /1 undetected,output,,N106666,N106666,1,undetected,N106666,N106666,N106666,sa1,1
21730,N93845 /1 undetected,output,,N93845,N93845,1,undetected,N93845,N93845,N93845,sa1,1
21731,N24126 /1 undetected,output,,N24126,N24126,1,undetected,N24126,N24126,N24126,sa1,1
21732,N106654 /1 undetected,output,,N106654,N106654,1,undetected,N106654,N106654,N106654,sa1,1
21733,N93769 /1 undetected,output,,N93769,N93769,1,undetected,N93769,N93769,N93769,sa1,1
21734,N24094 /1 undetected,output,,N24094,N24094,1,undetected,N24094,N24094,N24094,sa1,1
21735,N106602 /1 undetected,output,,N106602,N106602,1,undetected,N106602,N106602,N106602,sa1,1
21736,N105872 /1 undetected,output,,N105872,N105872,1,undetected,N105872,N105872,N105872,sa1,1
21737,N11869 /1 undetected,output,,N11869,N11869,1,undetected,N11869,N11869,N11869,sa1,1
21738,N11869 /0 undetected,output,,N11869,N11869,0,undetected,N11869,N11869,N11869,sa0,1
21739,N99607 /1 undetected,output,,N99607,N99607,1,undetected,N99607,N99607,N99607,sa1,1
21740,N11868 /1 undetected,output,,N11868,N11868,1,undetected,N11868,N11868,N11868,sa1,1
21741,N100225 /1 undetected,output,,N100225,N100225,1,undetected,N100225,N100225,N100225,sa1,1
21742,N100073 /1 undetected,output,,N100073,N100073,1,undetected,N100073,N100073,N100073,sa1,1
21743,N11863 /1 undetected,output,,N11863,N11863,1,undetected,N11863,N11863,N11863,sa1,1
21744,N11863 /0 undetected,output,,N11863,N11863,0,undetected,N11863,N11863,N11863,sa0,1
21745,N99609 /1 undetected,output,,N99609,N99609,1,undetected,N99609,N99609,N99609,sa1,1
21746,N11862 /1 undetected,output,,N11862,N11862,1,undetected,N11862,N11862,N11862,sa1,1
21747,N100220 /1 undetected,output,,N100220,N100220,1,undetected,N100220,N100220,N100220,sa1,1
21748,N100072 /1 undetected,output,,N100072,N100072,1,undetected,N100072,N100072,N100072,sa1,1
21749,N25213 /1 undetected,output,,N25213,N25213,1,undetected,N25213,N25213,N25213,sa1,1
21750,N25213 /0 undetected,output,,N25213,N25213,0,undetected,N25213,N25213,N25213,sa0,1
21751,N25212 /1 undetected,output,,N25212,N25212,1,undetected,N25212,N25212,N25212,sa1,1
21752,N25210 /1 undetected,output,,N25210,N25210,1,undetected,N25210,N25210,N25210,sa1,1
21753,N85531 /1 undetected,output,,N85531,N85531,1,undetected,N85531,N85531,N85531,sa1,1
21754,N25194 /1 undetected,output,,N25194,N25194,1,undetected,N25194,N25194,N25194,sa1,1
21755,N25192 /1 undetected,output,,N25192,N25192,1,undetected,N25192,N25192,N25192,sa1,1
21756,N76117 /1 undetected,output,,N76117,N76117,1,undetected,N76117,N76117,N76117,sa1,1
21757,N25191 /1 undetected,output,,N25191,N25191,1,undetected,N25191,N25191,N25191,sa1,1
21758,N109095 /1 undetected,output,,N109095,N109095,1,undetected,N109095,N109095,N109095,sa1,1
21759,N94325 /1 undetected,output,,N94325,N94325,1,undetected,N94325,N94325,N94325,sa1,1
21760,N25189 /1 undetected,output,,N25189,N25189,1,undetected,N25189,N25189,N25189,sa1,1
21761,N109092 /1 undetected,output,,N109092,N109092,1,undetected,N109092,N109092,N109092,sa1,1
21762,N94413 /1 undetected,output,,N94413,N94413,1,undetected,N94413,N94413,N94413,sa1,1
21763,N25206 /1 undetected,output,,N25206,N25206,1,undetected,N25206,N25206,N25206,sa1,1
21764,N25204 /1 undetected,output,,N25204,N25204,1,undetected,N25204,N25204,N25204,sa1,1
21765,N85931 /1 undetected,output,,N85931,N85931,1,undetected,N85931,N85931,N85931,sa1,1
21766,N25203 /1 undetected,output,,N25203,N25203,1,undetected,N25203,N25203,N25203,sa1,1
21767,N109071 /1 undetected,output,,N109071,N109071,1,undetected,N109071,N109071,N109071,sa1,1
21768,N95933 /1 undetected,output,,N95933,N95933,1,undetected,N95933,N95933,N95933,sa1,1
21769,N25201 /1 undetected,output,,N25201,N25201,1,undetected,N25201,N25201,N25201,sa1,1
21770,N25199 /1 undetected,output,,N25199,N25199,1,undetected,N25199,N25199,N25199,sa1,1
21771,N95956 /1 undetected,output,,N95956,N95956,1,undetected,N95956,N95956,N95956,sa1,1
21772,N25198 /1 undetected,output,,N25198,N25198,1,undetected,N25198,N25198,N25198,sa1,1
21773,N109090 /1 undetected,output,,N109090,N109090,1,undetected,N109090,N109090,N109090,sa1,1
21774,N94414 /1 undetected,output,,N94414,N94414,1,undetected,N94414,N94414,N94414,sa1,1
21775,N25196 /1 undetected,output,,N25196,N25196,1,undetected,N25196,N25196,N25196,sa1,1
21776,N109086 /1 undetected,output,,N109086,N109086,1,undetected,N109086,N109086,N109086,sa1,1
21777,N94326 /1 undetected,output,,N94326,N94326,1,undetected,N94326,N94326,N94326,sa1,1
21778,N25209 /1 undetected,output,,N25209,N25209,1,undetected,N25209,N25209,N25209,sa1,1
21779,N25207 /1 undetected,output,,N25207,N25207,1,undetected,N25207,N25207,N25207,sa1,1
21780,N75577 /1 undetected,output,,N75577,N75577,1,undetected,N75577,N75577,N75577,sa1,1
21781,N25187 /1 undetected,output,,N25187,N25187,1,undetected,N25187,N25187,N25187,sa1,1
21782,N25185 /1 undetected,output,,N25185,N25185,1,undetected,N25185,N25185,N25185,sa1,1
21783,N75166 /1 undetected,output,,N75166,N75166,1,undetected,N75166,N75166,N75166,sa1,1
21784,N25184 /1 undetected,output,,N25184,N25184,1,undetected,N25184,N25184,N25184,sa1,1
21785,N109094 /1 undetected,output,,N109094,N109094,1,undetected,N109094,N109094,N109094,sa1,1
21786,N93778 /1 undetected,output,,N93778,N93778,1,undetected,N93778,N93778,N93778,sa1,1
21787,N25178 /1 undetected,output,,N25178,N25178,1,undetected,N25178,N25178,N25178,sa1,1
21788,N109091 /1 undetected,output,,N109091,N109091,1,undetected,N109091,N109091,N109091,sa1,1
21789,N93855 /1 undetected,output,,N93855,N93855,1,undetected,N93855,N93855,N93855,sa1,1
21790,N25161 /1 undetected,output,,N25161,N25161,1,undetected,N25161,N25161,N25161,sa1,1
21791,N25159 /1 undetected,output,,N25159,N25159,1,undetected,N25159,N25159,N25159,sa1,1
21792,N25157 /1 undetected,output,,N25157,N25157,1,undetected,N25157,N25157,N25157,sa1,1
21793,N95819 /1 undetected,output,,N95819,N95819,1,undetected,N95819,N95819,N95819,sa1,1
21794,N25156 /1 undetected,output,,N25156,N25156,1,undetected,N25156,N25156,N25156,sa1,1
21795,N109089 /1 undetected,output,,N109089,N109089,1,undetected,N109089,N109089,N109089,sa1,1
21796,N93854 /1 undetected,output,,N93854,N93854,1,undetected,N93854,N93854,N93854,sa1,1
21797,N25144 /1 undetected,output,,N25144,N25144,1,undetected,N25144,N25144,N25144,sa1,1
21798,N109085 /1 undetected,output,,N109085,N109085,1,undetected,N109085,N109085,N109085,sa1,1
21799,N93777 /1 undetected,output,,N93777,N93777,1,undetected,N93777,N93777,N93777,sa1,1
21800,N25122 /1 undetected,output,,N25122,N25122,1,undetected,N25122,N25122,N25122,sa1,1
21801,N85165 /1 undetected,output,,N85165,N85165,1,undetected,N85165,N85165,N85165,sa1,1
21802,N25121 /1 undetected,output,,N25121,N25121,1,undetected,N25121,N25121,N25121,sa1,1
21803,N109070 /1 undetected,output,,N109070,N109070,1,undetected,N109070,N109070,N109070,sa1,1
21804,N95795 /1 undetected,output,,N95795,N95795,1,undetected,N95795,N95795,N95795,sa1,1
21805,N11787 /1 undetected,output,,N11787,N11787,1,undetected,N11787,N11787,N11787,sa1,1
21806,N55427 /1 undetected,output,,N55427,N55427,1,undetected,N55427,N55427,N55427,sa1,1
21807,N55427 /0 undetected,output,,N55427,N55427,0,undetected,N55427,N55427,N55427,sa0,1
21808,N120951 /1 undetected,output,,N120951,N120951,1,undetected,N120951,N120951,N120951,sa1,1
21809,N85736 /1 undetected,output,,N85736,N85736,1,undetected,N85736,N85736,N85736,sa1,1
21810,N4179 /1 undetected,output,,N4179,N4179,1,undetected,N4179,N4179,N4179,sa1,1
21811,N4179 /0 undetected,output,,N4179,N4179,0,undetected,N4179,N4179,N4179,sa0,1
21812,N4178 /1 undetected,output,,N4178,N4178,1,undetected,N4178,N4178,N4178,sa1,1
21813,N96820 /1 undetected,output,,N96820,N96820,1,undetected,N96820,N96820,N96820,sa1,1
21814,N96407 /1 undetected,output,,N96407,N96407,1,undetected,N96407,N96407,N96407,sa1,1
21815,N4171 /1 undetected,output,,N4171,N4171,1,undetected,N4171,N4171,N4171,sa1,1
21816,N92182 /1 undetected,output,,N92182,N92182,1,undetected,N92182,N92182,N92182,sa1,1
21817,N4169 /1 undetected,output,,N4169,N4169,1,undetected,N4169,N4169,N4169,sa1,1
21818,N92995 /1 undetected,output,,N92995,N92995,1,undetected,N92995,N92995,N92995,sa1,1
21819,N4167 /1 undetected,output,,N4167,N4167,1,undetected,N4167,N4167,N4167,sa1,1
21820,N96813 /1 undetected,output,,N96813,N96813,1,undetected,N96813,N96813,N96813,sa1,1
21821,N84243 /1 undetected,output,,N84243,N84243,1,undetected,N84243,N84243,N84243,sa1,1
21822,N9497 /0 undetected,output,,N9497,N9497,0,undetected,N9497,N9497,N9497,sa0,1
21823,N84673 /1 undetected,output,,N84673,N84673,1,undetected,N84673,N84673,N84673,sa1,1
21824,N14110 /1 undetected,output,,N14110,N14110,1,undetected,N14110,N14110,N14110,sa1,1
21825,N14108 /1 undetected,output,,N14108,N14108,1,undetected,N14108,N14108,N14108,sa1,1
21826,N91774 /1 undetected,output,,N91774,N91774,1,undetected,N91774,N91774,N91774,sa1,1
21827,N14107 /1 undetected,output,,N14107,N14107,1,undetected,N14107,N14107,N14107,sa1,1
21828,N92588 /1 undetected,output,,N92588,N92588,1,undetected,N92588,N92588,N92588,sa1,1
21829,N14106 /1 undetected,output,,N14106,N14106,1,undetected,N14106,N14106,N14106,sa1,1
21830,N78763 /1 undetected,output,,N78763,N78763,1,undetected,N78763,N78763,N78763,sa1,1
21831,N76435 /1 undetected,output,,N76435,N76435,1,undetected,N76435,N76435,N76435,sa1,1
21832,N85063 /1 undetected,output,,N85063,N85063,1,undetected,N85063,N85063,N85063,sa1,1
21833,N14089 /1 undetected,output,,N14089,N14089,1,undetected,N14089,N14089,N14089,sa1,1
21834,N84436 /1 undetected,output,,N84436,N84436,1,undetected,N84436,N84436,N84436,sa1,1
21835,N101523 /1 undetected,output,,N101523,N101523,1,undetected,N101523,N101523,N101523,sa1,1
21836,N14082 /1 undetected,output,,N14082,N14082,1,undetected,N14082,N14082,N14082,sa1,1
21837,N14078 /1 undetected,output,,N14078,N14078,1,undetected,N14078,N14078,N14078,sa1,1
21838,N101491 /1 undetected,output,,N101491,N101491,1,undetected,N101491,N101491,N101491,sa1,1
21839,N14077 /1 undetected,output,,N14077,N14077,1,undetected,N14077,N14077,N14077,sa1,1
21840,N101202 /1 undetected,output,,N101202,N101202,1,undetected,N101202,N101202,N101202,sa1,1
21841,N14075 /1 undetected,output,,N14075,N14075,1,undetected,N14075,N14075,N14075,sa1,1
21842,N94160 /1 undetected,output,,N94160,N94160,1,undetected,N94160,N94160,N94160,sa1,1
21843,N76657 /1 undetected,output,,N76657,N76657,1,undetected,N76657,N76657,N76657,sa1,1
21844,N14074 /1 undetected,output,,N14074,N14074,1,undetected,N14074,N14074,N14074,sa1,1
21845,N101495 /1 undetected,output,,N101495,N101495,1,undetected,N101495,N101495,N101495,sa1,1
21846,N101209 /1 undetected,output,,N101209,N101209,1,undetected,N101209,N101209,N101209,sa1,1
21847,N14072 /1 undetected,output,,N14072,N14072,1,undetected,N14072,N14072,N14072,sa1,1
21848,N101497 /1 undetected,output,,N101497,N101497,1,undetected,N101497,N101497,N101497,sa1,1
21849,N14070 /1 undetected,output,,N14070,N14070,1,undetected,N14070,N14070,N14070,sa1,1
21850,N101494 /1 undetected,output,,N101494,N101494,1,undetected,N101494,N101494,N101494,sa1,1
21851,N101206 /1 undetected,output,,N101206,N101206,1,undetected,N101206,N101206,N101206,sa1,1
21852,N97748 /1 undetected,output,,N97748,N97748,1,undetected,N97748,N97748,N97748,sa1,1
21853,N14064 /1 undetected,output,,N14064,N14064,1,undetected,N14064,N14064,N14064,sa1,1
21854,N76434 /1 undetected,output,,N76434,N76434,1,undetected,N76434,N76434,N76434,sa1,1
21855,N101481 /1 undetected,output,,N101481,N101481,1,undetected,N101481,N101481,N101481,sa1,1
21856,N14059 /1 undetected,output,,N14059,N14059,1,undetected,N14059,N14059,N14059,sa1,1
21857,N86217 /1 undetected,output,,N86217,N86217,1,undetected,N86217,N86217,N86217,sa1,1
21858,N101485 /1 undetected,output,,N101485,N101485,1,undetected,N101485,N101485,N101485,sa1,1
21859,N14055 /1 undetected,output,,N14055,N14055,1,undetected,N14055,N14055,N14055,sa1,1
21860,N14053 /1 undetected,output,,N14053,N14053,1,undetected,N14053,N14053,N14053,sa1,1
21861,N101211 /1 undetected,output,,N101211,N101211,1,undetected,N101211,N101211,N101211,sa1,1
21862,N86216 /1 undetected,output,,N86216,N86216,1,undetected,N86216,N86216,N86216,sa1,1
21863,N101221 /1 undetected,output,,N101221,N101221,1,undetected,N101221,N101221,N101221,sa1,1
21864,N76497 /1 undetected,output,,N76497,N76497,1,undetected,N76497,N76497,N76497,sa1,1
21865,N92379 /1 undetected,output,,N92379,N92379,1,undetected,N92379,N92379,N92379,sa1,1
21866,N14047 /1 undetected,output,,N14047,N14047,1,undetected,N14047,N14047,N14047,sa1,1
21867,N76433 /1 undetected,output,,N76433,N76433,1,undetected,N76433,N76433,N76433,sa1,1
21868,N14042 /1 undetected,output,,N14042,N14042,1,undetected,N14042,N14042,N14042,sa1,1
21869,N87651 /1 undetected,output,,N87651,N87651,1,undetected,N87651,N87651,N87651,sa1,1
21870,N14038 /1 undetected,output,,N14038,N14038,1,undetected,N14038,N14038,N14038,sa1,1
21871,N14037 /1 undetected,output,,N14037,N14037,1,undetected,N14037,N14037,N14037,sa1,1
21872,N101449 /1 undetected,output,,N101449,N101449,1,undetected,N101449,N101449,N101449,sa1,1
21873,N101267 /1 undetected,output,,N101267,N101267,1,undetected,N101267,N101267,N101267,sa1,1
21874,N14033 /1 undetected,output,,N14033,N14033,1,undetected,N14033,N14033,N14033,sa1,1
21875,N101472 /1 undetected,output,,N101472,N101472,1,undetected,N101472,N101472,N101472,sa1,1
21876,N14035 /1 undetected,output,,N14035,N14035,1,undetected,N14035,N14035,N14035,sa1,1
21877,N101458 /1 undetected,output,,N101458,N101458,1,undetected,N101458,N101458,N101458,sa1,1
21878,N101313 /1 undetected,output,,N101313,N101313,1,undetected,N101313,N101313,N101313,sa1,1
21879,N14031 /1 undetected,output,,N14031,N14031,1,undetected,N14031,N14031,N14031,sa1,1
21880,N14029 /1 undetected,output,,N14029,N14029,1,undetected,N14029,N14029,N14029,sa1,1
21881,N14027 /1 undetected,output,,N14027,N14027,1,undetected,N14027,N14027,N14027,sa1,1
21882,N14026 /1 undetected,output,,N14026,N14026,1,undetected,N14026,N14026,N14026,sa1,1
21883,N14025 /1 undetected,output,,N14025,N14025,1,undetected,N14025,N14025,N14025,sa1,1
21884,N101290 /1 undetected,output,,N101290,N101290,1,undetected,N101290,N101290,N101290,sa1,1
21885,N86329 /1 undetected,output,,N86329,N86329,1,undetected,N86329,N86329,N86329,sa1,1
21886,N14019 /1 undetected,output,,N14019,N14019,1,undetected,N14019,N14019,N14019,sa1,1
21887,N101329 /1 undetected,output,,N101329,N101329,1,undetected,N101329,N101329,N101329,sa1,1
21888,N76656 /1 undetected,output,,N76656,N76656,1,undetected,N76656,N76656,N76656,sa1,1
21889,N14017 /1 undetected,output,,N14017,N14017,1,undetected,N14017,N14017,N14017,sa1,1
21890,N101324 /1 undetected,output,,N101324,N101324,1,undetected,N101324,N101324,N101324,sa1,1
21891,N86345 /1 undetected,output,,N86345,N86345,1,undetected,N86345,N86345,N86345,sa1,1
21892,N14023 /1 undetected,output,,N14023,N14023,1,undetected,N14023,N14023,N14023,sa1,1
21893,N14021 /1 undetected,output,,N14021,N14021,1,undetected,N14021,N14021,N14021,sa1,1
21894,N93426 /1 undetected,output,,N93426,N93426,1,undetected,N93426,N93426,N93426,sa1,1
21895,N75519 /1 undetected,output,,N75519,N75519,1,undetected,N75519,N75519,N75519,sa1,1
21896,N13778 /1 undetected,output,,N13778,N13778,1,undetected,N13778,N13778,N13778,sa1,1
21897,N14015 /1 undetected,output,,N14015,N14015,1,undetected,N14015,N14015,N14015,sa1,1
21898,N101345 /1 undetected,output,,N101345,N101345,1,undetected,N101345,N101345,N101345,sa1,1
21899,N14013 /1 undetected,output,,N14013,N14013,1,undetected,N14013,N14013,N14013,sa1,1
21900,N75518 /1 undetected,output,,N75518,N75518,1,undetected,N75518,N75518,N75518,sa1,1
21901,N14012 /1 undetected,output,,N14012,N14012,1,undetected,N14012,N14012,N14012,sa1,1
21902,N101317 /1 undetected,output,,N101317,N101317,1,undetected,N101317,N101317,N101317,sa1,1
21903,N14010 /1 undetected,output,,N14010,N14010,1,undetected,N14010,N14010,N14010,sa1,1
21904,N87650 /1 undetected,output,,N87650,N87650,1,undetected,N87650,N87650,N87650,sa1,1
21905,N76289 /1 undetected,output,,N76289,N76289,1,undetected,N76289,N76289,N76289,sa1,1
21906,N14007 /1 undetected,output,,N14007,N14007,1,undetected,N14007,N14007,N14007,sa1,1
21907,N14002 /1 undetected,output,,N14002,N14002,1,undetected,N14002,N14002,N14002,sa1,1
21908,N78781 /1 undetected,output,,N78781,N78781,1,undetected,N78781,N78781,N78781,sa1,1
21909,N14000 /1 undetected,output,,N14000,N14000,1,undetected,N14000,N14000,N14000,sa1,1
21910,N101254 /1 undetected,output,,N101254,N101254,1,undetected,N101254,N101254,N101254,sa1,1
21911,N13998 /1 undetected,output,,N13998,N13998,1,undetected,N13998,N13998,N13998,sa1,1
21912,N101283 /1 undetected,output,,N101283,N101283,1,undetected,N101283,N101283,N101283,sa1,1
21913,N86297 /1 undetected,output,,N86297,N86297,1,undetected,N86297,N86297,N86297,sa1,1
21914,N13996 /1 undetected,output,,N13996,N13996,1,undetected,N13996,N13996,N13996,sa1,1
21915,N76496 /1 undetected,output,,N76496,N76496,1,undetected,N76496,N76496,N76496,sa1,1
21916,N13995 /1 undetected,output,,N13995,N13995,1,undetected,N13995,N13995,N13995,sa1,1
21917,N101280 /1 undetected,output,,N101280,N101280,1,undetected,N101280,N101280,N101280,sa1,1
21918,N13993 /1 undetected,output,,N13993,N13993,1,undetected,N13993,N13993,N13993,sa1,1
21919,N87668 /1 undetected,output,,N87668,N87668,1,undetected,N87668,N87668,N87668,sa1,1
21920,N86296 /1 undetected,output,,N86296,N86296,1,undetected,N86296,N86296,N86296,sa1,1
21921,N13992 /1 undetected,output,,N13992,N13992,1,undetected,N13992,N13992,N13992,sa1,1
21922,N93368 /1 undetected,output,,N93368,N93368,1,undetected,N93368,N93368,N93368,sa1,1
21923,N78780 /1 undetected,output,,N78780,N78780,1,undetected,N78780,N78780,N78780,sa1,1
21924,N86215 /1 undetected,output,,N86215,N86215,1,undetected,N86215,N86215,N86215,sa1,1
21925,N13988 /1 undetected,output,,N13988,N13988,1,undetected,N13988,N13988,N13988,sa1,1
21926,N13986 /1 undetected,output,,N13986,N13986,1,undetected,N13986,N13986,N13986,sa1,1
21927,N13984 /1 undetected,output,,N13984,N13984,1,undetected,N13984,N13984,N13984,sa1,1
21928,N86295 /1 undetected,output,,N86295,N86295,1,undetected,N86295,N86295,N86295,sa1,1
21929,N13407 /1 undetected,output,,N13407,N13407,1,undetected,N13407,N13407,N13407,sa1,1
21930,N13982 /1 undetected,output,,N13982,N13982,1,undetected,N13982,N13982,N13982,sa1,1
21931,N101246 /1 undetected,output,,N101246,N101246,1,undetected,N101246,N101246,N101246,sa1,1
21932,N78779 /1 undetected,output,,N78779,N78779,1,undetected,N78779,N78779,N78779,sa1,1
21933,N13979 /1 undetected,output,,N13979,N13979,1,undetected,N13979,N13979,N13979,sa1,1
21934,N86294 /1 undetected,output,,N86294,N86294,1,undetected,N86294,N86294,N86294,sa1,1
21935,N13977 /1 undetected,output,,N13977,N13977,1,undetected,N13977,N13977,N13977,sa1,1
21936,N87667 /1 undetected,output,,N87667,N87667,1,undetected,N87667,N87667,N87667,sa1,1
21937,N13976 /1 undetected,output,,N13976,N13976,1,undetected,N13976,N13976,N13976,sa1,1
21938,N101266 /1 undetected,output,,N101266,N101266,1,undetected,N101266,N101266,N101266,sa1,1
21939,N76588 /1 undetected,output,,N76588,N76588,1,undetected,N76588,N76588,N76588,sa1,1
21940,N13974 /1 undetected,output,,N13974,N13974,1,undetected,N13974,N13974,N13974,sa1,1
21941,N85466 /1 undetected,output,,N85466,N85466,1,undetected,N85466,N85466,N85466,sa1,1
21942,N13973 /1 undetected,output,,N13973,N13973,1,undetected,N13973,N13973,N13973,sa1,1
21943,N76367 /1 undetected,output,,N76367,N76367,1,undetected,N76367,N76367,N76367,sa1,1
21944,N85062 /1 undetected,output,,N85062,N85062,1,undetected,N85062,N85062,N85062,sa1,1
21945,N13964 /1 undetected,output,,N13964,N13964,1,undetected,N13964,N13964,N13964,sa1,1
21946,N13962 /1 undetected,output,,N13962,N13962,1,undetected,N13962,N13962,N13962,sa1,1
21947,N101511 /1 undetected,output,,N101511,N101511,1,undetected,N101511,N101511,N101511,sa1,1
21948,N93497 /1 undetected,output,,N93497,N93497,1,undetected,N93497,N93497,N93497,sa1,1
21949,N75091 /1 undetected,output,,N75091,N75091,1,undetected,N75091,N75091,N75091,sa1,1
21950,N49471 /1 undetected,output,,N49471,N49471,1,undetected,N49471,N49471,N49471,sa1,1
21951,N49471 /0 undetected,output,,N49471,N49471,0,undetected,N49471,N49471,N49471,sa0,1
21952,N118976 /1 undetected,output,,N118976,N118976,1,undetected,N118976,N118976,N118976,sa1,1
21953,N49470 /1 undetected,output,,N49470,N49470,1,undetected,N49470,N49470,N49470,sa1,1
21954,N118984 /1 undetected,output,,N118984,N118984,1,undetected,N118984,N118984,N118984,sa1,1
21955,N49466 /1 undetected,output,,N49466,N49466,1,undetected,N49466,N49466,N49466,sa1,1
21956,N25363 /1 undetected,output,,N25363,N25363,1,undetected,N25363,N25363,N25363,sa1,1
21957,N25363 /0 undetected,output,,N25363,N25363,0,undetected,N25363,N25363,N25363,sa0,1
21958,N107828 /1 undetected,output,,N107828,N107828,1,undetected,N107828,N107828,N107828,sa1,1
21959,N106787 /1 undetected,output,,N106787,N106787,1,undetected,N106787,N106787,N106787,sa1,1
21960,N27314 /1 undetected,output,,N27314,N27314,1,undetected,N27314,N27314,N27314,sa1,1
21961,N27314 /0 undetected,output,,N27314,N27314,0,undetected,N27314,N27314,N27314,sa0,1
21962,N107820 /1 undetected,output,,N107820,N107820,1,undetected,N107820,N107820,N107820,sa1,1
21963,N86307 /1 undetected,output,,N86307,N86307,1,undetected,N86307,N86307,N86307,sa1,1
21964,N25371 /1 undetected,output,,N25371,N25371,1,undetected,N25371,N25371,N25371,sa1,1
21965,N25371 /0 undetected,output,,N25371,N25371,0,undetected,N25371,N25371,N25371,sa0,1
21966,N109284 /1 undetected,output,,N109284,N109284,1,undetected,N109284,N109284,N109284,sa1,1
21967,N75805 /1 undetected,output,,N75805,N75805,1,undetected,N75805,N75805,N75805,sa1,1
21968,N24208 /1 undetected,output,,N24208,N24208,1,undetected,N24208,N24208,N24208,sa1,1
21969,N24207 /1 undetected,output,,N24207,N24207,1,undetected,N24207,N24207,N24207,sa1,1
21970,N106750 /1 undetected,output,,N106750,N106750,1,undetected,N106750,N106750,N106750,sa1,1
21971,N24197 /1 undetected,output,,N24197,N24197,1,undetected,N24197,N24197,N24197,sa1,1
21972,N106735 /1 undetected,output,,N106735,N106735,1,undetected,N106735,N106735,N106735,sa1,1
21973,N27527 /1 undetected,output,,N27527,N27527,1,undetected,N27527,N27527,N27527,sa1,1
21974,N105506 /1 undetected,output,,N105506,N105506,1,undetected,N105506,N105506,N105506,sa1,1
21975,N84754 /1 undetected,output,,N84754,N84754,1,undetected,N84754,N84754,N84754,sa1,1
21976,N23617 /0 undetected,output,,N23617,N23617,0,undetected,N23617,N23617,N23617,sa0,1
21977,N30355 /1 undetected,output,,N30355,N30355,1,undetected,N30355,N30355,N30355,sa1,1
21978,N85172 /1 undetected,output,,N85172,N85172,1,undetected,N85172,N85172,N85172,sa1,1
21979,N30352 /1 undetected,output,,N30352,N30352,1,undetected,N30352,N30352,N30352,sa1,1
21980,N113351 /1 undetected,output,,N113351,N113351,1,undetected,N113351,N113351,N113351,sa1,1
21981,N95826 /1 undetected,output,,N95826,N95826,1,undetected,N95826,N95826,N95826,sa1,1
21982,N49880 /1 undetected,output,,N49880,N49880,1,undetected,N49880,N49880,N49880,sa1,1
21983,N49880 /0 undetected,output,,N49880,N49880,0,undetected,N49880,N49880,N49880,sa0,1
21984,N49878 /1 undetected,output,,N49878,N49878,1,undetected,N49878,N49878,N49878,sa1,1
21985,N49877 /1 undetected,output,,N49877,N49877,1,undetected,N49877,N49877,N49877,sa1,1
21986,N118937 /1 undetected,output,,N118937,N118937,1,undetected,N118937,N118937,N118937,sa1,1
21987,N49876 /1 undetected,output,,N49876,N49876,1,undetected,N49876,N49876,N49876,sa1,1
21988,N119021 /1 undetected,output,,N119021,N119021,1,undetected,N119021,N119021,N119021,sa1,1
21989,N107747 /1 undetected,output,,N107747,N107747,1,undetected,N107747,N107747,N107747,sa1,1
21990,N49874 /1 undetected,output,,N49874,N49874,1,undetected,N49874,N49874,N49874,sa1,1
21991,N118941 /1 undetected,output,,N118941,N118941,1,undetected,N118941,N118941,N118941,sa1,1
21992,N85729 /1 undetected,output,,N85729,N85729,1,undetected,N85729,N85729,N85729,sa1,1
21993,N49872 /1 undetected,output,,N49872,N49872,1,undetected,N49872,N49872,N49872,sa1,1
21994,N106681 /1 undetected,output,,N106681,N106681,1,undetected,N106681,N106681,N106681,sa1,1
21995,N49870 /1 undetected,output,,N49870,N49870,1,undetected,N49870,N49870,N49870,sa1,1
21996,N49868 /1 undetected,output,,N49868,N49868,1,undetected,N49868,N49868,N49868,sa1,1
21997,N119099 /1 undetected,output,,N119099,N119099,1,undetected,N119099,N119099,N119099,sa1,1
21998,N49866 /1 undetected,output,,N49866,N49866,1,undetected,N49866,N49866,N49866,sa1,1
21999,N119101 /1 undetected,output,,N119101,N119101,1,undetected,N119101,N119101,N119101,sa1,1
22000,N119082 /1 undetected,output,,N119082,N119082,1,undetected,N119082,N119082,N119082,sa1,1
22001,N49856 /1 undetected,output,,N49856,N49856,1,undetected,N49856,N49856,N49856,sa1,1
22002,N85664 /1 undetected,output,,N85664,N85664,1,undetected,N85664,N85664,N85664,sa1,1
22003,N49533 /1 undetected,output,,N49533,N49533,1,undetected,N49533,N49533,N49533,sa1,1
22004,N33080 /1 undetected,output,,N33080,N33080,1,undetected,N33080,N33080,N33080,sa1,1
22005,N33080 /0 undetected,output,,N33080,N33080,0,undetected,N33080,N33080,N33080,sa0,1
22006,N105749 /1 undetected,output,,N105749,N105749,1,undetected,N105749,N105749,N105749,sa1,1
22007,N33078 /1 undetected,output,,N33078,N33078,1,undetected,N33078,N33078,N33078,sa1,1
22008,N95836 /1 undetected,output,,N95836,N95836,1,undetected,N95836,N95836,N95836,sa1,1
22009,N77344 /1 undetected,output,,N77344,N77344,1,undetected,N77344,N77344,N77344,sa1,1
22010,N32944 /1 undetected,output,,N32944,N32944,1,undetected,N32944,N32944,N32944,sa1,1
22011,N32944 /0 undetected,output,,N32944,N32944,0,undetected,N32944,N32944,N32944,sa0,1
22012,N105748 /1 undetected,output,,N105748,N105748,1,undetected,N105748,N105748,N105748,sa1,1
22013,N32942 /1 undetected,output,,N32942,N32942,1,undetected,N32942,N32942,N32942,sa1,1
22014,N95835 /1 undetected,output,,N95835,N95835,1,undetected,N95835,N95835,N95835,sa1,1
22015,N77396 /1 undetected,output,,N77396,N77396,1,undetected,N77396,N77396,N77396,sa1,1
22016,N32693 /1 undetected,output,,N32693,N32693,1,undetected,N32693,N32693,N32693,sa1,1
22017,N32693 /0 undetected,output,,N32693,N32693,0,undetected,N32693,N32693,N32693,sa0,1
22018,N105746 /1 undetected,output,,N105746,N105746,1,undetected,N105746,N105746,N105746,sa1,1
22019,N32691 /1 undetected,output,,N32691,N32691,1,undetected,N32691,N32691,N32691,sa1,1
22020,N95833 /1 undetected,output,,N95833,N95833,1,undetected,N95833,N95833,N95833,sa1,1
22021,N77565 /1 undetected,output,,N77565,N77565,1,undetected,N77565,N77565,N77565,sa1,1
22022,N32575 /1 undetected,output,,N32575,N32575,1,undetected,N32575,N32575,N32575,sa1,1
22023,N32575 /0 undetected,output,,N32575,N32575,0,undetected,N32575,N32575,N32575,sa0,1
22024,N105745 /1 undetected,output,,N105745,N105745,1,undetected,N105745,N105745,N105745,sa1,1
22025,N32573 /1 undetected,output,,N32573,N32573,1,undetected,N32573,N32573,N32573,sa1,1
22026,N95832 /1 undetected,output,,N95832,N95832,1,undetected,N95832,N95832,N95832,sa1,1
22027,N77625 /1 undetected,output,,N77625,N77625,1,undetected,N77625,N77625,N77625,sa1,1
22028,N31192 /1 undetected,output,,N31192,N31192,1,undetected,N31192,N31192,N31192,sa1,1
22029,N31192 /0 undetected,output,,N31192,N31192,0,undetected,N31192,N31192,N31192,sa0,1
22030,N105743 /1 undetected,output,,N105743,N105743,1,undetected,N105743,N105743,N105743,sa1,1
22031,N31190 /1 undetected,output,,N31190,N31190,1,undetected,N31190,N31190,N31190,sa1,1
22032,N95831 /1 undetected,output,,N95831,N95831,1,undetected,N95831,N95831,N95831,sa1,1
22033,N77132 /1 undetected,output,,N77132,N77132,1,undetected,N77132,N77132,N77132,sa1,1
22034,N55152 /1 undetected,output,,N55152,N55152,1,undetected,N55152,N55152,N55152,sa1,1
22035,N55152 /0 undetected,output,,N55152,N55152,0,undetected,N55152,N55152,N55152,sa0,1
22036,N55151 /1 undetected,output,,N55151,N55151,1,undetected,N55151,N55151,N55151,sa1,1
22037,N120776 /1 undetected,output,,N120776,N120776,1,undetected,N120776,N120776,N120776,sa1,1
22038,N55149 /1 undetected,output,,N55149,N55149,1,undetected,N55149,N55149,N55149,sa1,1
22039,N55148 /1 undetected,output,,N55148,N55148,1,undetected,N55148,N55148,N55148,sa1,1
22040,N108887 /1 undetected,output,,N108887,N108887,1,undetected,N108887,N108887,N108887,sa1,1
22041,N55147 /1 undetected,output,,N55147,N55147,1,undetected,N55147,N55147,N55147,sa1,1
22042,N75821 /1 undetected,output,,N75821,N75821,1,undetected,N75821,N75821,N75821,sa1,1
22043,N55146 /1 undetected,output,,N55146,N55146,1,undetected,N55146,N55146,N55146,sa1,1
22044,N120651 /1 undetected,output,,N120651,N120651,1,undetected,N120651,N120651,N120651,sa1,1
22045,N75704 /1 undetected,output,,N75704,N75704,1,undetected,N75704,N75704,N75704,sa1,1
22046,N55144 /1 undetected,output,,N55144,N55144,1,undetected,N55144,N55144,N55144,sa1,1
22047,N108893 /1 undetected,output,,N108893,N108893,1,undetected,N108893,N108893,N108893,sa1,1
22048,N93530 /1 undetected,output,,N93530,N93530,1,undetected,N93530,N93530,N93530,sa1,1
22049,N55142 /1 undetected,output,,N55142,N55142,1,undetected,N55142,N55142,N55142,sa1,1
22050,N120831 /1 undetected,output,,N120831,N120831,1,undetected,N120831,N120831,N120831,sa1,1
22051,N120779 /1 undetected,output,,N120779,N120779,1,undetected,N120779,N120779,N120779,sa1,1
22052,N56151 /1 undetected,output,,N56151,N56151,1,undetected,N56151,N56151,N56151,sa1,1
22053,N56151 /0 undetected,output,,N56151,N56151,0,undetected,N56151,N56151,N56151,sa0,1
22054,N56150 /1 undetected,output,,N56150,N56150,1,undetected,N56150,N56150,N56150,sa1,1
22055,N120969 /1 undetected,output,,N120969,N120969,1,undetected,N120969,N120969,N120969,sa1,1
22056,N56134 /1 undetected,output,,N56134,N56134,1,undetected,N56134,N56134,N56134,sa1,1
22057,N121117 /1 undetected,output,,N121117,N121117,1,undetected,N121117,N121117,N121117,sa1,1
22058,N120965 /1 undetected,output,,N120965,N120965,1,undetected,N120965,N120965,N120965,sa1,1
22059,N56132 /1 undetected,output,,N56132,N56132,1,undetected,N56132,N56132,N56132,sa1,1
22060,N120967 /1 undetected,output,,N120967,N120967,1,undetected,N120967,N120967,N120967,sa1,1
22061,N56130 /1 undetected,output,,N56130,N56130,1,undetected,N56130,N56130,N56130,sa1,1
22062,N75854 /1 undetected,output,,N75854,N75854,1,undetected,N75854,N75854,N75854,sa1,1
22063,N56129 /1 undetected,output,,N56129,N56129,1,undetected,N56129,N56129,N56129,sa1,1
22064,N108896 /1 undetected,output,,N108896,N108896,1,undetected,N108896,N108896,N108896,sa1,1
22065,N56127 /1 undetected,output,,N56127,N56127,1,undetected,N56127,N56127,N56127,sa1,1
22066,N75833 /1 undetected,output,,N75833,N75833,1,undetected,N75833,N75833,N75833,sa1,1
22067,N56126 /1 undetected,output,,N56126,N56126,1,undetected,N56126,N56126,N56126,sa1,1
22068,N120652 /1 undetected,output,,N120652,N120652,1,undetected,N120652,N120652,N120652,sa1,1
22069,N75781 /1 undetected,output,,N75781,N75781,1,undetected,N75781,N75781,N75781,sa1,1
22070,N9145 /1 undetected,output,,N9145,N9145,1,undetected,N9145,N9145,N9145,sa1,1
22071,N9143 /1 undetected,output,,N9143,N9143,1,undetected,N9143,N9143,N9143,sa1,1
22072,N9141 /1 undetected,output,,N9141,N9141,1,undetected,N9141,N9141,N9141,sa1,1
22073,N94558 /1 undetected,output,,N94558,N94558,1,undetected,N94558,N94558,N94558,sa1,1
22074,N86626 /1 undetected,output,,N86626,N86626,1,undetected,N86626,N86626,N86626,sa1,1
22075,N9139 /1 undetected,output,,N9139,N9139,1,undetected,N9139,N9139,N9139,sa1,1
22076,N98817 /1 undetected,output,,N98817,N98817,1,undetected,N98817,N98817,N98817,sa1,1
22077,N2664 /1 undetected,output,,N2664,N2664,1,undetected,N2664,N2664,N2664,sa1,1
22078,N94555 /1 undetected,output,,N94555,N94555,1,undetected,N94555,N94555,N94555,sa1,1
22079,N93462 /1 undetected,output,,N93462,N93462,1,undetected,N93462,N93462,N93462,sa1,1
22080,N9138 /1 undetected,output,,N9138,N9138,1,undetected,N9138,N9138,N9138,sa1,1
22081,N98913 /1 undetected,output,,N98913,N98913,1,undetected,N98913,N98913,N98913,sa1,1
22082,N93463 /1 undetected,output,,N93463,N93463,1,undetected,N93463,N93463,N93463,sa1,1
22083,N3732 /1 undetected,output,,N3732,N3732,1,undetected,N3732,N3732,N3732,sa1,1
22084,N3732 /0 undetected,output,,N3732,N3732,0,undetected,N3732,N3732,N3732,sa0,1
22085,N96542 /1 undetected,output,,N96542,N96542,1,undetected,N96542,N96542,N96542,sa1,1
22086,N96152 /1 undetected,output,,N96152,N96152,1,undetected,N96152,N96152,N96152,sa1,1
22087,N54546 /1 undetected,output,,N54546,N54546,1,undetected,N54546,N54546,N54546,sa1,1
22088,N54546 /0 undetected,output,,N54546,N54546,0,undetected,N54546,N54546,N54546,sa0,1
22089,N75642 /1 undetected,output,,N75642,N75642,1,undetected,N75642,N75642,N75642,sa1,1
22090,N54545 /1 undetected,output,,N54545,N54545,1,undetected,N54545,N54545,N54545,sa1,1
22091,N120706 /1 undetected,output,,N120706,N120706,1,undetected,N120706,N120706,N120706,sa1,1
22092,N107816 /1 undetected,output,,N107816,N107816,1,undetected,N107816,N107816,N107816,sa1,1
22093,N27316 /1 undetected,output,,N27316,N27316,1,undetected,N27316,N27316,N27316,sa1,1
22094,N27316 /0 undetected,output,,N27316,N27316,0,undetected,N27316,N27316,N27316,sa0,1
22095,N108009 /1 undetected,output,,N108009,N108009,1,undetected,N108009,N108009,N108009,sa1,1
22096,N76615 /1 undetected,output,,N76615,N76615,1,undetected,N76615,N76615,N76615,sa1,1
22097,N25359 /1 undetected,output,,N25359,N25359,1,undetected,N25359,N25359,N25359,sa1,1
22098,N25359 /0 undetected,output,,N25359,N25359,0,undetected,N25359,N25359,N25359,sa0,1
22099,N109258 /1 undetected,output,,N109258,N109258,1,undetected,N109258,N109258,N109258,sa1,1
22100,N75804 /1 undetected,output,,N75804,N75804,1,undetected,N75804,N75804,N75804,sa1,1
22101,N24679 /0 undetected,output,,N24679,N24679,0,undetected,N24679,N24679,N24679,sa0,1
22102,N11620 /1 undetected,output,,N11620,N11620,1,undetected,N11620,N11620,N11620,sa1,1
22103,N100069 /1 undetected,output,,N100069,N100069,1,undetected,N100069,N100069,N100069,sa1,1
22104,N87224 /1 undetected,output,,N87224,N87224,1,undetected,N87224,N87224,N87224,sa1,1
22105,N54627 /1 undetected,output,,N54627,N54627,1,undetected,N54627,N54627,N54627,sa1,1
22106,N54627 /0 undetected,output,,N54627,N54627,0,undetected,N54627,N54627,N54627,sa0,1
22107,N93886 /1 undetected,output,,N93886,N93886,1,undetected,N93886,N93886,N93886,sa1,1
22108,N54626 /1 undetected,output,,N54626,N54626,1,undetected,N54626,N54626,N54626,sa1,1
22109,N54624 /1 undetected,output,,N54624,N54624,1,undetected,N54624,N54624,N54624,sa1,1
22110,N85771 /1 undetected,output,,N85771,N85771,1,undetected,N85771,N85771,N85771,sa1,1
22111,N54623 /1 undetected,output,,N54623,N54623,1,undetected,N54623,N54623,N54623,sa1,1
22112,N120721 /1 undetected,output,,N120721,N120721,1,undetected,N120721,N120721,N120721,sa1,1
22113,N105717 /1 undetected,output,,N105717,N105717,1,undetected,N105717,N105717,N105717,sa1,1
22114,N54621 /1 undetected,output,,N54621,N54621,1,undetected,N54621,N54621,N54621,sa1,1
22115,N93637 /1 undetected,output,,N93637,N93637,1,undetected,N93637,N93637,N93637,sa1,1
22116,N54619 /1 undetected,output,,N54619,N54619,1,undetected,N54619,N54619,N54619,sa1,1
22117,N54617 /1 undetected,output,,N54617,N54617,1,undetected,N54617,N54617,N54617,sa1,1
22118,N105708 /1 undetected,output,,N105708,N105708,1,undetected,N105708,N105708,N105708,sa1,1
22119,N85644 /1 undetected,output,,N85644,N85644,1,undetected,N85644,N85644,N85644,sa1,1
22120,N54615 /1 undetected,output,,N54615,N54615,1,undetected,N54615,N54615,N54615,sa1,1
22121,N109124 /1 undetected,output,,N109124,N109124,1,undetected,N109124,N109124,N109124,sa1,1
22122,N75697 /1 undetected,output,,N75697,N75697,1,undetected,N75697,N75697,N75697,sa1,1
22123,N23743 /1 undetected,output,,N23743,N23743,1,undetected,N23743,N23743,N23743,sa1,1
22124,N23743 /0 undetected,output,,N23743,N23743,0,undetected,N23743,N23743,N23743,sa0,1
22125,N23742 /1 undetected,output,,N23742,N23742,1,undetected,N23742,N23742,N23742,sa1,1
22126,N105840 /1 undetected,output,,N105840,N105840,1,undetected,N105840,N105840,N105840,sa1,1
22127,N85703 /1 undetected,output,,N85703,N85703,1,undetected,N85703,N85703,N85703,sa1,1
22128,N23735 /1 undetected,output,,N23735,N23735,1,undetected,N23735,N23735,N23735,sa1,1
22129,N105800 /1 undetected,output,,N105800,N105800,1,undetected,N105800,N105800,N105800,sa1,1
22130,N23733 /1 undetected,output,,N23733,N23733,1,undetected,N23733,N23733,N23733,sa1,1
22131,N105779 /1 undetected,output,,N105779,N105779,1,undetected,N105779,N105779,N105779,sa1,1
22132,N85675 /1 undetected,output,,N85675,N85675,1,undetected,N85675,N85675,N85675,sa1,1
22133,N55480 /1 undetected,output,,N55480,N55480,1,undetected,N55480,N55480,N55480,sa1,1
22134,N55480 /0 undetected,output,,N55480,N55480,0,undetected,N55480,N55480,N55480,sa0,1
22135,N105815 /1 undetected,output,,N105815,N105815,1,undetected,N105815,N105815,N105815,sa1,1
22136,N55478 /1 undetected,output,,N55478,N55478,1,undetected,N55478,N55478,N55478,sa1,1
22137,N120979 /1 undetected,output,,N120979,N120979,1,undetected,N120979,N120979,N120979,sa1,1
22138,N55472 /1 undetected,output,,N55472,N55472,1,undetected,N55472,N55472,N55472,sa1,1
22139,N75825 /1 undetected,output,,N75825,N75825,1,undetected,N75825,N75825,N75825,sa1,1
22140,N55470 /1 undetected,output,,N55470,N55470,1,undetected,N55470,N55470,N55470,sa1,1
22141,N108932 /1 undetected,output,,N108932,N108932,1,undetected,N108932,N108932,N108932,sa1,1
22142,N75772 /1 undetected,output,,N75772,N75772,1,undetected,N75772,N75772,N75772,sa1,1
22143,N53616 /1 undetected,output,,N53616,N53616,1,undetected,N53616,N53616,N53616,sa1,1
22144,N53616 /0 undetected,output,,N53616,N53616,0,undetected,N53616,N53616,N53616,sa0,1
22145,N55454 /1 undetected,output,,N55454,N55454,1,undetected,N55454,N55454,N55454,sa1,1
22146,N55454 /0 undetected,output,,N55454,N55454,0,undetected,N55454,N55454,N55454,sa0,1
22147,N120968 /1 undetected,output,,N120968,N120968,1,undetected,N120968,N120968,N120968,sa1,1
22148,N55443 /1 undetected,output,,N55443,N55443,1,undetected,N55443,N55443,N55443,sa1,1
22149,N120964 /1 undetected,output,,N120964,N120964,1,undetected,N120964,N120964,N120964,sa1,1
22150,N105833 /1 undetected,output,,N105833,N105833,1,undetected,N105833,N105833,N105833,sa1,1
22151,N24036 /1 undetected,output,,N24036,N24036,1,undetected,N24036,N24036,N24036,sa1,1
22152,N24036 /0 undetected,output,,N24036,N24036,0,undetected,N24036,N24036,N24036,sa0,1
22153,N105972 /1 undetected,output,,N105972,N105972,1,undetected,N105972,N105972,N105972,sa1,1
22154,N85720 /1 undetected,output,,N85720,N85720,1,undetected,N85720,N85720,N85720,sa1,1
22155,N3678 /1 undetected,output,,N3678,N3678,1,undetected,N3678,N3678,N3678,sa1,1
22156,N3678 /0 undetected,output,,N3678,N3678,0,undetected,N3678,N3678,N3678,sa0,1
22157,N96161 /1 undetected,output,,N96161,N96161,1,undetected,N96161,N96161,N96161,sa1,1
22158,N3677 /1 undetected,output,,N3677,N3677,1,undetected,N3677,N3677,N3677,sa1,1
22159,N93001 /1 undetected,output,,N93001,N93001,1,undetected,N93001,N93001,N93001,sa1,1
22160,N3675 /1 undetected,output,,N3675,N3675,1,undetected,N3675,N3675,N3675,sa1,1
22161,N96496 /1 undetected,output,,N96496,N96496,1,undetected,N96496,N96496,N96496,sa1,1
22162,N84240 /1 undetected,output,,N84240,N84240,1,undetected,N84240,N84240,N84240,sa1,1
22163,N3608 /1 undetected,output,,N3608,N3608,1,undetected,N3608,N3608,N3608,sa1,1
22164,N3608 /0 undetected,output,,N3608,N3608,0,undetected,N3608,N3608,N3608,sa0,1
22165,N96160 /1 undetected,output,,N96160,N96160,1,undetected,N96160,N96160,N96160,sa1,1
22166,N3607 /1 undetected,output,,N3607,N3607,1,undetected,N3607,N3607,N3607,sa1,1
22167,N92999 /1 undetected,output,,N92999,N92999,1,undetected,N92999,N92999,N92999,sa1,1
22168,N3605 /1 undetected,output,,N3605,N3605,1,undetected,N3605,N3605,N3605,sa1,1
22169,N96497 /1 undetected,output,,N96497,N96497,1,undetected,N96497,N96497,N96497,sa1,1
22170,N96495 /1 undetected,output,,N96495,N96495,1,undetected,N96495,N96495,N96495,sa1,1
22171,N3730 /1 undetected,output,,N3730,N3730,1,undetected,N3730,N3730,N3730,sa1,1
22172,N3730 /0 undetected,output,,N3730,N3730,0,undetected,N3730,N3730,N3730,sa0,1
22173,N25383 /1 undetected,output,,N25383,N25383,1,undetected,N25383,N25383,N25383,sa1,1
22174,N25383 /0 undetected,output,,N25383,N25383,0,undetected,N25383,N25383,N25383,sa0,1
22175,N108006 /1 undetected,output,,N108006,N108006,1,undetected,N108006,N108006,N108006,sa1,1
22176,N25382 /1 undetected,output,,N25382,N25382,1,undetected,N25382,N25382,N25382,sa1,1
22177,N25380 /1 undetected,output,,N25380,N25380,1,undetected,N25380,N25380,N25380,sa1,1
22178,N106823 /1 undetected,output,,N106823,N106823,1,undetected,N106823,N106823,N106823,sa1,1
22179,N85658 /1 undetected,output,,N85658,N85658,1,undetected,N85658,N85658,N85658,sa1,1
22180,N24899 /1 undetected,output,,N24899,N24899,1,undetected,N24899,N24899,N24899,sa1,1
22181,N55613 /1 undetected,output,,N55613,N55613,1,undetected,N55613,N55613,N55613,sa1,1
22182,N55613 /0 undetected,output,,N55613,N55613,0,undetected,N55613,N55613,N55613,sa0,1
22183,N107817 /1 undetected,output,,N107817,N107817,1,undetected,N107817,N107817,N107817,sa1,1
22184,N75776 /1 undetected,output,,N75776,N75776,1,undetected,N75776,N75776,N75776,sa1,1
22185,N27303 /1 undetected,output,,N27303,N27303,1,undetected,N27303,N27303,N27303,sa1,1
22186,N27303 /0 undetected,output,,N27303,N27303,0,undetected,N27303,N27303,N27303,sa0,1
22187,N107811 /1 undetected,output,,N107811,N107811,1,undetected,N107811,N107811,N107811,sa1,1
22188,N86306 /1 undetected,output,,N86306,N86306,1,undetected,N86306,N86306,N86306,sa1,1
22189,N11751 /0 undetected,output,,N11751,N11751,0,undetected,N11751,N11751,N11751,sa0,1
22190,N100153 /1 undetected,output,,N100153,N100153,1,undetected,N100153,N100153,N100153,sa1,1
22191,N87253 /1 undetected,output,,N87253,N87253,1,undetected,N87253,N87253,N87253,sa1,1
22192,N11737 /0 undetected,output,,N11737,N11737,0,undetected,N11737,N11737,N11737,sa0,1
22193,N100152 /1 undetected,output,,N100152,N100152,1,undetected,N100152,N100152,N100152,sa1,1
22194,N77976 /1 undetected,output,,N77976,N77976,1,undetected,N77976,N77976,N77976,sa1,1
22195,N11786 /0 undetected,output,,N11786,N11786,0,undetected,N11786,N11786,N11786,sa0,1
22196,N100186 /1 undetected,output,,N100186,N100186,1,undetected,N100186,N100186,N100186,sa1,1
22197,N77952 /1 undetected,output,,N77952,N77952,1,undetected,N77952,N77952,N77952,sa1,1
22198,N53836 /0 undetected,output,,N53836,N53836,0,undetected,N53836,N53836,N53836,sa0,1
22199,N120543 /1 undetected,output,,N120543,N120543,1,undetected,N120543,N120543,N120543,sa1,1
22200,N75860 /1 undetected,output,,N75860,N75860,1,undetected,N75860,N75860,N75860,sa1,1
22201,N105737 /1 undetected,output,,N105737,N105737,1,undetected,N105737,N105737,N105737,sa1,1
22202,N85755 /1 undetected,output,,N85755,N85755,1,undetected,N85755,N85755,N85755,sa1,1
22203,N23725 /1 undetected,output,,N23725,N23725,1,undetected,N23725,N23725,N23725,sa1,1
22204,N23725 /0 undetected,output,,N23725,N23725,0,undetected,N23725,N23725,N23725,sa0,1
22205,N105786 /1 undetected,output,,N105786,N105786,1,undetected,N105786,N105786,N105786,sa1,1
22206,N23723 /1 undetected,output,,N23723,N23723,1,undetected,N23723,N23723,N23723,sa1,1
22207,N85702 /1 undetected,output,,N85702,N85702,1,undetected,N85702,N85702,N85702,sa1,1
22208,N23717 /1 undetected,output,,N23717,N23717,1,undetected,N23717,N23717,N23717,sa1,1
22209,N23698 /1 undetected,output,,N23698,N23698,1,undetected,N23698,N23698,N23698,sa1,1
22210,N85159 /1 undetected,output,,N85159,N85159,1,undetected,N85159,N85159,N85159,sa1,1
22211,N23697 /1 undetected,output,,N23697,N23697,1,undetected,N23697,N23697,N23697,sa1,1
22212,N95811 /1 undetected,output,,N95811,N95811,1,undetected,N95811,N95811,N95811,sa1,1
22213,N54570 /0 undetected,output,,N54570,N54570,0,undetected,N54570,N54570,N54570,sa0,1
22214,N25229 /1 undetected,output,,N25229,N25229,1,undetected,N25229,N25229,N25229,sa1,1
22215,N25229 /0 undetected,output,,N25229,N25229,0,undetected,N25229,N25229,N25229,sa0,1
22216,N109126 /1 undetected,output,,N109126,N109126,1,undetected,N109126,N109126,N109126,sa1,1
22217,N108975 /1 undetected,output,,N108975,N108975,1,undetected,N108975,N108975,N108975,sa1,1
22218,N56169 /1 undetected,output,,N56169,N56169,1,undetected,N56169,N56169,N56169,sa1,1
22219,N56169 /0 undetected,output,,N56169,N56169,0,undetected,N56169,N56169,N56169,sa0,1
22220,N56168 /1 undetected,output,,N56168,N56168,1,undetected,N56168,N56168,N56168,sa1,1
22221,N121141 /1 undetected,output,,N121141,N121141,1,undetected,N121141,N121141,N121141,sa1,1
22222,N105947 /1 undetected,output,,N105947,N105947,1,undetected,N105947,N105947,N105947,sa1,1
22223,N56149 /1 undetected,output,,N56149,N56149,1,undetected,N56149,N56149,N56149,sa1,1
22224,N75855 /1 undetected,output,,N75855,N75855,1,undetected,N75855,N75855,N75855,sa1,1
22225,N56147 /1 undetected,output,,N56147,N56147,1,undetected,N56147,N56147,N56147,sa1,1
22226,N56145 /1 undetected,output,,N56145,N56145,1,undetected,N56145,N56145,N56145,sa1,1
22227,N75783 /1 undetected,output,,N75783,N75783,1,undetected,N75783,N75783,N75783,sa1,1
22228,N56143 /1 undetected,output,,N56143,N56143,1,undetected,N56143,N56143,N56143,sa1,1
22229,N107852 /1 undetected,output,,N107852,N107852,1,undetected,N107852,N107852,N107852,sa1,1
22230,N85741 /1 undetected,output,,N85741,N85741,1,undetected,N85741,N85741,N85741,sa1,1
22231,N56142 /1 undetected,output,,N56142,N56142,1,undetected,N56142,N56142,N56142,sa1,1
22232,N120644 /1 undetected,output,,N120644,N120644,1,undetected,N120644,N120644,N120644,sa1,1
22233,N56140 /1 undetected,output,,N56140,N56140,1,undetected,N56140,N56140,N56140,sa1,1
22234,N75834 /1 undetected,output,,N75834,N75834,1,undetected,N75834,N75834,N75834,sa1,1
22235,N56139 /1 undetected,output,,N56139,N56139,1,undetected,N56139,N56139,N56139,sa1,1
22236,N56138 /1 undetected,output,,N56138,N56138,1,undetected,N56138,N56138,N56138,sa1,1
22237,N120647 /1 undetected,output,,N120647,N120647,1,undetected,N120647,N120647,N120647,sa1,1
22238,N75782 /1 undetected,output,,N75782,N75782,1,undetected,N75782,N75782,N75782,sa1,1
22239,N56136 /1 undetected,output,,N56136,N56136,1,undetected,N56136,N56136,N56136,sa1,1
22240,N120991 /1 undetected,output,,N120991,N120991,1,undetected,N120991,N120991,N120991,sa1,1
22241,N109161 /1 undetected,output,,N109161,N109161,1,undetected,N109161,N109161,N109161,sa1,1
22242,N49940 /1 undetected,output,,N49940,N49940,1,undetected,N49940,N49940,N49940,sa1,1
22243,N49940 /0 undetected,output,,N49940,N49940,0,undetected,N49940,N49940,N49940,sa0,1
22244,N49939 /1 undetected,output,,N49939,N49939,1,undetected,N49939,N49939,N49939,sa1,1
22245,N49938 /1 undetected,output,,N49938,N49938,1,undetected,N49938,N49938,N49938,sa1,1
22246,N49937 /1 undetected,output,,N49937,N49937,1,undetected,N49937,N49937,N49937,sa1,1
22247,N119111 /1 undetected,output,,N119111,N119111,1,undetected,N119111,N119111,N119111,sa1,1
22248,N93663 /1 undetected,output,,N93663,N93663,1,undetected,N93663,N93663,N93663,sa1,1
22249,N49935 /1 undetected,output,,N49935,N49935,1,undetected,N49935,N49935,N49935,sa1,1
22250,N119034 /1 undetected,output,,N119034,N119034,1,undetected,N119034,N119034,N119034,sa1,1
22251,N85667 /1 undetected,output,,N85667,N85667,1,undetected,N85667,N85667,N85667,sa1,1
22252,N49933 /1 undetected,output,,N49933,N49933,1,undetected,N49933,N49933,N49933,sa1,1
22253,N49931 /1 undetected,output,,N49931,N49931,1,undetected,N49931,N49931,N49931,sa1,1
22254,N106683 /1 undetected,output,,N106683,N106683,1,undetected,N106683,N106683,N106683,sa1,1
22255,N49930 /1 undetected,output,,N49930,N49930,1,undetected,N49930,N49930,N49930,sa1,1
22256,N119094 /1 undetected,output,,N119094,N119094,1,undetected,N119094,N119094,N119094,sa1,1
22257,N93560 /1 undetected,output,,N93560,N93560,1,undetected,N93560,N93560,N93560,sa1,1
22258,N49928 /1 undetected,output,,N49928,N49928,1,undetected,N49928,N49928,N49928,sa1,1
22259,N49926 /1 undetected,output,,N49926,N49926,1,undetected,N49926,N49926,N49926,sa1,1
22260,N119092 /1 undetected,output,,N119092,N119092,1,undetected,N119092,N119092,N119092,sa1,1
22261,N93544 /1 undetected,output,,N93544,N93544,1,undetected,N93544,N93544,N93544,sa1,1
22262,N49925 /1 undetected,output,,N49925,N49925,1,undetected,N49925,N49925,N49925,sa1,1
22263,N49921 /1 undetected,output,,N49921,N49921,1,undetected,N49921,N49921,N49921,sa1,1
22264,N118906 /1 undetected,output,,N118906,N118906,1,undetected,N118906,N118906,N118906,sa1,1
22265,N85731 /1 undetected,output,,N85731,N85731,1,undetected,N85731,N85731,N85731,sa1,1
22266,N49268 /1 undetected,output,,N49268,N49268,1,undetected,N49268,N49268,N49268,sa1,1
22267,N49268 /0 undetected,output,,N49268,N49268,0,undetected,N49268,N49268,N49268,sa0,1
22268,N49267 /1 undetected,output,,N49267,N49267,1,undetected,N49267,N49267,N49267,sa1,1
22269,N118905 /1 undetected,output,,N118905,N118905,1,undetected,N118905,N118905,N118905,sa1,1
22270,N93681 /1 undetected,output,,N93681,N93681,1,undetected,N93681,N93681,N93681,sa1,1
22271,N49255 /1 undetected,output,,N49255,N49255,1,undetected,N49255,N49255,N49255,sa1,1
22272,N93656 /1 undetected,output,,N93656,N93656,1,undetected,N93656,N93656,N93656,sa1,1
22273,N49253 /1 undetected,output,,N49253,N49253,1,undetected,N49253,N49253,N49253,sa1,1
22274,N118894 /1 undetected,output,,N118894,N118894,1,undetected,N118894,N118894,N118894,sa1,1
22275,N118800 /1 undetected,output,,N118800,N118800,1,undetected,N118800,N118800,N118800,sa1,1
22276,N53638 /1 undetected,output,,N53638,N53638,1,undetected,N53638,N53638,N53638,sa1,1
22277,N53638 /0 undetected,output,,N53638,N53638,0,undetected,N53638,N53638,N53638,sa0,1
22278,N53005 /1 undetected,output,,N53005,N53005,1,undetected,N53005,N53005,N53005,sa1,1
22279,N53005 /0 undetected,output,,N53005,N53005,0,undetected,N53005,N53005,N53005,sa0,1
22280,N105973 /1 undetected,output,,N105973,N105973,1,undetected,N105973,N105973,N105973,sa1,1
22281,N94346 /1 undetected,output,,N94346,N94346,1,undetected,N94346,N94346,N94346,sa1,1
22282,N9961 /0 undetected,output,,N9961,N9961,0,undetected,N9961,N9961,N9961,sa0,1
22283,N98699 /1 undetected,output,,N98699,N98699,1,undetected,N98699,N98699,N98699,sa1,1
22284,N9153 /0 undetected,output,,N9153,N9153,0,undetected,N9153,N9153,N9153,sa0,1
22285,N98914 /1 undetected,output,,N98914,N98914,1,undetected,N98914,N98914,N98914,sa1,1
22286,N85421 /1 undetected,output,,N85421,N85421,1,undetected,N85421,N85421,N85421,sa1,1
22287,N24457 /1 undetected,output,,N24457,N24457,1,undetected,N24457,N24457,N24457,sa1,1
22288,N24456 /1 undetected,output,,N24456,N24456,1,undetected,N24456,N24456,N24456,sa1,1
22289,N107823 /1 undetected,output,,N107823,N107823,1,undetected,N107823,N107823,N107823,sa1,1
22290,N75573 /1 undetected,output,,N75573,N75573,1,undetected,N75573,N75573,N75573,sa1,1
22291,N24447 /1 undetected,output,,N24447,N24447,1,undetected,N24447,N24447,N24447,sa1,1
22292,N85526 /1 undetected,output,,N85526,N85526,1,undetected,N85526,N85526,N85526,sa1,1
22293,N24245 /1 undetected,output,,N24245,N24245,1,undetected,N24245,N24245,N24245,sa1,1
22294,N24244 /1 undetected,output,,N24244,N24244,1,undetected,N24244,N24244,N24244,sa1,1
22295,N85523 /1 undetected,output,,N85523,N85523,1,undetected,N85523,N85523,N85523,sa1,1
22296,N24240 /1 undetected,output,,N24240,N24240,1,undetected,N24240,N24240,N24240,sa1,1
22297,N75570 /1 undetected,output,,N75570,N75570,1,undetected,N75570,N75570,N75570,sa1,1
22298,N24238 /1 undetected,output,,N24238,N24238,1,undetected,N24238,N24238,N24238,sa1,1
22299,N106780 /1 undetected,output,,N106780,N106780,1,undetected,N106780,N106780,N106780,sa1,1
22300,N75800 /1 undetected,output,,N75800,N75800,1,undetected,N75800,N75800,N75800,sa1,1
22301,N55601 /0 undetected,output,,N55601,N55601,0,undetected,N55601,N55601,N55601,sa0,1
22302,N55600 /1 undetected,output,,N55600,N55600,1,undetected,N55600,N55600,N55600,sa1,1
22303,N107808 /1 undetected,output,,N107808,N107808,1,undetected,N107808,N107808,N107808,sa1,1
22304,N85710 /1 undetected,output,,N85710,N85710,1,undetected,N85710,N85710,N85710,sa1,1
22305,N54536 /1 undetected,output,,N54536,N54536,1,undetected,N54536,N54536,N54536,sa1,1
22306,N85573 /1 undetected,output,,N85573,N85573,1,undetected,N85573,N85573,N85573,sa1,1
22307,N54535 /1 undetected,output,,N54535,N54535,1,undetected,N54535,N54535,N54535,sa1,1
22308,N120705 /1 undetected,output,,N120705,N120705,1,undetected,N120705,N120705,N120705,sa1,1
22309,N107807 /1 undetected,output,,N107807,N107807,1,undetected,N107807,N107807,N107807,sa1,1
22310,N54530 /0 undetected,output,,N54530,N54530,0,undetected,N54530,N54530,N54530,sa0,1
22311,N54529 /1 undetected,output,,N54529,N54529,1,undetected,N54529,N54529,N54529,sa1,1
22312,N107806 /1 undetected,output,,N107806,N107806,1,undetected,N107806,N107806,N107806,sa1,1
22313,N85642 /1 undetected,output,,N85642,N85642,1,undetected,N85642,N85642,N85642,sa1,1
22314,N25370 /1 undetected,output,,N25370,N25370,1,undetected,N25370,N25370,N25370,sa1,1
22315,N25370 /0 undetected,output,,N25370,N25370,0,undetected,N25370,N25370,N25370,sa0,1
22316,N25369 /1 undetected,output,,N25369,N25369,1,undetected,N25369,N25369,N25369,sa1,1
22317,N108959 /1 undetected,output,,N108959,N108959,1,undetected,N108959,N108959,N108959,sa1,1
22318,N108005 /1 undetected,output,,N108005,N108005,1,undetected,N108005,N108005,N108005,sa1,1
22319,N25368 /1 undetected,output,,N25368,N25368,1,undetected,N25368,N25368,N25368,sa1,1
22320,N106776 /1 undetected,output,,N106776,N106776,1,undetected,N106776,N106776,N106776,sa1,1
22321,N85657 /1 undetected,output,,N85657,N85657,1,undetected,N85657,N85657,N85657,sa1,1
22322,N24441 /1 undetected,output,,N24441,N24441,1,undetected,N24441,N24441,N24441,sa1,1
22323,N24441 /0 undetected,output,,N24441,N24441,0,undetected,N24441,N24441,N24441,sa0,1
22324,N23616 /1 undetected,output,,N23616,N23616,1,undetected,N23616,N23616,N23616,sa1,1
22325,N105503 /1 undetected,output,,N105503,N105503,1,undetected,N105503,N105503,N105503,sa1,1
22326,N105490 /1 undetected,output,,N105490,N105490,1,undetected,N105490,N105490,N105490,sa1,1
22327,N11735 /0 undetected,output,,N11735,N11735,0,undetected,N11735,N11735,N11735,sa0,1
22328,N49852 /1 undetected,output,,N49852,N49852,1,undetected,N49852,N49852,N49852,sa1,1
22329,N49852 /0 undetected,output,,N49852,N49852,0,undetected,N49852,N49852,N49852,sa0,1
22330,N49851 /1 undetected,output,,N49851,N49851,1,undetected,N49851,N49851,N49851,sa1,1
22331,N49849 /1 undetected,output,,N49849,N49849,1,undetected,N49849,N49849,N49849,sa1,1
22332,N49839 /1 undetected,output,,N49839,N49839,1,undetected,N49839,N49839,N49839,sa1,1
22333,N49837 /1 undetected,output,,N49837,N49837,1,undetected,N49837,N49837,N49837,sa1,1
22334,N119089 /1 undetected,output,,N119089,N119089,1,undetected,N119089,N119089,N119089,sa1,1
22335,N49836 /1 undetected,output,,N49836,N49836,1,undetected,N49836,N49836,N49836,sa1,1
22336,N105829 /1 undetected,output,,N105829,N105829,1,undetected,N105829,N105829,N105829,sa1,1
22337,N93558 /1 undetected,output,,N93558,N93558,1,undetected,N93558,N93558,N93558,sa1,1
22338,N49827 /1 undetected,output,,N49827,N49827,1,undetected,N49827,N49827,N49827,sa1,1
22339,N119081 /1 undetected,output,,N119081,N119081,1,undetected,N119081,N119081,N119081,sa1,1
22340,N93407 /1 undetected,output,,N93407,N93407,1,undetected,N93407,N93407,N93407,sa1,1
22341,N49821 /1 undetected,output,,N49821,N49821,1,undetected,N49821,N49821,N49821,sa1,1
22342,N119010 /1 undetected,output,,N119010,N119010,1,undetected,N119010,N119010,N119010,sa1,1
22343,N49819 /1 undetected,output,,N49819,N49819,1,undetected,N49819,N49819,N49819,sa1,1
22344,N105811 /1 undetected,output,,N105811,N105811,1,undetected,N105811,N105811,N105811,sa1,1
22345,N85662 /1 undetected,output,,N85662,N85662,1,undetected,N85662,N85662,N85662,sa1,1
22346,N49848 /1 undetected,output,,N49848,N49848,1,undetected,N49848,N49848,N49848,sa1,1
22347,N49846 /1 undetected,output,,N49846,N49846,1,undetected,N49846,N49846,N49846,sa1,1
22348,N119093 /1 undetected,output,,N119093,N119093,1,undetected,N119093,N119093,N119093,sa1,1
22349,N75809 /1 undetected,output,,N75809,N75809,1,undetected,N75809,N75809,N75809,sa1,1
22350,N49589 /1 undetected,output,,N49589,N49589,1,undetected,N49589,N49589,N49589,sa1,1
22351,N49844 /1 undetected,output,,N49844,N49844,1,undetected,N49844,N49844,N49844,sa1,1
22352,N118933 /1 undetected,output,,N118933,N118933,1,undetected,N118933,N118933,N118933,sa1,1
22353,N85728 /1 undetected,output,,N85728,N85728,1,undetected,N85728,N85728,N85728,sa1,1
22354,N49340 /1 undetected,output,,N49340,N49340,1,undetected,N49340,N49340,N49340,sa1,1
22355,N118936 /1 undetected,output,,N118936,N118936,1,undetected,N118936,N118936,N118936,sa1,1
22356,N49339 /1 undetected,output,,N49339,N49339,1,undetected,N49339,N49339,N49339,sa1,1
22357,N118922 /1 undetected,output,,N118922,N118922,1,undetected,N118922,N118922,N118922,sa1,1
22358,N93659 /1 undetected,output,,N93659,N93659,1,undetected,N93659,N93659,N93659,sa1,1
22359,N93684 /1 undetected,output,,N93684,N93684,1,undetected,N93684,N93684,N93684,sa1,1
22360,N52658 /1 undetected,output,,N52658,N52658,1,undetected,N52658,N52658,N52658,sa1,1
22361,N105736 /1 undetected,output,,N105736,N105736,1,undetected,N105736,N105736,N105736,sa1,1
22362,N85825 /1 undetected,output,,N85825,N85825,1,undetected,N85825,N85825,N85825,sa1,1
22363,N30539 /1 undetected,output,,N30539,N30539,1,undetected,N30539,N30539,N30539,sa1,1
22364,N113449 /1 undetected,output,,N113449,N113449,1,undetected,N113449,N113449,N113449,sa1,1
22365,N95829 /1 undetected,output,,N95829,N95829,1,undetected,N95829,N95829,N95829,sa1,1
22366,N30235 /0 undetected,output,,N30235,N30235,0,undetected,N30235,N30235,N30235,sa0,1
22367,N105734 /1 undetected,output,,N105734,N105734,1,undetected,N105734,N105734,N105734,sa1,1
22368,N75926 /1 undetected,output,,N75926,N75926,1,undetected,N75926,N75926,N75926,sa1,1
22369,N30227 /1 undetected,output,,N30227,N30227,1,undetected,N30227,N30227,N30227,sa1,1
22370,N30227 /0 undetected,output,,N30227,N30227,0,undetected,N30227,N30227,N30227,sa0,1
22371,N105732 /1 undetected,output,,N105732,N105732,1,undetected,N105732,N105732,N105732,sa1,1
22372,N85831 /1 undetected,output,,N85831,N85831,1,undetected,N85831,N85831,N85831,sa1,1
22373,N24917 /1 undetected,output,,N24917,N24917,1,undetected,N24917,N24917,N24917,sa1,1
22374,N24917 /0 undetected,output,,N24917,N24917,0,undetected,N24917,N24917,N24917,sa0,1
22375,N108915 /1 undetected,output,,N108915,N108915,1,undetected,N108915,N108915,N108915,sa1,1
22376,N108880 /1 undetected,output,,N108880,N108880,1,undetected,N108880,N108880,N108880,sa1,1
22377,N55423 /1 undetected,output,,N55423,N55423,1,undetected,N55423,N55423,N55423,sa1,1
22378,N55423 /0 undetected,output,,N55423,N55423,0,undetected,N55423,N55423,N55423,sa0,1
22379,N120948 /1 undetected,output,,N120948,N120948,1,undetected,N120948,N120948,N120948,sa1,1
22380,N23841 /1 undetected,output,,N23841,N23841,1,undetected,N23841,N23841,N23841,sa1,1
22381,N54229 /1 undetected,output,,N54229,N54229,1,undetected,N54229,N54229,N54229,sa1,1
22382,N54229 /0 undetected,output,,N54229,N54229,0,undetected,N54229,N54229,N54229,sa0,1
22383,N54228 /1 undetected,output,,N54228,N54228,1,undetected,N54228,N54228,N54228,sa1,1
22384,N120496 /1 undetected,output,,N120496,N120496,1,undetected,N120496,N120496,N120496,sa1,1
22385,N54227 /1 undetected,output,,N54227,N54227,1,undetected,N54227,N54227,N54227,sa1,1
22386,N120572 /1 undetected,output,,N120572,N120572,1,undetected,N120572,N120572,N120572,sa1,1
22387,N120494 /1 undetected,output,,N120494,N120494,1,undetected,N120494,N120494,N120494,sa1,1
22388,N54225 /1 undetected,output,,N54225,N54225,1,undetected,N54225,N54225,N54225,sa1,1
22389,N120560 /1 undetected,output,,N120560,N120560,1,undetected,N120560,N120560,N120560,sa1,1
22390,N54223 /1 undetected,output,,N54223,N54223,1,undetected,N54223,N54223,N54223,sa1,1
22391,N108895 /1 undetected,output,,N108895,N108895,1,undetected,N108895,N108895,N108895,sa1,1
22392,N54221 /1 undetected,output,,N54221,N54221,1,undetected,N54221,N54221,N54221,sa1,1
22393,N120650 /1 undetected,output,,N120650,N120650,1,undetected,N120650,N120650,N120650,sa1,1
22394,N75756 /1 undetected,output,,N75756,N75756,1,undetected,N75756,N75756,N75756,sa1,1
22395,N24890 /1 undetected,output,,N24890,N24890,1,undetected,N24890,N24890,N24890,sa1,1
22396,N24890 /0 undetected,output,,N24890,N24890,0,undetected,N24890,N24890,N24890,sa0,1
22397,N24888 /1 undetected,output,,N24888,N24888,1,undetected,N24888,N24888,N24888,sa1,1
22398,N106582 /1 undetected,output,,N106582,N106582,1,undetected,N106582,N106582,N106582,sa1,1
22399,N24887 /1 undetected,output,,N24887,N24887,1,undetected,N24887,N24887,N24887,sa1,1
22400,N108868 /1 undetected,output,,N108868,N108868,1,undetected,N108868,N108868,N108868,sa1,1
22401,N93650 /1 undetected,output,,N93650,N93650,1,undetected,N93650,N93650,N93650,sa1,1
22402,N24885 /1 undetected,output,,N24885,N24885,1,undetected,N24885,N24885,N24885,sa1,1
22403,N106670 /1 undetected,output,,N106670,N106670,1,undetected,N106670,N106670,N106670,sa1,1
22404,N24883 /1 undetected,output,,N24883,N24883,1,undetected,N24883,N24883,N24883,sa1,1
22405,N23866 /1 undetected,output,,N23866,N23866,1,undetected,N23866,N23866,N23866,sa1,1
22406,N23866 /0 undetected,output,,N23866,N23866,0,undetected,N23866,N23866,N23866,sa0,1
22407,N106020 /1 undetected,output,,N106020,N106020,1,undetected,N106020,N106020,N106020,sa1,1
22408,N23863 /1 undetected,output,,N23863,N23863,1,undetected,N23863,N23863,N23863,sa1,1
22409,N105968 /1 undetected,output,,N105968,N105968,1,undetected,N105968,N105968,N105968,sa1,1
22410,N105801 /1 undetected,output,,N105801,N105801,1,undetected,N105801,N105801,N105801,sa1,1
22411,N8933 /0 undetected,output,,N8933,N8933,0,undetected,N8933,N8933,N8933,sa0,1
22412,N8723 /0 undetected,output,,N8723,N8723,0,undetected,N8723,N8723,N8723,sa0,1
22413,N69550 /0 undetected,output,,N69550,N69550,0,undetected,N69550,N69550,N69550,sa0,1
22414,N69548 /1 undetected,output,,N69548,N69548,1,undetected,N69548,N69548,N69548,sa1,1
22415,N83139 /1 undetected,output,,N83139,N83139,1,undetected,N83139,N83139,N83139,sa1,1
22416,N69539 /1 undetected,output,,N69539,N69539,1,undetected,N69539,N69539,N69539,sa1,1
22417,N83217 /1 undetected,output,,N83217,N83217,1,undetected,N83217,N83217,N83217,sa1,1
22418,N69537 /1 undetected,output,,N69537,N69537,1,undetected,N69537,N69537,N69537,sa1,1
22419,N77688 /1 undetected,output,,N77688,N77688,1,undetected,N77688,N77688,N77688,sa1,1
22420,N69536 /1 undetected,output,,N69536,N69536,1,undetected,N69536,N69536,N69536,sa1,1
22421,N90914 /1 undetected,output,,N90914,N90914,1,undetected,N90914,N90914,N90914,sa1,1
22422,N69534 /1 undetected,output,,N69534,N69534,1,undetected,N69534,N69534,N69534,sa1,1
22423,N90885 /1 undetected,output,,N90885,N90885,1,undetected,N90885,N90885,N90885,sa1,1
22424,N69519 /1 undetected,output,,N69519,N69519,1,undetected,N69519,N69519,N69519,sa1,1
22425,N90913 /1 undetected,output,,N90913,N90913,1,undetected,N90913,N90913,N90913,sa1,1
22426,N69328 /1 undetected,output,,N69328,N69328,1,undetected,N69328,N69328,N69328,sa1,1
22427,N87072 /1 undetected,output,,N87072,N87072,1,undetected,N87072,N87072,N87072,sa1,1
22428,N69327 /1 undetected,output,,N69327,N69327,1,undetected,N69327,N69327,N69327,sa1,1
22429,N83215 /1 undetected,output,,N83215,N83215,1,undetected,N83215,N83215,N83215,sa1,1
22430,N17337 /1 undetected,output,,N17337,N17337,1,undetected,N17337,N17337,N17337,sa1,1
22431,N17335 /1 undetected,output,,N17335,N17335,1,undetected,N17335,N17335,N17335,sa1,1
22432,N92514 /1 undetected,output,,N92514,N92514,1,undetected,N92514,N92514,N92514,sa1,1
22433,N17334 /1 undetected,output,,N17334,N17334,1,undetected,N17334,N17334,N17334,sa1,1
22434,N103342 /1 undetected,output,,N103342,N103342,1,undetected,N103342,N103342,N103342,sa1,1
22435,N84940 /1 undetected,output,,N84940,N84940,1,undetected,N84940,N84940,N84940,sa1,1
22436,N17320 /1 undetected,output,,N17320,N17320,1,undetected,N17320,N17320,N17320,sa1,1
22437,N93238 /1 undetected,output,,N93238,N93238,1,undetected,N93238,N93238,N93238,sa1,1
22438,N17318 /1 undetected,output,,N17318,N17318,1,undetected,N17318,N17318,N17318,sa1,1
22439,N103320 /1 undetected,output,,N103320,N103320,1,undetected,N103320,N103320,N103320,sa1,1
22440,N17317 /1 undetected,output,,N17317,N17317,1,undetected,N17317,N17317,N17317,sa1,1
22441,N103332 /1 undetected,output,,N103332,N103332,1,undetected,N103332,N103332,N103332,sa1,1
22442,N101153 /1 undetected,output,,N101153,N101153,1,undetected,N101153,N101153,N101153,sa1,1
22443,N103313 /1 undetected,output,,N103313,N103313,1,undetected,N103313,N103313,N103313,sa1,1
22444,N75099 /1 undetected,output,,N75099,N75099,1,undetected,N75099,N75099,N75099,sa1,1
22445,N76448 /1 undetected,output,,N76448,N76448,1,undetected,N76448,N76448,N76448,sa1,1
22446,N74776 /1 undetected,output,,N74776,N74776,1,undetected,N74776,N74776,N74776,sa1,1
22447,N17294 /1 undetected,output,,N17294,N17294,1,undetected,N17294,N17294,N17294,sa1,1
22448,N103378 /1 undetected,output,,N103378,N103378,1,undetected,N103378,N103378,N103378,sa1,1
22449,N17292 /1 undetected,output,,N17292,N17292,1,undetected,N17292,N17292,N17292,sa1,1
22450,N17291 /1 undetected,output,,N17291,N17291,1,undetected,N17291,N17291,N17291,sa1,1
22451,N17289 /1 undetected,output,,N17289,N17289,1,undetected,N17289,N17289,N17289,sa1,1
22452,N101051 /1 undetected,output,,N101051,N101051,1,undetected,N101051,N101051,N101051,sa1,1
22453,N86391 /1 undetected,output,,N86391,N86391,1,undetected,N86391,N86391,N86391,sa1,1
22454,N17287 /1 undetected,output,,N17287,N17287,1,undetected,N17287,N17287,N17287,sa1,1
22455,N98494 /1 undetected,output,,N98494,N98494,1,undetected,N98494,N98494,N98494,sa1,1
22456,N79334 /1 undetected,output,,N79334,N79334,1,undetected,N79334,N79334,N79334,sa1,1
22457,N17285 /1 undetected,output,,N17285,N17285,1,undetected,N17285,N17285,N17285,sa1,1
22458,N94162 /1 undetected,output,,N94162,N94162,1,undetected,N94162,N94162,N94162,sa1,1
22459,N93836 /1 undetected,output,,N93836,N93836,1,undetected,N93836,N93836,N93836,sa1,1
22460,N75535 /1 undetected,output,,N75535,N75535,1,undetected,N75535,N75535,N75535,sa1,1
22461,N17281 /1 undetected,output,,N17281,N17281,1,undetected,N17281,N17281,N17281,sa1,1
22462,N103377 /1 undetected,output,,N103377,N103377,1,undetected,N103377,N103377,N103377,sa1,1
22463,N17279 /1 undetected,output,,N17279,N17279,1,undetected,N17279,N17279,N17279,sa1,1
22464,N101219 /1 undetected,output,,N101219,N101219,1,undetected,N101219,N101219,N101219,sa1,1
22465,N17278 /1 undetected,output,,N17278,N17278,1,undetected,N17278,N17278,N17278,sa1,1
22466,N17276 /1 undetected,output,,N17276,N17276,1,undetected,N17276,N17276,N17276,sa1,1
22467,N98493 /1 undetected,output,,N98493,N98493,1,undetected,N98493,N98493,N98493,sa1,1
22468,N79322 /1 undetected,output,,N79322,N79322,1,undetected,N79322,N79322,N79322,sa1,1
22469,N17274 /1 undetected,output,,N17274,N17274,1,undetected,N17274,N17274,N17274,sa1,1
22470,N101050 /1 undetected,output,,N101050,N101050,1,undetected,N101050,N101050,N101050,sa1,1
22471,N86262 /1 undetected,output,,N86262,N86262,1,undetected,N86262,N86262,N86262,sa1,1
22472,N85487 /1 undetected,output,,N85487,N85487,1,undetected,N85487,N85487,N85487,sa1,1
22473,N84703 /1 undetected,output,,N84703,N84703,1,undetected,N84703,N84703,N84703,sa1,1
22474,N103275 /1 undetected,output,,N103275,N103275,1,undetected,N103275,N103275,N103275,sa1,1
22475,N17262 /1 undetected,output,,N17262,N17262,1,undetected,N17262,N17262,N17262,sa1,1
22476,N103376 /1 undetected,output,,N103376,N103376,1,undetected,N103376,N103376,N103376,sa1,1
22477,N17260 /1 undetected,output,,N17260,N17260,1,undetected,N17260,N17260,N17260,sa1,1
22478,N88208 /1 undetected,output,,N88208,N88208,1,undetected,N88208,N88208,N88208,sa1,1
22479,N17259 /1 undetected,output,,N17259,N17259,1,undetected,N17259,N17259,N17259,sa1,1
22480,N101309 /1 undetected,output,,N101309,N101309,1,undetected,N101309,N101309,N101309,sa1,1
22481,N17257 /1 undetected,output,,N17257,N17257,1,undetected,N17257,N17257,N17257,sa1,1
22482,N101276 /1 undetected,output,,N101276,N101276,1,undetected,N101276,N101276,N101276,sa1,1
22483,N76550 /1 undetected,output,,N76550,N76550,1,undetected,N76550,N76550,N76550,sa1,1
22484,N17255 /1 undetected,output,,N17255,N17255,1,undetected,N17255,N17255,N17255,sa1,1
22485,N17253 /1 undetected,output,,N17253,N17253,1,undetected,N17253,N17253,N17253,sa1,1
22486,N103268 /1 undetected,output,,N103268,N103268,1,undetected,N103268,N103268,N103268,sa1,1
22487,N101304 /1 undetected,output,,N101304,N101304,1,undetected,N101304,N101304,N101304,sa1,1
22488,N17249 /1 undetected,output,,N17249,N17249,1,undetected,N17249,N17249,N17249,sa1,1
22489,N17247 /1 undetected,output,,N17247,N17247,1,undetected,N17247,N17247,N17247,sa1,1
22490,N101801 /1 undetected,output,,N101801,N101801,1,undetected,N101801,N101801,N101801,sa1,1
22491,N101301 /1 undetected,output,,N101301,N101301,1,undetected,N101301,N101301,N101301,sa1,1
22492,N79292 /1 undetected,output,,N79292,N79292,1,undetected,N79292,N79292,N79292,sa1,1
22493,N86120 /1 undetected,output,,N86120,N86120,1,undetected,N86120,N86120,N86120,sa1,1
22494,N17244 /1 undetected,output,,N17244,N17244,1,undetected,N17244,N17244,N17244,sa1,1
22495,N103370 /1 undetected,output,,N103370,N103370,1,undetected,N103370,N103370,N103370,sa1,1
22496,N17240 /1 undetected,output,,N17240,N17240,1,undetected,N17240,N17240,N17240,sa1,1
22497,N79291 /1 undetected,output,,N79291,N79291,1,undetected,N79291,N79291,N79291,sa1,1
22498,N76346 /1 undetected,output,,N76346,N76346,1,undetected,N76346,N76346,N76346,sa1,1
22499,N17239 /1 undetected,output,,N17239,N17239,1,undetected,N17239,N17239,N17239,sa1,1
22500,N103364 /1 undetected,output,,N103364,N103364,1,undetected,N103364,N103364,N103364,sa1,1
22501,N103267 /1 undetected,output,,N103267,N103267,1,undetected,N103267,N103267,N103267,sa1,1
22502,N17237 /1 undetected,output,,N17237,N17237,1,undetected,N17237,N17237,N17237,sa1,1
22503,N101800 /1 undetected,output,,N101800,N101800,1,undetected,N101800,N101800,N101800,sa1,1
22504,N17235 /1 undetected,output,,N17235,N17235,1,undetected,N17235,N17235,N17235,sa1,1
22505,N103366 /1 undetected,output,,N103366,N103366,1,undetected,N103366,N103366,N103366,sa1,1
22506,N17233 /1 undetected,output,,N17233,N17233,1,undetected,N17233,N17233,N17233,sa1,1
22507,N103368 /1 undetected,output,,N103368,N103368,1,undetected,N103368,N103368,N103368,sa1,1
22508,N86173 /1 undetected,output,,N86173,N86173,1,undetected,N86173,N86173,N86173,sa1,1
22509,N75534 /1 undetected,output,,N75534,N75534,1,undetected,N75534,N75534,N75534,sa1,1
22510,N17205 /1 undetected,output,,N17205,N17205,1,undetected,N17205,N17205,N17205,sa1,1
22511,N103371 /1 undetected,output,,N103371,N103371,1,undetected,N103371,N103371,N103371,sa1,1
22512,N76203 /1 undetected,output,,N76203,N76203,1,undetected,N76203,N76203,N76203,sa1,1
22513,N17200 /1 undetected,output,,N17200,N17200,1,undetected,N17200,N17200,N17200,sa1,1
22514,N101783 /1 undetected,output,,N101783,N101783,1,undetected,N101783,N101783,N101783,sa1,1
22515,N101231 /1 undetected,output,,N101231,N101231,1,undetected,N101231,N101231,N101231,sa1,1
22516,N88188 /1 undetected,output,,N88188,N88188,1,undetected,N88188,N88188,N88188,sa1,1
22517,N84221 /1 undetected,output,,N84221,N84221,1,undetected,N84221,N84221,N84221,sa1,1
22518,N17197 /1 undetected,output,,N17197,N17197,1,undetected,N17197,N17197,N17197,sa1,1
22519,N17195 /1 undetected,output,,N17195,N17195,1,undetected,N17195,N17195,N17195,sa1,1
22520,N101286 /1 undetected,output,,N101286,N101286,1,undetected,N101286,N101286,N101286,sa1,1
22521,N77125 /1 undetected,output,,N77125,N77125,1,undetected,N77125,N77125,N77125,sa1,1
22522,N17194 /1 undetected,output,,N17194,N17194,1,undetected,N17194,N17194,N17194,sa1,1
22523,N17190 /1 undetected,output,,N17190,N17190,1,undetected,N17190,N17190,N17190,sa1,1
22524,N79274 /1 undetected,output,,N79274,N79274,1,undetected,N79274,N79274,N79274,sa1,1
22525,N85976 /1 undetected,output,,N85976,N85976,1,undetected,N85976,N85976,N85976,sa1,1
22526,N84220 /1 undetected,output,,N84220,N84220,1,undetected,N84220,N84220,N84220,sa1,1
22527,N17186 /1 undetected,output,,N17186,N17186,1,undetected,N17186,N17186,N17186,sa1,1
22528,N101782 /1 undetected,output,,N101782,N101782,1,undetected,N101782,N101782,N101782,sa1,1
22529,N17184 /1 undetected,output,,N17184,N17184,1,undetected,N17184,N17184,N17184,sa1,1
22530,N103359 /1 undetected,output,,N103359,N103359,1,undetected,N103359,N103359,N103359,sa1,1
22531,N101320 /1 undetected,output,,N101320,N101320,1,undetected,N101320,N101320,N101320,sa1,1
22532,N17182 /1 undetected,output,,N17182,N17182,1,undetected,N17182,N17182,N17182,sa1,1
22533,N17178 /1 undetected,output,,N17178,N17178,1,undetected,N17178,N17178,N17178,sa1,1
22534,N79273 /1 undetected,output,,N79273,N79273,1,undetected,N79273,N79273,N79273,sa1,1
22535,N76202 /1 undetected,output,,N76202,N76202,1,undetected,N76202,N76202,N76202,sa1,1
22536,N17175 /1 undetected,output,,N17175,N17175,1,undetected,N17175,N17175,N17175,sa1,1
22537,N103363 /1 undetected,output,,N103363,N103363,1,undetected,N103363,N103363,N103363,sa1,1
22538,N103210 /1 undetected,output,,N103210,N103210,1,undetected,N103210,N103210,N103210,sa1,1
22539,N17171 /1 undetected,output,,N17171,N17171,1,undetected,N17171,N17171,N17171,sa1,1
22540,N101781 /1 undetected,output,,N101781,N101781,1,undetected,N101781,N101781,N101781,sa1,1
22541,N17170 /1 undetected,output,,N17170,N17170,1,undetected,N17170,N17170,N17170,sa1,1
22542,N101319 /1 undetected,output,,N101319,N101319,1,undetected,N101319,N101319,N101319,sa1,1
22543,N86669 /1 undetected,output,,N86669,N86669,1,undetected,N86669,N86669,N86669,sa1,1
22544,N17167 /1 undetected,output,,N17167,N17167,1,undetected,N17167,N17167,N17167,sa1,1
22545,N103365 /1 undetected,output,,N103365,N103365,1,undetected,N103365,N103365,N103365,sa1,1
22546,N77124 /1 undetected,output,,N77124,N77124,1,undetected,N77124,N77124,N77124,sa1,1
22547,N17164 /1 undetected,output,,N17164,N17164,1,undetected,N17164,N17164,N17164,sa1,1
22548,N103367 /1 undetected,output,,N103367,N103367,1,undetected,N103367,N103367,N103367,sa1,1
22549,N86035 /1 undetected,output,,N86035,N86035,1,undetected,N86035,N86035,N86035,sa1,1
22550,N17156 /1 undetected,output,,N17156,N17156,1,undetected,N17156,N17156,N17156,sa1,1
22551,N103209 /1 undetected,output,,N103209,N103209,1,undetected,N103209,N103209,N103209,sa1,1
22552,N17154 /1 undetected,output,,N17154,N17154,1,undetected,N17154,N17154,N17154,sa1,1
22553,N103358 /1 undetected,output,,N103358,N103358,1,undetected,N103358,N103358,N103358,sa1,1
22554,N101326 /1 undetected,output,,N101326,N101326,1,undetected,N101326,N101326,N101326,sa1,1
22555,N17231 /1 undetected,output,,N17231,N17231,1,undetected,N17231,N17231,N17231,sa1,1
22556,N103281 /1 undetected,output,,N103281,N103281,1,undetected,N103281,N103281,N103281,sa1,1
22557,N17227 /1 undetected,output,,N17227,N17227,1,undetected,N17227,N17227,N17227,sa1,1
22558,N103375 /1 undetected,output,,N103375,N103375,1,undetected,N103375,N103375,N103375,sa1,1
22559,N17226 /1 undetected,output,,N17226,N17226,1,undetected,N17226,N17226,N17226,sa1,1
22560,N17224 /1 undetected,output,,N17224,N17224,1,undetected,N17224,N17224,N17224,sa1,1
22561,N103182 /1 undetected,output,,N103182,N103182,1,undetected,N103182,N103182,N103182,sa1,1
22562,N76549 /1 undetected,output,,N76549,N76549,1,undetected,N76549,N76549,N76549,sa1,1
22563,N13373 /1 undetected,output,,N13373,N13373,1,undetected,N13373,N13373,N13373,sa1,1
22564,N17219 /1 undetected,output,,N17219,N17219,1,undetected,N17219,N17219,N17219,sa1,1
22565,N101799 /1 undetected,output,,N101799,N101799,1,undetected,N101799,N101799,N101799,sa1,1
22566,N17216 /1 undetected,output,,N17216,N17216,1,undetected,N17216,N17216,N17216,sa1,1
22567,N88207 /1 undetected,output,,N88207,N88207,1,undetected,N88207,N88207,N88207,sa1,1
22568,N13351 /1 undetected,output,,N13351,N13351,1,undetected,N13351,N13351,N13351,sa1,1
22569,N17214 /1 undetected,output,,N17214,N17214,1,undetected,N17214,N17214,N17214,sa1,1
22570,N101247 /1 undetected,output,,N101247,N101247,1,undetected,N101247,N101247,N101247,sa1,1
22571,N79290 /1 undetected,output,,N79290,N79290,1,undetected,N79290,N79290,N79290,sa1,1
22572,N54541 /1 undetected,output,,N54541,N54541,1,undetected,N54541,N54541,N54541,sa1,1
22573,N54541 /0 undetected,output,,N54541,N54541,0,undetected,N54541,N54541,N54541,sa0,1
22574,N76139 /1 undetected,output,,N76139,N76139,1,undetected,N76139,N76139,N76139,sa1,1
22575,N54540 /1 undetected,output,,N54540,N54540,1,undetected,N54540,N54540,N54540,sa1,1
22576,N107814 /1 undetected,output,,N107814,N107814,1,undetected,N107814,N107814,N107814,sa1,1
22577,N93534 /1 undetected,output,,N93534,N93534,1,undetected,N93534,N93534,N93534,sa1,1
22578,N49210 /1 undetected,output,,N49210,N49210,1,undetected,N49210,N49210,N49210,sa1,1
22579,N49210 /0 undetected,output,,N49210,N49210,0,undetected,N49210,N49210,N49210,sa0,1
22580,N49209 /1 undetected,output,,N49209,N49209,1,undetected,N49209,N49209,N49209,sa1,1
22581,N107813 /1 undetected,output,,N107813,N107813,1,undetected,N107813,N107813,N107813,sa1,1
22582,N86181 /1 undetected,output,,N86181,N86181,1,undetected,N86181,N86181,N86181,sa1,1
22583,N49207 /1 undetected,output,,N49207,N49207,1,undetected,N49207,N49207,N49207,sa1,1
22584,N108003 /1 undetected,output,,N108003,N108003,1,undetected,N108003,N108003,N108003,sa1,1
22585,N76406 /1 undetected,output,,N76406,N76406,1,undetected,N76406,N76406,N76406,sa1,1
22586,N55605 /1 undetected,output,,N55605,N55605,1,undetected,N55605,N55605,N55605,sa1,1
22587,N120973 /1 undetected,output,,N120973,N120973,1,undetected,N120973,N120973,N120973,sa1,1
22588,N107809 /1 undetected,output,,N107809,N107809,1,undetected,N107809,N107809,N107809,sa1,1
22589,N49227 /0 undetected,output,,N49227,N49227,0,undetected,N49227,N49227,N49227,sa0,1
22590,N108019 /1 undetected,output,,N108019,N108019,1,undetected,N108019,N108019,N108019,sa1,1
22591,N118875 /1 undetected,output,,N118875,N118875,1,undetected,N118875,N118875,N118875,sa1,1
22592,N105458 /1 undetected,output,,N105458,N105458,1,undetected,N105458,N105458,N105458,sa1,1
22593,N25358 /1 undetected,output,,N25358,N25358,1,undetected,N25358,N25358,N25358,sa1,1
22594,N25358 /0 undetected,output,,N25358,N25358,0,undetected,N25358,N25358,N25358,sa0,1
22595,N25356 /1 undetected,output,,N25356,N25356,1,undetected,N25356,N25356,N25356,sa1,1
22596,N106768 /1 undetected,output,,N106768,N106768,1,undetected,N106768,N106768,N106768,sa1,1
22597,N85656 /1 undetected,output,,N85656,N85656,1,undetected,N85656,N85656,N85656,sa1,1
22598,N25354 /1 undetected,output,,N25354,N25354,1,undetected,N25354,N25354,N25354,sa1,1
22599,N108902 /1 undetected,output,,N108902,N108902,1,undetected,N108902,N108902,N108902,sa1,1
22600,N108016 /1 undetected,output,,N108016,N108016,1,undetected,N108016,N108016,N108016,sa1,1
22601,N24678 /1 undetected,output,,N24678,N24678,1,undetected,N24678,N24678,N24678,sa1,1
22602,N108018 /1 undetected,output,,N108018,N108018,1,undetected,N108018,N108018,N108018,sa1,1
22603,N108015 /1 undetected,output,,N108015,N108015,1,undetected,N108015,N108015,N108015,sa1,1
22604,N24668 /1 undetected,output,,N24668,N24668,1,undetected,N24668,N24668,N24668,sa1,1
22605,N24668 /0 undetected,output,,N24668,N24668,0,undetected,N24668,N24668,N24668,sa0,1
22606,N108004 /1 undetected,output,,N108004,N108004,1,undetected,N108004,N108004,N108004,sa1,1
22607,N106738 /1 undetected,output,,N106738,N106738,1,undetected,N106738,N106738,N106738,sa1,1
22608,N49202 /1 undetected,output,,N49202,N49202,1,undetected,N49202,N49202,N49202,sa1,1
22609,N49202 /0 undetected,output,,N49202,N49202,0,undetected,N49202,N49202,N49202,sa0,1
22610,N106741 /1 undetected,output,,N106741,N106741,1,undetected,N106741,N106741,N106741,sa1,1
22611,N76405 /1 undetected,output,,N76405,N76405,1,undetected,N76405,N76405,N76405,sa1,1
22612,N11851 /0 undetected,output,,N11851,N11851,0,undetected,N11851,N11851,N11851,sa0,1
22613,N77978 /1 undetected,output,,N77978,N77978,1,undetected,N77978,N77978,N77978,sa1,1
22614,N11619 /1 undetected,output,,N11619,N11619,1,undetected,N11619,N11619,N11619,sa1,1
22615,N49315 /1 undetected,output,,N49315,N49315,1,undetected,N49315,N49315,N49315,sa1,1
22616,N49315 /0 undetected,output,,N49315,N49315,0,undetected,N49315,N49315,N49315,sa0,1
22617,N49314 /1 undetected,output,,N49314,N49314,1,undetected,N49314,N49314,N49314,sa1,1
22618,N93657 /1 undetected,output,,N93657,N93657,1,undetected,N93657,N93657,N93657,sa1,1
22619,N49307 /1 undetected,output,,N49307,N49307,1,undetected,N49307,N49307,N49307,sa1,1
22620,N118931 /1 undetected,output,,N118931,N118931,1,undetected,N118931,N118931,N118931,sa1,1
22621,N49306 /1 undetected,output,,N49306,N49306,1,undetected,N49306,N49306,N49306,sa1,1
22622,N118817 /1 undetected,output,,N118817,N118817,1,undetected,N118817,N118817,N118817,sa1,1
22623,N85660 /1 undetected,output,,N85660,N85660,1,undetected,N85660,N85660,N85660,sa1,1
22624,N49312 /1 undetected,output,,N49312,N49312,1,undetected,N49312,N49312,N49312,sa1,1
22625,N118932 /1 undetected,output,,N118932,N118932,1,undetected,N118932,N118932,N118932,sa1,1
22626,N93683 /1 undetected,output,,N93683,N93683,1,undetected,N93683,N93683,N93683,sa1,1
22627,N53615 /0 undetected,output,,N53615,N53615,0,undetected,N53615,N53615,N53615,sa0,1
22628,N93623 /1 undetected,output,,N93623,N93623,1,undetected,N93623,N93623,N93623,sa1,1
22629,N53607 /1 undetected,output,,N53607,N53607,1,undetected,N53607,N53607,N53607,sa1,1
22630,N53612 /1 undetected,output,,N53612,N53612,1,undetected,N53612,N53612,N53612,sa1,1
22631,N53610 /1 undetected,output,,N53610,N53610,1,undetected,N53610,N53610,N53610,sa1,1
22632,N93618 /1 undetected,output,,N93618,N93618,1,undetected,N93618,N93618,N93618,sa1,1
22633,N53609 /1 undetected,output,,N53609,N53609,1,undetected,N53609,N53609,N53609,sa1,1
22634,N120470 /1 undetected,output,,N120470,N120470,1,undetected,N120470,N120470,N120470,sa1,1
22635,N93606 /1 undetected,output,,N93606,N93606,1,undetected,N93606,N93606,N93606,sa1,1
22636,N53605 /1 undetected,output,,N53605,N53605,1,undetected,N53605,N53605,N53605,sa1,1
22637,N120467 /1 undetected,output,,N120467,N120467,1,undetected,N120467,N120467,N120467,sa1,1
22638,N108930 /1 undetected,output,,N108930,N108930,1,undetected,N108930,N108930,N108930,sa1,1
22639,N105735 /1 undetected,output,,N105735,N105735,1,undetected,N105735,N105735,N105735,sa1,1
22640,N105733 /1 undetected,output,,N105733,N105733,1,undetected,N105733,N105733,N105733,sa1,1
22641,N27165 /1 undetected,output,,N27165,N27165,1,undetected,N27165,N27165,N27165,sa1,1
22642,N27165 /0 undetected,output,,N27165,N27165,0,undetected,N27165,N27165,N27165,sa0,1
22643,N105731 /1 undetected,output,,N105731,N105731,1,undetected,N105731,N105731,N105731,sa1,1
22644,N76603 /1 undetected,output,,N76603,N76603,1,undetected,N76603,N76603,N76603,sa1,1
22645,N23695 /1 undetected,output,,N23695,N23695,1,undetected,N23695,N23695,N23695,sa1,1
22646,N23695 /0 undetected,output,,N23695,N23695,0,undetected,N23695,N23695,N23695,sa0,1
22647,N54089 /1 undetected,output,,N54089,N54089,1,undetected,N54089,N54089,N54089,sa1,1
22648,N54089 /0 undetected,output,,N54089,N54089,0,undetected,N54089,N54089,N54089,sa0,1
22649,N120619 /1 undetected,output,,N120619,N120619,1,undetected,N120619,N120619,N120619,sa1,1
22650,N54088 /1 undetected,output,,N54088,N54088,1,undetected,N54088,N54088,N54088,sa1,1
22651,N120621 /1 undetected,output,,N120621,N120621,1,undetected,N120621,N120621,N120621,sa1,1
22652,N2519 /1 undetected,output,,N2519,N2519,1,undetected,N2519,N2519,N2519,sa1,1
22653,N93515 /1 undetected,output,,N93515,N93515,1,undetected,N93515,N93515,N93515,sa1,1
22654,N75686 /1 undetected,output,,N75686,N75686,1,undetected,N75686,N75686,N75686,sa1,1
22655,N54217 /1 undetected,output,,N54217,N54217,1,undetected,N54217,N54217,N54217,sa1,1
22656,N54217 /0 undetected,output,,N54217,N54217,0,undetected,N54217,N54217,N54217,sa0,1
22657,N54215 /1 undetected,output,,N54215,N54215,1,undetected,N54215,N54215,N54215,sa1,1
22658,N107988 /1 undetected,output,,N107988,N107988,1,undetected,N107988,N107988,N107988,sa1,1
22659,N54209 /1 undetected,output,,N54209,N54209,1,undetected,N54209,N54209,N54209,sa1,1
22660,N120571 /1 undetected,output,,N120571,N120571,1,undetected,N120571,N120571,N120571,sa1,1
22661,N54207 /1 undetected,output,,N54207,N54207,1,undetected,N54207,N54207,N54207,sa1,1
22662,N107851 /1 undetected,output,,N107851,N107851,1,undetected,N107851,N107851,N107851,sa1,1
22663,N75755 /1 undetected,output,,N75755,N75755,1,undetected,N75755,N75755,N75755,sa1,1
22664,N54214 /1 undetected,output,,N54214,N54214,1,undetected,N54214,N54214,N54214,sa1,1
22665,N120559 /1 undetected,output,,N120559,N120559,1,undetected,N120559,N120559,N120559,sa1,1
22666,N54212 /1 undetected,output,,N54212,N54212,1,undetected,N54212,N54212,N54212,sa1,1
22667,N120643 /1 undetected,output,,N120643,N120643,1,undetected,N120643,N120643,N120643,sa1,1
22668,N54210 /1 undetected,output,,N54210,N54210,1,undetected,N54210,N54210,N54210,sa1,1
22669,N54205 /1 undetected,output,,N54205,N54205,1,undetected,N54205,N54205,N54205,sa1,1
22670,N120301 /1 undetected,output,,N120301,N120301,1,undetected,N120301,N120301,N120301,sa1,1
22671,N109160 /1 undetected,output,,N109160,N109160,1,undetected,N109160,N109160,N109160,sa1,1
22672,N54203 /1 undetected,output,,N54203,N54203,1,undetected,N54203,N54203,N54203,sa1,1
22673,N120645 /1 undetected,output,,N120645,N120645,1,undetected,N120645,N120645,N120645,sa1,1
22674,N75754 /1 undetected,output,,N75754,N75754,1,undetected,N75754,N75754,N75754,sa1,1
22675,N49917 /1 undetected,output,,N49917,N49917,1,undetected,N49917,N49917,N49917,sa1,1
22676,N49917 /0 undetected,output,,N49917,N49917,0,undetected,N49917,N49917,N49917,sa0,1
22677,N49916 /1 undetected,output,,N49916,N49916,1,undetected,N49916,N49916,N49916,sa1,1
22678,N49915 /1 undetected,output,,N49915,N49915,1,undetected,N49915,N49915,N49915,sa1,1
22679,N49913 /1 undetected,output,,N49913,N49913,1,undetected,N49913,N49913,N49913,sa1,1
22680,N93662 /1 undetected,output,,N93662,N93662,1,undetected,N93662,N93662,N93662,sa1,1
22681,N49912 /1 undetected,output,,N49912,N49912,1,undetected,N49912,N49912,N49912,sa1,1
22682,N119028 /1 undetected,output,,N119028,N119028,1,undetected,N119028,N119028,N119028,sa1,1
22683,N85666 /1 undetected,output,,N85666,N85666,1,undetected,N85666,N85666,N85666,sa1,1
22684,N49910 /1 undetected,output,,N49910,N49910,1,undetected,N49910,N49910,N49910,sa1,1
22685,N119106 /1 undetected,output,,N119106,N119106,1,undetected,N119106,N119106,N119106,sa1,1
22686,N75727 /1 undetected,output,,N75727,N75727,1,undetected,N75727,N75727,N75727,sa1,1
22687,N49902 /1 undetected,output,,N49902,N49902,1,undetected,N49902,N49902,N49902,sa1,1
22688,N118914 /1 undetected,output,,N118914,N118914,1,undetected,N118914,N118914,N118914,sa1,1
22689,N85730 /1 undetected,output,,N85730,N85730,1,undetected,N85730,N85730,N85730,sa1,1
22690,N49908 /1 undetected,output,,N49908,N49908,1,undetected,N49908,N49908,N49908,sa1,1
22691,N106682 /1 undetected,output,,N106682,N106682,1,undetected,N106682,N106682,N106682,sa1,1
22692,N49906 /1 undetected,output,,N49906,N49906,1,undetected,N49906,N49906,N49906,sa1,1
22693,N49904 /1 undetected,output,,N49904,N49904,1,undetected,N49904,N49904,N49904,sa1,1
22694,N119100 /1 undetected,output,,N119100,N119100,1,undetected,N119100,N119100,N119100,sa1,1
22695,N49900 /1 undetected,output,,N49900,N49900,1,undetected,N49900,N49900,N49900,sa1,1
22696,N49890 /1 undetected,output,,N49890,N49890,1,undetected,N49890,N49890,N49890,sa1,1
22697,N119102 /1 undetected,output,,N119102,N119102,1,undetected,N119102,N119102,N119102,sa1,1
22698,N49889 /1 undetected,output,,N49889,N49889,1,undetected,N49889,N49889,N49889,sa1,1
22699,N119040 /1 undetected,output,,N119040,N119040,1,undetected,N119040,N119040,N119040,sa1,1
22700,N85665 /1 undetected,output,,N85665,N85665,1,undetected,N85665,N85665,N85665,sa1,1
22701,N55453 /1 undetected,output,,N55453,N55453,1,undetected,N55453,N55453,N55453,sa1,1
22702,N55453 /0 undetected,output,,N55453,N55453,0,undetected,N55453,N55453,N55453,sa0,1
22703,N120966 /1 undetected,output,,N120966,N120966,1,undetected,N120966,N120966,N120966,sa1,1
22704,N55451 /1 undetected,output,,N55451,N55451,1,undetected,N55451,N55451,N55451,sa1,1
22705,N105814 /1 undetected,output,,N105814,N105814,1,undetected,N105814,N105814,N105814,sa1,1
22706,N55450 /1 undetected,output,,N55450,N55450,1,undetected,N55450,N55450,N55450,sa1,1
22707,N105914 /1 undetected,output,,N105914,N105914,1,undetected,N105914,N105914,N105914,sa1,1
22708,N55448 /1 undetected,output,,N55448,N55448,1,undetected,N55448,N55448,N55448,sa1,1
22709,N75824 /1 undetected,output,,N75824,N75824,1,undetected,N75824,N75824,N75824,sa1,1
22710,N55447 /1 undetected,output,,N55447,N55447,1,undetected,N55447,N55447,N55447,sa1,1
22711,N107945 /1 undetected,output,,N107945,N107945,1,undetected,N107945,N107945,N107945,sa1,1
22712,N75770 /1 undetected,output,,N75770,N75770,1,undetected,N75770,N75770,N75770,sa1,1
22713,N9114 /1 undetected,output,,N9114,N9114,1,undetected,N9114,N9114,N9114,sa1,1
22714,N9114 /0 undetected,output,,N9114,N9114,0,undetected,N9114,N9114,N9114,sa0,1
22715,N93264 /1 undetected,output,,N93264,N93264,1,undetected,N93264,N93264,N93264,sa1,1
22716,N2471 /1 undetected,output,,N2471,N2471,1,undetected,N2471,N2471,N2471,sa1,1
22717,N3729 /1 undetected,output,,N3729,N3729,1,undetected,N3729,N3729,N3729,sa1,1
22718,N3729 /0 undetected,output,,N3729,N3729,0,undetected,N3729,N3729,N3729,sa0,1
22719,N96162 /1 undetected,output,,N96162,N96162,1,undetected,N96162,N96162,N96162,sa1,1
22720,N3728 /1 undetected,output,,N3728,N3728,1,undetected,N3728,N3728,N3728,sa1,1
22721,N3726 /1 undetected,output,,N3726,N3726,1,undetected,N3726,N3726,N3726,sa1,1
22722,N93003 /1 undetected,output,,N93003,N93003,1,undetected,N93003,N93003,N93003,sa1,1
22723,N3725 /1 undetected,output,,N3725,N3725,1,undetected,N3725,N3725,N3725,sa1,1
22724,N84242 /1 undetected,output,,N84242,N84242,1,undetected,N84242,N84242,N84242,sa1,1
22725,N3198 /1 undetected,output,,N3198,N3198,1,undetected,N3198,N3198,N3198,sa1,1
22726,N3723 /1 undetected,output,,N3723,N3723,1,undetected,N3723,N3723,N3723,sa1,1
22727,N96322 /1 undetected,output,,N96322,N96322,1,undetected,N96322,N96322,N96322,sa1,1
22728,N92222 /1 undetected,output,,N92222,N92222,1,undetected,N92222,N92222,N92222,sa1,1
22729,N49468 /1 undetected,output,,N49468,N49468,1,undetected,N49468,N49468,N49468,sa1,1
22730,N49468 /0 undetected,output,,N49468,N49468,0,undetected,N49468,N49468,N49468,sa0,1
22731,N106824 /1 undetected,output,,N106824,N106824,1,undetected,N106824,N106824,N106824,sa1,1
22732,N86182 /1 undetected,output,,N86182,N86182,1,undetected,N86182,N86182,N86182,sa1,1
22733,N24270 /1 undetected,output,,N24270,N24270,1,undetected,N24270,N24270,N24270,sa1,1
22734,N24270 /0 undetected,output,,N24270,N24270,0,undetected,N24270,N24270,N24270,sa0,1
22735,N106822 /1 undetected,output,,N106822,N106822,1,undetected,N106822,N106822,N106822,sa1,1
22736,N75802 /1 undetected,output,,N75802,N75802,1,undetected,N75802,N75802,N75802,sa1,1
22737,N54291 /1 undetected,output,,N54291,N54291,1,undetected,N54291,N54291,N54291,sa1,1
22738,N54291 /0 undetected,output,,N54291,N54291,0,undetected,N54291,N54291,N54291,sa0,1
22739,N54290 /1 undetected,output,,N54290,N54290,1,undetected,N54290,N54290,N54290,sa1,1
22740,N106749 /1 undetected,output,,N106749,N106749,1,undetected,N106749,N106749,N106749,sa1,1
22741,N85670 /1 undetected,output,,N85670,N85670,1,undetected,N85670,N85670,N85670,sa1,1
22742,N54288 /1 undetected,output,,N54288,N54288,1,undetected,N54288,N54288,N54288,sa1,1
22743,N108955 /1 undetected,output,,N108955,N108955,1,undetected,N108955,N108955,N108955,sa1,1
22744,N108017 /1 undetected,output,,N108017,N108017,1,undetected,N108017,N108017,N108017,sa1,1
22745,N24432 /1 undetected,output,,N24432,N24432,1,undetected,N24432,N24432,N24432,sa1,1
22746,N24432 /0 undetected,output,,N24432,N24432,0,undetected,N24432,N24432,N24432,sa0,1
22747,N24193 /1 undetected,output,,N24193,N24193,1,undetected,N24193,N24193,N24193,sa1,1
22748,N24193 /0 undetected,output,,N24193,N24193,0,undetected,N24193,N24193,N24193,sa0,1
22749,N106733 /1 undetected,output,,N106733,N106733,1,undetected,N106733,N106733,N106733,sa1,1
22750,N75798 /1 undetected,output,,N75798,N75798,1,undetected,N75798,N75798,N75798,sa1,1
22751,N12923 /1 undetected,output,,N12923,N12923,1,undetected,N12923,N12923,N12923,sa1,1
22752,N12923 /0 undetected,output,,N12923,N12923,0,undetected,N12923,N12923,N12923,sa0,1
22753,N100849 /1 undetected,output,,N100849,N100849,1,undetected,N100849,N100849,N100849,sa1,1
22754,N100836 /1 undetected,output,,N100836,N100836,1,undetected,N100836,N100836,N100836,sa1,1
22755,N69215 /0 undetected,output,,N69215,N69215,0,undetected,N69215,N69215,N69215,sa0,1
22756,N24242 /1 undetected,output,,N24242,N24242,1,undetected,N24242,N24242,N24242,sa1,1
22757,N54599 /1 undetected,output,,N54599,N54599,1,undetected,N54599,N54599,N54599,sa1,1
22758,N54599 /0 undetected,output,,N54599,N54599,0,undetected,N54599,N54599,N54599,sa0,1
22759,N120748 /1 undetected,output,,N120748,N120748,1,undetected,N120748,N120748,N120748,sa1,1
22760,N54598 /1 undetected,output,,N54598,N54598,1,undetected,N54598,N54598,N54598,sa1,1
22761,N120750 /1 undetected,output,,N120750,N120750,1,undetected,N120750,N120750,N120750,sa1,1
22762,N54596 /1 undetected,output,,N54596,N54596,1,undetected,N54596,N54596,N54596,sa1,1
22763,N105777 /1 undetected,output,,N105777,N105777,1,undetected,N105777,N105777,N105777,sa1,1
22764,N93520 /1 undetected,output,,N93520,N93520,1,undetected,N93520,N93520,N93520,sa1,1
22765,N49527 /1 undetected,output,,N49527,N49527,1,undetected,N49527,N49527,N49527,sa1,1
22766,N49527 /0 undetected,output,,N49527,N49527,0,undetected,N49527,N49527,N49527,sa0,1
22767,N49525 /1 undetected,output,,N49525,N49525,1,undetected,N49525,N49525,N49525,sa1,1
22768,N49524 /1 undetected,output,,N49524,N49524,1,undetected,N49524,N49524,N49524,sa1,1
22769,N119012 /1 undetected,output,,N119012,N119012,1,undetected,N119012,N119012,N119012,sa1,1
22770,N93587 /1 undetected,output,,N93587,N93587,1,undetected,N93587,N93587,N93587,sa1,1
22771,N49522 /1 undetected,output,,N49522,N49522,1,undetected,N49522,N49522,N49522,sa1,1
22772,N49520 /1 undetected,output,,N49520,N49520,1,undetected,N49520,N49520,N49520,sa1,1
22773,N85726 /1 undetected,output,,N85726,N85726,1,undetected,N85726,N85726,N85726,sa1,1
22774,N49122 /1 undetected,output,,N49122,N49122,1,undetected,N49122,N49122,N49122,sa1,1
22775,N118803 /1 undetected,output,,N118803,N118803,1,undetected,N118803,N118803,N118803,sa1,1
22776,N93584 /1 undetected,output,,N93584,N93584,1,undetected,N93584,N93584,N93584,sa1,1
22777,N49519 /1 undetected,output,,N49519,N49519,1,undetected,N49519,N49519,N49519,sa1,1
22778,N118819 /1 undetected,output,,N118819,N118819,1,undetected,N118819,N118819,N118819,sa1,1
22779,N93567 /1 undetected,output,,N93567,N93567,1,undetected,N93567,N93567,N93567,sa1,1
22780,N49517 /1 undetected,output,,N49517,N49517,1,undetected,N49517,N49517,N49517,sa1,1
22781,N119009 /1 undetected,output,,N119009,N119009,1,undetected,N119009,N119009,N119009,sa1,1
22782,N49515 /1 undetected,output,,N49515,N49515,1,undetected,N49515,N49515,N49515,sa1,1
22783,N93685 /1 undetected,output,,N93685,N93685,1,undetected,N93685,N93685,N93685,sa1,1
22784,N49513 /1 undetected,output,,N49513,N49513,1,undetected,N49513,N49513,N49513,sa1,1
22785,N54567 /0 undetected,output,,N54567,N54567,0,undetected,N54567,N54567,N54567,sa0,1
22786,N54565 /1 undetected,output,,N54565,N54565,1,undetected,N54565,N54565,N54565,sa1,1
22787,N85768 /1 undetected,output,,N85768,N85768,1,undetected,N85768,N85768,N85768,sa1,1
22788,N54564 /1 undetected,output,,N54564,N54564,1,undetected,N54564,N54564,N54564,sa1,1
22789,N93634 /1 undetected,output,,N93634,N93634,1,undetected,N93634,N93634,N93634,sa1,1
22790,N54560 /1 undetected,output,,N54560,N54560,1,undetected,N54560,N54560,N54560,sa1,1
22791,N120729 /1 undetected,output,,N120729,N120729,1,undetected,N120729,N120729,N120729,sa1,1
22792,N108931 /1 undetected,output,,N108931,N108931,1,undetected,N108931,N108931,N108931,sa1,1
22793,N25007 /1 undetected,output,,N25007,N25007,1,undetected,N25007,N25007,N25007,sa1,1
22794,N25007 /0 undetected,output,,N25007,N25007,0,undetected,N25007,N25007,N25007,sa0,1
22795,N108973 /1 undetected,output,,N108973,N108973,1,undetected,N108973,N108973,N108973,sa1,1
22796,N93538 /1 undetected,output,,N93538,N93538,1,undetected,N93538,N93538,N93538,sa1,1
22797,N54679 /1 undetected,output,,N54679,N54679,1,undetected,N54679,N54679,N54679,sa1,1
22798,N54679 /0 undetected,output,,N54679,N54679,0,undetected,N54679,N54679,N54679,sa0,1
22799,N120775 /1 undetected,output,,N120775,N120775,1,undetected,N120775,N120775,N120775,sa1,1
22800,N54670 /1 undetected,output,,N54670,N54670,1,undetected,N54670,N54670,N54670,sa1,1
22801,N75884 /1 undetected,output,,N75884,N75884,1,undetected,N75884,N75884,N75884,sa1,1
22802,N54668 /1 undetected,output,,N54668,N54668,1,undetected,N54668,N54668,N54668,sa1,1
22803,N53637 /1 undetected,output,,N53637,N53637,1,undetected,N53637,N53637,N53637,sa1,1
22804,N53637 /0 undetected,output,,N53637,N53637,0,undetected,N53637,N53637,N53637,sa0,1
22805,N120445 /1 undetected,output,,N120445,N120445,1,undetected,N120445,N120445,N120445,sa1,1
22806,N105969 /1 undetected,output,,N105969,N105969,1,undetected,N105969,N105969,N105969,sa1,1
22807,N23819 /1 undetected,output,,N23819,N23819,1,undetected,N23819,N23819,N23819,sa1,1
22808,N105967 /1 undetected,output,,N105967,N105967,1,undetected,N105967,N105967,N105967,sa1,1
22809,N105785 /1 undetected,output,,N105785,N105785,1,undetected,N105785,N105785,N105785,sa1,1
22810,N9960 /0 undetected,output,,N9960,N9960,0,undetected,N9960,N9960,N9960,sa0,1
22811,N99143 /1 undetected,output,,N99143,N99143,1,undetected,N99143,N99143,N99143,sa1,1
22812,N9958 /1 undetected,output,,N9958,N9958,1,undetected,N9958,N9958,N9958,sa1,1
22813,N99145 /1 undetected,output,,N99145,N99145,1,undetected,N99145,N99145,N99145,sa1,1
22814,N9819 /0 undetected,output,,N9819,N9819,0,undetected,N9819,N9819,N9819,sa0,1
22815,N99099 /1 undetected,output,,N99099,N99099,1,undetected,N99099,N99099,N99099,sa1,1
22816,N9817 /1 undetected,output,,N9817,N9817,1,undetected,N9817,N9817,N9817,sa1,1
22817,N99091 /1 undetected,output,,N99091,N99091,1,undetected,N99091,N99091,N99091,sa1,1
22818,N9660 /0 undetected,output,,N9660,N9660,0,undetected,N9660,N9660,N9660,sa0,1
22819,N99061 /1 undetected,output,,N99061,N99061,1,undetected,N99061,N99061,N99061,sa1,1
22820,N9658 /1 undetected,output,,N9658,N9658,1,undetected,N9658,N9658,N9658,sa1,1
22821,N99054 /1 undetected,output,,N99054,N99054,1,undetected,N99054,N99054,N99054,sa1,1
22822,N9496 /0 undetected,output,,N9496,N9496,0,undetected,N9496,N9496,N9496,sa0,1
22823,N99020 /1 undetected,output,,N99020,N99020,1,undetected,N99020,N99020,N99020,sa1,1
22824,N9494 /1 undetected,output,,N9494,N9494,1,undetected,N9494,N9494,N9494,sa1,1
22825,N99012 /1 undetected,output,,N99012,N99012,1,undetected,N99012,N99012,N99012,sa1,1
22826,N9336 /0 undetected,output,,N9336,N9336,0,undetected,N9336,N9336,N9336,sa0,1
22827,N98982 /1 undetected,output,,N98982,N98982,1,undetected,N98982,N98982,N98982,sa1,1
22828,N9334 /1 undetected,output,,N9334,N9334,1,undetected,N9334,N9334,N9334,sa1,1
22829,N98975 /1 undetected,output,,N98975,N98975,1,undetected,N98975,N98975,N98975,sa1,1
22830,N98886 /1 undetected,output,,N98886,N98886,1,undetected,N98886,N98886,N98886,sa1,1
22831,N9125 /0 undetected,output,,N9125,N9125,0,undetected,N9125,N9125,N9125,sa0,1
22832,N98863 /1 undetected,output,,N98863,N98863,1,undetected,N98863,N98863,N98863,sa1,1
22833,N9123 /1 undetected,output,,N9123,N9123,1,undetected,N9123,N9123,N9123,sa1,1
22834,N98850 /1 undetected,output,,N98850,N98850,1,undetected,N98850,N98850,N98850,sa1,1
22835,N3379 /1 undetected,output,,N3379,N3379,1,undetected,N3379,N3379,N3379,sa1,1
22836,N3379 /0 undetected,output,,N3379,N3379,0,undetected,N3379,N3379,N3379,sa0,1
22837,N96181 /1 undetected,output,,N96181,N96181,1,undetected,N96181,N96181,N96181,sa1,1
22838,N3377 /1 undetected,output,,N3377,N3377,1,undetected,N3377,N3377,N3377,sa1,1
22839,N96321 /1 undetected,output,,N96321,N96321,1,undetected,N96321,N96321,N96321,sa1,1
22840,N3374 /1 undetected,output,,N3374,N3374,1,undetected,N3374,N3374,N3374,sa1,1
22841,N84158 /1 undetected,output,,N84158,N84158,1,undetected,N84158,N84158,N84158,sa1,1
22842,N3373 /1 undetected,output,,N3373,N3373,1,undetected,N3373,N3373,N3373,sa1,1
22843,N96192 /1 undetected,output,,N96192,N96192,1,undetected,N96192,N96192,N96192,sa1,1
22844,N3371 /1 undetected,output,,N3371,N3371,1,undetected,N3371,N3371,N3371,sa1,1
22845,N96324 /1 undetected,output,,N96324,N96324,1,undetected,N96324,N96324,N96324,sa1,1
22846,N3370 /1 undetected,output,,N3370,N3370,1,undetected,N3370,N3370,N3370,sa1,1
22847,N96226 /1 undetected,output,,N96226,N96226,1,undetected,N96226,N96226,N96226,sa1,1
22848,N96208 /1 undetected,output,,N96208,N96208,1,undetected,N96208,N96208,N96208,sa1,1
22849,N69915 /1 undetected,output,,N69915,N69915,1,undetected,N69915,N69915,N69915,sa1,1
22850,N126601 /1 undetected,output,,N126601,N126601,1,undetected,N126601,N126601,N126601,sa1,1
22851,N83050 /1 undetected,output,,N83050,N83050,1,undetected,N83050,N83050,N83050,sa1,1
22852,N126597 /1 undetected,output,,N126597,N126597,1,undetected,N126597,N126597,N126597,sa1,1
22853,N90849 /1 undetected,output,,N90849,N90849,1,undetected,N90849,N90849,N90849,sa1,1
22854,N126604 /1 undetected,output,,N126604,N126604,1,undetected,N126604,N126604,N126604,sa1,1
22855,N83275 /1 undetected,output,,N83275,N83275,1,undetected,N83275,N83275,N83275,sa1,1
22856,N126600 /1 undetected,output,,N126600,N126600,1,undetected,N126600,N126600,N126600,sa1,1
22857,N90847 /1 undetected,output,,N90847,N90847,1,undetected,N90847,N90847,N90847,sa1,1
22858,N83049 /1 undetected,output,,N83049,N83049,1,undetected,N83049,N83049,N83049,sa1,1
22859,N69702 /1 undetected,output,,N69702,N69702,1,undetected,N69702,N69702,N69702,sa1,1
22860,N126557 /1 undetected,output,,N126557,N126557,1,undetected,N126557,N126557,N126557,sa1,1
22861,N103980 /1 undetected,output,,N103980,N103980,1,undetected,N103980,N103980,N103980,sa1,1
22862,N85031 /1 undetected,output,,N85031,N85031,1,undetected,N85031,N85031,N85031,sa1,1
22863,N100011 /1 undetected,output,,N100011,N100011,1,undetected,N100011,N100011,N100011,sa1,1
22864,N97092 /1 undetected,output,,N97092,N97092,1,undetected,N97092,N97092,N97092,sa1,1
22865,N19645 /1 undetected,output,,N19645,N19645,1,undetected,N19645,N19645,N19645,sa1,1
22866,N97752 /1 undetected,output,,N97752,N97752,1,undetected,N97752,N97752,N97752,sa1,1
22867,N100103 /1 undetected,output,,N100103,N100103,1,undetected,N100103,N100103,N100103,sa1,1
22868,N19640 /1 undetected,output,,N19640,N19640,1,undetected,N19640,N19640,N19640,sa1,1
22869,N94136 /1 undetected,output,,N94136,N94136,1,undetected,N94136,N94136,N94136,sa1,1
22870,N104017 /1 undetected,output,,N104017,N104017,1,undetected,N104017,N104017,N104017,sa1,1
22871,N93839 /1 undetected,output,,N93839,N93839,1,undetected,N93839,N93839,N93839,sa1,1
22872,N19635 /1 undetected,output,,N19635,N19635,1,undetected,N19635,N19635,N19635,sa1,1
22873,N104019 /1 undetected,output,,N104019,N104019,1,undetected,N104019,N104019,N104019,sa1,1
22874,N93763 /1 undetected,output,,N93763,N93763,1,undetected,N93763,N93763,N93763,sa1,1
22875,N100141 /1 undetected,output,,N100141,N100141,1,undetected,N100141,N100141,N100141,sa1,1
22876,N19631 /1 undetected,output,,N19631,N19631,1,undetected,N19631,N19631,N19631,sa1,1
22877,N94514 /1 undetected,output,,N94514,N94514,1,undetected,N94514,N94514,N94514,sa1,1
22878,N19628 /1 undetected,output,,N19628,N19628,1,undetected,N19628,N19628,N19628,sa1,1
22879,N104016 /1 undetected,output,,N104016,N104016,1,undetected,N104016,N104016,N104016,sa1,1
22880,N94396 /1 undetected,output,,N94396,N94396,1,undetected,N94396,N94396,N94396,sa1,1
22881,N19626 /1 undetected,output,,N19626,N19626,1,undetected,N19626,N19626,N19626,sa1,1
22882,N104018 /1 undetected,output,,N104018,N104018,1,undetected,N104018,N104018,N104018,sa1,1
22883,N94309 /1 undetected,output,,N94309,N94309,1,undetected,N94309,N94309,N94309,sa1,1
22884,N91679 /1 undetected,output,,N91679,N91679,1,undetected,N91679,N91679,N91679,sa1,1
22885,N92384 /1 undetected,output,,N92384,N92384,1,undetected,N92384,N92384,N92384,sa1,1
22886,N99917 /1 undetected,output,,N99917,N99917,1,undetected,N99917,N99917,N99917,sa1,1
22887,N24440 /1 undetected,output,,N24440,N24440,1,undetected,N24440,N24440,N24440,sa1,1
22888,N24440 /0 undetected,output,,N24440,N24440,0,undetected,N24440,N24440,N24440,sa0,1
22889,N107812 /1 undetected,output,,N107812,N107812,1,undetected,N107812,N107812,N107812,sa1,1
22890,N75712 /1 undetected,output,,N75712,N75712,1,undetected,N75712,N75712,N75712,sa1,1
22891,N84310 /1 undetected,output,,N84310,N84310,1,undetected,N84310,N84310,N84310,sa1,1
22892,N16686 /1 undetected,output,,N16686,N16686,1,undetected,N16686,N16686,N16686,sa1,1
22893,N84307 /1 undetected,output,,N84307,N84307,1,undetected,N84307,N84307,N84307,sa1,1
22894,N16684 /1 undetected,output,,N16684,N16684,1,undetected,N16684,N16684,N16684,sa1,1
22895,N49465 /1 undetected,output,,N49465,N49465,1,undetected,N49465,N49465,N49465,sa1,1
22896,N49465 /0 undetected,output,,N49465,N49465,0,undetected,N49465,N49465,N49465,sa0,1
22897,N106734 /1 undetected,output,,N106734,N106734,1,undetected,N106734,N106734,N106734,sa1,1
22898,N76410 /1 undetected,output,,N76410,N76410,1,undetected,N76410,N76410,N76410,sa1,1
22899,N23607 /1 undetected,output,,N23607,N23607,1,undetected,N23607,N23607,N23607,sa1,1
22900,N13665 /1 undetected,output,,N13665,N13665,1,undetected,N13665,N13665,N13665,sa1,1
22901,N13665 /0 undetected,output,,N13665,N13665,0,undetected,N13665,N13665,N13665,sa0,1
22902,N100850 /1 undetected,output,,N100850,N100850,1,undetected,N100850,N100850,N100850,sa1,1
22903,N76583 /1 undetected,output,,N76583,N76583,1,undetected,N76583,N76583,N76583,sa1,1
22904,N12882 /1 undetected,output,,N12882,N12882,1,undetected,N12882,N12882,N12882,sa1,1
22905,N100874 /1 undetected,output,,N100874,N100874,1,undetected,N100874,N100874,N100874,sa1,1
22906,N100848 /1 undetected,output,,N100848,N100848,1,undetected,N100848,N100848,N100848,sa1,1
22907,N23615 /1 undetected,output,,N23615,N23615,1,undetected,N23615,N23615,N23615,sa1,1
22908,N77951 /1 undetected,output,,N77951,N77951,1,undetected,N77951,N77951,N77951,sa1,1
22909,N11725 /1 undetected,output,,N11725,N11725,1,undetected,N11725,N11725,N11725,sa1,1
22910,N85058 /1 undetected,output,,N85058,N85058,1,undetected,N85058,N85058,N85058,sa1,1
22911,N100149 /1 undetected,output,,N100149,N100149,1,undetected,N100149,N100149,N100149,sa1,1
22912,N99344 /1 undetected,output,,N99344,N99344,1,undetected,N99344,N99344,N99344,sa1,1
22913,N11714 /1 undetected,output,,N11714,N11714,1,undetected,N11714,N11714,N11714,sa1,1
22914,N92458 /1 undetected,output,,N92458,N92458,1,undetected,N92458,N92458,N92458,sa1,1
22915,N11713 /1 undetected,output,,N11713,N11713,1,undetected,N11713,N11713,N11713,sa1,1
22916,N74750 /1 undetected,output,,N74750,N74750,1,undetected,N74750,N74750,N74750,sa1,1
22917,N11691 /1 undetected,output,,N11691,N11691,1,undetected,N11691,N11691,N11691,sa1,1
22918,N94130 /1 undetected,output,,N94130,N94130,1,undetected,N94130,N94130,N94130,sa1,1
22919,N11688 /1 undetected,output,,N11688,N11688,1,undetected,N11688,N11688,N11688,sa1,1
22920,N100130 /1 undetected,output,,N100130,N100130,1,undetected,N100130,N100130,N100130,sa1,1
22921,N93827 /1 undetected,output,,N93827,N93827,1,undetected,N93827,N93827,N93827,sa1,1
22922,N11686 /1 undetected,output,,N11686,N11686,1,undetected,N11686,N11686,N11686,sa1,1
22923,N100138 /1 undetected,output,,N100138,N100138,1,undetected,N100138,N100138,N100138,sa1,1
22924,N93755 /1 undetected,output,,N93755,N93755,1,undetected,N93755,N93755,N93755,sa1,1
22925,N11676 /1 undetected,output,,N11676,N11676,1,undetected,N11676,N11676,N11676,sa1,1
22926,N11674 /1 undetected,output,,N11674,N11674,1,undetected,N11674,N11674,N11674,sa1,1
22927,N75507 /1 undetected,output,,N75507,N75507,1,undetected,N75507,N75507,N75507,sa1,1
22928,N74308 /1 undetected,output,,N74308,N74308,1,undetected,N74308,N74308,N74308,sa1,1
22929,N11710 /1 undetected,output,,N11710,N11710,1,undetected,N11710,N11710,N11710,sa1,1
22930,N11708 /1 undetected,output,,N11708,N11708,1,undetected,N11708,N11708,N11708,sa1,1
22931,N11706 /1 undetected,output,,N11706,N11706,1,undetected,N11706,N11706,N11706,sa1,1
22932,N94508 /1 undetected,output,,N94508,N94508,1,undetected,N94508,N94508,N94508,sa1,1
22933,N11705 /1 undetected,output,,N11705,N11705,1,undetected,N11705,N11705,N11705,sa1,1
22934,N100131 /1 undetected,output,,N100131,N100131,1,undetected,N100131,N100131,N100131,sa1,1
22935,N94383 /1 undetected,output,,N94383,N94383,1,undetected,N94383,N94383,N94383,sa1,1
22936,N11703 /1 undetected,output,,N11703,N11703,1,undetected,N11703,N11703,N11703,sa1,1
22937,N100139 /1 undetected,output,,N100139,N100139,1,undetected,N100139,N100139,N100139,sa1,1
22938,N94301 /1 undetected,output,,N94301,N94301,1,undetected,N94301,N94301,N94301,sa1,1
22939,N11701 /1 undetected,output,,N11701,N11701,1,undetected,N11701,N11701,N11701,sa1,1
22940,N11699 /1 undetected,output,,N11699,N11699,1,undetected,N11699,N11699,N11699,sa1,1
22941,N85446 /1 undetected,output,,N85446,N85446,1,undetected,N85446,N85446,N85446,sa1,1
22942,N74309 /1 undetected,output,,N74309,N74309,1,undetected,N74309,N74309,N74309,sa1,1
22943,N11697 /1 undetected,output,,N11697,N11697,1,undetected,N11697,N11697,N11697,sa1,1
22944,N11668 /1 undetected,output,,N11668,N11668,1,undetected,N11668,N11668,N11668,sa1,1
22945,N91770 /1 undetected,output,,N91770,N91770,1,undetected,N91770,N91770,N91770,sa1,1
22946,N99341 /1 undetected,output,,N99341,N99341,1,undetected,N99341,N99341,N99341,sa1,1
22947,N84994 /1 undetected,output,,N84994,N84994,1,undetected,N84994,N84994,N84994,sa1,1
22948,N11651 /1 undetected,output,,N11651,N11651,1,undetected,N11651,N11651,N11651,sa1,1
22949,N75031 /1 undetected,output,,N75031,N75031,1,undetected,N75031,N75031,N75031,sa1,1
22950,N99886 /1 undetected,output,,N99886,N99886,1,undetected,N99886,N99886,N99886,sa1,1
22951,N11632 /1 undetected,output,,N11632,N11632,1,undetected,N11632,N11632,N11632,sa1,1
22952,N85207 /1 undetected,output,,N85207,N85207,1,undetected,N85207,N85207,N85207,sa1,1
22953,N10224 /1 undetected,output,,N10224,N10224,1,undetected,N10224,N10224,N10224,sa1,1
22954,N91616 /1 undetected,output,,N91616,N91616,1,undetected,N91616,N91616,N91616,sa1,1
22955,N49545 /1 undetected,output,,N49545,N49545,1,undetected,N49545,N49545,N49545,sa1,1
22956,N49544 /1 undetected,output,,N49544,N49544,1,undetected,N49544,N49544,N49544,sa1,1
22957,N106543 /1 undetected,output,,N106543,N106543,1,undetected,N106543,N106543,N106543,sa1,1
22958,N49542 /1 undetected,output,,N49542,N49542,1,undetected,N49542,N49542,N49542,sa1,1
22959,N49538 /1 undetected,output,,N49538,N49538,1,undetected,N49538,N49538,N49538,sa1,1
22960,N106679 /1 undetected,output,,N106679,N106679,1,undetected,N106679,N106679,N106679,sa1,1
22961,N49537 /1 undetected,output,,N49537,N49537,1,undetected,N49537,N49537,N49537,sa1,1
22962,N119008 /1 undetected,output,,N119008,N119008,1,undetected,N119008,N119008,N119008,sa1,1
22963,N93568 /1 undetected,output,,N93568,N93568,1,undetected,N93568,N93568,N93568,sa1,1
22964,N49535 /1 undetected,output,,N49535,N49535,1,undetected,N49535,N49535,N49535,sa1,1
22965,N93588 /1 undetected,output,,N93588,N93588,1,undetected,N93588,N93588,N93588,sa1,1
22966,N53065 /1 undetected,output,,N53065,N53065,1,undetected,N53065,N53065,N53065,sa1,1
22967,N85641 /1 undetected,output,,N85641,N85641,1,undetected,N85641,N85641,N85641,sa1,1
22968,N30390 /1 undetected,output,,N30390,N30390,1,undetected,N30390,N30390,N30390,sa1,1
22969,N113290 /1 undetected,output,,N113290,N113290,1,undetected,N113290,N113290,N113290,sa1,1
22970,N30346 /1 undetected,output,,N30346,N30346,1,undetected,N30346,N30346,N30346,sa1,1
22971,N105727 /1 undetected,output,,N105727,N105727,1,undetected,N105727,N105727,N105727,sa1,1
22972,N75928 /1 undetected,output,,N75928,N75928,1,undetected,N75928,N75928,N75928,sa1,1
22973,N25257 /1 undetected,output,,N25257,N25257,1,undetected,N25257,N25257,N25257,sa1,1
22974,N25257 /0 undetected,output,,N25257,N25257,0,undetected,N25257,N25257,N25257,sa0,1
22975,N24916 /1 undetected,output,,N24916,N24916,1,undetected,N24916,N24916,N24916,sa1,1
22976,N24916 /0 undetected,output,,N24916,N24916,0,undetected,N24916,N24916,N24916,sa0,1
22977,N85706 /1 undetected,output,,N85706,N85706,1,undetected,N85706,N85706,N85706,sa1,1
22978,N24914 /1 undetected,output,,N24914,N24914,1,undetected,N24914,N24914,N24914,sa1,1
22979,N108913 /1 undetected,output,,N108913,N108913,1,undetected,N108913,N108913,N108913,sa1,1
22980,N24912 /1 undetected,output,,N24912,N24912,1,undetected,N24912,N24912,N24912,sa1,1
22981,N108862 /1 undetected,output,,N108862,N108862,1,undetected,N108862,N108862,N108862,sa1,1
22982,N75688 /1 undetected,output,,N75688,N75688,1,undetected,N75688,N75688,N75688,sa1,1
22983,N24578 /1 undetected,output,,N24578,N24578,1,undetected,N24578,N24578,N24578,sa1,1
22984,N105725 /1 undetected,output,,N105725,N105725,1,undetected,N105725,N105725,N105725,sa1,1
22985,N24576 /1 undetected,output,,N24576,N24576,1,undetected,N24576,N24576,N24576,sa1,1
22986,N107918 /1 undetected,output,,N107918,N107918,1,undetected,N107918,N107918,N107918,sa1,1
22987,N24574 /1 undetected,output,,N24574,N24574,1,undetected,N24574,N24574,N24574,sa1,1
22988,N107957 /1 undetected,output,,N107957,N107957,1,undetected,N107957,N107957,N107957,sa1,1
22989,N85650 /1 undetected,output,,N85650,N85650,1,undetected,N85650,N85650,N85650,sa1,1
22990,N24493 /1 undetected,output,,N24493,N24493,1,undetected,N24493,N24493,N24493,sa1,1
22991,N107702 /1 undetected,output,,N107702,N107702,1,undetected,N107702,N107702,N107702,sa1,1
22992,N105724 /1 undetected,output,,N105724,N105724,1,undetected,N105724,N105724,N105724,sa1,1
22993,N53416 /1 undetected,output,,N53416,N53416,1,undetected,N53416,N53416,N53416,sa1,1
22994,N85686 /1 undetected,output,,N85686,N85686,1,undetected,N85686,N85686,N85686,sa1,1
22995,N107987 /1 undetected,output,,N107987,N107987,1,undetected,N107987,N107987,N107987,sa1,1
22996,N93692 /1 undetected,output,,N93692,N93692,1,undetected,N93692,N93692,N93692,sa1,1
22997,N53411 /1 undetected,output,,N53411,N53411,1,undetected,N53411,N53411,N53411,sa1,1
22998,N105963 /1 undetected,output,,N105963,N105963,1,undetected,N105963,N105963,N105963,sa1,1
22999,N25014 /1 undetected,output,,N25014,N25014,1,undetected,N25014,N25014,N25014,sa1,1
23000,N25014 /0 undetected,output,,N25014,N25014,0,undetected,N25014,N25014,N25014,sa0,1
23001,N25071 /1 undetected,output,,N25071,N25071,1,undetected,N25071,N25071,N25071,sa1,1
23002,N25071 /0 undetected,output,,N25071,N25071,0,undetected,N25071,N25071,N25071,sa0,1
23003,N9135 /1 undetected,output,,N9135,N9135,1,undetected,N9135,N9135,N9135,sa1,1
23004,N98816 /1 undetected,output,,N98816,N98816,1,undetected,N98816,N98816,N98816,sa1,1
23005,N9134 /1 undetected,output,,N9134,N9134,1,undetected,N9134,N9134,N9134,sa1,1
23006,N93266 /1 undetected,output,,N93266,N93266,1,undetected,N93266,N93266,N93266,sa1,1
23007,N8722 /0 undetected,output,,N8722,N8722,0,undetected,N8722,N8722,N8722,sa0,1
23008,N98683 /1 undetected,output,,N98683,N98683,1,undetected,N98683,N98683,N98683,sa1,1
23009,N8720 /1 undetected,output,,N8720,N8720,1,undetected,N8720,N8720,N8720,sa1,1
23010,N8702 /1 undetected,output,,N8702,N8702,1,undetected,N8702,N8702,N8702,sa1,1
23011,N8702 /0 undetected,output,,N8702,N8702,0,undetected,N8702,N8702,N8702,sa0,1
23012,N93456 /1 undetected,output,,N93456,N93456,1,undetected,N93456,N93456,N93456,sa1,1
23013,N2462 /1 undetected,output,,N2462,N2462,1,undetected,N2462,N2462,N2462,sa1,1
23014,N74981 /1 undetected,output,,N74981,N74981,1,undetected,N74981,N74981,N74981,sa1,1
23015,N13498 /1 undetected,output,,N13498,N13498,1,undetected,N13498,N13498,N13498,sa1,1
23016,N101166 /1 undetected,output,,N101166,N101166,1,undetected,N101166,N101166,N101166,sa1,1
23017,N92302 /1 undetected,output,,N92302,N92302,1,undetected,N92302,N92302,N92302,sa1,1
23018,N91681 /1 undetected,output,,N91681,N91681,1,undetected,N91681,N91681,N91681,sa1,1
23019,N13481 /1 undetected,output,,N13481,N13481,1,undetected,N13481,N13481,N13481,sa1,1
23020,N101149 /1 undetected,output,,N101149,N101149,1,undetected,N101149,N101149,N101149,sa1,1
23021,N13479 /1 undetected,output,,N13479,N13479,1,undetected,N13479,N13479,N13479,sa1,1
23022,N13474 /1 undetected,output,,N13474,N13474,1,undetected,N13474,N13474,N13474,sa1,1
23023,N94564 /1 undetected,output,,N94564,N94564,1,undetected,N94564,N94564,N94564,sa1,1
23024,N13469 /1 undetected,output,,N13469,N13469,1,undetected,N13469,N13469,N13469,sa1,1
23025,N13468 /1 undetected,output,,N13468,N13468,1,undetected,N13468,N13468,N13468,sa1,1
23026,N13466 /1 undetected,output,,N13466,N13466,1,undetected,N13466,N13466,N13466,sa1,1
23027,N13464 /1 undetected,output,,N13464,N13464,1,undetected,N13464,N13464,N13464,sa1,1
23028,N13463 /1 undetected,output,,N13463,N13463,1,undetected,N13463,N13463,N13463,sa1,1
23029,N101289 /1 undetected,output,,N101289,N101289,1,undetected,N101289,N101289,N101289,sa1,1
23030,N77338 /1 undetected,output,,N77338,N77338,1,undetected,N77338,N77338,N77338,sa1,1
23031,N13443 /1 undetected,output,,N13443,N13443,1,undetected,N13443,N13443,N13443,sa1,1
23032,N101323 /1 undetected,output,,N101323,N101323,1,undetected,N101323,N101323,N101323,sa1,1
23033,N86367 /1 undetected,output,,N86367,N86367,1,undetected,N86367,N86367,N86367,sa1,1
23034,N13447 /1 undetected,output,,N13447,N13447,1,undetected,N13447,N13447,N13447,sa1,1
23035,N101328 /1 undetected,output,,N101328,N101328,1,undetected,N101328,N101328,N101328,sa1,1
23036,N76678 /1 undetected,output,,N76678,N76678,1,undetected,N76678,N76678,N76678,sa1,1
23037,N13232 /1 undetected,output,,N13232,N13232,1,undetected,N13232,N13232,N13232,sa1,1
23038,N93290 /1 undetected,output,,N93290,N93290,1,undetected,N93290,N93290,N93290,sa1,1
23039,N78662 /1 undetected,output,,N78662,N78662,1,undetected,N78662,N78662,N78662,sa1,1
23040,N13450 /1 undetected,output,,N13450,N13450,1,undetected,N13450,N13450,N13450,sa1,1
23041,N75514 /1 undetected,output,,N75514,N75514,1,undetected,N75514,N75514,N75514,sa1,1
23042,N13449 /1 undetected,output,,N13449,N13449,1,undetected,N13449,N13449,N13449,sa1,1
23043,N101315 /1 undetected,output,,N101315,N101315,1,undetected,N101315,N101315,N101315,sa1,1
23044,N76298 /1 undetected,output,,N76298,N76298,1,undetected,N76298,N76298,N76298,sa1,1
23045,N13461 /1 undetected,output,,N13461,N13461,1,undetected,N13461,N13461,N13461,sa1,1
23046,N87521 /1 undetected,output,,N87521,N87521,1,undetected,N87521,N87521,N87521,sa1,1
23047,N13457 /1 undetected,output,,N13457,N13457,1,undetected,N13457,N13457,N13457,sa1,1
23048,N13456 /1 undetected,output,,N13456,N13456,1,undetected,N13456,N13456,N13456,sa1,1
23049,N100940 /1 undetected,output,,N100940,N100940,1,undetected,N100940,N100940,N100940,sa1,1
23050,N13452 /1 undetected,output,,N13452,N13452,1,undetected,N13452,N13452,N13452,sa1,1
23051,N101279 /1 undetected,output,,N101279,N101279,1,undetected,N101279,N101279,N101279,sa1,1
23052,N77337 /1 undetected,output,,N77337,N77337,1,undetected,N77337,N77337,N77337,sa1,1
23053,N13454 /1 undetected,output,,N13454,N13454,1,undetected,N13454,N13454,N13454,sa1,1
23054,N101311 /1 undetected,output,,N101311,N101311,1,undetected,N101311,N101311,N101311,sa1,1
23055,N100976 /1 undetected,output,,N100976,N100976,1,undetected,N100976,N100976,N100976,sa1,1
23056,N13437 /1 undetected,output,,N13437,N13437,1,undetected,N13437,N13437,N13437,sa1,1
23057,N85459 /1 undetected,output,,N85459,N85459,1,undetected,N85459,N85459,N85459,sa1,1
23058,N13435 /1 undetected,output,,N13435,N13435,1,undetected,N13435,N13435,N13435,sa1,1
23059,N101314 /1 undetected,output,,N101314,N101314,1,undetected,N101314,N101314,N101314,sa1,1
23060,N76325 /1 undetected,output,,N76325,N76325,1,undetected,N76325,N76325,N76325,sa1,1
23061,N13432 /1 undetected,output,,N13432,N13432,1,undetected,N13432,N13432,N13432,sa1,1
23062,N13428 /1 undetected,output,,N13428,N13428,1,undetected,N13428,N13428,N13428,sa1,1
23063,N13427 /1 undetected,output,,N13427,N13427,1,undetected,N13427,N13427,N13427,sa1,1
23064,N101310 /1 undetected,output,,N101310,N101310,1,undetected,N101310,N101310,N101310,sa1,1
23065,N100847 /1 undetected,output,,N100847,N100847,1,undetected,N100847,N100847,N100847,sa1,1
23066,N13420 /1 undetected,output,,N13420,N13420,1,undetected,N13420,N13420,N13420,sa1,1
23067,N76519 /1 undetected,output,,N76519,N76519,1,undetected,N76519,N76519,N76519,sa1,1
23068,N13418 /1 undetected,output,,N13418,N13418,1,undetected,N13418,N13418,N13418,sa1,1
23069,N13416 /1 undetected,output,,N13416,N13416,1,undetected,N13416,N13416,N13416,sa1,1
23070,N101303 /1 undetected,output,,N101303,N101303,1,undetected,N101303,N101303,N101303,sa1,1
23071,N100749 /1 undetected,output,,N100749,N100749,1,undetected,N100749,N100749,N100749,sa1,1
23072,N13396 /1 undetected,output,,N13396,N13396,1,undetected,N13396,N13396,N13396,sa1,1
23073,N101278 /1 undetected,output,,N101278,N101278,1,undetected,N101278,N101278,N101278,sa1,1
23074,N87547 /1 undetected,output,,N87547,N87547,1,undetected,N87547,N87547,N87547,sa1,1
23075,N13412 /1 undetected,output,,N13412,N13412,1,undetected,N13412,N13412,N13412,sa1,1
23076,N78742 /1 undetected,output,,N78742,N78742,1,undetected,N78742,N78742,N78742,sa1,1
23077,N13411 /1 undetected,output,,N13411,N13411,1,undetected,N13411,N13411,N13411,sa1,1
23078,N101300 /1 undetected,output,,N101300,N101300,1,undetected,N101300,N101300,N101300,sa1,1
23079,N13400 /1 undetected,output,,N13400,N13400,1,undetected,N13400,N13400,N13400,sa1,1
23080,N100748 /1 undetected,output,,N100748,N100748,1,undetected,N100748,N100748,N100748,sa1,1
23081,N86239 /1 undetected,output,,N86239,N86239,1,undetected,N86239,N86239,N86239,sa1,1
23082,N13388 /1 undetected,output,,N13388,N13388,1,undetected,N13388,N13388,N13388,sa1,1
23083,N87625 /1 undetected,output,,N87625,N87625,1,undetected,N87625,N87625,N87625,sa1,1
23084,N13386 /1 undetected,output,,N13386,N13386,1,undetected,N13386,N13386,N13386,sa1,1
23085,N13385 /1 undetected,output,,N13385,N13385,1,undetected,N13385,N13385,N13385,sa1,1
23086,N101264 /1 undetected,output,,N101264,N101264,1,undetected,N101264,N101264,N101264,sa1,1
23087,N100846 /1 undetected,output,,N100846,N100846,1,undetected,N100846,N100846,N100846,sa1,1
23088,N13378 /1 undetected,output,,N13378,N13378,1,undetected,N13378,N13378,N13378,sa1,1
23089,N13376 /1 undetected,output,,N13376,N13376,1,undetected,N13376,N13376,N13376,sa1,1
23090,N100747 /1 undetected,output,,N100747,N100747,1,undetected,N100747,N100747,N100747,sa1,1
23091,N13375 /1 undetected,output,,N13375,N13375,1,undetected,N13375,N13375,N13375,sa1,1
23092,N101252 /1 undetected,output,,N101252,N101252,1,undetected,N101252,N101252,N101252,sa1,1
23093,N76518 /1 undetected,output,,N76518,N76518,1,undetected,N76518,N76518,N76518,sa1,1
23094,N13365 /1 undetected,output,,N13365,N13365,1,undetected,N13365,N13365,N13365,sa1,1
23095,N101245 /1 undetected,output,,N101245,N101245,1,undetected,N101245,N101245,N101245,sa1,1
23096,N86238 /1 undetected,output,,N86238,N86238,1,undetected,N86238,N86238,N86238,sa1,1
23097,N13347 /1 undetected,output,,N13347,N13347,1,undetected,N13347,N13347,N13347,sa1,1
23098,N84504 /1 undetected,output,,N84504,N84504,1,undetected,N84504,N84504,N84504,sa1,1
23099,N13344 /1 undetected,output,,N13344,N13344,1,undetected,N13344,N13344,N13344,sa1,1
23100,N101190 /1 undetected,output,,N101190,N101190,1,undetected,N101190,N101190,N101190,sa1,1
23101,N13340 /1 undetected,output,,N13340,N13340,1,undetected,N13340,N13340,N13340,sa1,1
23102,N85457 /1 undetected,output,,N85457,N85457,1,undetected,N85457,N85457,N85457,sa1,1
23103,N13336 /1 undetected,output,,N13336,N13336,1,undetected,N13336,N13336,N13336,sa1,1
23104,N101220 /1 undetected,output,,N101220,N101220,1,undetected,N101220,N101220,N101220,sa1,1
23105,N76517 /1 undetected,output,,N76517,N76517,1,undetected,N76517,N76517,N76517,sa1,1
23106,N13329 /1 undetected,output,,N13329,N13329,1,undetected,N13329,N13329,N13329,sa1,1
23107,N87614 /1 undetected,output,,N87614,N87614,1,undetected,N87614,N87614,N87614,sa1,1
23108,N13327 /1 undetected,output,,N13327,N13327,1,undetected,N13327,N13327,N13327,sa1,1
23109,N101214 /1 undetected,output,,N101214,N101214,1,undetected,N101214,N101214,N101214,sa1,1
23110,N86237 /1 undetected,output,,N86237,N86237,1,undetected,N86237,N86237,N86237,sa1,1
23111,N13323 /1 undetected,output,,N13323,N13323,1,undetected,N13323,N13323,N13323,sa1,1
23112,N101210 /1 undetected,output,,N101210,N101210,1,undetected,N101210,N101210,N101210,sa1,1
23113,N13321 /1 undetected,output,,N13321,N13321,1,undetected,N13321,N13321,N13321,sa1,1
23114,N86236 /1 undetected,output,,N86236,N86236,1,undetected,N86236,N86236,N86236,sa1,1
23115,N78734 /1 undetected,output,,N78734,N78734,1,undetected,N78734,N78734,N78734,sa1,1
23116,N13318 /1 undetected,output,,N13318,N13318,1,undetected,N13318,N13318,N13318,sa1,1
23117,N98514 /1 undetected,output,,N98514,N98514,1,undetected,N98514,N98514,N98514,sa1,1
23118,N13316 /1 undetected,output,,N13316,N13316,1,undetected,N13316,N13316,N13316,sa1,1
23119,N13314 /1 undetected,output,,N13314,N13314,1,undetected,N13314,N13314,N13314,sa1,1
23120,N86366 /1 undetected,output,,N86366,N86366,1,undetected,N86366,N86366,N86366,sa1,1
23121,N13312 /1 undetected,output,,N13312,N13312,1,undetected,N13312,N13312,N13312,sa1,1
23122,N13310 /1 undetected,output,,N13310,N13310,1,undetected,N13310,N13310,N13310,sa1,1
23123,N101208 /1 undetected,output,,N101208,N101208,1,undetected,N101208,N101208,N101208,sa1,1
23124,N77185 /1 undetected,output,,N77185,N77185,1,undetected,N77185,N77185,N77185,sa1,1
23125,N13306 /1 undetected,output,,N13306,N13306,1,undetected,N13306,N13306,N13306,sa1,1
23126,N101205 /1 undetected,output,,N101205,N101205,1,undetected,N101205,N101205,N101205,sa1,1
23127,N86723 /1 undetected,output,,N86723,N86723,1,undetected,N86723,N86723,N86723,sa1,1
23128,N13302 /1 undetected,output,,N13302,N13302,1,undetected,N13302,N13302,N13302,sa1,1
23129,N101201 /1 undetected,output,,N101201,N101201,1,undetected,N101201,N101201,N101201,sa1,1
23130,N101096 /1 undetected,output,,N101096,N101096,1,undetected,N101096,N101096,N101096,sa1,1
23131,N19245 /1 undetected,output,,N19245,N19245,1,undetected,N19245,N19245,N19245,sa1,1
23132,N19243 /1 undetected,output,,N19243,N19243,1,undetected,N19243,N19243,N19243,sa1,1
23133,N103851 /1 undetected,output,,N103851,N103851,1,undetected,N103851,N103851,N103851,sa1,1
23134,N19242 /1 undetected,output,,N19242,N19242,1,undetected,N19242,N19242,N19242,sa1,1
23135,N103756 /1 undetected,output,,N103756,N103756,1,undetected,N103756,N103756,N103756,sa1,1
23136,N74938 /1 undetected,output,,N74938,N74938,1,undetected,N74938,N74938,N74938,sa1,1
23137,N19231 /1 undetected,output,,N19231,N19231,1,undetected,N19231,N19231,N19231,sa1,1
23138,N103781 /1 undetected,output,,N103781,N103781,1,undetected,N103781,N103781,N103781,sa1,1
23139,N100443 /1 undetected,output,,N100443,N100443,1,undetected,N100443,N100443,N100443,sa1,1
23140,N19055 /1 undetected,output,,N19055,N19055,1,undetected,N19055,N19055,N19055,sa1,1
23141,N19220 /1 undetected,output,,N19220,N19220,1,undetected,N19220,N19220,N19220,sa1,1
23142,N84512 /1 undetected,output,,N84512,N84512,1,undetected,N84512,N84512,N84512,sa1,1
23143,N101198 /1 undetected,output,,N101198,N101198,1,undetected,N101198,N101198,N101198,sa1,1
23144,N19215 /1 undetected,output,,N19215,N19215,1,undetected,N19215,N19215,N19215,sa1,1
23145,N103623 /1 undetected,output,,N103623,N103623,1,undetected,N103623,N103623,N103623,sa1,1
23146,N94296 /1 undetected,output,,N94296,N94296,1,undetected,N94296,N94296,N94296,sa1,1
23147,N19211 /1 undetected,output,,N19211,N19211,1,undetected,N19211,N19211,N19211,sa1,1
23148,N76451 /1 undetected,output,,N76451,N76451,1,undetected,N76451,N76451,N76451,sa1,1
23149,N19210 /1 undetected,output,,N19210,N19210,1,undetected,N19210,N19210,N19210,sa1,1
23150,N19208 /1 undetected,output,,N19208,N19208,1,undetected,N19208,N19208,N19208,sa1,1
23151,N19206 /1 undetected,output,,N19206,N19206,1,undetected,N19206,N19206,N19206,sa1,1
23152,N103864 /1 undetected,output,,N103864,N103864,1,undetected,N103864,N103864,N103864,sa1,1
23153,N19205 /1 undetected,output,,N19205,N19205,1,undetected,N19205,N19205,N19205,sa1,1
23154,N103866 /1 undetected,output,,N103866,N103866,1,undetected,N103866,N103866,N103866,sa1,1
23155,N19204 /1 undetected,output,,N19204,N19204,1,undetected,N19204,N19204,N19204,sa1,1
23156,N100038 /1 undetected,output,,N100038,N100038,1,undetected,N100038,N100038,N100038,sa1,1
23157,N19202 /1 undetected,output,,N19202,N19202,1,undetected,N19202,N19202,N19202,sa1,1
23158,N94393 /1 undetected,output,,N94393,N94393,1,undetected,N94393,N94393,N94393,sa1,1
23159,N19201 /1 undetected,output,,N19201,N19201,1,undetected,N19201,N19201,N19201,sa1,1
23160,N103858 /1 undetected,output,,N103858,N103858,1,undetected,N103858,N103858,N103858,sa1,1
23161,N87569 /1 undetected,output,,N87569,N87569,1,undetected,N87569,N87569,N87569,sa1,1
23162,N19200 /1 undetected,output,,N19200,N19200,1,undetected,N19200,N19200,N19200,sa1,1
23163,N101213 /1 undetected,output,,N101213,N101213,1,undetected,N101213,N101213,N101213,sa1,1
23164,N88335 /1 undetected,output,,N88335,N88335,1,undetected,N88335,N88335,N88335,sa1,1
23165,N19196 /1 undetected,output,,N19196,N19196,1,undetected,N19196,N19196,N19196,sa1,1
23166,N98503 /1 undetected,output,,N98503,N98503,1,undetected,N98503,N98503,N98503,sa1,1
23167,N94295 /1 undetected,output,,N94295,N94295,1,undetected,N94295,N94295,N94295,sa1,1
23168,N19194 /1 undetected,output,,N19194,N19194,1,undetected,N19194,N19194,N19194,sa1,1
23169,N103865 /1 undetected,output,,N103865,N103865,1,undetected,N103865,N103865,N103865,sa1,1
23170,N98500 /1 undetected,output,,N98500,N98500,1,undetected,N98500,N98500,N98500,sa1,1
23171,N19190 /1 undetected,output,,N19190,N19190,1,undetected,N19190,N19190,N19190,sa1,1
23172,N98516 /1 undetected,output,,N98516,N98516,1,undetected,N98516,N98516,N98516,sa1,1
23173,N19188 /1 undetected,output,,N19188,N19188,1,undetected,N19188,N19188,N19188,sa1,1
23174,N103863 /1 undetected,output,,N103863,N103863,1,undetected,N103863,N103863,N103863,sa1,1
23175,N19184 /1 undetected,output,,N19184,N19184,1,undetected,N19184,N19184,N19184,sa1,1
23176,N19182 /1 undetected,output,,N19182,N19182,1,undetected,N19182,N19182,N19182,sa1,1
23177,N19180 /1 undetected,output,,N19180,N19180,1,undetected,N19180,N19180,N19180,sa1,1
23178,N101203 /1 undetected,output,,N101203,N101203,1,undetected,N101203,N101203,N101203,sa1,1
23179,N87509 /1 undetected,output,,N87509,N87509,1,undetected,N87509,N87509,N87509,sa1,1
23180,N19178 /1 undetected,output,,N19178,N19178,1,undetected,N19178,N19178,N19178,sa1,1
23181,N87013 /1 undetected,output,,N87013,N87013,1,undetected,N87013,N87013,N87013,sa1,1
23182,N19176 /1 undetected,output,,N19176,N19176,1,undetected,N19176,N19176,N19176,sa1,1
23183,N78650 /1 undetected,output,,N78650,N78650,1,undetected,N78650,N78650,N78650,sa1,1
23184,N13304 /1 undetected,output,,N13304,N13304,1,undetected,N13304,N13304,N13304,sa1,1
23185,N19174 /1 undetected,output,,N19174,N19174,1,undetected,N19174,N19174,N19174,sa1,1
23186,N19172 /1 undetected,output,,N19172,N19172,1,undetected,N19172,N19172,N19172,sa1,1
23187,N87508 /1 undetected,output,,N87508,N87508,1,undetected,N87508,N87508,N87508,sa1,1
23188,N87012 /1 undetected,output,,N87012,N87012,1,undetected,N87012,N87012,N87012,sa1,1
23189,N13308 /1 undetected,output,,N13308,N13308,1,undetected,N13308,N13308,N13308,sa1,1
23190,N19171 /1 undetected,output,,N19171,N19171,1,undetected,N19171,N19171,N19171,sa1,1
23191,N92382 /1 undetected,output,,N92382,N92382,1,undetected,N92382,N92382,N92382,sa1,1
23192,N101299 /1 undetected,output,,N101299,N101299,1,undetected,N101299,N101299,N101299,sa1,1
23193,N19165 /1 undetected,output,,N19165,N19165,1,undetected,N19165,N19165,N19165,sa1,1
23194,N86201 /1 undetected,output,,N86201,N86201,1,undetected,N86201,N86201,N86201,sa1,1
23195,N19164 /1 undetected,output,,N19164,N19164,1,undetected,N19164,N19164,N19164,sa1,1
23196,N98479 /1 undetected,output,,N98479,N98479,1,undetected,N98479,N98479,N98479,sa1,1
23197,N19160 /1 undetected,output,,N19160,N19160,1,undetected,N19160,N19160,N19160,sa1,1
23198,N88268 /1 undetected,output,,N88268,N88268,1,undetected,N88268,N88268,N88268,sa1,1
23199,N19158 /1 undetected,output,,N19158,N19158,1,undetected,N19158,N19158,N19158,sa1,1
23200,N19156 /1 undetected,output,,N19156,N19156,1,undetected,N19156,N19156,N19156,sa1,1
23201,N87011 /1 undetected,output,,N87011,N87011,1,undetected,N87011,N87011,N87011,sa1,1
23202,N19154 /1 undetected,output,,N19154,N19154,1,undetected,N19154,N19154,N19154,sa1,1
23203,N103862 /1 undetected,output,,N103862,N103862,1,undetected,N103862,N103862,N103862,sa1,1
23204,N101322 /1 undetected,output,,N101322,N101322,1,undetected,N101322,N101322,N101322,sa1,1
23205,N19152 /1 undetected,output,,N19152,N19152,1,undetected,N19152,N19152,N19152,sa1,1
23206,N103821 /1 undetected,output,,N103821,N103821,1,undetected,N103821,N103821,N103821,sa1,1
23207,N19150 /1 undetected,output,,N19150,N19150,1,undetected,N19150,N19150,N19150,sa1,1
23208,N103861 /1 undetected,output,,N103861,N103861,1,undetected,N103861,N103861,N103861,sa1,1
23209,N101327 /1 undetected,output,,N101327,N101327,1,undetected,N101327,N101327,N101327,sa1,1
23210,N19146 /1 undetected,output,,N19146,N19146,1,undetected,N19146,N19146,N19146,sa1,1
23211,N19145 /1 undetected,output,,N19145,N19145,1,undetected,N19145,N19145,N19145,sa1,1
23212,N93376 /1 undetected,output,,N93376,N93376,1,undetected,N93376,N93376,N93376,sa1,1
23213,N19143 /1 undetected,output,,N19143,N19143,1,undetected,N19143,N19143,N19143,sa1,1
23214,N101321 /1 undetected,output,,N101321,N101321,1,undetected,N101321,N101321,N101321,sa1,1
23215,N101295 /1 undetected,output,,N101295,N101295,1,undetected,N101295,N101295,N101295,sa1,1
23216,N19141 /1 undetected,output,,N19141,N19141,1,undetected,N19141,N19141,N19141,sa1,1
23217,N98897 /1 undetected,output,,N98897,N98897,1,undetected,N98897,N98897,N98897,sa1,1
23218,N19140 /1 undetected,output,,N19140,N19140,1,undetected,N19140,N19140,N19140,sa1,1
23219,N19138 /1 undetected,output,,N19138,N19138,1,undetected,N19138,N19138,N19138,sa1,1
23220,N101258 /1 undetected,output,,N101258,N101258,1,undetected,N101258,N101258,N101258,sa1,1
23221,N79342 /1 undetected,output,,N79342,N79342,1,undetected,N79342,N79342,N79342,sa1,1
23222,N19135 /1 undetected,output,,N19135,N19135,1,undetected,N19135,N19135,N19135,sa1,1
23223,N86778 /1 undetected,output,,N86778,N86778,1,undetected,N86778,N86778,N86778,sa1,1
23224,N19132 /1 undetected,output,,N19132,N19132,1,undetected,N19132,N19132,N19132,sa1,1
23225,N101277 /1 undetected,output,,N101277,N101277,1,undetected,N101277,N101277,N101277,sa1,1
23226,N77618 /1 undetected,output,,N77618,N77618,1,undetected,N77618,N77618,N77618,sa1,1
23227,N19130 /1 undetected,output,,N19130,N19130,1,undetected,N19130,N19130,N19130,sa1,1
23228,N103798 /1 undetected,output,,N103798,N103798,1,undetected,N103798,N103798,N103798,sa1,1
23229,N101263 /1 undetected,output,,N101263,N101263,1,undetected,N101263,N101263,N101263,sa1,1
23230,N19126 /1 undetected,output,,N19126,N19126,1,undetected,N19126,N19126,N19126,sa1,1
23231,N19125 /1 undetected,output,,N19125,N19125,1,undetected,N19125,N19125,N19125,sa1,1
23232,N88285 /1 undetected,output,,N88285,N88285,1,undetected,N88285,N88285,N88285,sa1,1
23233,N19123 /1 undetected,output,,N19123,N19123,1,undetected,N19123,N19123,N19123,sa1,1
23234,N19121 /1 undetected,output,,N19121,N19121,1,undetected,N19121,N19121,N19121,sa1,1
23235,N88333 /1 undetected,output,,N88333,N88333,1,undetected,N88333,N88333,N88333,sa1,1
23236,N19119 /1 undetected,output,,N19119,N19119,1,undetected,N19119,N19119,N19119,sa1,1
23237,N103860 /1 undetected,output,,N103860,N103860,1,undetected,N103860,N103860,N103860,sa1,1
23238,N101248 /1 undetected,output,,N101248,N101248,1,undetected,N101248,N101248,N101248,sa1,1
23239,N19097 /1 undetected,output,,N19097,N19097,1,undetected,N19097,N19097,N19097,sa1,1
23240,N103857 /1 undetected,output,,N103857,N103857,1,undetected,N103857,N103857,N103857,sa1,1
23241,N19095 /1 undetected,output,,N19095,N19095,1,undetected,N19095,N19095,N19095,sa1,1
23242,N103859 /1 undetected,output,,N103859,N103859,1,undetected,N103859,N103859,N103859,sa1,1
23243,N101255 /1 undetected,output,,N101255,N101255,1,undetected,N101255,N101255,N101255,sa1,1
23244,N19117 /1 undetected,output,,N19117,N19117,1,undetected,N19117,N19117,N19117,sa1,1
23245,N100515 /1 undetected,output,,N100515,N100515,1,undetected,N100515,N100515,N100515,sa1,1
23246,N19116 /1 undetected,output,,N19116,N19116,1,undetected,N19116,N19116,N19116,sa1,1
23247,N93375 /1 undetected,output,,N93375,N93375,1,undetected,N93375,N93375,N93375,sa1,1
23248,N19114 /1 undetected,output,,N19114,N19114,1,undetected,N19114,N19114,N19114,sa1,1
23249,N79356 /1 undetected,output,,N79356,N79356,1,undetected,N79356,N79356,N79356,sa1,1
23250,N19110 /1 undetected,output,,N19110,N19110,1,undetected,N19110,N19110,N19110,sa1,1
23251,N88315 /1 undetected,output,,N88315,N88315,1,undetected,N88315,N88315,N88315,sa1,1
23252,N19108 /1 undetected,output,,N19108,N19108,1,undetected,N19108,N19108,N19108,sa1,1
23253,N101282 /1 undetected,output,,N101282,N101282,1,undetected,N101282,N101282,N101282,sa1,1
23254,N79394 /1 undetected,output,,N79394,N79394,1,undetected,N79394,N79394,N79394,sa1,1
23255,N19107 /1 undetected,output,,N19107,N19107,1,undetected,N19107,N19107,N19107,sa1,1
23256,N19105 /1 undetected,output,,N19105,N19105,1,undetected,N19105,N19105,N19105,sa1,1
23257,N19103 /1 undetected,output,,N19103,N19103,1,undetected,N19103,N19103,N19103,sa1,1
23258,N103250 /1 undetected,output,,N103250,N103250,1,undetected,N103250,N103250,N103250,sa1,1
23259,N79376 /1 undetected,output,,N79376,N79376,1,undetected,N79376,N79376,N79376,sa1,1
23260,N19101 /1 undetected,output,,N19101,N19101,1,undetected,N19101,N19101,N19101,sa1,1
23261,N101306 /1 undetected,output,,N101306,N101306,1,undetected,N101306,N101306,N101306,sa1,1
23262,N19099 /1 undetected,output,,N19099,N19099,1,undetected,N19099,N19099,N19099,sa1,1
23263,N92192 /1 undetected,output,,N92192,N92192,1,undetected,N92192,N92192,N92192,sa1,1
23264,N88314 /1 undetected,output,,N88314,N88314,1,undetected,N88314,N88314,N88314,sa1,1
23265,N19098 /1 undetected,output,,N19098,N19098,1,undetected,N19098,N19098,N19098,sa1,1
23266,N93320 /1 undetected,output,,N93320,N93320,1,undetected,N93320,N93320,N93320,sa1,1
23267,N88332 /1 undetected,output,,N88332,N88332,1,undetected,N88332,N88332,N88332,sa1,1
23268,N54303 /1 undetected,output,,N54303,N54303,1,undetected,N54303,N54303,N54303,sa1,1
23269,N54303 /0 undetected,output,,N54303,N54303,0,undetected,N54303,N54303,N54303,sa0,1
23270,N54302 /1 undetected,output,,N54302,N54302,1,undetected,N54302,N54302,N54302,sa1,1
23271,N106730 /1 undetected,output,,N106730,N106730,1,undetected,N106730,N106730,N106730,sa1,1
23272,N85671 /1 undetected,output,,N85671,N85671,1,undetected,N85671,N85671,N85671,sa1,1
23273,N54300 /1 undetected,output,,N54300,N54300,1,undetected,N54300,N54300,N54300,sa1,1
23274,N108956 /1 undetected,output,,N108956,N108956,1,undetected,N108956,N108956,N108956,sa1,1
23275,N108001 /1 undetected,output,,N108001,N108001,1,undetected,N108001,N108001,N108001,sa1,1
23276,N24677 /1 undetected,output,,N24677,N24677,1,undetected,N24677,N24677,N24677,sa1,1
23277,N85651 /1 undetected,output,,N85651,N85651,1,undetected,N85651,N85651,N85651,sa1,1
23278,N24667 /1 undetected,output,,N24667,N24667,1,undetected,N24667,N24667,N24667,sa1,1
23279,N24667 /0 undetected,output,,N24667,N24667,0,undetected,N24667,N24667,N24667,sa0,1
23280,N108002 /1 undetected,output,,N108002,N108002,1,undetected,N108002,N108002,N108002,sa1,1
23281,N75717 /1 undetected,output,,N75717,N75717,1,undetected,N75717,N75717,N75717,sa1,1
23282,N12987 /1 undetected,output,,N12987,N12987,1,undetected,N12987,N12987,N12987,sa1,1
23283,N100837 /1 undetected,output,,N100837,N100837,1,undetected,N100837,N100837,N100837,sa1,1
23284,N12968 /1 undetected,output,,N12968,N12968,1,undetected,N12968,N12968,N12968,sa1,1
23285,N12968 /0 undetected,output,,N12968,N12968,0,undetected,N12968,N12968,N12968,sa0,1
23286,N100932 /1 undetected,output,,N100932,N100932,1,undetected,N100932,N100932,N100932,sa1,1
23287,N100875 /1 undetected,output,,N100875,N100875,1,undetected,N100875,N100875,N100875,sa1,1
23288,N12956 /1 undetected,output,,N12956,N12956,1,undetected,N12956,N12956,N12956,sa1,1
23289,N12956 /0 undetected,output,,N12956,N12956,0,undetected,N12956,N12956,N12956,sa0,1
23290,N100944 /1 undetected,output,,N100944,N100944,1,undetected,N100944,N100944,N100944,sa1,1
23291,N100931 /1 undetected,output,,N100931,N100931,1,undetected,N100931,N100931,N100931,sa1,1
23292,N12947 /1 undetected,output,,N12947,N12947,1,undetected,N12947,N12947,N12947,sa1,1
23293,N12947 /0 undetected,output,,N12947,N12947,0,undetected,N12947,N12947,N12947,sa0,1
23294,N100930 /1 undetected,output,,N100930,N100930,1,undetected,N100930,N100930,N100930,sa1,1
23295,N100752 /1 undetected,output,,N100752,N100752,1,undetected,N100752,N100752,N100752,sa1,1
23296,N24195 /1 undetected,output,,N24195,N24195,1,undetected,N24195,N24195,N24195,sa1,1
23297,N24195 /0 undetected,output,,N24195,N24195,0,undetected,N24195,N24195,N24195,sa0,1
23298,N11618 /0 undetected,output,,N11618,N11618,0,undetected,N11618,N11618,N11618,sa0,1
23299,N77950 /1 undetected,output,,N77950,N77950,1,undetected,N77950,N77950,N77950,sa1,1
23300,N11615 /1 undetected,output,,N11615,N11615,1,undetected,N11615,N11615,N11615,sa1,1
23301,N11613 /1 undetected,output,,N11613,N11613,1,undetected,N11613,N11613,N11613,sa1,1
23302,N56057 /1 undetected,output,,N56057,N56057,1,undetected,N56057,N56057,N56057,sa1,1
23303,N56057 /0 undetected,output,,N56057,N56057,0,undetected,N56057,N56057,N56057,sa0,1
23304,N56056 /1 undetected,output,,N56056,N56056,1,undetected,N56056,N56056,N56056,sa1,1
23305,N120987 /1 undetected,output,,N120987,N120987,1,undetected,N120987,N120987,N120987,sa1,1
23306,N85749 /1 undetected,output,,N85749,N85749,1,undetected,N85749,N85749,N85749,sa1,1
23307,N56054 /1 undetected,output,,N56054,N56054,1,undetected,N56054,N56054,N56054,sa1,1
23308,N121130 /1 undetected,output,,N121130,N121130,1,undetected,N121130,N121130,N121130,sa1,1
23309,N56052 /1 undetected,output,,N56052,N56052,1,undetected,N56052,N56052,N56052,sa1,1
23310,N121014 /1 undetected,output,,N121014,N121014,1,undetected,N121014,N121014,N121014,sa1,1
23311,N54119 /1 undetected,output,,N54119,N54119,1,undetected,N54119,N54119,N54119,sa1,1
23312,N11783 /1 undetected,output,,N11783,N11783,1,undetected,N11783,N11783,N11783,sa1,1
23313,N55705 /0 undetected,output,,N55705,N55705,0,undetected,N55705,N55705,N55705,sa0,1
23314,N55704 /1 undetected,output,,N55704,N55704,1,undetected,N55704,N55704,N55704,sa1,1
23315,N120545 /1 undetected,output,,N120545,N120545,1,undetected,N120545,N120545,N120545,sa1,1
23316,N93610 /1 undetected,output,,N93610,N93610,1,undetected,N93610,N93610,N93610,sa1,1
23317,N25047 /1 undetected,output,,N25047,N25047,1,undetected,N25047,N25047,N25047,sa1,1
23318,N25047 /0 undetected,output,,N25047,N25047,0,undetected,N25047,N25047,N25047,sa0,1
23319,N23899 /0 undetected,output,,N23899,N23899,0,undetected,N23899,N23899,N23899,sa0,1
23320,N94401 /1 undetected,output,,N94401,N94401,1,undetected,N94401,N94401,N94401,sa1,1
23321,N23694 /0 undetected,output,,N23694,N23694,0,undetected,N23694,N23694,N23694,sa0,1
23322,N93745 /1 undetected,output,,N93745,N93745,1,undetected,N93745,N93745,N93745,sa1,1
23323,N23693 /1 undetected,output,,N23693,N23693,1,undetected,N23693,N23693,N23693,sa1,1
23324,N55476 /1 undetected,output,,N55476,N55476,1,undetected,N55476,N55476,N55476,sa1,1
23325,N55476 /0 undetected,output,,N55476,N55476,0,undetected,N55476,N55476,N55476,sa0,1
23326,N120976 /1 undetected,output,,N120976,N120976,1,undetected,N120976,N120976,N120976,sa1,1
23327,N85738 /1 undetected,output,,N85738,N85738,1,undetected,N85738,N85738,N85738,sa1,1
23328,N54569 /0 undetected,output,,N54569,N54569,0,undetected,N54569,N54569,N54569,sa0,1
23329,N75879 /1 undetected,output,,N75879,N75879,1,undetected,N75879,N75879,N75879,sa1,1
23330,N54562 /1 undetected,output,,N54562,N54562,1,undetected,N54562,N54562,N54562,sa1,1
23331,N49265 /1 undetected,output,,N49265,N49265,1,undetected,N49265,N49265,N49265,sa1,1
23332,N49265 /0 undetected,output,,N49265,N49265,0,undetected,N49265,N49265,N49265,sa0,1
23333,N118903 /1 undetected,output,,N118903,N118903,1,undetected,N118903,N118903,N118903,sa1,1
23334,N49257 /1 undetected,output,,N49257,N49257,1,undetected,N49257,N49257,N49257,sa1,1
23335,N93542 /1 undetected,output,,N93542,N93542,1,undetected,N93542,N93542,N93542,sa1,1
23336,N49251 /1 undetected,output,,N49251,N49251,1,undetected,N49251,N49251,N49251,sa1,1
23337,N24454 /1 undetected,output,,N24454,N24454,1,undetected,N24454,N24454,N24454,sa1,1
23338,N24454 /0 undetected,output,,N24454,N24454,0,undetected,N24454,N24454,N24454,sa0,1
23339,N75713 /1 undetected,output,,N75713,N75713,1,undetected,N75713,N75713,N75713,sa1,1
23340,N24453 /1 undetected,output,,N24453,N24453,1,undetected,N24453,N24453,N24453,sa1,1
23341,N19611 /1 undetected,output,,N19611,N19611,1,undetected,N19611,N19611,N19611,sa1,1
23342,N100181 /1 undetected,output,,N100181,N100181,1,undetected,N100181,N100181,N100181,sa1,1
23343,N19607 /1 undetected,output,,N19607,N19607,1,undetected,N19607,N19607,N19607,sa1,1
23344,N92554 /1 undetected,output,,N92554,N92554,1,undetected,N92554,N92554,N92554,sa1,1
23345,N19603 /1 undetected,output,,N19603,N19603,1,undetected,N19603,N19603,N19603,sa1,1
23346,N24431 /0 undetected,output,,N24431,N24431,0,undetected,N24431,N24431,N24431,sa0,1
23347,N107800 /1 undetected,output,,N107800,N107800,1,undetected,N107800,N107800,N107800,sa1,1
23348,N75711 /1 undetected,output,,N75711,N75711,1,undetected,N75711,N75711,N75711,sa1,1
23349,N69203 /1 undetected,output,,N69203,N69203,1,undetected,N69203,N69203,N69203,sa1,1
23350,N69189 /1 undetected,output,,N69189,N69189,1,undetected,N69189,N69189,N69189,sa1,1
23351,N83073 /1 undetected,output,,N83073,N83073,1,undetected,N83073,N83073,N83073,sa1,1
23352,N24241 /0 undetected,output,,N24241,N24241,0,undetected,N24241,N24241,N24241,sa0,1
23353,N106767 /1 undetected,output,,N106767,N106767,1,undetected,N106767,N106767,N106767,sa1,1
23354,N75801 /1 undetected,output,,N75801,N75801,1,undetected,N75801,N75801,N75801,sa1,1
23355,N24231 /1 undetected,output,,N24231,N24231,1,undetected,N24231,N24231,N24231,sa1,1
23356,N102137 /1 undetected,output,,N102137,N102137,1,undetected,N102137,N102137,N102137,sa1,1
23357,N86450 /1 undetected,output,,N86450,N86450,1,undetected,N86450,N86450,N86450,sa1,1
23358,N49476 /1 undetected,output,,N49476,N49476,1,undetected,N49476,N49476,N49476,sa1,1
23359,N105459 /1 undetected,output,,N105459,N105459,1,undetected,N105459,N105459,N105459,sa1,1
23360,N49475 /1 undetected,output,,N49475,N49475,1,undetected,N49475,N49475,N49475,sa1,1
23361,N106744 /1 undetected,output,,N106744,N106744,1,undetected,N106744,N106744,N106744,sa1,1
23362,N118977 /1 undetected,output,,N118977,N118977,1,undetected,N118977,N118977,N118977,sa1,1
23363,N106763 /1 undetected,output,,N106763,N106763,1,undetected,N106763,N106763,N106763,sa1,1
23364,N23278 /1 undetected,output,,N23278,N23278,1,undetected,N23278,N23278,N23278,sa1,1
23365,N84740 /1 undetected,output,,N84740,N84740,1,undetected,N84740,N84740,N84740,sa1,1
23366,N23277 /1 undetected,output,,N23277,N23277,1,undetected,N23277,N23277,N23277,sa1,1
23367,N86209 /1 undetected,output,,N86209,N86209,1,undetected,N86209,N86209,N86209,sa1,1
23368,N23716 /0 undetected,output,,N23716,N23716,0,undetected,N23716,N23716,N23716,sa0,1
23369,N105776 /1 undetected,output,,N105776,N105776,1,undetected,N105776,N105776,N105776,sa1,1
23370,N105752 /1 undetected,output,,N105752,N105752,1,undetected,N105752,N105752,N105752,sa1,1
23371,N54678 /1 undetected,output,,N54678,N54678,1,undetected,N54678,N54678,N54678,sa1,1
23372,N54678 /0 undetected,output,,N54678,N54678,0,undetected,N54678,N54678,N54678,sa0,1
23373,N120773 /1 undetected,output,,N120773,N120773,1,undetected,N120773,N120773,N120773,sa1,1
23374,N54676 /1 undetected,output,,N54676,N54676,1,undetected,N54676,N54676,N54676,sa1,1
23375,N120772 /1 undetected,output,,N120772,N120772,1,undetected,N120772,N120772,N120772,sa1,1
23376,N93639 /1 undetected,output,,N93639,N93639,1,undetected,N93639,N93639,N93639,sa1,1
23377,N53662 /1 undetected,output,,N53662,N53662,1,undetected,N53662,N53662,N53662,sa1,1
23378,N53662 /0 undetected,output,,N53662,N53662,0,undetected,N53662,N53662,N53662,sa0,1
23379,N120495 /1 undetected,output,,N120495,N120495,1,undetected,N120495,N120495,N120495,sa1,1
23380,N53654 /1 undetected,output,,N53654,N53654,1,undetected,N53654,N53654,N53654,sa1,1
23381,N49283 /1 undetected,output,,N49283,N49283,1,undetected,N49283,N49283,N49283,sa1,1
23382,N49283 /0 undetected,output,,N49283,N49283,0,undetected,N49283,N49283,N49283,sa0,1
23383,N49282 /1 undetected,output,,N49282,N49282,1,undetected,N49282,N49282,N49282,sa1,1
23384,N118913 /1 undetected,output,,N118913,N118913,1,undetected,N118913,N118913,N118913,sa1,1
23385,N93682 /1 undetected,output,,N93682,N93682,1,undetected,N93682,N93682,N93682,sa1,1
23386,N49276 /1 undetected,output,,N49276,N49276,1,undetected,N49276,N49276,N49276,sa1,1
23387,N49274 /1 undetected,output,,N49274,N49274,1,undetected,N49274,N49274,N49274,sa1,1
23388,N24624 /1 undetected,output,,N24624,N24624,1,undetected,N24624,N24624,N24624,sa1,1
23389,N93649 /1 undetected,output,,N93649,N93649,1,undetected,N93649,N93649,N93649,sa1,1
23390,N24622 /1 undetected,output,,N24622,N24622,1,undetected,N24622,N24622,N24622,sa1,1
23391,N107939 /1 undetected,output,,N107939,N107939,1,undetected,N107939,N107939,N107939,sa1,1
23392,N105907 /1 undetected,output,,N105907,N105907,1,undetected,N105907,N105907,N105907,sa1,1
23393,N55445 /1 undetected,output,,N55445,N55445,1,undetected,N55445,N55445,N55445,sa1,1
23394,N55445 /0 undetected,output,,N55445,N55445,0,undetected,N55445,N55445,N55445,sa0,1
23395,N120963 /1 undetected,output,,N120963,N120963,1,undetected,N120963,N120963,N120963,sa1,1
23396,N85737 /1 undetected,output,,N85737,N85737,1,undetected,N85737,N85737,N85737,sa1,1
23397,N23840 /1 undetected,output,,N23840,N23840,1,undetected,N23840,N23840,N23840,sa1,1
23398,N23840 /0 undetected,output,,N23840,N23840,0,undetected,N23840,N23840,N23840,sa0,1
23399,N85677 /1 undetected,output,,N85677,N85677,1,undetected,N85677,N85677,N85677,sa1,1
23400,N23816 /1 undetected,output,,N23816,N23816,1,undetected,N23816,N23816,N23816,sa1,1
23401,N23818 /1 undetected,output,,N23818,N23818,1,undetected,N23818,N23818,N23818,sa1,1
23402,N85676 /1 undetected,output,,N85676,N85676,1,undetected,N85676,N85676,N85676,sa1,1
23403,N8730 /1 undetected,output,,N8730,N8730,1,undetected,N8730,N8730,N8730,sa1,1
23404,N8730 /0 undetected,output,,N8730,N8730,0,undetected,N8730,N8730,N8730,sa0,1
23405,N2662 /1 undetected,output,,N2662,N2662,1,undetected,N2662,N2662,N2662,sa1,1
23406,N94554 /1 undetected,output,,N94554,N94554,1,undetected,N94554,N94554,N94554,sa1,1
23407,N93358 /1 undetected,output,,N93358,N93358,1,undetected,N93358,N93358,N93358,sa1,1
23408,N2660 /1 undetected,output,,N2660,N2660,1,undetected,N2660,N2660,N2660,sa1,1
23409,N4165 /1 undetected,output,,N4165,N4165,1,undetected,N4165,N4165,N4165,sa1,1
23410,N96811 /1 undetected,output,,N96811,N96811,1,undetected,N96811,N96811,N96811,sa1,1
23411,N4164 /1 undetected,output,,N4164,N4164,1,undetected,N4164,N4164,N4164,sa1,1
23412,N96487 /1 undetected,output,,N96487,N96487,1,undetected,N96487,N96487,N96487,sa1,1
23413,N96184 /1 undetected,output,,N96184,N96184,1,undetected,N96184,N96184,N96184,sa1,1
23414,N96320 /1 undetected,output,,N96320,N96320,1,undetected,N96320,N96320,N96320,sa1,1
23415,N83875 /1 undetected,output,,N83875,N83875,1,undetected,N83875,N83875,N83875,sa1,1
23416,N3602 /1 undetected,output,,N3602,N3602,1,undetected,N3602,N3602,N3602,sa1,1
23417,N3602 /0 undetected,output,,N3602,N3602,0,undetected,N3602,N3602,N3602,sa0,1
23418,N96485 /1 undetected,output,,N96485,N96485,1,undetected,N96485,N96485,N96485,sa1,1
23419,N3600 /1 undetected,output,,N3600,N3600,1,undetected,N3600,N3600,N3600,sa1,1
23420,N96493 /1 undetected,output,,N96493,N96493,1,undetected,N96493,N96493,N96493,sa1,1
23421,N96341 /1 undetected,output,,N96341,N96341,1,undetected,N96341,N96341,N96341,sa1,1
23422,N2470 /1 undetected,output,,N2470,N2470,1,undetected,N2470,N2470,N2470,sa1,1
23423,N2470 /0 undetected,output,,N2470,N2470,0,undetected,N2470,N2470,N2470,sa0,1
23424,N2469 /1 undetected,output,,N2469,N2469,1,undetected,N2469,N2469,N2469,sa1,1
23425,N93433 /1 undetected,output,,N93433,N93433,1,undetected,N93433,N93433,N93433,sa1,1
23426,N2169 /1 undetected,output,,N2169,N2169,1,undetected,N2169,N2169,N2169,sa1,1
23427,N2464 /1 undetected,output,,N2464,N2464,1,undetected,N2464,N2464,N2464,sa1,1
23428,N93430 /1 undetected,output,,N93430,N93430,1,undetected,N93430,N93430,N93430,sa1,1
23429,N92846 /1 undetected,output,,N92846,N92846,1,undetected,N92846,N92846,N92846,sa1,1
23430,N24439 /1 undetected,output,,N24439,N24439,1,undetected,N24439,N24439,N24439,sa1,1
23431,N24439 /0 undetected,output,,N24439,N24439,0,undetected,N24439,N24439,N24439,sa0,1
23432,N24438 /1 undetected,output,,N24438,N24438,1,undetected,N24438,N24438,N24438,sa1,1
23433,N86040 /1 undetected,output,,N86040,N86040,1,undetected,N86040,N86040,N86040,sa1,1
23434,N24417 /1 undetected,output,,N24417,N24417,1,undetected,N24417,N24417,N24417,sa1,1
23435,N105481 /1 undetected,output,,N105481,N105481,1,undetected,N105481,N105481,N105481,sa1,1
23436,N24411 /1 undetected,output,,N24411,N24411,1,undetected,N24411,N24411,N24411,sa1,1
23437,N105476 /1 undetected,output,,N105476,N105476,1,undetected,N105476,N105476,N105476,sa1,1
23438,N80354 /1 undetected,output,,N80354,N80354,1,undetected,N80354,N80354,N80354,sa1,1
23439,N24436 /1 undetected,output,,N24436,N24436,1,undetected,N24436,N24436,N24436,sa1,1
23440,N76252 /1 undetected,output,,N76252,N76252,1,undetected,N76252,N76252,N76252,sa1,1
23441,N24427 /1 undetected,output,,N24427,N24427,1,undetected,N24427,N24427,N24427,sa1,1
23442,N105456 /1 undetected,output,,N105456,N105456,1,undetected,N105456,N105456,N105456,sa1,1
23443,N24421 /1 undetected,output,,N24421,N24421,1,undetected,N24421,N24421,N24421,sa1,1
23444,N105450 /1 undetected,output,,N105450,N105450,1,undetected,N105450,N105450,N105450,sa1,1
23445,N80355 /1 undetected,output,,N80355,N80355,1,undetected,N80355,N80355,N80355,sa1,1
23446,N24268 /1 undetected,output,,N24268,N24268,1,undetected,N24268,N24268,N24268,sa1,1
23447,N24268 /0 undetected,output,,N24268,N24268,0,undetected,N24268,N24268,N24268,sa0,1
23448,N24267 /1 undetected,output,,N24267,N24267,1,undetected,N24267,N24267,N24267,sa1,1
23449,N86039 /1 undetected,output,,N86039,N86039,1,undetected,N86039,N86039,N86039,sa1,1
23450,N24219 /1 undetected,output,,N24219,N24219,1,undetected,N24219,N24219,N24219,sa1,1
23451,N105480 /1 undetected,output,,N105480,N105480,1,undetected,N105480,N105480,N105480,sa1,1
23452,N24211 /1 undetected,output,,N24211,N24211,1,undetected,N24211,N24211,N24211,sa1,1
23453,N105475 /1 undetected,output,,N105475,N105475,1,undetected,N105475,N105475,N105475,sa1,1
23454,N80348 /1 undetected,output,,N80348,N80348,1,undetected,N80348,N80348,N80348,sa1,1
23455,N24265 /1 undetected,output,,N24265,N24265,1,undetected,N24265,N24265,N24265,sa1,1
23456,N76251 /1 undetected,output,,N76251,N76251,1,undetected,N76251,N76251,N76251,sa1,1
23457,N24227 /1 undetected,output,,N24227,N24227,1,undetected,N24227,N24227,N24227,sa1,1
23458,N105455 /1 undetected,output,,N105455,N105455,1,undetected,N105455,N105455,N105455,sa1,1
23459,N24213 /1 undetected,output,,N24213,N24213,1,undetected,N24213,N24213,N24213,sa1,1
23460,N105448 /1 undetected,output,,N105448,N105448,1,undetected,N105448,N105448,N105448,sa1,1
23461,N80349 /1 undetected,output,,N80349,N80349,1,undetected,N80349,N80349,N80349,sa1,1
23462,N24237 /1 undetected,output,,N24237,N24237,1,undetected,N24237,N24237,N24237,sa1,1
23463,N24237 /0 undetected,output,,N24237,N24237,0,undetected,N24237,N24237,N24237,sa0,1
23464,N54913 /0 undetected,output,,N54913,N54913,0,undetected,N54913,N54913,N54913,sa0,1
23465,N106747 /1 undetected,output,,N106747,N106747,1,undetected,N106747,N106747,N106747,sa1,1
23466,N85576 /1 undetected,output,,N85576,N85576,1,undetected,N85576,N85576,N85576,sa1,1
23467,N24205 /1 undetected,output,,N24205,N24205,1,undetected,N24205,N24205,N24205,sa1,1
23468,N24205 /0 undetected,output,,N24205,N24205,0,undetected,N24205,N24205,N24205,sa0,1
23469,N106746 /1 undetected,output,,N106746,N106746,1,undetected,N106746,N106746,N106746,sa1,1
23470,N75799 /1 undetected,output,,N75799,N75799,1,undetected,N75799,N75799,N75799,sa1,1
23471,N24191 /1 undetected,output,,N24191,N24191,1,undetected,N24191,N24191,N24191,sa1,1
23472,N24191 /0 undetected,output,,N24191,N24191,0,undetected,N24191,N24191,N24191,sa0,1
23473,N23606 /0 undetected,output,,N23606,N23606,0,undetected,N23606,N23606,N23606,sa0,1
23474,N85520 /1 undetected,output,,N85520,N85520,1,undetected,N85520,N85520,N85520,sa1,1
23475,N23605 /1 undetected,output,,N23605,N23605,1,undetected,N23605,N23605,N23605,sa1,1
23476,N13026 /1 undetected,output,,N13026,N13026,1,undetected,N13026,N13026,N13026,sa1,1
23477,N13026 /0 undetected,output,,N13026,N13026,0,undetected,N13026,N13026,N13026,sa0,1
23478,N100968 /1 undetected,output,,N100968,N100968,1,undetected,N100968,N100968,N100968,sa1,1
23479,N13025 /1 undetected,output,,N13025,N13025,1,undetected,N13025,N13025,N13025,sa1,1
23480,N13023 /1 undetected,output,,N13023,N13023,1,undetected,N13023,N13023,N13023,sa1,1
23481,N100856 /1 undetected,output,,N100856,N100856,1,undetected,N100856,N100856,N100856,sa1,1
23482,N100664 /1 undetected,output,,N100664,N100664,1,undetected,N100664,N100664,N100664,sa1,1
23483,N13022 /1 undetected,output,,N13022,N13022,1,undetected,N13022,N13022,N13022,sa1,1
23484,N13016 /1 undetected,output,,N13016,N13016,1,undetected,N13016,N13016,N13016,sa1,1
23485,N13016 /0 undetected,output,,N13016,N13016,0,undetected,N13016,N13016,N13016,sa0,1
23486,N100967 /1 undetected,output,,N100967,N100967,1,undetected,N100967,N100967,N100967,sa1,1
23487,N13015 /1 undetected,output,,N13015,N13015,1,undetected,N13015,N13015,N13015,sa1,1
23488,N100883 /1 undetected,output,,N100883,N100883,1,undetected,N100883,N100883,N100883,sa1,1
23489,N13013 /1 undetected,output,,N13013,N13013,1,undetected,N13013,N13013,N13013,sa1,1
23490,N13006 /1 undetected,output,,N13006,N13006,1,undetected,N13006,N13006,N13006,sa1,1
23491,N13006 /0 undetected,output,,N13006,N13006,0,undetected,N13006,N13006,N13006,sa0,1
23492,N100966 /1 undetected,output,,N100966,N100966,1,undetected,N100966,N100966,N100966,sa1,1
23493,N13005 /1 undetected,output,,N13005,N13005,1,undetected,N13005,N13005,N13005,sa1,1
23494,N100996 /1 undetected,output,,N100996,N100996,1,undetected,N100996,N100996,N100996,sa1,1
23495,N93285 /1 undetected,output,,N93285,N93285,1,undetected,N93285,N93285,N93285,sa1,1
23496,N12999 /1 undetected,output,,N12999,N12999,1,undetected,N12999,N12999,N12999,sa1,1
23497,N12999 /0 undetected,output,,N12999,N12999,0,undetected,N12999,N12999,N12999,sa0,1
23498,N100965 /1 undetected,output,,N100965,N100965,1,undetected,N100965,N100965,N100965,sa1,1
23499,N12998 /1 undetected,output,,N12998,N12998,1,undetected,N12998,N12998,N12998,sa1,1
23500,N100991 /1 undetected,output,,N100991,N100991,1,undetected,N100991,N100991,N100991,sa1,1
23501,N100764 /1 undetected,output,,N100764,N100764,1,undetected,N100764,N100764,N100764,sa1,1
23502,N12983 /1 undetected,output,,N12983,N12983,1,undetected,N12983,N12983,N12983,sa1,1
23503,N12983 /0 undetected,output,,N12983,N12983,0,undetected,N12983,N12983,N12983,sa0,1
23504,N100964 /1 undetected,output,,N100964,N100964,1,undetected,N100964,N100964,N100964,sa1,1
23505,N100879 /1 undetected,output,,N100879,N100879,1,undetected,N100879,N100879,N100879,sa1,1
23506,N12979 /1 undetected,output,,N12979,N12979,1,undetected,N12979,N12979,N12979,sa1,1
23507,N12979 /0 undetected,output,,N12979,N12979,0,undetected,N12979,N12979,N12979,sa0,1
23508,N100963 /1 undetected,output,,N100963,N100963,1,undetected,N100963,N100963,N100963,sa1,1
23509,N100774 /1 undetected,output,,N100774,N100774,1,undetected,N100774,N100774,N100774,sa1,1
23510,N12976 /1 undetected,output,,N12976,N12976,1,undetected,N12976,N12976,N12976,sa1,1
23511,N12976 /0 undetected,output,,N12976,N12976,0,undetected,N12976,N12976,N12976,sa0,1
23512,N100962 /1 undetected,output,,N100962,N100962,1,undetected,N100962,N100962,N100962,sa1,1
23513,N100733 /1 undetected,output,,N100733,N100733,1,undetected,N100733,N100733,N100733,sa1,1
23514,N12963 /1 undetected,output,,N12963,N12963,1,undetected,N12963,N12963,N12963,sa1,1
23515,N12963 /0 undetected,output,,N12963,N12963,0,undetected,N12963,N12963,N12963,sa0,1
23516,N100961 /1 undetected,output,,N100961,N100961,1,undetected,N100961,N100961,N100961,sa1,1
23517,N100786 /1 undetected,output,,N100786,N100786,1,undetected,N100786,N100786,N100786,sa1,1
23518,N12919 /1 undetected,output,,N12919,N12919,1,undetected,N12919,N12919,N12919,sa1,1
23519,N12919 /0 undetected,output,,N12919,N12919,0,undetected,N12919,N12919,N12919,sa0,1
23520,N100713 /1 undetected,output,,N100713,N100713,1,undetected,N100713,N100713,N100713,sa1,1
23521,N12918 /1 undetected,output,,N12918,N12918,1,undetected,N12918,N12918,N12918,sa1,1
23522,N100895 /1 undetected,output,,N100895,N100895,1,undetected,N100895,N100895,N100895,sa1,1
23523,N100737 /1 undetected,output,,N100737,N100737,1,undetected,N100737,N100737,N100737,sa1,1
23524,N12898 /1 undetected,output,,N12898,N12898,1,undetected,N12898,N12898,N12898,sa1,1
23525,N12898 /0 undetected,output,,N12898,N12898,0,undetected,N12898,N12898,N12898,sa0,1
23526,N100712 /1 undetected,output,,N100712,N100712,1,undetected,N100712,N100712,N100712,sa1,1
23527,N12897 /1 undetected,output,,N12897,N12897,1,undetected,N12897,N12897,N12897,sa1,1
23528,N100882 /1 undetected,output,,N100882,N100882,1,undetected,N100882,N100882,N100882,sa1,1
23529,N12834 /1 undetected,output,,N12834,N12834,1,undetected,N12834,N12834,N12834,sa1,1
23530,N12892 /1 undetected,output,,N12892,N12892,1,undetected,N12892,N12892,N12892,sa1,1
23531,N12892 /0 undetected,output,,N12892,N12892,0,undetected,N12892,N12892,N12892,sa0,1
23532,N100878 /1 undetected,output,,N100878,N100878,1,undetected,N100878,N100878,N100878,sa1,1
23533,N100711 /1 undetected,output,,N100711,N100711,1,undetected,N100711,N100711,N100711,sa1,1
23534,N12873 /1 undetected,output,,N12873,N12873,1,undetected,N12873,N12873,N12873,sa1,1
23535,N12873 /0 undetected,output,,N12873,N12873,0,undetected,N12873,N12873,N12873,sa0,1
23536,N100710 /1 undetected,output,,N100710,N100710,1,undetected,N100710,N100710,N100710,sa1,1
23537,N12872 /1 undetected,output,,N12872,N12872,1,undetected,N12872,N12872,N12872,sa1,1
23538,N100861 /1 undetected,output,,N100861,N100861,1,undetected,N100861,N100861,N100861,sa1,1
23539,N93282 /1 undetected,output,,N93282,N93282,1,undetected,N93282,N93282,N93282,sa1,1
23540,N12850 /1 undetected,output,,N12850,N12850,1,undetected,N12850,N12850,N12850,sa1,1
23541,N93364 /1 undetected,output,,N93364,N93364,1,undetected,N93364,N93364,N93364,sa1,1
23542,N12841 /1 undetected,output,,N12841,N12841,1,undetected,N12841,N12841,N12841,sa1,1
23543,N12841 /0 undetected,output,,N12841,N12841,0,undetected,N12841,N12841,N12841,sa0,1
23544,N100709 /1 undetected,output,,N100709,N100709,1,undetected,N100709,N100709,N100709,sa1,1
23545,N12840 /1 undetected,output,,N12840,N12840,1,undetected,N12840,N12840,N12840,sa1,1
23546,N12785 /1 undetected,output,,N12785,N12785,1,undetected,N12785,N12785,N12785,sa1,1
23547,N12785 /0 undetected,output,,N12785,N12785,0,undetected,N12785,N12785,N12785,sa0,1
23548,N100785 /1 undetected,output,,N100785,N100785,1,undetected,N100785,N100785,N100785,sa1,1
23549,N100708 /1 undetected,output,,N100708,N100708,1,undetected,N100708,N100708,N100708,sa1,1
23550,N12759 /1 undetected,output,,N12759,N12759,1,undetected,N12759,N12759,N12759,sa1,1
23551,N12759 /0 undetected,output,,N12759,N12759,0,undetected,N12759,N12759,N12759,sa0,1
23552,N100773 /1 undetected,output,,N100773,N100773,1,undetected,N100773,N100773,N100773,sa1,1
23553,N100707 /1 undetected,output,,N100707,N100707,1,undetected,N100707,N100707,N100707,sa1,1
23554,N12752 /1 undetected,output,,N12752,N12752,1,undetected,N12752,N12752,N12752,sa1,1
23555,N100706 /1 undetected,output,,N100706,N100706,1,undetected,N100706,N100706,N100706,sa1,1
23556,N12751 /1 undetected,output,,N12751,N12751,1,undetected,N12751,N12751,N12751,sa1,1
23557,N100767 /1 undetected,output,,N100767,N100767,1,undetected,N100767,N100767,N100767,sa1,1
23558,N12695 /1 undetected,output,,N12695,N12695,1,undetected,N12695,N12695,N12695,sa1,1
23559,N12695 /0 undetected,output,,N12695,N12695,0,undetected,N12695,N12695,N12695,sa0,1
23560,N100705 /1 undetected,output,,N100705,N100705,1,undetected,N100705,N100705,N100705,sa1,1
23561,N12694 /1 undetected,output,,N12694,N12694,1,undetected,N12694,N12694,N12694,sa1,1
23562,N100743 /1 undetected,output,,N100743,N100743,1,undetected,N100743,N100743,N100743,sa1,1
23563,N100736 /1 undetected,output,,N100736,N100736,1,undetected,N100736,N100736,N100736,sa1,1
23564,N12685 /1 undetected,output,,N12685,N12685,1,undetected,N12685,N12685,N12685,sa1,1
23565,N12685 /0 undetected,output,,N12685,N12685,0,undetected,N12685,N12685,N12685,sa0,1
23566,N100732 /1 undetected,output,,N100732,N100732,1,undetected,N100732,N100732,N100732,sa1,1
23567,N100704 /1 undetected,output,,N100704,N100704,1,undetected,N100704,N100704,N100704,sa1,1
23568,N23614 /0 undetected,output,,N23614,N23614,0,undetected,N23614,N23614,N23614,sa0,1
23569,N86451 /1 undetected,output,,N86451,N86451,1,undetected,N86451,N86451,N86451,sa1,1
23570,N49224 /1 undetected,output,,N49224,N49224,1,undetected,N49224,N49224,N49224,sa1,1
23571,N108013 /1 undetected,output,,N108013,N108013,1,undetected,N108013,N108013,N108013,sa1,1
23572,N107795 /1 undetected,output,,N107795,N107795,1,undetected,N107795,N107795,N107795,sa1,1
23573,N82076 /1 undetected,output,,N82076,N82076,1,undetected,N82076,N82076,N82076,sa1,1
23574,N15249 /1 undetected,output,,N15249,N15249,1,undetected,N15249,N15249,N15249,sa1,1
23575,N94697 /1 undetected,output,,N94697,N94697,1,undetected,N94697,N94697,N94697,sa1,1
23576,N15244 /1 undetected,output,,N15244,N15244,1,undetected,N15244,N15244,N15244,sa1,1
23577,N77084 /1 undetected,output,,N77084,N77084,1,undetected,N77084,N77084,N77084,sa1,1
23578,N15242 /1 undetected,output,,N15242,N15242,1,undetected,N15242,N15242,N15242,sa1,1
23579,N54137 /1 undetected,output,,N54137,N54137,1,undetected,N54137,N54137,N54137,sa1,1
23580,N54137 /0 undetected,output,,N54137,N54137,0,undetected,N54137,N54137,N54137,sa0,1
23581,N54136 /1 undetected,output,,N54136,N54136,1,undetected,N54136,N54136,N54136,sa1,1
23582,N54135 /1 undetected,output,,N54135,N54135,1,undetected,N54135,N54135,N54135,sa1,1
23583,N54133 /1 undetected,output,,N54133,N54133,1,undetected,N54133,N54133,N54133,sa1,1
23584,N93621 /1 undetected,output,,N93621,N93621,1,undetected,N93621,N93621,N93621,sa1,1
23585,N54132 /1 undetected,output,,N54132,N54132,1,undetected,N54132,N54132,N54132,sa1,1
23586,N120463 /1 undetected,output,,N120463,N120463,1,undetected,N120463,N120463,N120463,sa1,1
23587,N93609 /1 undetected,output,,N93609,N93609,1,undetected,N93609,N93609,N93609,sa1,1
23588,N54130 /1 undetected,output,,N54130,N54130,1,undetected,N54130,N54130,N54130,sa1,1
23589,N120468 /1 undetected,output,,N120468,N120468,1,undetected,N120468,N120468,N120468,sa1,1
23590,N107867 /1 undetected,output,,N107867,N107867,1,undetected,N107867,N107867,N107867,sa1,1
23591,N54128 /1 undetected,output,,N54128,N54128,1,undetected,N54128,N54128,N54128,sa1,1
23592,N120549 /1 undetected,output,,N120549,N120549,1,undetected,N120549,N120549,N120549,sa1,1
23593,N120466 /1 undetected,output,,N120466,N120466,1,undetected,N120466,N120466,N120466,sa1,1
23594,N54126 /1 undetected,output,,N54126,N54126,1,undetected,N54126,N54126,N54126,sa1,1
23595,N54124 /1 undetected,output,,N54124,N54124,1,undetected,N54124,N54124,N54124,sa1,1
23596,N75870 /1 undetected,output,,N75870,N75870,1,undetected,N75870,N75870,N75870,sa1,1
23597,N54123 /1 undetected,output,,N54123,N54123,1,undetected,N54123,N54123,N54123,sa1,1
23598,N120568 /1 undetected,output,,N120568,N120568,1,undetected,N120568,N120568,N120568,sa1,1
23599,N120462 /1 undetected,output,,N120462,N120462,1,undetected,N120462,N120462,N120462,sa1,1
23600,N54121 /1 undetected,output,,N54121,N54121,1,undetected,N54121,N54121,N54121,sa1,1
23601,N120636 /1 undetected,output,,N120636,N120636,1,undetected,N120636,N120636,N120636,sa1,1
23602,N120632 /1 undetected,output,,N120632,N120632,1,undetected,N120632,N120632,N120632,sa1,1
23603,N49333 /1 undetected,output,,N49333,N49333,1,undetected,N49333,N49333,N49333,sa1,1
23604,N49331 /1 undetected,output,,N49331,N49331,1,undetected,N49331,N49331,N49331,sa1,1
23605,N118928 /1 undetected,output,,N118928,N118928,1,undetected,N118928,N118928,N118928,sa1,1
23606,N49329 /1 undetected,output,,N49329,N49329,1,undetected,N49329,N49329,N49329,sa1,1
23607,N118898 /1 undetected,output,,N118898,N118898,1,undetected,N118898,N118898,N118898,sa1,1
23608,N93403 /1 undetected,output,,N93403,N93403,1,undetected,N93403,N93403,N93403,sa1,1
23609,N49327 /1 undetected,output,,N49327,N49327,1,undetected,N49327,N49327,N49327,sa1,1
23610,N118938 /1 undetected,output,,N118938,N118938,1,undetected,N118938,N118938,N118938,sa1,1
23611,N93585 /1 undetected,output,,N93585,N93585,1,undetected,N93585,N93585,N93585,sa1,1
23612,N109119 /1 undetected,output,,N109119,N109119,1,undetected,N109119,N109119,N109119,sa1,1
23613,N49310 /1 undetected,output,,N49310,N49310,1,undetected,N49310,N49310,N49310,sa1,1
23614,N49310 /0 undetected,output,,N49310,N49310,0,undetected,N49310,N49310,N49310,sa0,1
23615,N118904 /1 undetected,output,,N118904,N118904,1,undetected,N118904,N118904,N118904,sa1,1
23616,N49309 /1 undetected,output,,N49309,N49309,1,undetected,N49309,N49309,N49309,sa1,1
23617,N93543 /1 undetected,output,,N93543,N93543,1,undetected,N93543,N93543,N93543,sa1,1
23618,N49304 /1 undetected,output,,N49304,N49304,1,undetected,N49304,N49304,N49304,sa1,1
23619,N25256 /1 undetected,output,,N25256,N25256,1,undetected,N25256,N25256,N25256,sa1,1
23620,N25256 /0 undetected,output,,N25256,N25256,0,undetected,N25256,N25256,N25256,sa0,1
23621,N25255 /1 undetected,output,,N25255,N25255,1,undetected,N25255,N25255,N25255,sa1,1
23622,N109143 /1 undetected,output,,N109143,N109143,1,undetected,N109143,N109143,N109143,sa1,1
23623,N109139 /1 undetected,output,,N109139,N109139,1,undetected,N109139,N109139,N109139,sa1,1
23624,N25242 /1 undetected,output,,N25242,N25242,1,undetected,N25242,N25242,N25242,sa1,1
23625,N108908 /1 undetected,output,,N108908,N108908,1,undetected,N108908,N108908,N108908,sa1,1
23626,N105760 /1 undetected,output,,N105760,N105760,1,undetected,N105760,N105760,N105760,sa1,1
23627,N25004 /1 undetected,output,,N25004,N25004,1,undetected,N25004,N25004,N25004,sa1,1
23628,N25004 /0 undetected,output,,N25004,N25004,0,undetected,N25004,N25004,N25004,sa0,1
23629,N108960 /1 undetected,output,,N108960,N108960,1,undetected,N108960,N108960,N108960,sa1,1
23630,N25003 /1 undetected,output,,N25003,N25003,1,undetected,N25003,N25003,N25003,sa1,1
23631,N108970 /1 undetected,output,,N108970,N108970,1,undetected,N108970,N108970,N108970,sa1,1
23632,N85654 /1 undetected,output,,N85654,N85654,1,undetected,N85654,N85654,N85654,sa1,1
23633,N54086 /1 undetected,output,,N54086,N54086,1,undetected,N54086,N54086,N54086,sa1,1
23634,N54086 /0 undetected,output,,N54086,N54086,0,undetected,N54086,N54086,N54086,sa0,1
23635,N120618 /1 undetected,output,,N120618,N120618,1,undetected,N120618,N120618,N120618,sa1,1
23636,N108982 /1 undetected,output,,N108982,N108982,1,undetected,N108982,N108982,N108982,sa1,1
23637,N25013 /1 undetected,output,,N25013,N25013,1,undetected,N25013,N25013,N25013,sa1,1
23638,N25013 /0 undetected,output,,N25013,N25013,0,undetected,N25013,N25013,N25013,sa0,1
23639,N108981 /1 undetected,output,,N108981,N108981,1,undetected,N108981,N108981,N108981,sa1,1
23640,N108971 /1 undetected,output,,N108971,N108971,1,undetected,N108971,N108971,N108971,sa1,1
23641,N49578 /1 undetected,output,,N49578,N49578,1,undetected,N49578,N49578,N49578,sa1,1
23642,N49578 /0 undetected,output,,N49578,N49578,0,undetected,N49578,N49578,N49578,sa0,1
23643,N49577 /1 undetected,output,,N49577,N49577,1,undetected,N49577,N49577,N49577,sa1,1
23644,N49576 /1 undetected,output,,N49576,N49576,1,undetected,N49576,N49576,N49576,sa1,1
23645,N119036 /1 undetected,output,,N119036,N119036,1,undetected,N119036,N119036,N119036,sa1,1
23646,N118798 /1 undetected,output,,N118798,N118798,1,undetected,N118798,N118798,N118798,sa1,1
23647,N49572 /1 undetected,output,,N49572,N49572,1,undetected,N49572,N49572,N49572,sa1,1
23648,N49570 /1 undetected,output,,N49570,N49570,1,undetected,N49570,N49570,N49570,sa1,1
23649,N119013 /1 undetected,output,,N119013,N119013,1,undetected,N119013,N119013,N119013,sa1,1
23650,N49568 /1 undetected,output,,N49568,N49568,1,undetected,N49568,N49568,N49568,sa1,1
23651,N93569 /1 undetected,output,,N93569,N93569,1,undetected,N93569,N93569,N93569,sa1,1
23652,N49566 /1 undetected,output,,N49566,N49566,1,undetected,N49566,N49566,N49566,sa1,1
23653,N55441 /1 undetected,output,,N55441,N55441,1,undetected,N55441,N55441,N55441,sa1,1
23654,N55441 /0 undetected,output,,N55441,N55441,0,undetected,N55441,N55441,N55441,sa0,1
23655,N25070 /1 undetected,output,,N25070,N25070,1,undetected,N25070,N25070,N25070,sa1,1
23656,N25070 /0 undetected,output,,N25070,N25070,0,undetected,N25070,N25070,N25070,sa0,1
23657,N25069 /1 undetected,output,,N25069,N25069,1,undetected,N25069,N25069,N25069,sa1,1
23658,N107860 /1 undetected,output,,N107860,N107860,1,undetected,N107860,N107860,N107860,sa1,1
23659,N24142 /1 undetected,output,,N24142,N24142,1,undetected,N24142,N24142,N24142,sa1,1
23660,N106684 /1 undetected,output,,N106684,N106684,1,undetected,N106684,N106684,N106684,sa1,1
23661,N24139 /1 undetected,output,,N24139,N24139,1,undetected,N24139,N24139,N24139,sa1,1
23662,N106689 /1 undetected,output,,N106689,N106689,1,undetected,N106689,N106689,N106689,sa1,1
23663,N75796 /1 undetected,output,,N75796,N75796,1,undetected,N75796,N75796,N75796,sa1,1
23664,N25067 /1 undetected,output,,N25067,N25067,1,undetected,N25067,N25067,N25067,sa1,1
23665,N109012 /1 undetected,output,,N109012,N109012,1,undetected,N109012,N109012,N109012,sa1,1
23666,N25065 /1 undetected,output,,N25065,N25065,1,undetected,N25065,N25065,N25065,sa1,1
23667,N93541 /1 undetected,output,,N93541,N93541,1,undetected,N93541,N93541,N93541,sa1,1
23668,N25063 /1 undetected,output,,N25063,N25063,1,undetected,N25063,N25063,N25063,sa1,1
23669,N107846 /1 undetected,output,,N107846,N107846,1,undetected,N107846,N107846,N107846,sa1,1
23670,N106693 /1 undetected,output,,N106693,N106693,1,undetected,N106693,N106693,N106693,sa1,1
23671,N24052 /1 undetected,output,,N24052,N24052,1,undetected,N24052,N24052,N24052,sa1,1
23672,N24052 /0 undetected,output,,N24052,N24052,0,undetected,N24052,N24052,N24052,sa0,1
23673,N106586 /1 undetected,output,,N106586,N106586,1,undetected,N106586,N106586,N106586,sa1,1
23674,N106577 /1 undetected,output,,N106577,N106577,1,undetected,N106577,N106577,N106577,sa1,1
23675,N24051 /1 undetected,output,,N24051,N24051,1,undetected,N24051,N24051,N24051,sa1,1
23676,N24051 /0 undetected,output,,N24051,N24051,0,undetected,N24051,N24051,N24051,sa0,1
23677,N25079 /1 undetected,output,,N25079,N25079,1,undetected,N25079,N25079,N25079,sa1,1
23678,N25079 /0 undetected,output,,N25079,N25079,0,undetected,N25079,N25079,N25079,sa0,1
23679,N109031 /1 undetected,output,,N109031,N109031,1,undetected,N109031,N109031,N109031,sa1,1
23680,N109029 /1 undetected,output,,N109029,N109029,1,undetected,N109029,N109029,N109029,sa1,1
23681,N8917 /1 undetected,output,,N8917,N8917,1,undetected,N8917,N8917,N8917,sa1,1
23682,N98743 /1 undetected,output,,N98743,N98743,1,undetected,N98743,N98743,N98743,sa1,1
23683,N8915 /1 undetected,output,,N8915,N8915,1,undetected,N8915,N8915,N8915,sa1,1
23684,N93436 /1 undetected,output,,N93436,N93436,1,undetected,N93436,N93436,N93436,sa1,1
23685,N86621 /1 undetected,output,,N86621,N86621,1,undetected,N86621,N86621,N86621,sa1,1
23686,N69123 /0 undetected,output,,N69123,N69123,0,undetected,N69123,N69123,N69123,sa0,1
23687,N69121 /1 undetected,output,,N69121,N69121,1,undetected,N69121,N69121,N69121,sa1,1
23688,N90866 /1 undetected,output,,N90866,N90866,1,undetected,N90866,N90866,N90866,sa1,1
23689,N69112 /1 undetected,output,,N69112,N69112,1,undetected,N69112,N69112,N69112,sa1,1
23690,N90897 /1 undetected,output,,N90897,N90897,1,undetected,N90897,N90897,N90897,sa1,1
23691,N69110 /1 undetected,output,,N69110,N69110,1,undetected,N69110,N69110,N69110,sa1,1
23692,N86791 /1 undetected,output,,N86791,N86791,1,undetected,N86791,N86791,N86791,sa1,1
23693,N69109 /1 undetected,output,,N69109,N69109,1,undetected,N69109,N69109,N69109,sa1,1
23694,N83169 /1 undetected,output,,N83169,N83169,1,undetected,N83169,N83169,N83169,sa1,1
23695,N69107 /1 undetected,output,,N69107,N69107,1,undetected,N69107,N69107,N69107,sa1,1
23696,N83090 /1 undetected,output,,N83090,N83090,1,undetected,N83090,N83090,N83090,sa1,1
23697,N69097 /1 undetected,output,,N69097,N69097,1,undetected,N69097,N69097,N69097,sa1,1
23698,N77261 /1 undetected,output,,N77261,N77261,1,undetected,N77261,N77261,N77261,sa1,1
23699,N69096 /1 undetected,output,,N69096,N69096,1,undetected,N69096,N69096,N69096,sa1,1
23700,N90895 /1 undetected,output,,N90895,N90895,1,undetected,N90895,N90895,N90895,sa1,1
23701,N69094 /1 undetected,output,,N69094,N69094,1,undetected,N69094,N69094,N69094,sa1,1
23702,N83168 /1 undetected,output,,N83168,N83168,1,undetected,N83168,N83168,N83168,sa1,1
23703,N24675 /1 undetected,output,,N24675,N24675,1,undetected,N24675,N24675,N24675,sa1,1
23704,N24675 /0 undetected,output,,N24675,N24675,0,undetected,N24675,N24675,N24675,sa0,1
23705,N24203 /1 undetected,output,,N24203,N24203,1,undetected,N24203,N24203,N24203,sa1,1
23706,N24203 /0 undetected,output,,N24203,N24203,0,undetected,N24203,N24203,N24203,sa0,1
23707,N24194 /0 undetected,output,,N24194,N24194,0,undetected,N24194,N24194,N24194,sa0,1
23708,N105496 /1 undetected,output,,N105496,N105496,1,undetected,N105496,N105496,N105496,sa1,1
23709,N25046 /1 undetected,output,,N25046,N25046,1,undetected,N25046,N25046,N25046,sa1,1
23710,N25046 /0 undetected,output,,N25046,N25046,0,undetected,N25046,N25046,N25046,sa0,1
23711,N25045 /1 undetected,output,,N25045,N25045,1,undetected,N25045,N25045,N25045,sa1,1
23712,N107872 /1 undetected,output,,N107872,N107872,1,undetected,N107872,N107872,N107872,sa1,1
23713,N25043 /1 undetected,output,,N25043,N25043,1,undetected,N25043,N25043,N25043,sa1,1
23714,N109011 /1 undetected,output,,N109011,N109011,1,undetected,N109011,N109011,N109011,sa1,1
23715,N25033 /1 undetected,output,,N25033,N25033,1,undetected,N25033,N25033,N25033,sa1,1
23716,N108997 /1 undetected,output,,N108997,N108997,1,undetected,N108997,N108997,N108997,sa1,1
23717,N93540 /1 undetected,output,,N93540,N93540,1,undetected,N93540,N93540,N93540,sa1,1
23718,N25027 /1 undetected,output,,N25027,N25027,1,undetected,N25027,N25027,N25027,sa1,1
23719,N25026 /1 undetected,output,,N25026,N25026,1,undetected,N25026,N25026,N25026,sa1,1
23720,N25024 /1 undetected,output,,N25024,N25024,1,undetected,N25024,N25024,N25024,sa1,1
23721,N106653 /1 undetected,output,,N106653,N106653,1,undetected,N106653,N106653,N106653,sa1,1
23722,N75803 /1 undetected,output,,N75803,N75803,1,undetected,N75803,N75803,N75803,sa1,1
23723,N24480 /1 undetected,output,,N24480,N24480,1,undetected,N24480,N24480,N24480,sa1,1
23724,N25023 /1 undetected,output,,N25023,N25023,1,undetected,N25023,N25023,N25023,sa1,1
23725,N107874 /1 undetected,output,,N107874,N107874,1,undetected,N107874,N107874,N107874,sa1,1
23726,N85722 /1 undetected,output,,N85722,N85722,1,undetected,N85722,N85722,N85722,sa1,1
23727,N24489 /1 undetected,output,,N24489,N24489,1,undetected,N24489,N24489,N24489,sa1,1
23728,N24489 /0 undetected,output,,N24489,N24489,0,undetected,N24489,N24489,N24489,sa0,1
23729,N107869 /1 undetected,output,,N107869,N107869,1,undetected,N107869,N107869,N107869,sa1,1
23730,N24488 /1 undetected,output,,N24488,N24488,1,undetected,N24488,N24488,N24488,sa1,1
23731,N93677 /1 undetected,output,,N93677,N93677,1,undetected,N93677,N93677,N93677,sa1,1
23732,N24486 /1 undetected,output,,N24486,N24486,1,undetected,N24486,N24486,N24486,sa1,1
23733,N23692 /0 undetected,output,,N23692,N23692,0,undetected,N23692,N23692,N23692,sa0,1
23734,N105706 /1 undetected,output,,N105706,N105706,1,undetected,N105706,N105706,N105706,sa1,1
23735,N75874 /1 undetected,output,,N75874,N75874,1,undetected,N75874,N75874,N75874,sa1,1
23736,N55721 /1 undetected,output,,N55721,N55721,1,undetected,N55721,N55721,N55721,sa1,1
23737,N55721 /0 undetected,output,,N55721,N55721,0,undetected,N55721,N55721,N55721,sa0,1
23738,N121067 /1 undetected,output,,N121067,N121067,1,undetected,N121067,N121067,N121067,sa1,1
23739,N106651 /1 undetected,output,,N106651,N106651,1,undetected,N106651,N106651,N106651,sa1,1
23740,N25228 /1 undetected,output,,N25228,N25228,1,undetected,N25228,N25228,N25228,sa1,1
23741,N25228 /0 undetected,output,,N25228,N25228,0,undetected,N25228,N25228,N25228,sa0,1
23742,N109121 /1 undetected,output,,N109121,N109121,1,undetected,N109121,N109121,N109121,sa1,1
23743,N106637 /1 undetected,output,,N106637,N106637,1,undetected,N106637,N106637,N106637,sa1,1
23744,N53226 /1 undetected,output,,N53226,N53226,1,undetected,N53226,N53226,N53226,sa1,1
23745,N107986 /1 undetected,output,,N107986,N107986,1,undetected,N107986,N107986,N107986,sa1,1
23746,N120303 /1 undetected,output,,N120303,N120303,1,undetected,N120303,N120303,N120303,sa1,1
23747,N93691 /1 undetected,output,,N93691,N93691,1,undetected,N93691,N93691,N93691,sa1,1
23748,N49593 /1 undetected,output,,N49593,N49593,1,undetected,N49593,N49593,N49593,sa1,1
23749,N49593 /0 undetected,output,,N49593,N49593,0,undetected,N49593,N49593,N49593,sa0,1
23750,N49592 /1 undetected,output,,N49592,N49592,1,undetected,N49592,N49592,N49592,sa1,1
23751,N49591 /1 undetected,output,,N49591,N49591,1,undetected,N49591,N49591,N49591,sa1,1
23752,N119042 /1 undetected,output,,N119042,N119042,1,undetected,N119042,N119042,N119042,sa1,1
23753,N119030 /1 undetected,output,,N119030,N119030,1,undetected,N119030,N119030,N119030,sa1,1
23754,N49574 /1 undetected,output,,N49574,N49574,1,undetected,N49574,N49574,N49574,sa1,1
23755,N49587 /1 undetected,output,,N49587,N49587,1,undetected,N49587,N49587,N49587,sa1,1
23756,N119039 /1 undetected,output,,N119039,N119039,1,undetected,N119039,N119039,N119039,sa1,1
23757,N49585 /1 undetected,output,,N49585,N49585,1,undetected,N49585,N49585,N49585,sa1,1
23758,N106680 /1 undetected,output,,N106680,N106680,1,undetected,N106680,N106680,N106680,sa1,1
23759,N93589 /1 undetected,output,,N93589,N93589,1,undetected,N93589,N93589,N93589,sa1,1
23760,N24882 /1 undetected,output,,N24882,N24882,1,undetected,N24882,N24882,N24882,sa1,1
23761,N24882 /0 undetected,output,,N24882,N24882,0,undetected,N24882,N24882,N24882,sa0,1
23762,N108886 /1 undetected,output,,N108886,N108886,1,undetected,N108886,N108886,N108886,sa1,1
23763,N24881 /1 undetected,output,,N24881,N24881,1,undetected,N24881,N24881,N24881,sa1,1
23764,N108892 /1 undetected,output,,N108892,N108892,1,undetected,N108892,N108892,N108892,sa1,1
23765,N93551 /1 undetected,output,,N93551,N93551,1,undetected,N93551,N93551,N93551,sa1,1
23766,N8709 /1 undetected,output,,N8709,N8709,1,undetected,N8709,N8709,N8709,sa1,1
23767,N8707 /1 undetected,output,,N8707,N8707,1,undetected,N8707,N8707,N8707,sa1,1
23768,N98612 /1 undetected,output,,N98612,N98612,1,undetected,N98612,N98612,N98612,sa1,1
23769,N86614 /1 undetected,output,,N86614,N86614,1,undetected,N86614,N86614,N86614,sa1,1
23770,N2478 /1 undetected,output,,N2478,N2478,1,undetected,N2478,N2478,N2478,sa1,1
23771,N2478 /0 undetected,output,,N2478,N2478,0,undetected,N2478,N2478,N2478,sa0,1
23772,N93434 /1 undetected,output,,N93434,N93434,1,undetected,N93434,N93434,N93434,sa1,1
23773,N93356 /1 undetected,output,,N93356,N93356,1,undetected,N93356,N93356,N93356,sa1,1
23774,N24665 /1 undetected,output,,N24665,N24665,1,undetected,N24665,N24665,N24665,sa1,1
23775,N24665 /0 undetected,output,,N24665,N24665,0,undetected,N24665,N24665,N24665,sa0,1
23776,N24430 /0 undetected,output,,N24430,N24430,0,undetected,N24430,N24430,N24430,sa0,1
23777,N24429 /1 undetected,output,,N24429,N24429,1,undetected,N24429,N24429,N24429,sa1,1
23778,N85516 /1 undetected,output,,N85516,N85516,1,undetected,N85516,N85516,N85516,sa1,1
23779,N93392 /1 undetected,output,,N93392,N93392,1,undetected,N93392,N93392,N93392,sa1,1
23780,N18964 /1 undetected,output,,N18964,N18964,1,undetected,N18964,N18964,N18964,sa1,1
23781,N100699 /1 undetected,output,,N100699,N100699,1,undetected,N100699,N100699,N100699,sa1,1
23782,N93318 /1 undetected,output,,N93318,N93318,1,undetected,N93318,N93318,N93318,sa1,1
23783,N12945 /0 undetected,output,,N12945,N12945,0,undetected,N12945,N12945,N12945,sa0,1
23784,N93365 /1 undetected,output,,N93365,N93365,1,undetected,N93365,N93365,N93365,sa1,1
23785,N12943 /1 undetected,output,,N12943,N12943,1,undetected,N12943,N12943,N12943,sa1,1
23786,N24230 /0 undetected,output,,N24230,N24230,0,undetected,N24230,N24230,N24230,sa0,1
23787,N24229 /1 undetected,output,,N24229,N24229,1,undetected,N24229,N24229,N24229,sa1,1
23788,N106765 /1 undetected,output,,N106765,N106765,1,undetected,N106765,N106765,N106765,sa1,1
23789,N76394 /1 undetected,output,,N76394,N76394,1,undetected,N76394,N76394,N76394,sa1,1
23790,N55081 /1 undetected,output,,N55081,N55081,1,undetected,N55081,N55081,N55081,sa1,1
23791,N55081 /0 undetected,output,,N55081,N55081,0,undetected,N55081,N55081,N55081,sa0,1
23792,N120745 /1 undetected,output,,N120745,N120745,1,undetected,N120745,N120745,N120745,sa1,1
23793,N55080 /1 undetected,output,,N55080,N55080,1,undetected,N55080,N55080,N55080,sa1,1
23794,N75895 /1 undetected,output,,N75895,N75895,1,undetected,N75895,N75895,N75895,sa1,1
23795,N55078 /1 undetected,output,,N55078,N55078,1,undetected,N55078,N55078,N55078,sa1,1
23796,N120873 /1 undetected,output,,N120873,N120873,1,undetected,N120873,N120873,N120873,sa1,1
23797,N55076 /1 undetected,output,,N55076,N55076,1,undetected,N55076,N55076,N55076,sa1,1
23798,N120877 /1 undetected,output,,N120877,N120877,1,undetected,N120877,N120877,N120877,sa1,1
23799,N55074 /1 undetected,output,,N55074,N55074,1,undetected,N55074,N55074,N55074,sa1,1
23800,N120879 /1 undetected,output,,N120879,N120879,1,undetected,N120879,N120879,N120879,sa1,1
23801,N55072 /1 undetected,output,,N55072,N55072,1,undetected,N55072,N55072,N55072,sa1,1
23802,N85645 /1 undetected,output,,N85645,N85645,1,undetected,N85645,N85645,N85645,sa1,1
23803,N25031 /1 undetected,output,,N25031,N25031,1,undetected,N25031,N25031,N25031,sa1,1
23804,N56164 /1 undetected,output,,N56164,N56164,1,undetected,N56164,N56164,N56164,sa1,1
23805,N56164 /0 undetected,output,,N56164,N56164,0,undetected,N56164,N56164,N56164,sa0,1
23806,N56163 /1 undetected,output,,N56163,N56163,1,undetected,N56163,N56163,N56163,sa1,1
23807,N56124 /1 undetected,output,,N56124,N56124,1,undetected,N56124,N56124,N56124,sa1,1
23808,N121131 /1 undetected,output,,N121131,N121131,1,undetected,N121131,N121131,N121131,sa1,1
23809,N56122 /1 undetected,output,,N56122,N56122,1,undetected,N56122,N56122,N56122,sa1,1
23810,N121016 /1 undetected,output,,N121016,N121016,1,undetected,N121016,N121016,N121016,sa1,1
23811,N56120 /1 undetected,output,,N56120,N56120,1,undetected,N56120,N56120,N56120,sa1,1
23812,N109152 /1 undetected,output,,N109152,N109152,1,undetected,N109152,N109152,N109152,sa1,1
23813,N75832 /1 undetected,output,,N75832,N75832,1,undetected,N75832,N75832,N75832,sa1,1
23814,N52978 /0 undetected,output,,N52978,N52978,0,undetected,N52978,N52978,N52978,sa0,1
23815,N85847 /1 undetected,output,,N85847,N85847,1,undetected,N85847,N85847,N85847,sa1,1
23816,N52975 /1 undetected,output,,N52975,N52975,1,undetected,N52975,N52975,N52975,sa1,1
23817,N120221 /1 undetected,output,,N120221,N120221,1,undetected,N120221,N120221,N120221,sa1,1
23818,N52971 /1 undetected,output,,N52971,N52971,1,undetected,N52971,N52971,N52971,sa1,1
23819,N120228 /1 undetected,output,,N120228,N120228,1,undetected,N120228,N120228,N120228,sa1,1
23820,N75966 /1 undetected,output,,N75966,N75966,1,undetected,N75966,N75966,N75966,sa1,1
23821,N52962 /1 undetected,output,,N52962,N52962,1,undetected,N52962,N52962,N52962,sa1,1
23822,N120216 /1 undetected,output,,N120216,N120216,1,undetected,N120216,N120216,N120216,sa1,1
23823,N49509 /1 undetected,output,,N49509,N49509,1,undetected,N49509,N49509,N49509,sa1,1
23824,N49509 /0 undetected,output,,N49509,N49509,0,undetected,N49509,N49509,N49509,sa0,1
23825,N119000 /1 undetected,output,,N119000,N119000,1,undetected,N119000,N119000,N119000,sa1,1
23826,N49508 /1 undetected,output,,N49508,N49508,1,undetected,N49508,N49508,N49508,sa1,1
23827,N119007 /1 undetected,output,,N119007,N119007,1,undetected,N119007,N119007,N119007,sa1,1
23828,N93404 /1 undetected,output,,N93404,N93404,1,undetected,N93404,N93404,N93404,sa1,1
23829,N24115 /1 undetected,output,,N24115,N24115,1,undetected,N24115,N24115,N24115,sa1,1
23830,N24115 /0 undetected,output,,N24115,N24115,0,undetected,N24115,N24115,N24115,sa0,1
23831,N24113 /1 undetected,output,,N24113,N24113,1,undetected,N24113,N24113,N24113,sa1,1
23832,N75794 /1 undetected,output,,N75794,N75794,1,undetected,N75794,N75794,N75794,sa1,1
23833,N24112 /1 undetected,output,,N24112,N24112,1,undetected,N24112,N24112,N24112,sa1,1
23834,N24110 /1 undetected,output,,N24110,N24110,1,undetected,N24110,N24110,N24110,sa1,1
23835,N106648 /1 undetected,output,,N106648,N106648,1,undetected,N106648,N106648,N106648,sa1,1
23836,N105824 /1 undetected,output,,N105824,N105824,1,undetected,N105824,N105824,N105824,sa1,1
23837,N23715 /1 undetected,output,,N23715,N23715,1,undetected,N23715,N23715,N23715,sa1,1
23838,N23715 /0 undetected,output,,N23715,N23715,0,undetected,N23715,N23715,N23715,sa0,1
23839,N85632 /1 undetected,output,,N85632,N85632,1,undetected,N85632,N85632,N85632,sa1,1
23840,N23713 /1 undetected,output,,N23713,N23713,1,undetected,N23713,N23713,N23713,sa1,1
23841,N55474 /1 undetected,output,,N55474,N55474,1,undetected,N55474,N55474,N55474,sa1,1
23842,N55474 /0 undetected,output,,N55474,N55474,0,undetected,N55474,N55474,N55474,sa0,1
23843,N108980 /1 undetected,output,,N108980,N108980,1,undetected,N108980,N108980,N108980,sa1,1
23844,N75773 /1 undetected,output,,N75773,N75773,1,undetected,N75773,N75773,N75773,sa1,1
23845,N54846 /1 undetected,output,,N54846,N54846,1,undetected,N54846,N54846,N54846,sa1,1
23846,N54846 /0 undetected,output,,N54846,N54846,0,undetected,N54846,N54846,N54846,sa0,1
23847,N120822 /1 undetected,output,,N120822,N120822,1,undetected,N120822,N120822,N120822,sa1,1
23848,N106650 /1 undetected,output,,N106650,N106650,1,undetected,N106650,N106650,N106650,sa1,1
23849,N53854 /1 undetected,output,,N53854,N53854,1,undetected,N53854,N53854,N53854,sa1,1
23850,N53854 /0 undetected,output,,N53854,N53854,0,undetected,N53854,N53854,N53854,sa0,1
23851,N120554 /1 undetected,output,,N120554,N120554,1,undetected,N120554,N120554,N120554,sa1,1
23852,N106649 /1 undetected,output,,N106649,N106649,1,undetected,N106649,N106649,N106649,sa1,1
23853,N25226 /1 undetected,output,,N25226,N25226,1,undetected,N25226,N25226,N25226,sa1,1
23854,N25226 /0 undetected,output,,N25226,N25226,0,undetected,N25226,N25226,N25226,sa0,1
23855,N25154 /1 undetected,output,,N25154,N25154,1,undetected,N25154,N25154,N25154,sa1,1
23856,N25154 /0 undetected,output,,N25154,N25154,0,undetected,N25154,N25154,N25154,sa0,1
23857,N53661 /1 undetected,output,,N53661,N53661,1,undetected,N53661,N53661,N53661,sa1,1
23858,N53661 /0 undetected,output,,N53661,N53661,0,undetected,N53661,N53661,N53661,sa0,1
23859,N93620 /1 undetected,output,,N93620,N93620,1,undetected,N93620,N93620,N93620,sa1,1
23860,N53659 /1 undetected,output,,N53659,N53659,1,undetected,N53659,N53659,N53659,sa1,1
23861,N53657 /1 undetected,output,,N53657,N53657,1,undetected,N53657,N53657,N53657,sa1,1
23862,N120492 /1 undetected,output,,N120492,N120492,1,undetected,N120492,N120492,N120492,sa1,1
23863,N105975 /1 undetected,output,,N105975,N105975,1,undetected,N105975,N105975,N105975,sa1,1
23864,N53656 /1 undetected,output,,N53656,N53656,1,undetected,N53656,N53656,N53656,sa1,1
23865,N105959 /1 undetected,output,,N105959,N105959,1,undetected,N105959,N105959,N105959,sa1,1
23866,N93608 /1 undetected,output,,N93608,N93608,1,undetected,N93608,N93608,N93608,sa1,1
23867,N24626 /1 undetected,output,,N24626,N24626,1,undetected,N24626,N24626,N24626,sa1,1
23868,N24626 /0 undetected,output,,N24626,N24626,0,undetected,N24626,N24626,N24626,sa0,1
23869,N24623 /1 undetected,output,,N24623,N24623,1,undetected,N24623,N24623,N24623,sa1,1
23870,N107984 /1 undetected,output,,N107984,N107984,1,undetected,N107984,N107984,N107984,sa1,1
23871,N24620 /1 undetected,output,,N24620,N24620,1,undetected,N24620,N24620,N24620,sa1,1
23872,N107942 /1 undetected,output,,N107942,N107942,1,undetected,N107942,N107942,N107942,sa1,1
23873,N93648 /1 undetected,output,,N93648,N93648,1,undetected,N93648,N93648,N93648,sa1,1
23874,N24616 /1 undetected,output,,N24616,N24616,1,undetected,N24616,N24616,N24616,sa1,1
23875,N107982 /1 undetected,output,,N107982,N107982,1,undetected,N107982,N107982,N107982,sa1,1
23876,N93680 /1 undetected,output,,N93680,N93680,1,undetected,N93680,N93680,N93680,sa1,1
23877,N24473 /1 undetected,output,,N24473,N24473,1,undetected,N24473,N24473,N24473,sa1,1
23878,N24473 /0 undetected,output,,N24473,N24473,0,undetected,N24473,N24473,N24473,sa0,1
23879,N9121 /0 undetected,output,,N9121,N9121,0,undetected,N9121,N9121,N9121,sa0,1
23880,N93265 /1 undetected,output,,N93265,N93265,1,undetected,N93265,N93265,N93265,sa1,1
23881,N8719 /0 undetected,output,,N8719,N8719,0,undetected,N8719,N8719,N8719,sa0,1
23882,N86616 /1 undetected,output,,N86616,N86616,1,undetected,N86616,N86616,N86616,sa1,1
23883,N3367 /1 undetected,output,,N3367,N3367,1,undetected,N3367,N3367,N3367,sa1,1
23884,N3367 /0 undetected,output,,N3367,N3367,0,undetected,N3367,N3367,N3367,sa0,1
23885,N96191 /1 undetected,output,,N96191,N96191,1,undetected,N96191,N96191,N96191,sa1,1
23886,N3365 /1 undetected,output,,N3365,N3365,1,undetected,N3365,N3365,N3365,sa1,1
23887,N24452 /1 undetected,output,,N24452,N24452,1,undetected,N24452,N24452,N24452,sa1,1
23888,N24452 /0 undetected,output,,N24452,N24452,0,undetected,N24452,N24452,N24452,sa0,1
23889,N24451 /1 undetected,output,,N24451,N24451,1,undetected,N24451,N24451,N24451,sa1,1
23890,N86041 /1 undetected,output,,N86041,N86041,1,undetected,N86041,N86041,N86041,sa1,1
23891,N24415 /1 undetected,output,,N24415,N24415,1,undetected,N24415,N24415,N24415,sa1,1
23892,N24449 /1 undetected,output,,N24449,N24449,1,undetected,N24449,N24449,N24449,sa1,1
23893,N76253 /1 undetected,output,,N76253,N76253,1,undetected,N76253,N76253,N76253,sa1,1
23894,N24425 /1 undetected,output,,N24425,N24425,1,undetected,N24425,N24425,N24425,sa1,1
23895,N24236 /1 undetected,output,,N24236,N24236,1,undetected,N24236,N24236,N24236,sa1,1
23896,N24236 /0 undetected,output,,N24236,N24236,0,undetected,N24236,N24236,N24236,sa0,1
23897,N24235 /1 undetected,output,,N24235,N24235,1,undetected,N24235,N24235,N24235,sa1,1
23898,N86038 /1 undetected,output,,N86038,N86038,1,undetected,N86038,N86038,N86038,sa1,1
23899,N24217 /1 undetected,output,,N24217,N24217,1,undetected,N24217,N24217,N24217,sa1,1
23900,N24233 /1 undetected,output,,N24233,N24233,1,undetected,N24233,N24233,N24233,sa1,1
23901,N76250 /1 undetected,output,,N76250,N76250,1,undetected,N76250,N76250,N76250,sa1,1
23902,N24225 /1 undetected,output,,N24225,N24225,1,undetected,N24225,N24225,N24225,sa1,1
23903,N24190 /1 undetected,output,,N24190,N24190,1,undetected,N24190,N24190,N24190,sa1,1
23904,N24190 /0 undetected,output,,N24190,N24190,0,undetected,N24190,N24190,N24190,sa0,1
23905,N24189 /1 undetected,output,,N24189,N24189,1,undetected,N24189,N24189,N24189,sa1,1
23906,N86037 /1 undetected,output,,N86037,N86037,1,undetected,N86037,N86037,N86037,sa1,1
23907,N24183 /1 undetected,output,,N24183,N24183,1,undetected,N24183,N24183,N24183,sa1,1
23908,N24187 /1 undetected,output,,N24187,N24187,1,undetected,N24187,N24187,N24187,sa1,1
23909,N106726 /1 undetected,output,,N106726,N106726,1,undetected,N106726,N106726,N106726,sa1,1
23910,N76249 /1 undetected,output,,N76249,N76249,1,undetected,N76249,N76249,N76249,sa1,1
23911,N23604 /0 undetected,output,,N23604,N23604,0,undetected,N23604,N23604,N23604,sa0,1
23912,N105478 /1 undetected,output,,N105478,N105478,1,undetected,N105478,N105478,N105478,sa1,1
23913,N86174 /1 undetected,output,,N86174,N86174,1,undetected,N86174,N86174,N86174,sa1,1
23914,N16683 /1 undetected,output,,N16683,N16683,1,undetected,N16683,N16683,N16683,sa1,1
23915,N16683 /0 undetected,output,,N16683,N16683,0,undetected,N16683,N16683,N16683,sa0,1
23916,N84211 /1 undetected,output,,N84211,N84211,1,undetected,N84211,N84211,N84211,sa1,1
23917,N13003 /1 undetected,output,,N13003,N13003,1,undetected,N13003,N13003,N13003,sa1,1
23918,N12962 /1 undetected,output,,N12962,N12962,1,undetected,N12962,N12962,N12962,sa1,1
23919,N12962 /0 undetected,output,,N12962,N12962,0,undetected,N12962,N12962,N12962,sa0,1
23920,N100922 /1 undetected,output,,N100922,N100922,1,undetected,N100922,N100922,N100922,sa1,1
23921,N93366 /1 undetected,output,,N93366,N93366,1,undetected,N93366,N93366,N93366,sa1,1
23922,N12650 /1 undetected,output,,N12650,N12650,1,undetected,N12650,N12650,N12650,sa1,1
23923,N93363 /1 undetected,output,,N93363,N93363,1,undetected,N93363,N93363,N93363,sa1,1
23924,N23612 /0 undetected,output,,N23612,N23612,0,undetected,N23612,N23612,N23612,sa0,1
23925,N75566 /1 undetected,output,,N75566,N75566,1,undetected,N75566,N75566,N75566,sa1,1
23926,N24943 /1 undetected,output,,N24943,N24943,1,undetected,N24943,N24943,N24943,sa1,1
23927,N24943 /0 undetected,output,,N24943,N24943,0,undetected,N24943,N24943,N24943,sa0,1
23928,N106545 /1 undetected,output,,N106545,N106545,1,undetected,N106545,N106545,N106545,sa1,1
23929,N24942 /1 undetected,output,,N24942,N24942,1,undetected,N24942,N24942,N24942,sa1,1
23930,N24941 /1 undetected,output,,N24941,N24941,1,undetected,N24941,N24941,N24941,sa1,1
23931,N108927 /1 undetected,output,,N108927,N108927,1,undetected,N108927,N108927,N108927,sa1,1
23932,N24939 /1 undetected,output,,N24939,N24939,1,undetected,N24939,N24939,N24939,sa1,1
23933,N24931 /1 undetected,output,,N24931,N24931,1,undetected,N24931,N24931,N24931,sa1,1
23934,N106671 /1 undetected,output,,N106671,N106671,1,undetected,N106671,N106671,N106671,sa1,1
23935,N24929 /1 undetected,output,,N24929,N24929,1,undetected,N24929,N24929,N24929,sa1,1
23936,N108850 /1 undetected,output,,N108850,N108850,1,undetected,N108850,N108850,N108850,sa1,1
23937,N105711 /1 undetected,output,,N105711,N105711,1,undetected,N105711,N105711,N105711,sa1,1
23938,N11780 /1 undetected,output,,N11780,N11780,1,undetected,N11780,N11780,N11780,sa1,1
23939,N100180 /1 undetected,output,,N100180,N100180,1,undetected,N100180,N100180,N100180,sa1,1
23940,N100170 /1 undetected,output,,N100170,N100170,1,undetected,N100170,N100170,N100170,sa1,1
23941,N55487 /1 undetected,output,,N55487,N55487,1,undetected,N55487,N55487,N55487,sa1,1
23942,N55487 /0 undetected,output,,N55487,N55487,0,undetected,N55487,N55487,N55487,sa0,1
23943,N120478 /1 undetected,output,,N120478,N120478,1,undetected,N120478,N120478,N120478,sa1,1
23944,N75774 /1 undetected,output,,N75774,N75774,1,undetected,N75774,N75774,N75774,sa1,1
23945,N53623 /1 undetected,output,,N53623,N53623,1,undetected,N53623,N53623,N53623,sa1,1
23946,N53623 /0 undetected,output,,N53623,N53623,0,undetected,N53623,N53623,N53623,sa0,1
23947,N120477 /1 undetected,output,,N120477,N120477,1,undetected,N120477,N120477,N120477,sa1,1
23948,N75745 /1 undetected,output,,N75745,N75745,1,undetected,N75745,N75745,N75745,sa1,1
23949,N49140 /1 undetected,output,,N49140,N49140,1,undetected,N49140,N49140,N49140,sa1,1
23950,N49140 /0 undetected,output,,N49140,N49140,0,undetected,N49140,N49140,N49140,sa0,1
23951,N118811 /1 undetected,output,,N118811,N118811,1,undetected,N118811,N118811,N118811,sa1,1
23952,N49139 /1 undetected,output,,N49139,N49139,1,undetected,N49139,N49139,N49139,sa1,1
23953,N118818 /1 undetected,output,,N118818,N118818,1,undetected,N118818,N118818,N118818,sa1,1
23954,N93700 /1 undetected,output,,N93700,N93700,1,undetected,N93700,N93700,N93700,sa1,1
23955,N24910 /1 undetected,output,,N24910,N24910,1,undetected,N24910,N24910,N24910,sa1,1
23956,N24910 /0 undetected,output,,N24910,N24910,0,undetected,N24910,N24910,N24910,sa0,1
23957,N108910 /1 undetected,output,,N108910,N108910,1,undetected,N108910,N108910,N108910,sa1,1
23958,N105775 /1 undetected,output,,N105775,N105775,1,undetected,N105775,N105775,N105775,sa1,1
23959,N24121 /1 undetected,output,,N24121,N24121,1,undetected,N24121,N24121,N24121,sa1,1
23960,N106663 /1 undetected,output,,N106663,N106663,1,undetected,N106663,N106663,N106663,sa1,1
23961,N24118 /1 undetected,output,,N24118,N24118,1,undetected,N24118,N24118,N24118,sa1,1
23962,N105825 /1 undetected,output,,N105825,N105825,1,undetected,N105825,N105825,N105825,sa1,1
23963,N23753 /1 undetected,output,,N23753,N23753,1,undetected,N23753,N23753,N23753,sa1,1
23964,N23753 /0 undetected,output,,N23753,N23753,0,undetected,N23753,N23753,N23753,sa0,1
23965,N105855 /1 undetected,output,,N105855,N105855,1,undetected,N105855,N105855,N105855,sa1,1
23966,N105853 /1 undetected,output,,N105853,N105853,1,undetected,N105853,N105853,N105853,sa1,1
23967,N54561 /0 undetected,output,,N54561,N54561,0,undetected,N54561,N54561,N54561,sa0,1
23968,N75694 /1 undetected,output,,N75694,N75694,1,undetected,N75694,N75694,N75694,sa1,1
23969,N53606 /0 undetected,output,,N53606,N53606,0,undetected,N53606,N53606,N53606,sa0,1
23970,N108978 /1 undetected,output,,N108978,N108978,1,undetected,N108978,N108978,N108978,sa1,1
23971,N75744 /1 undetected,output,,N75744,N75744,1,undetected,N75744,N75744,N75744,sa1,1
23972,N25275 /1 undetected,output,,N25275,N25275,1,undetected,N25275,N25275,N25275,sa1,1
23973,N25275 /0 undetected,output,,N25275,N25275,0,undetected,N25275,N25275,N25275,sa0,1
23974,N25012 /1 undetected,output,,N25012,N25012,1,undetected,N25012,N25012,N25012,sa1,1
23975,N25012 /0 undetected,output,,N25012,N25012,0,undetected,N25012,N25012,N25012,sa0,1
23976,N25293 /1 undetected,output,,N25293,N25293,1,undetected,N25293,N25293,N25293,sa1,1
23977,N25293 /0 undetected,output,,N25293,N25293,0,undetected,N25293,N25293,N25293,sa0,1
23978,N25292 /1 undetected,output,,N25292,N25292,1,undetected,N25292,N25292,N25292,sa1,1
23979,N105828 /1 undetected,output,,N105828,N105828,1,undetected,N105828,N105828,N105828,sa1,1
23980,N25290 /1 undetected,output,,N25290,N25290,1,undetected,N25290,N25290,N25290,sa1,1
23981,N109168 /1 undetected,output,,N109168,N109168,1,undetected,N109168,N109168,N109168,sa1,1
23982,N109162 /1 undetected,output,,N109162,N109162,1,undetected,N109162,N109162,N109162,sa1,1
23983,N25279 /1 undetected,output,,N25279,N25279,1,undetected,N25279,N25279,N25279,sa1,1
23984,N106687 /1 undetected,output,,N106687,N106687,1,undetected,N106687,N106687,N106687,sa1,1
23985,N25277 /1 undetected,output,,N25277,N25277,1,undetected,N25277,N25277,N25277,sa1,1
23986,N108937 /1 undetected,output,,N108937,N108937,1,undetected,N108937,N108937,N108937,sa1,1
23987,N105909 /1 undetected,output,,N105909,N105909,1,undetected,N105909,N105909,N105909,sa1,1
23988,N55440 /1 undetected,output,,N55440,N55440,1,undetected,N55440,N55440,N55440,sa1,1
23989,N55440 /0 undetected,output,,N55440,N55440,0,undetected,N55440,N55440,N55440,sa0,1
23990,N55439 /1 undetected,output,,N55439,N55439,1,undetected,N55439,N55439,N55439,sa1,1
23991,N75769 /1 undetected,output,,N75769,N75769,1,undetected,N75769,N75769,N75769,sa1,1
23992,N24611 /1 undetected,output,,N24611,N24611,1,undetected,N24611,N24611,N24611,sa1,1
23993,N53221 /1 undetected,output,,N53221,N53221,1,undetected,N53221,N53221,N53221,sa1,1
23994,N53014 /0 undetected,output,,N53014,N53014,0,undetected,N53014,N53014,N53014,sa0,1
23995,N120250 /1 undetected,output,,N120250,N120250,1,undetected,N120250,N120250,N120250,sa1,1
23996,N94435 /1 undetected,output,,N94435,N94435,1,undetected,N94435,N94435,N94435,sa1,1
23997,N49864 /1 undetected,output,,N49864,N49864,1,undetected,N49864,N49864,N49864,sa1,1
23998,N49864 /0 undetected,output,,N49864,N49864,0,undetected,N49864,N49864,N49864,sa0,1
23999,N93408 /1 undetected,output,,N93408,N93408,1,undetected,N93408,N93408,N93408,sa1,1
24000,N49860 /1 undetected,output,,N49860,N49860,1,undetected,N49860,N49860,N49860,sa1,1
24001,N25176 /1 undetected,output,,N25176,N25176,1,undetected,N25176,N25176,N25176,sa1,1
24002,N25176 /0 undetected,output,,N25176,N25176,0,undetected,N25176,N25176,N25176,sa0,1
24003,N25175 /1 undetected,output,,N25175,N25175,1,undetected,N25175,N25175,N25175,sa1,1
24004,N25172 /1 undetected,output,,N25172,N25172,1,undetected,N25172,N25172,N25172,sa1,1
24005,N93655 /1 undetected,output,,N93655,N93655,1,undetected,N93655,N93655,N93655,sa1,1
24006,N25170 /1 undetected,output,,N25170,N25170,1,undetected,N25170,N25170,N25170,sa1,1
24007,N108925 /1 undetected,output,,N108925,N108925,1,undetected,N108925,N108925,N108925,sa1,1
24008,N24047 /1 undetected,output,,N24047,N24047,1,undetected,N24047,N24047,N24047,sa1,1
24009,N25168 /1 undetected,output,,N25168,N25168,1,undetected,N25168,N25168,N25168,sa1,1
24010,N106676 /1 undetected,output,,N106676,N106676,1,undetected,N106676,N106676,N106676,sa1,1
24011,N25166 /1 undetected,output,,N25166,N25166,1,undetected,N25166,N25166,N25166,sa1,1
24012,N108890 /1 undetected,output,,N108890,N108890,1,undetected,N108890,N108890,N108890,sa1,1
24013,N107973 /1 undetected,output,,N107973,N107973,1,undetected,N107973,N107973,N107973,sa1,1
24014,N25174 /1 undetected,output,,N25174,N25174,1,undetected,N25174,N25174,N25174,sa1,1
24015,N107983 /1 undetected,output,,N107983,N107983,1,undetected,N107983,N107983,N107983,sa1,1
24016,N85725 /1 undetected,output,,N85725,N85725,1,undetected,N85725,N85725,N85725,sa1,1
24017,N24050 /1 undetected,output,,N24050,N24050,1,undetected,N24050,N24050,N24050,sa1,1
24018,N24050 /0 undetected,output,,N24050,N24050,0,undetected,N24050,N24050,N24050,sa0,1
24019,N106581 /1 undetected,output,,N106581,N106581,1,undetected,N106581,N106581,N106581,sa1,1
24020,N24049 /1 undetected,output,,N24049,N24049,1,undetected,N24049,N24049,N24049,sa1,1
24021,N106584 /1 undetected,output,,N106584,N106584,1,undetected,N106584,N106584,N106584,sa1,1
24022,N106549 /1 undetected,output,,N106549,N106549,1,undetected,N106549,N106549,N106549,sa1,1
24023,N23815 /0 undetected,output,,N23815,N23815,0,undetected,N23815,N23815,N23815,sa0,1
24024,N105787 /1 undetected,output,,N105787,N105787,1,undetected,N105787,N105787,N105787,sa1,1
24025,N109027 /1 undetected,output,,N109027,N109027,1,undetected,N109027,N109027,N109027,sa1,1
24026,N106698 /1 undetected,output,,N106698,N106698,1,undetected,N106698,N106698,N106698,sa1,1
24027,N3633 /1 undetected,output,,N3633,N3633,1,undetected,N3633,N3633,N3633,sa1,1
24028,N3633 /0 undetected,output,,N3633,N3633,0,undetected,N3633,N3633,N3633,sa0,1
24029,N96486 /1 undetected,output,,N96486,N96486,1,undetected,N96486,N96486,N96486,sa1,1
24030,N3631 /1 undetected,output,,N3631,N3631,1,undetected,N3631,N3631,N3631,sa1,1
24031,N96342 /1 undetected,output,,N96342,N96342,1,undetected,N96342,N96342,N96342,sa1,1
24032,N3629 /1 undetected,output,,N3629,N3629,1,undetected,N3629,N3629,N3629,sa1,1
24033,N96492 /1 undetected,output,,N96492,N96492,1,undetected,N96492,N96492,N96492,sa1,1
24034,N3627 /1 undetected,output,,N3627,N3627,1,undetected,N3627,N3627,N3627,sa1,1
24035,N84131 /1 undetected,output,,N84131,N84131,1,undetected,N84131,N84131,N84131,sa1,1
24036,N3625 /1 undetected,output,,N3625,N3625,1,undetected,N3625,N3625,N3625,sa1,1
24037,N96204 /1 undetected,output,,N96204,N96204,1,undetected,N96204,N96204,N96204,sa1,1
24038,N3623 /1 undetected,output,,N3623,N3623,1,undetected,N3623,N3623,N3623,sa1,1
24039,N96214 /1 undetected,output,,N96214,N96214,1,undetected,N96214,N96214,N96214,sa1,1
24040,N3621 /1 undetected,output,,N3621,N3621,1,undetected,N3621,N3621,N3621,sa1,1
24041,N96227 /1 undetected,output,,N96227,N96227,1,undetected,N96227,N96227,N96227,sa1,1
24042,N3619 /1 undetected,output,,N3619,N3619,1,undetected,N3619,N3619,N3619,sa1,1
24043,N96234 /1 undetected,output,,N96234,N96234,1,undetected,N96234,N96234,N96234,sa1,1
24044,N3617 /1 undetected,output,,N3617,N3617,1,undetected,N3617,N3617,N3617,sa1,1
24045,N96292 /1 undetected,output,,N96292,N96292,1,undetected,N96292,N96292,N96292,sa1,1
24046,N3615 /1 undetected,output,,N3615,N3615,1,undetected,N3615,N3615,N3615,sa1,1
24047,N96512 /1 undetected,output,,N96512,N96512,1,undetected,N96512,N96512,N96512,sa1,1
24048,N96302 /1 undetected,output,,N96302,N96302,1,undetected,N96302,N96302,N96302,sa1,1
24049,N24674 /1 undetected,output,,N24674,N24674,1,undetected,N24674,N24674,N24674,sa1,1
24050,N108012 /1 undetected,output,,N108012,N108012,1,undetected,N108012,N108012,N108012,sa1,1
24051,N108010 /1 undetected,output,,N108010,N108010,1,undetected,N108010,N108010,N108010,sa1,1
24052,N24202 /1 undetected,output,,N24202,N24202,1,undetected,N24202,N24202,N24202,sa1,1
24053,N106743 /1 undetected,output,,N106743,N106743,1,undetected,N106743,N106743,N106743,sa1,1
24054,N24201 /1 undetected,output,,N24201,N24201,1,undetected,N24201,N24201,N24201,sa1,1
24055,N86175 /1 undetected,output,,N86175,N86175,1,undetected,N86175,N86175,N86175,sa1,1
24056,N23609 /0 undetected,output,,N23609,N23609,0,undetected,N23609,N23609,N23609,sa0,1
24057,N12648 /0 undetected,output,,N12648,N12648,0,undetected,N12648,N12648,N12648,sa0,1
24058,N25142 /1 undetected,output,,N25142,N25142,1,undetected,N25142,N25142,N25142,sa1,1
24059,N25142 /0 undetected,output,,N25142,N25142,0,undetected,N25142,N25142,N25142,sa0,1
24060,N23691 /0 undetected,output,,N23691,N23691,0,undetected,N23691,N23691,N23691,sa0,1
24061,N23689 /1 undetected,output,,N23689,N23689,1,undetected,N23689,N23689,N23689,sa1,1
24062,N85763 /1 undetected,output,,N85763,N85763,1,undetected,N85763,N85763,N85763,sa1,1
24063,N23688 /1 undetected,output,,N23688,N23688,1,undetected,N23688,N23688,N23688,sa1,1
24064,N93633 /1 undetected,output,,N93633,N93633,1,undetected,N93633,N93633,N93633,sa1,1
24065,N23686 /1 undetected,output,,N23686,N23686,1,undetected,N23686,N23686,N23686,sa1,1
24066,N55725 /1 undetected,output,,N55725,N55725,1,undetected,N55725,N55725,N55725,sa1,1
24067,N55725 /0 undetected,output,,N55725,N55725,0,undetected,N55725,N55725,N55725,sa0,1
24068,N106660 /1 undetected,output,,N106660,N106660,1,undetected,N106660,N106660,N106660,sa1,1
24069,N75842 /1 undetected,output,,N75842,N75842,1,undetected,N75842,N75842,N75842,sa1,1
24070,N53833 /1 undetected,output,,N53833,N53833,1,undetected,N53833,N53833,N53833,sa1,1
24071,N106547 /1 undetected,output,,N106547,N106547,1,undetected,N106547,N106547,N106547,sa1,1
24072,N106551 /1 undetected,output,,N106551,N106551,1,undetected,N106551,N106551,N106551,sa1,1
24073,N75812 /1 undetected,output,,N75812,N75812,1,undetected,N75812,N75812,N75812,sa1,1
24074,N24017 /1 undetected,output,,N24017,N24017,1,undetected,N24017,N24017,N24017,sa1,1
24075,N24013 /1 undetected,output,,N24013,N24013,1,undetected,N24013,N24013,N24013,sa1,1
24076,N75792 /1 undetected,output,,N75792,N75792,1,undetected,N75792,N75792,N75792,sa1,1
24077,N24012 /1 undetected,output,,N24012,N24012,1,undetected,N24012,N24012,N24012,sa1,1
24078,N106526 /1 undetected,output,,N106526,N106526,1,undetected,N106526,N106526,N106526,sa1,1
24079,N105808 /1 undetected,output,,N105808,N105808,1,undetected,N105808,N105808,N105808,sa1,1
24080,N24010 /1 undetected,output,,N24010,N24010,1,undetected,N24010,N24010,N24010,sa1,1
24081,N105823 /1 undetected,output,,N105823,N105823,1,undetected,N105823,N105823,N105823,sa1,1
24082,N53449 /1 undetected,output,,N53449,N53449,1,undetected,N53449,N53449,N53449,sa1,1
24083,N53449 /0 undetected,output,,N53449,N53449,0,undetected,N53449,N53449,N53449,sa0,1
24084,N120380 /1 undetected,output,,N120380,N120380,1,undetected,N120380,N120380,N120380,sa1,1
24085,N53447 /1 undetected,output,,N53447,N53447,1,undetected,N53447,N53447,N53447,sa1,1
24086,N75983 /1 undetected,output,,N75983,N75983,1,undetected,N75983,N75983,N75983,sa1,1
24087,N23858 /1 undetected,output,,N23858,N23858,1,undetected,N23858,N23858,N23858,sa1,1
24088,N106018 /1 undetected,output,,N106018,N106018,1,undetected,N106018,N106018,N106018,sa1,1
24089,N23854 /1 undetected,output,,N23854,N23854,1,undetected,N23854,N23854,N23854,sa1,1
24090,N106016 /1 undetected,output,,N106016,N106016,1,undetected,N106016,N106016,N106016,sa1,1
24091,N106006 /1 undetected,output,,N106006,N106006,1,undetected,N106006,N106006,N106006,sa1,1
24092,N53653 /1 undetected,output,,N53653,N53653,1,undetected,N53653,N53653,N53653,sa1,1
24093,N53653 /0 undetected,output,,N53653,N53653,0,undetected,N53653,N53653,N53653,sa0,1
24094,N93625 /1 undetected,output,,N93625,N93625,1,undetected,N93625,N93625,N93625,sa1,1
24095,N53652 /1 undetected,output,,N53652,N53652,1,undetected,N53652,N53652,N53652,sa1,1
24096,N120491 /1 undetected,output,,N120491,N120491,1,undetected,N120491,N120491,N120491,sa1,1
24097,N23810 /1 undetected,output,,N23810,N23810,1,undetected,N23810,N23810,N23810,sa1,1
24098,N53030 /1 undetected,output,,N53030,N53030,1,undetected,N53030,N53030,N53030,sa1,1
24099,N53028 /1 undetected,output,,N53028,N53028,1,undetected,N53028,N53028,N53028,sa1,1
24100,N107985 /1 undetected,output,,N107985,N107985,1,undetected,N107985,N107985,N107985,sa1,1
24101,N85637 /1 undetected,output,,N85637,N85637,1,undetected,N85637,N85637,N85637,sa1,1
24102,N105957 /1 undetected,output,,N105957,N105957,1,undetected,N105957,N105957,N105957,sa1,1
24103,N93689 /1 undetected,output,,N93689,N93689,1,undetected,N93689,N93689,N93689,sa1,1
24104,N49280 /1 undetected,output,,N49280,N49280,1,undetected,N49280,N49280,N49280,sa1,1
24105,N49280 /0 undetected,output,,N49280,N49280,0,undetected,N49280,N49280,N49280,sa0,1
24106,N49278 /1 undetected,output,,N49278,N49278,1,undetected,N49278,N49278,N49278,sa1,1
24107,N107856 /1 undetected,output,,N107856,N107856,1,undetected,N107856,N107856,N107856,sa1,1
24108,N82078 /1 undetected,output,,N82078,N82078,1,undetected,N82078,N82078,N82078,sa1,1
24109,N49114 /1 undetected,output,,N49114,N49114,1,undetected,N49114,N49114,N49114,sa1,1
24110,N53012 /1 undetected,output,,N53012,N53012,1,undetected,N53012,N53012,N53012,sa1,1
24111,N53012 /0 undetected,output,,N53012,N53012,0,undetected,N53012,N53012,N53012,sa0,1
24112,N49862 /1 undetected,output,,N49862,N49862,1,undetected,N49862,N49862,N49862,sa1,1
24113,N49862 /0 undetected,output,,N49862,N49862,0,undetected,N49862,N49862,N49862,sa0,1
24114,N119098 /1 undetected,output,,N119098,N119098,1,undetected,N119098,N119098,N119098,sa1,1
24115,N93590 /1 undetected,output,,N93590,N93590,1,undetected,N93590,N93590,N93590,sa1,1
24116,N24864 /1 undetected,output,,N24864,N24864,1,undetected,N24864,N24864,N24864,sa1,1
24117,N24864 /0 undetected,output,,N24864,N24864,0,undetected,N24864,N24864,N24864,sa0,1
24118,N108879 /1 undetected,output,,N108879,N108879,1,undetected,N108879,N108879,N108879,sa1,1
24119,N108877 /1 undetected,output,,N108877,N108877,1,undetected,N108877,N108877,N108877,sa1,1
24120,N2659 /1 undetected,output,,N2659,N2659,1,undetected,N2659,N2659,N2659,sa1,1
24121,N2659 /0 undetected,output,,N2659,N2659,0,undetected,N2659,N2659,N2659,sa0,1
24122,N93255 /1 undetected,output,,N93255,N93255,1,undetected,N93255,N93255,N93255,sa1,1
24123,N2658 /1 undetected,output,,N2658,N2658,1,undetected,N2658,N2658,N2658,sa1,1
24124,N93472 /1 undetected,output,,N93472,N93472,1,undetected,N93472,N93472,N93472,sa1,1
24125,N93428 /1 undetected,output,,N93428,N93428,1,undetected,N93428,N93428,N93428,sa1,1
24126,N2461 /1 undetected,output,,N2461,N2461,1,undetected,N2461,N2461,N2461,sa1,1
24127,N2461 /0 undetected,output,,N2461,N2461,0,undetected,N2461,N2461,N2461,sa0,1
24128,N93250 /1 undetected,output,,N93250,N93250,1,undetected,N93250,N93250,N93250,sa1,1
24129,N2460 /1 undetected,output,,N2460,N2460,1,undetected,N2460,N2460,N2460,sa1,1
24130,N93427 /1 undetected,output,,N93427,N93427,1,undetected,N93427,N93427,N93427,sa1,1
24131,N92914 /1 undetected,output,,N92914,N92914,1,undetected,N92914,N92914,N92914,sa1,1
24132,N69517 /0 undetected,output,,N69517,N69517,0,undetected,N69517,N69517,N69517,sa0,1
24133,N69515 /1 undetected,output,,N69515,N69515,1,undetected,N69515,N69515,N69515,sa1,1
24134,N90836 /1 undetected,output,,N90836,N90836,1,undetected,N90836,N90836,N90836,sa1,1
24135,N69510 /1 undetected,output,,N69510,N69510,1,undetected,N69510,N69510,N69510,sa1,1
24136,N87117 /1 undetected,output,,N87117,N87117,1,undetected,N87117,N87117,N87117,sa1,1
24137,N69509 /1 undetected,output,,N69509,N69509,1,undetected,N69509,N69509,N69509,sa1,1
24138,N83310 /1 undetected,output,,N83310,N83310,1,undetected,N83310,N83310,N83310,sa1,1
24139,N69507 /1 undetected,output,,N69507,N69507,1,undetected,N69507,N69507,N69507,sa1,1
24140,N90939 /1 undetected,output,,N90939,N90939,1,undetected,N90939,N90939,N90939,sa1,1
24141,N69505 /1 undetected,output,,N69505,N69505,1,undetected,N69505,N69505,N69505,sa1,1
24142,N83014 /1 undetected,output,,N83014,N83014,1,undetected,N83014,N83014,N83014,sa1,1
24143,N69500 /1 undetected,output,,N69500,N69500,1,undetected,N69500,N69500,N69500,sa1,1
24144,N77769 /1 undetected,output,,N77769,N77769,1,undetected,N77769,N77769,N77769,sa1,1
24145,N69499 /1 undetected,output,,N69499,N69499,1,undetected,N69499,N69499,N69499,sa1,1
24146,N90938 /1 undetected,output,,N90938,N90938,1,undetected,N90938,N90938,N90938,sa1,1
24147,N69496 /1 undetected,output,,N69496,N69496,1,undetected,N69496,N69496,N69496,sa1,1
24148,N83309 /1 undetected,output,,N83309,N83309,1,undetected,N83309,N83309,N83309,sa1,1
24149,N24664 /1 undetected,output,,N24664,N24664,1,undetected,N24664,N24664,N24664,sa1,1
24150,N24664 /0 undetected,output,,N24664,N24664,0,undetected,N24664,N24664,N24664,sa0,1
24151,N24663 /1 undetected,output,,N24663,N24663,1,undetected,N24663,N24663,N24663,sa1,1
24152,N86042 /1 undetected,output,,N86042,N86042,1,undetected,N86042,N86042,N86042,sa1,1
24153,N24657 /1 undetected,output,,N24657,N24657,1,undetected,N24657,N24657,N24657,sa1,1
24154,N24661 /1 undetected,output,,N24661,N24661,1,undetected,N24661,N24661,N24661,sa1,1
24155,N76254 /1 undetected,output,,N76254,N76254,1,undetected,N76254,N76254,N76254,sa1,1
24156,N24659 /1 undetected,output,,N24659,N24659,1,undetected,N24659,N24659,N24659,sa1,1
24157,N69187 /0 undetected,output,,N69187,N69187,0,undetected,N69187,N69187,N69187,sa0,1
24158,N102144 /1 undetected,output,,N102144,N102144,1,undetected,N102144,N102144,N102144,sa1,1
24159,N14795 /1 undetected,output,,N14795,N14795,1,undetected,N14795,N14795,N14795,sa1,1
24160,N86416 /1 undetected,output,,N86416,N86416,1,undetected,N86416,N86416,N86416,sa1,1
24161,N13040 /1 undetected,output,,N13040,N13040,1,undetected,N13040,N13040,N13040,sa1,1
24162,N13040 /0 undetected,output,,N13040,N13040,0,undetected,N13040,N13040,N13040,sa0,1
24163,N100812 /1 undetected,output,,N100812,N100812,1,undetected,N100812,N100812,N100812,sa1,1
24164,N13039 /1 undetected,output,,N13039,N13039,1,undetected,N13039,N13039,N13039,sa1,1
24165,N101002 /1 undetected,output,,N101002,N101002,1,undetected,N101002,N101002,N101002,sa1,1
24166,N100838 /1 undetected,output,,N100838,N100838,1,undetected,N100838,N100838,N100838,sa1,1
24167,N12839 /1 undetected,output,,N12839,N12839,1,undetected,N12839,N12839,N12839,sa1,1
24168,N12839 /0 undetected,output,,N12839,N12839,0,undetected,N12839,N12839,N12839,sa0,1
24169,N100811 /1 undetected,output,,N100811,N100811,1,undetected,N100811,N100811,N100811,sa1,1
24170,N12838 /1 undetected,output,,N12838,N12838,1,undetected,N12838,N12838,N12838,sa1,1
24171,N100835 /1 undetected,output,,N100835,N100835,1,undetected,N100835,N100835,N100835,sa1,1
24172,N100834 /1 undetected,output,,N100834,N100834,1,undetected,N100834,N100834,N100834,sa1,1
24173,N24419 /0 undetected,output,,N24419,N24419,0,undetected,N24419,N24419,N24419,sa0,1
24174,N107793 /1 undetected,output,,N107793,N107793,1,undetected,N107793,N107793,N107793,sa1,1
24175,N86177 /1 undetected,output,,N86177,N86177,1,undetected,N86177,N86177,N86177,sa1,1
24176,N24221 /0 undetected,output,,N24221,N24221,0,undetected,N24221,N24221,N24221,sa0,1
24177,N106761 /1 undetected,output,,N106761,N106761,1,undetected,N106761,N106761,N106761,sa1,1
24178,N86176 /1 undetected,output,,N86176,N86176,1,undetected,N86176,N86176,N86176,sa1,1
24179,N23272 /0 undetected,output,,N23272,N23272,0,undetected,N23272,N23272,N23272,sa0,1
24180,N54583 /1 undetected,output,,N54583,N54583,1,undetected,N54583,N54583,N54583,sa1,1
24181,N54583 /0 undetected,output,,N54583,N54583,0,undetected,N54583,N54583,N54583,sa0,1
24182,N120744 /1 undetected,output,,N120744,N120744,1,undetected,N120744,N120744,N120744,sa1,1
24183,N120740 /1 undetected,output,,N120740,N120740,1,undetected,N120740,N120740,N120740,sa1,1
24184,N100121 /1 undetected,output,,N100121,N100121,1,undetected,N100121,N100121,N100121,sa1,1
24185,N52648 /1 undetected,output,,N52648,N52648,1,undetected,N52648,N52648,N52648,sa1,1
24186,N100120 /1 undetected,output,,N100120,N100120,1,undetected,N100120,N100120,N100120,sa1,1
24187,N49532 /0 undetected,output,,N49532,N49532,0,undetected,N49532,N49532,N49532,sa0,1
24188,N119005 /1 undetected,output,,N119005,N119005,1,undetected,N119005,N119005,N119005,sa1,1
24189,N93352 /1 undetected,output,,N93352,N93352,1,undetected,N93352,N93352,N93352,sa1,1
24190,N24905 /1 undetected,output,,N24905,N24905,1,undetected,N24905,N24905,N24905,sa1,1
24191,N24905 /0 undetected,output,,N24905,N24905,0,undetected,N24905,N24905,N24905,sa0,1
24192,N93651 /1 undetected,output,,N93651,N93651,1,undetected,N93651,N93651,N93651,sa1,1
24193,N24904 /1 undetected,output,,N24904,N24904,1,undetected,N24904,N24904,N24904,sa1,1
24194,N105769 /1 undetected,output,,N105769,N105769,1,undetected,N105769,N105769,N105769,sa1,1
24195,N24902 /1 undetected,output,,N24902,N24902,1,undetected,N24902,N24902,N24902,sa1,1
24196,N108905 /1 undetected,output,,N108905,N108905,1,undetected,N108905,N108905,N108905,sa1,1
24197,N24897 /1 undetected,output,,N24897,N24897,1,undetected,N24897,N24897,N24897,sa1,1
24198,N106531 /1 undetected,output,,N106531,N106531,1,undetected,N106531,N106531,N106531,sa1,1
24199,N85653 /1 undetected,output,,N85653,N85653,1,undetected,N85653,N85653,N85653,sa1,1
24200,N54850 /0 undetected,output,,N54850,N54850,0,undetected,N54850,N54850,N54850,sa0,1
24201,N75890 /1 undetected,output,,N75890,N75890,1,undetected,N75890,N75890,N75890,sa1,1
24202,N53858 /1 undetected,output,,N53858,N53858,1,undetected,N53858,N53858,N53858,sa1,1
24203,N53858 /0 undetected,output,,N53858,N53858,0,undetected,N53858,N53858,N53858,sa0,1
24204,N106658 /1 undetected,output,,N106658,N106658,1,undetected,N106658,N106658,N106658,sa1,1
24205,N75863 /1 undetected,output,,N75863,N75863,1,undetected,N75863,N75863,N75863,sa1,1
24206,N49825 /1 undetected,output,,N49825,N49825,1,undetected,N49825,N49825,N49825,sa1,1
24207,N49825 /0 undetected,output,,N49825,N49825,0,undetected,N49825,N49825,N49825,sa0,1
24208,N118929 /1 undetected,output,,N118929,N118929,1,undetected,N118929,N118929,N118929,sa1,1
24209,N49824 /1 undetected,output,,N49824,N49824,1,undetected,N49824,N49824,N49824,sa1,1
24210,N119079 /1 undetected,output,,N119079,N119079,1,undetected,N119079,N119079,N119079,sa1,1
24211,N107916 /1 undetected,output,,N107916,N107916,1,undetected,N107916,N107916,N107916,sa1,1
24212,N25225 /0 undetected,output,,N25225,N25225,0,undetected,N25225,N25225,N25225,sa0,1
24213,N25222 /1 undetected,output,,N25222,N25222,1,undetected,N25222,N25222,N25222,sa1,1
24214,N25220 /1 undetected,output,,N25220,N25220,1,undetected,N25220,N25220,N25220,sa1,1
24215,N107921 /1 undetected,output,,N107921,N107921,1,undetected,N107921,N107921,N107921,sa1,1
24216,N98731 /1 undetected,output,,N98731,N98731,1,undetected,N98731,N98731,N98731,sa1,1
24217,N25218 /1 undetected,output,,N25218,N25218,1,undetected,N25218,N25218,N25218,sa1,1
24218,N107692 /1 undetected,output,,N107692,N107692,1,undetected,N107692,N107692,N107692,sa1,1
24219,N105665 /1 undetected,output,,N105665,N105665,1,undetected,N105665,N105665,N105665,sa1,1
24220,N25153 /1 undetected,output,,N25153,N25153,1,undetected,N25153,N25153,N25153,sa1,1
24221,N25153 /0 undetected,output,,N25153,N25153,0,undetected,N25153,N25153,N25153,sa0,1
24222,N106546 /1 undetected,output,,N106546,N106546,1,undetected,N106546,N106546,N106546,sa1,1
24223,N25152 /1 undetected,output,,N25152,N25152,1,undetected,N25152,N25152,N25152,sa1,1
24224,N25151 /1 undetected,output,,N25151,N25151,1,undetected,N25151,N25151,N25151,sa1,1
24225,N25150 /1 undetected,output,,N25150,N25150,1,undetected,N25150,N25150,N25150,sa1,1
24226,N107705 /1 undetected,output,,N107705,N107705,1,undetected,N107705,N107705,N107705,sa1,1
24227,N85724 /1 undetected,output,,N85724,N85724,1,undetected,N85724,N85724,N85724,sa1,1
24228,N24937 /1 undetected,output,,N24937,N24937,1,undetected,N24937,N24937,N24937,sa1,1
24229,N25148 /1 undetected,output,,N25148,N25148,1,undetected,N25148,N25148,N25148,sa1,1
24230,N106675 /1 undetected,output,,N106675,N106675,1,undetected,N106675,N106675,N106675,sa1,1
24231,N25146 /1 undetected,output,,N25146,N25146,1,undetected,N25146,N25146,N25146,sa1,1
24232,N109002 /1 undetected,output,,N109002,N109002,1,undetected,N109002,N109002,N109002,sa1,1
24233,N106553 /1 undetected,output,,N106553,N106553,1,undetected,N106553,N106553,N106553,sa1,1
24234,N25001 /1 undetected,output,,N25001,N25001,1,undetected,N25001,N25001,N25001,sa1,1
24235,N25001 /0 undetected,output,,N25001,N25001,0,undetected,N25001,N25001,N25001,sa0,1
24236,N108967 /1 undetected,output,,N108967,N108967,1,undetected,N108967,N108967,N108967,sa1,1
24237,N106636 /1 undetected,output,,N106636,N106636,1,undetected,N106636,N106636,N106636,sa1,1
24238,N24108 /1 undetected,output,,N24108,N24108,1,undetected,N24108,N24108,N24108,sa1,1
24239,N24108 /0 undetected,output,,N24108,N24108,0,undetected,N24108,N24108,N24108,sa0,1
24240,N54667 /1 undetected,output,,N54667,N54667,1,undetected,N54667,N54667,N54667,sa1,1
24241,N54667 /0 undetected,output,,N54667,N54667,0,undetected,N54667,N54667,N54667,sa0,1
24242,N54666 /1 undetected,output,,N54666,N54666,1,undetected,N54666,N54666,N54666,sa1,1
24243,N120769 /1 undetected,output,,N120769,N120769,1,undetected,N120769,N120769,N120769,sa1,1
24244,N105942 /1 undetected,output,,N105942,N105942,1,undetected,N105942,N105942,N105942,sa1,1
24245,N54663 /1 undetected,output,,N54663,N54663,1,undetected,N54663,N54663,N54663,sa1,1
24246,N105929 /1 undetected,output,,N105929,N105929,1,undetected,N105929,N105929,N105929,sa1,1
24247,N93546 /1 undetected,output,,N93546,N93546,1,undetected,N93546,N93546,N93546,sa1,1
24248,N54200 /1 undetected,output,,N54200,N54200,1,undetected,N54200,N54200,N54200,sa1,1
24249,N54200 /0 undetected,output,,N54200,N54200,0,undetected,N54200,N54200,N54200,sa0,1
24250,N109169 /1 undetected,output,,N109169,N109169,1,undetected,N109169,N109169,N109169,sa1,1
24251,N93519 /1 undetected,output,,N93519,N93519,1,undetected,N93519,N93519,N93519,sa1,1
24252,N49250 /1 undetected,output,,N49250,N49250,1,undetected,N49250,N49250,N49250,sa1,1
24253,N49250 /0 undetected,output,,N49250,N49250,0,undetected,N49250,N49250,N49250,sa0,1
24254,N118889 /1 undetected,output,,N118889,N118889,1,undetected,N118889,N118889,N118889,sa1,1
24255,N49249 /1 undetected,output,,N49249,N49249,1,undetected,N49249,N49249,N49249,sa1,1
24256,N75724 /1 undetected,output,,N75724,N75724,1,undetected,N75724,N75724,N75724,sa1,1
24257,N49247 /1 undetected,output,,N49247,N49247,1,undetected,N49247,N49247,N49247,sa1,1
24258,N118891 /1 undetected,output,,N118891,N118891,1,undetected,N118891,N118891,N118891,sa1,1
24259,N118799 /1 undetected,output,,N118799,N118799,1,undetected,N118799,N118799,N118799,sa1,1
24260,N25078 /1 undetected,output,,N25078,N25078,1,undetected,N25078,N25078,N25078,sa1,1
24261,N25078 /0 undetected,output,,N25078,N25078,0,undetected,N25078,N25078,N25078,sa0,1
24262,N108866 /1 undetected,output,,N108866,N108866,1,undetected,N108866,N108866,N108866,sa1,1
24263,N107858 /1 undetected,output,,N107858,N107858,1,undetected,N107858,N107858,N107858,sa1,1
24264,N24472 /1 undetected,output,,N24472,N24472,1,undetected,N24472,N24472,N24472,sa1,1
24265,N24472 /0 undetected,output,,N24472,N24472,0,undetected,N24472,N24472,N24472,sa0,1
24266,N107857 /1 undetected,output,,N107857,N107857,1,undetected,N107857,N107857,N107857,sa1,1
24267,N107843 /1 undetected,output,,N107843,N107843,1,undetected,N107843,N107843,N107843,sa1,1
24268,N3598 /1 undetected,output,,N3598,N3598,1,undetected,N3598,N3598,N3598,sa1,1
24269,N96491 /1 undetected,output,,N96491,N96491,1,undetected,N96491,N96491,N96491,sa1,1
24270,N84130 /1 undetected,output,,N84130,N84130,1,undetected,N84130,N84130,N84130,sa1,1
24271,N3594 /1 undetected,output,,N3594,N3594,1,undetected,N3594,N3594,N3594,sa1,1
24272,N96203 /1 undetected,output,,N96203,N96203,1,undetected,N96203,N96203,N96203,sa1,1
24273,N2656 /0 undetected,output,,N2656,N2656,0,undetected,N2656,N2656,N2656,sa0,1
24274,N93471 /1 undetected,output,,N93471,N93471,1,undetected,N93471,N93471,N93471,sa1,1
24275,N93432 /1 undetected,output,,N93432,N93432,1,undetected,N93432,N93432,N93432,sa1,1
24276,N2467 /0 undetected,output,,N2467,N2467,0,undetected,N2467,N2467,N2467,sa0,1
24277,N93431 /1 undetected,output,,N93431,N93431,1,undetected,N93431,N93431,N93431,sa1,1
24278,N92915 /1 undetected,output,,N92915,N92915,1,undetected,N92915,N92915,N92915,sa1,1
24279,N83054 /1 undetected,output,,N83054,N83054,1,undetected,N83054,N83054,N83054,sa1,1
24280,N83350 /1 undetected,output,,N83350,N83350,1,undetected,N83350,N83350,N83350,sa1,1
24281,N69877 /1 undetected,output,,N69877,N69877,1,undetected,N69877,N69877,N69877,sa1,1
24282,N77691 /1 undetected,output,,N77691,N77691,1,undetected,N77691,N77691,N77691,sa1,1
24283,N69876 /1 undetected,output,,N69876,N69876,1,undetected,N69876,N69876,N69876,sa1,1
24284,N90951 /1 undetected,output,,N90951,N90951,1,undetected,N90951,N90951,N90951,sa1,1
24285,N69874 /1 undetected,output,,N69874,N69874,1,undetected,N69874,N69874,N69874,sa1,1
24286,N90851 /1 undetected,output,,N90851,N90851,1,undetected,N90851,N90851,N90851,sa1,1
24287,N69864 /1 undetected,output,,N69864,N69864,1,undetected,N69864,N69864,N69864,sa1,1
24288,N87075 /1 undetected,output,,N87075,N87075,1,undetected,N87075,N87075,N87075,sa1,1
24289,N69863 /1 undetected,output,,N69863,N69863,1,undetected,N69863,N69863,N69863,sa1,1
24290,N83348 /1 undetected,output,,N83348,N83348,1,undetected,N83348,N83348,N83348,sa1,1
24291,N69861 /1 undetected,output,,N69861,N69861,1,undetected,N69861,N69861,N69861,sa1,1
24292,N24428 /1 undetected,output,,N24428,N24428,1,undetected,N24428,N24428,N24428,sa1,1
24293,N24428 /0 undetected,output,,N24428,N24428,0,undetected,N24428,N24428,N24428,sa0,1
24294,N107797 /1 undetected,output,,N107797,N107797,1,undetected,N107797,N107797,N107797,sa1,1
24295,N76395 /1 undetected,output,,N76395,N76395,1,undetected,N76395,N76395,N76395,sa1,1
24296,N105453 /1 undetected,output,,N105453,N105453,1,undetected,N105453,N105453,N105453,sa1,1
24297,N14821 /1 undetected,output,,N14821,N14821,1,undetected,N14821,N14821,N14821,sa1,1
24298,N86417 /1 undetected,output,,N86417,N86417,1,undetected,N86417,N86417,N86417,sa1,1
24299,N23611 /0 undetected,output,,N23611,N23611,0,undetected,N23611,N23611,N23611,sa0,1
24300,N105479 /1 undetected,output,,N105479,N105479,1,undetected,N105479,N105479,N105479,sa1,1
24301,N86036 /1 undetected,output,,N86036,N86036,1,undetected,N86036,N86036,N86036,sa1,1
24302,N101933 /1 undetected,output,,N101933,N101933,1,undetected,N101933,N101933,N101933,sa1,1
24303,N94207 /1 undetected,output,,N94207,N94207,1,undetected,N94207,N94207,N94207,sa1,1
24304,N24565 /1 undetected,output,,N24565,N24565,1,undetected,N24565,N24565,N24565,sa1,1
24305,N24565 /0 undetected,output,,N24565,N24565,0,undetected,N24565,N24565,N24565,sa0,1
24306,N24564 /1 undetected,output,,N24564,N24564,1,undetected,N24564,N24564,N24564,sa1,1
24307,N93678 /1 undetected,output,,N93678,N93678,1,undetected,N93678,N93678,N93678,sa1,1
24308,N24562 /1 undetected,output,,N24562,N24562,1,undetected,N24562,N24562,N24562,sa1,1
24309,N24551 /1 undetected,output,,N24551,N24551,1,undetected,N24551,N24551,N24551,sa1,1
24310,N107928 /1 undetected,output,,N107928,N107928,1,undetected,N107928,N107928,N107928,sa1,1
24311,N93646 /1 undetected,output,,N93646,N93646,1,undetected,N93646,N93646,N93646,sa1,1
24312,N11768 /1 undetected,output,,N11768,N11768,1,undetected,N11768,N11768,N11768,sa1,1
24313,N100060 /1 undetected,output,,N100060,N100060,1,undetected,N100060,N100060,N100060,sa1,1
24314,N11767 /1 undetected,output,,N11767,N11767,1,undetected,N11767,N11767,N11767,sa1,1
24315,N11612 /1 undetected,output,,N11612,N11612,1,undetected,N11612,N11612,N11612,sa1,1
24316,N11612 /0 undetected,output,,N11612,N11612,0,undetected,N11612,N11612,N11612,sa0,1
24317,N100059 /1 undetected,output,,N100059,N100059,1,undetected,N100059,N100059,N100059,sa1,1
24318,N11522 /1 undetected,output,,N11522,N11522,1,undetected,N11522,N11522,N11522,sa1,1
24319,N84993 /1 undetected,output,,N84993,N84993,1,undetected,N84993,N84993,N84993,sa1,1
24320,N11521 /1 undetected,output,,N11521,N11521,1,undetected,N11521,N11521,N11521,sa1,1
24321,N11519 /1 undetected,output,,N11519,N11519,1,undetected,N11519,N11519,N11519,sa1,1
24322,N99933 /1 undetected,output,,N99933,N99933,1,undetected,N99933,N99933,N99933,sa1,1
24323,N99924 /1 undetected,output,,N99924,N99924,1,undetected,N99924,N99924,N99924,sa1,1
24324,N11515 /1 undetected,output,,N11515,N11515,1,undetected,N11515,N11515,N11515,sa1,1
24325,N53622 /1 undetected,output,,N53622,N53622,1,undetected,N53622,N53622,N53622,sa1,1
24326,N53622 /0 undetected,output,,N53622,N53622,0,undetected,N53622,N53622,N53622,sa0,1
24327,N120475 /1 undetected,output,,N120475,N120475,1,undetected,N120475,N120475,N120475,sa1,1
24328,N107870 /1 undetected,output,,N107870,N107870,1,undetected,N107870,N107870,N107870,sa1,1
24329,N53433 /1 undetected,output,,N53433,N53433,1,undetected,N53433,N53433,N53433,sa1,1
24330,N53432 /1 undetected,output,,N53432,N53432,1,undetected,N53432,N53432,N53432,sa1,1
24331,N120377 /1 undetected,output,,N120377,N120377,1,undetected,N120377,N120377,N120377,sa1,1
24332,N53430 /1 undetected,output,,N53430,N53430,1,undetected,N53430,N53430,N53430,sa1,1
24333,N120385 /1 undetected,output,,N120385,N120385,1,undetected,N120385,N120385,N120385,sa1,1
24334,N53150 /1 undetected,output,,N53150,N53150,1,undetected,N53150,N53150,N53150,sa1,1
24335,N53149 /1 undetected,output,,N53149,N53149,1,undetected,N53149,N53149,N53149,sa1,1
24336,N120275 /1 undetected,output,,N120275,N120275,1,undetected,N120275,N120275,N120275,sa1,1
24337,N53147 /1 undetected,output,,N53147,N53147,1,undetected,N53147,N53147,N53147,sa1,1
24338,N120282 /1 undetected,output,,N120282,N120282,1,undetected,N120282,N120282,N120282,sa1,1
24339,N120226 /1 undetected,output,,N120226,N120226,1,undetected,N120226,N120226,N120226,sa1,1
24340,N49303 /1 undetected,output,,N49303,N49303,1,undetected,N49303,N49303,N49303,sa1,1
24341,N49303 /0 undetected,output,,N49303,N49303,0,undetected,N49303,N49303,N49303,sa0,1
24342,N118890 /1 undetected,output,,N118890,N118890,1,undetected,N118890,N118890,N118890,sa1,1
24343,N49302 /1 undetected,output,,N49302,N49302,1,undetected,N49302,N49302,N49302,sa1,1
24344,N118926 /1 undetected,output,,N118926,N118926,1,undetected,N118926,N118926,N118926,sa1,1
24345,N98730 /1 undetected,output,,N98730,N98730,1,undetected,N98730,N98730,N98730,sa1,1
24346,N23750 /1 undetected,output,,N23750,N23750,1,undetected,N23750,N23750,N23750,sa1,1
24347,N23750 /0 undetected,output,,N23750,N23750,0,undetected,N23750,N23750,N23750,sa0,1
24348,N105851 /1 undetected,output,,N105851,N105851,1,undetected,N105851,N105851,N105851,sa1,1
24349,N105837 /1 undetected,output,,N105837,N105837,1,undetected,N105837,N105837,N105837,sa1,1
24350,N25274 /1 undetected,output,,N25274,N25274,1,undetected,N25274,N25274,N25274,sa1,1
24351,N25274 /0 undetected,output,,N25274,N25274,0,undetected,N25274,N25274,N25274,sa0,1
24352,N25273 /1 undetected,output,,N25273,N25273,1,undetected,N25273,N25273,N25273,sa1,1
24353,N108993 /1 undetected,output,,N108993,N108993,1,undetected,N108993,N108993,N108993,sa1,1
24354,N107971 /1 undetected,output,,N107971,N107971,1,undetected,N107971,N107971,N107971,sa1,1
24355,N25271 /1 undetected,output,,N25271,N25271,1,undetected,N25271,N25271,N25271,sa1,1
24356,N109151 /1 undetected,output,,N109151,N109151,1,undetected,N109151,N109151,N109151,sa1,1
24357,N109140 /1 undetected,output,,N109140,N109140,1,undetected,N109140,N109140,N109140,sa1,1
24358,N25011 /0 undetected,output,,N25011,N25011,0,undetected,N25011,N25011,N25011,sa0,1
24359,N108968 /1 undetected,output,,N108968,N108968,1,undetected,N108968,N108968,N108968,sa1,1
24360,N107704 /1 undetected,output,,N107704,N107704,1,undetected,N107704,N107704,N107704,sa1,1
24361,N49573 /1 undetected,output,,N49573,N49573,1,undetected,N49573,N49573,N49573,sa1,1
24362,N49573 /0 undetected,output,,N49573,N49573,0,undetected,N49573,N49573,N49573,sa0,1
24363,N118795 /1 undetected,output,,N118795,N118795,1,undetected,N118795,N118795,N118795,sa1,1
24364,N85727 /1 undetected,output,,N85727,N85727,1,undetected,N85727,N85727,N85727,sa1,1
24365,N24045 /1 undetected,output,,N24045,N24045,1,undetected,N24045,N24045,N24045,sa1,1
24366,N24045 /0 undetected,output,,N24045,N24045,0,undetected,N24045,N24045,N24045,sa0,1
24367,N105955 /1 undetected,output,,N105955,N105955,1,undetected,N105955,N105955,N105955,sa1,1
24368,N85721 /1 undetected,output,,N85721,N85721,1,undetected,N85721,N85721,N85721,sa1,1
24369,N23814 /0 undetected,output,,N23814,N23814,0,undetected,N23814,N23814,N23814,sa0,1
24370,N105928 /1 undetected,output,,N105928,N105928,1,undetected,N105928,N105928,N105928,sa1,1
24371,N85704 /1 undetected,output,,N85704,N85704,1,undetected,N85704,N85704,N85704,sa1,1
24372,N23812 /0 undetected,output,,N23812,N23812,0,undetected,N23812,N23812,N23812,sa0,1
24373,N105953 /1 undetected,output,,N105953,N105953,1,undetected,N105953,N105953,N105953,sa1,1
24374,N75875 /1 undetected,output,,N75875,N75875,1,undetected,N75875,N75875,N75875,sa1,1
24375,N54201 /1 undetected,output,,N54201,N54201,1,undetected,N54201,N54201,N54201,sa1,1
24376,N54201 /0 undetected,output,,N54201,N54201,0,undetected,N54201,N54201,N54201,sa0,1
24377,N107854 /1 undetected,output,,N107854,N107854,1,undetected,N107854,N107854,N107854,sa1,1
24378,N25075 /1 undetected,output,,N25075,N25075,1,undetected,N25075,N25075,N25075,sa1,1
24379,N24879 /1 undetected,output,,N24879,N24879,1,undetected,N24879,N24879,N24879,sa1,1
24380,N24879 /0 undetected,output,,N24879,N24879,0,undetected,N24879,N24879,N24879,sa0,1
24381,N108889 /1 undetected,output,,N108889,N108889,1,undetected,N108889,N108889,N108889,sa1,1
24382,N107853 /1 undetected,output,,N107853,N107853,1,undetected,N107853,N107853,N107853,sa1,1
24383,__tpi_cp_1_N24146 /1 undetected,output,,__tpi_cp_1_N24146,__tpi_cp_1_N24146,1,undetected,__tpi_cp_1_N24146,__tpi_cp_1_N24146,__tpi_cp_1_N24146,sa1,1
24384,N24146 /0 undetected,output,,N24146,N24146,0,undetected,N24146,N24146,N24146,sa0,1
24385,N106694 /1 undetected,output,,N106694,N106694,1,undetected,N106694,N106694,N106694,sa1,1
24386,N24141 /1 undetected,output,,N24141,N24141,1,undetected,N24141,N24141,N24141,sa1,1
24387,N106690 /1 undetected,output,,N106690,N106690,1,undetected,N106690,N106690,N106690,sa1,1
24388,N105810 /1 undetected,output,,N105810,N105810,1,undetected,N105810,N105810,N105810,sa1,1
24389,N24673 /1 undetected,output,,N24673,N24673,1,undetected,N24673,N24673,N24673,sa1,1
24390,N107998 /1 undetected,output,,N107998,N107998,1,undetected,N107998,N107998,N107998,sa1,1
24391,N76396 /1 undetected,output,,N76396,N76396,1,undetected,N76396,N76396,N76396,sa1,1
24392,N24199 /1 undetected,output,,N24199,N24199,1,undetected,N24199,N24199,N24199,sa1,1
24393,N106725 /1 undetected,output,,N106725,N106725,1,undetected,N106725,N106725,N106725,sa1,1
24394,N76393 /1 undetected,output,,N76393,N76393,1,undetected,N76393,N76393,N76393,sa1,1
24395,N105454 /1 undetected,output,,N105454,N105454,1,undetected,N105454,N105454,N105454,sa1,1
24396,N23582 /1 undetected,output,,N23582,N23582,1,undetected,N23582,N23582,N23582,sa1,1
24397,N23582 /0 undetected,output,,N23582,N23582,0,undetected,N23582,N23582,N23582,sa0,1
24398,N13074 /1 undetected,output,,N13074,N13074,1,undetected,N13074,N13074,N13074,sa1,1
24399,N98476 /1 undetected,output,,N98476,N98476,1,undetected,N98476,N98476,N98476,sa1,1
24400,N13002 /1 undetected,output,,N13002,N13002,1,undetected,N13002,N13002,N13002,sa1,1
24401,N13002 /0 undetected,output,,N13002,N13002,0,undetected,N13002,N13002,N13002,sa0,1
24402,N100920 /1 undetected,output,,N100920,N100920,1,undetected,N100920,N100920,N100920,sa1,1
24403,N100741 /1 undetected,output,,N100741,N100741,1,undetected,N100741,N100741,N100741,sa1,1
24404,N12942 /0 undetected,output,,N12942,N12942,0,undetected,N12942,N12942,N12942,sa0,1
24405,N100919 /1 undetected,output,,N100919,N100919,1,undetected,N100919,N100919,N100919,sa1,1
24406,N100740 /1 undetected,output,,N100740,N100740,1,undetected,N100740,N100740,N100740,sa1,1
24407,N100696 /1 undetected,output,,N100696,N100696,1,undetected,N100696,N100696,N100696,sa1,1
24408,N100695 /1 undetected,output,,N100695,N100695,1,undetected,N100695,N100695,N100695,sa1,1
24409,N24671 /1 undetected,output,,N24671,N24671,1,undetected,N24671,N24671,N24671,sa1,1
24410,N86178 /1 undetected,output,,N86178,N86178,1,undetected,N86178,N86178,N86178,sa1,1
24411,N23601 /1 undetected,output,,N23601,N23601,1,undetected,N23601,N23601,N23601,sa1,1
24412,N23601 /0 undetected,output,,N23601,N23601,0,undetected,N23601,N23601,N23601,sa0,1
24413,N15241 /0 undetected,output,,N15241,N15241,0,undetected,N15241,N15241,N15241,sa0,1
24414,N94226 /1 undetected,output,,N94226,N94226,1,undetected,N94226,N94226,N94226,sa1,1
24415,N54118 /1 undetected,output,,N54118,N54118,1,undetected,N54118,N54118,N54118,sa1,1
24416,N54118 /0 undetected,output,,N54118,N54118,0,undetected,N54118,N54118,N54118,sa0,1
24417,N109144 /1 undetected,output,,N109144,N109144,1,undetected,N109144,N109144,N109144,sa1,1
24418,N75815 /1 undetected,output,,N75815,N75815,1,undetected,N75815,N75815,N75815,sa1,1
24419,N25141 /1 undetected,output,,N25141,N25141,1,undetected,N25141,N25141,N25141,sa1,1
24420,N25141 /0 undetected,output,,N25141,N25141,0,undetected,N25141,N25141,N25141,sa0,1
24421,N25140 /1 undetected,output,,N25140,N25140,1,undetected,N25140,N25140,N25140,sa1,1
24422,N25139 /1 undetected,output,,N25139,N25139,1,undetected,N25139,N25139,N25139,sa1,1
24423,N93653 /1 undetected,output,,N93653,N93653,1,undetected,N93653,N93653,N93653,sa1,1
24424,N25137 /1 undetected,output,,N25137,N25137,1,undetected,N25137,N25137,N25137,sa1,1
24425,N109001 /1 undetected,output,,N109001,N109001,1,undetected,N109001,N109001,N109001,sa1,1
24426,N106533 /1 undetected,output,,N106533,N106533,1,undetected,N106533,N106533,N106533,sa1,1
24427,N25135 /1 undetected,output,,N25135,N25135,1,undetected,N25135,N25135,N25135,sa1,1
24428,N25133 /1 undetected,output,,N25133,N25133,1,undetected,N25133,N25133,N25133,sa1,1
24429,N106674 /1 undetected,output,,N106674,N106674,1,undetected,N106674,N106674,N106674,sa1,1
24430,N25132 /1 undetected,output,,N25132,N25132,1,undetected,N25132,N25132,N25132,sa1,1
24431,N109078 /1 undetected,output,,N109078,N109078,1,undetected,N109078,N109078,N109078,sa1,1
24432,N93554 /1 undetected,output,,N93554,N93554,1,undetected,N93554,N93554,N93554,sa1,1
24433,N25126 /1 undetected,output,,N25126,N25126,1,undetected,N25126,N25126,N25126,sa1,1
24434,N107933 /1 undetected,output,,N107933,N107933,1,undetected,N107933,N107933,N107933,sa1,1
24435,N106492 /1 undetected,output,,N106492,N106492,1,undetected,N106492,N106492,N106492,sa1,1
24436,N25124 /1 undetected,output,,N25124,N25124,1,undetected,N25124,N25124,N25124,sa1,1
24437,N107952 /1 undetected,output,,N107952,N107952,1,undetected,N107952,N107952,N107952,sa1,1
24438,N85723 /1 undetected,output,,N85723,N85723,1,undetected,N85723,N85723,N85723,sa1,1
24439,N49541 /0 undetected,output,,N49541,N49541,0,undetected,N49541,N49541,N49541,sa0,1
24440,N119006 /1 undetected,output,,N119006,N119006,1,undetected,N119006,N119006,N119006,sa1,1
24441,N93660 /1 undetected,output,,N93660,N93660,1,undetected,N93660,N93660,N93660,sa1,1
24442,N49506 /1 undetected,output,,N49506,N49506,1,undetected,N49506,N49506,N49506,sa1,1
24443,N49506 /0 undetected,output,,N49506,N49506,0,undetected,N49506,N49506,N49506,sa0,1
24444,N49320 /1 undetected,output,,N49320,N49320,1,undetected,N49320,N49320,N49320,sa1,1
24445,N118927 /1 undetected,output,,N118927,N118927,1,undetected,N118927,N118927,N118927,sa1,1
24446,N49318 /1 undetected,output,,N49318,N49318,1,undetected,N49318,N49318,N49318,sa1,1
24447,N93658 /1 undetected,output,,N93658,N93658,1,undetected,N93658,N93658,N93658,sa1,1
24448,N75725 /1 undetected,output,,N75725,N75725,1,undetected,N75725,N75725,N75725,sa1,1
24449,N24485 /1 undetected,output,,N24485,N24485,1,undetected,N24485,N24485,N24485,sa1,1
24450,N24485 /0 undetected,output,,N24485,N24485,0,undetected,N24485,N24485,N24485,sa0,1
24451,N107871 /1 undetected,output,,N107871,N107871,1,undetected,N107871,N107871,N107871,sa1,1
24452,N107849 /1 undetected,output,,N107849,N107849,1,undetected,N107849,N107849,N107849,sa1,1
24453,N23712 /1 undetected,output,,N23712,N23712,1,undetected,N23712,N23712,N23712,sa1,1
24454,N23712 /0 undetected,output,,N23712,N23712,0,undetected,N23712,N23712,N23712,sa0,1
24455,N105771 /1 undetected,output,,N105771,N105771,1,undetected,N105771,N105771,N105771,sa1,1
24456,N105768 /1 undetected,output,,N105768,N105768,1,undetected,N105768,N105768,N105768,sa1,1
24457,N53166 /1 undetected,output,,N53166,N53166,1,undetected,N53166,N53166,N53166,sa1,1
24458,N53166 /0 undetected,output,,N53166,N53166,0,undetected,N53166,N53166,N53166,sa0,1
24459,N105856 /1 undetected,output,,N105856,N105856,1,undetected,N105856,N105856,N105856,sa1,1
24460,N53164 /1 undetected,output,,N53164,N53164,1,undetected,N53164,N53164,N53164,sa1,1
24461,N75974 /1 undetected,output,,N75974,N75974,1,undetected,N75974,N75974,N75974,sa1,1
24462,N53163 /1 undetected,output,,N53163,N53163,1,undetected,N53163,N53163,N53163,sa1,1
24463,N106008 /1 undetected,output,,N106008,N106008,1,undetected,N106008,N106008,N106008,sa1,1
24464,N105852 /1 undetected,output,,N105852,N105852,1,undetected,N105852,N105852,N105852,sa1,1
24465,N54239 /1 undetected,output,,N54239,N54239,1,undetected,N54239,N54239,N54239,sa1,1
24466,N54239 /0 undetected,output,,N54239,N54239,0,undetected,N54239,N54239,N54239,sa0,1
24467,N54187 /1 undetected,output,,N54187,N54187,1,undetected,N54187,N54187,N54187,sa1,1
24468,N120558 /1 undetected,output,,N120558,N120558,1,undetected,N120558,N120558,N120558,sa1,1
24469,N109150 /1 undetected,output,,N109150,N109150,1,undetected,N109150,N109150,N109150,sa1,1
24470,N53671 /1 undetected,output,,N53671,N53671,1,undetected,N53671,N53671,N53671,sa1,1
24471,N53220 /1 undetected,output,,N53220,N53220,1,undetected,N53220,N53220,N53220,sa1,1
24472,N105958 /1 undetected,output,,N105958,N105958,1,undetected,N105958,N105958,N105958,sa1,1
24473,N53219 /1 undetected,output,,N53219,N53219,1,undetected,N53219,N53219,N53219,sa1,1
24474,N53011 /1 undetected,output,,N53011,N53011,1,undetected,N53011,N53011,N53011,sa1,1
24475,N120247 /1 undetected,output,,N120247,N120247,1,undetected,N120247,N120247,N120247,sa1,1
24476,N105956 /1 undetected,output,,N105956,N105956,1,undetected,N105956,N105956,N105956,sa1,1
24477,N49924 /1 undetected,output,,N49924,N49924,1,undetected,N49924,N49924,N49924,sa1,1
24478,N49924 /0 undetected,output,,N49924,N49924,0,undetected,N49924,N49924,N49924,sa0,1
24479,N119090 /1 undetected,output,,N119090,N119090,1,undetected,N119090,N119090,N119090,sa1,1
24480,N49923 /1 undetected,output,,N49923,N49923,1,undetected,N49923,N49923,N49923,sa1,1
24481,N119107 /1 undetected,output,,N119107,N119107,1,undetected,N119107,N119107,N119107,sa1,1
24482,N93409 /1 undetected,output,,N93409,N93409,1,undetected,N93409,N93409,N93409,sa1,1
24483,N24861 /1 undetected,output,,N24861,N24861,1,undetected,N24861,N24861,N24861,sa1,1
24484,N24861 /0 undetected,output,,N24861,N24861,0,undetected,N24861,N24861,N24861,sa0,1
24485,N24859 /1 undetected,output,,N24859,N24859,1,undetected,N24859,N24859,N24859,sa1,1
24486,N85705 /1 undetected,output,,N85705,N85705,1,undetected,N85705,N85705,N85705,sa1,1
24487,N24858 /1 undetected,output,,N24858,N24858,1,undetected,N24858,N24858,N24858,sa1,1
24488,N75687 /1 undetected,output,,N75687,N75687,1,undetected,N75687,N75687,N75687,sa1,1
24489,N24841 /1 undetected,output,,N24841,N24841,1,undetected,N24841,N24841,N24841,sa1,1
24490,N24856 /1 undetected,output,,N24856,N24856,1,undetected,N24856,N24856,N24856,sa1,1
24491,N3364 /1 undetected,output,,N3364,N3364,1,undetected,N3364,N3364,N3364,sa1,1
24492,N3363 /1 undetected,output,,N3363,N3363,1,undetected,N3363,N3363,N3363,sa1,1
24493,N96317 /1 undetected,output,,N96317,N96317,1,undetected,N96317,N96317,N96317,sa1,1
24494,N84117 /1 undetected,output,,N84117,N84117,1,undetected,N84117,N84117,N84117,sa1,1
24495,N3360 /1 undetected,output,,N3360,N3360,1,undetected,N3360,N3360,N3360,sa1,1
24496,N96207 /1 undetected,output,,N96207,N96207,1,undetected,N96207,N96207,N96207,sa1,1
24497,N96310 /1 undetected,output,,N96310,N96310,1,undetected,N96310,N96310,N96310,sa1,1
24498,N3356 /1 undetected,output,,N3356,N3356,1,undetected,N3356,N3356,N3356,sa1,1
24499,N96225 /1 undetected,output,,N96225,N96225,1,undetected,N96225,N96225,N96225,sa1,1
24500,N96304 /1 undetected,output,,N96304,N96304,1,undetected,N96304,N96304,N96304,sa1,1
24501,N24185 /1 undetected,output,,N24185,N24185,1,undetected,N24185,N24185,N24185,sa1,1
24502,N24185 /0 undetected,output,,N24185,N24185,0,undetected,N24185,N24185,N24185,sa0,1
24503,N69583 /0 undetected,output,,N69583,N69583,0,undetected,N69583,N69583,N69583,sa0,1
24504,N69175 /1 undetected,output,,N69175,N69175,1,undetected,N69175,N69175,N69175,sa1,1
24505,N83079 /1 undetected,output,,N83079,N83079,1,undetected,N83079,N83079,N83079,sa1,1
24506,N69163 /0 undetected,output,,N69163,N69163,0,undetected,N69163,N69163,N69163,sa0,1
24507,N87069 /1 undetected,output,,N87069,N87069,1,undetected,N87069,N87069,N87069,sa1,1
24508,N69161 /1 undetected,output,,N69161,N69161,1,undetected,N69161,N69161,N69161,sa1,1
24509,N90861 /1 undetected,output,,N90861,N90861,1,undetected,N90861,N90861,N90861,sa1,1
24510,N85515 /1 undetected,output,,N85515,N85515,1,undetected,N85515,N85515,N85515,sa1,1
24511,N54582 /1 undetected,output,,N54582,N54582,1,undetected,N54582,N54582,N54582,sa1,1
24512,N54582 /0 undetected,output,,N54582,N54582,0,undetected,N54582,N54582,N54582,sa0,1
24513,N120742 /1 undetected,output,,N120742,N120742,1,undetected,N120742,N120742,N120742,sa1,1
24514,N54577 /1 undetected,output,,N54577,N54577,1,undetected,N54577,N54577,N54577,sa1,1
24515,N120730 /1 undetected,output,,N120730,N120730,1,undetected,N120730,N120730,N120730,sa1,1
24516,N107868 /1 undetected,output,,N107868,N107868,1,undetected,N107868,N107868,N107868,sa1,1
24517,N49300 /1 undetected,output,,N49300,N49300,1,undetected,N49300,N49300,N49300,sa1,1
24518,N49300 /0 undetected,output,,N49300,N49300,0,undetected,N49300,N49300,N49300,sa0,1
24519,N49137 /1 undetected,output,,N49137,N49137,1,undetected,N49137,N49137,N49137,sa1,1
24520,N49137 /0 undetected,output,,N49137,N49137,0,undetected,N49137,N49137,N49137,sa0,1
24521,N24116 /0 undetected,output,,N24116,N24116,0,undetected,N24116,N24116,N24116,sa0,1
24522,N106501 /1 undetected,output,,N106501,N106501,1,undetected,N106501,N106501,N106501,sa1,1
24523,N24107 /1 undetected,output,,N24107,N24107,1,undetected,N24107,N24107,N24107,sa1,1
24524,N24107 /0 undetected,output,,N24107,N24107,0,undetected,N24107,N24107,N24107,sa0,1
24525,N106645 /1 undetected,output,,N106645,N106645,1,undetected,N106645,N106645,N106645,sa1,1
24526,N24102 /1 undetected,output,,N24102,N24102,1,undetected,N24102,N24102,N24102,sa1,1
24527,N106639 /1 undetected,output,,N106639,N106639,1,undetected,N106639,N106639,N106639,sa1,1
24528,N93565 /1 undetected,output,,N93565,N93565,1,undetected,N93565,N93565,N93565,sa1,1
24529,N24002 /0 undetected,output,,N24002,N24002,0,undetected,N24002,N24002,N24002,sa0,1
24530,N49584 /1 undetected,output,,N49584,N49584,1,undetected,N49584,N49584,N49584,sa1,1
24531,N49584 /0 undetected,output,,N49584,N49584,0,undetected,N49584,N49584,N49584,sa0,1
24532,N119017 /1 undetected,output,,N119017,N119017,1,undetected,N119017,N119017,N119017,sa1,1
24533,N49582 /1 undetected,output,,N49582,N49582,1,undetected,N49582,N49582,N49582,sa1,1
24534,N119029 /1 undetected,output,,N119029,N119029,1,undetected,N119029,N119029,N119029,sa1,1
24535,N93353 /1 undetected,output,,N93353,N93353,1,undetected,N93353,N93353,N93353,sa1,1
24536,N53936 /1 undetected,output,,N53936,N53936,1,undetected,N53936,N53936,N53936,sa1,1
24537,N53936 /0 undetected,output,,N53936,N53936,0,undetected,N53936,N53936,N53936,sa0,1
24538,N106708 /1 undetected,output,,N106708,N106708,1,undetected,N106708,N106708,N106708,sa1,1
24539,N106696 /1 undetected,output,,N106696,N106696,1,undetected,N106696,N106696,N106696,sa1,1
24540,N53895 /1 undetected,output,,N53895,N53895,1,undetected,N53895,N53895,N53895,sa1,1
24541,N53895 /0 undetected,output,,N53895,N53895,0,undetected,N53895,N53895,N53895,sa0,1
24542,N106703 /1 undetected,output,,N106703,N106703,1,undetected,N106703,N106703,N106703,sa1,1
24543,N106695 /1 undetected,output,,N106695,N106695,1,undetected,N106695,N106695,N106695,sa1,1
24544,N53672 /1 undetected,output,,N53672,N53672,1,undetected,N53672,N53672,N53672,sa1,1
24545,N53672 /0 undetected,output,,N53672,N53672,0,undetected,N53672,N53672,N53672,sa0,1
24546,N120503 /1 undetected,output,,N120503,N120503,1,undetected,N120503,N120503,N120503,sa1,1
24547,N85899 /1 undetected,output,,N85899,N85899,1,undetected,N85899,N85899,N85899,sa1,1
24548,N49859 /1 undetected,output,,N49859,N49859,1,undetected,N49859,N49859,N49859,sa1,1
24549,N49859 /0 undetected,output,,N49859,N49859,0,undetected,N49859,N49859,N49859,sa0,1
24550,N118939 /1 undetected,output,,N118939,N118939,1,undetected,N118939,N118939,N118939,sa1,1
24551,N49858 /1 undetected,output,,N49858,N49858,1,undetected,N49858,N49858,N49858,sa1,1
24552,N119086 /1 undetected,output,,N119086,N119086,1,undetected,N119086,N119086,N119086,sa1,1
24553,N93559 /1 undetected,output,,N93559,N93559,1,undetected,N93559,N93559,N93559,sa1,1
24554,N24613 /1 undetected,output,,N24613,N24613,1,undetected,N24613,N24613,N24613,sa1,1
24555,N24613 /0 undetected,output,,N24613,N24613,0,undetected,N24613,N24613,N24613,sa0,1
24556,N107981 /1 undetected,output,,N107981,N107981,1,undetected,N107981,N107981,N107981,sa1,1
24557,N24609 /1 undetected,output,,N24609,N24609,1,undetected,N24609,N24609,N24609,sa1,1
24558,N105898 /1 undetected,output,,N105898,N105898,1,undetected,N105898,N105898,N105898,sa1,1
24559,N93566 /1 undetected,output,,N93566,N93566,1,undetected,N93566,N93566,N93566,sa1,1
24560,N24471 /1 undetected,output,,N24471,N24471,1,undetected,N24471,N24471,N24471,sa1,1
24561,N24471 /0 undetected,output,,N24471,N24471,0,undetected,N24471,N24471,N24471,sa0,1
24562,N107855 /1 undetected,output,,N107855,N107855,1,undetected,N107855,N107855,N107855,sa1,1
24563,N93676 /1 undetected,output,,N93676,N93676,1,undetected,N93676,N93676,N93676,sa1,1
24564,N24424 /1 undetected,output,,N24424,N24424,1,undetected,N24424,N24424,N24424,sa1,1
24565,N24424 /0 undetected,output,,N24424,N24424,0,undetected,N24424,N24424,N24424,sa0,1
24566,N105451 /1 undetected,output,,N105451,N105451,1,undetected,N105451,N105451,N105451,sa1,1
24567,N24423 /1 undetected,output,,N24423,N24423,1,undetected,N24423,N24423,N24423,sa1,1
24568,N105445 /1 undetected,output,,N105445,N105445,1,undetected,N105445,N105445,N105445,sa1,1
24569,N88840 /1 undetected,output,,N88840,N88840,1,undetected,N88840,N88840,N88840,sa1,1
24570,N24224 /1 undetected,output,,N24224,N24224,1,undetected,N24224,N24224,N24224,sa1,1
24571,N24224 /0 undetected,output,,N24224,N24224,0,undetected,N24224,N24224,N24224,sa0,1
24572,N105449 /1 undetected,output,,N105449,N105449,1,undetected,N105449,N105449,N105449,sa1,1
24573,N24223 /1 undetected,output,,N24223,N24223,1,undetected,N24223,N24223,N24223,sa1,1
24574,N105444 /1 undetected,output,,N105444,N105444,1,undetected,N105444,N105444,N105444,sa1,1
24575,N88833 /1 undetected,output,,N88833,N88833,1,undetected,N88833,N88833,N88833,sa1,1
24576,N75562 /1 undetected,output,,N75562,N75562,1,undetected,N75562,N75562,N75562,sa1,1
24577,N24414 /1 undetected,output,,N24414,N24414,1,undetected,N24414,N24414,N24414,sa1,1
24578,N105473 /1 undetected,output,,N105473,N105473,1,undetected,N105473,N105473,N105473,sa1,1
24579,N24413 /1 undetected,output,,N24413,N24413,1,undetected,N24413,N24413,N24413,sa1,1
24580,N88839 /1 undetected,output,,N88839,N88839,1,undetected,N88839,N88839,N88839,sa1,1
24581,N24216 /1 undetected,output,,N24216,N24216,1,undetected,N24216,N24216,N24216,sa1,1
24582,N105472 /1 undetected,output,,N105472,N105472,1,undetected,N105472,N105472,N105472,sa1,1
24583,N24215 /1 undetected,output,,N24215,N24215,1,undetected,N24215,N24215,N24215,sa1,1
24584,N105469 /1 undetected,output,,N105469,N105469,1,undetected,N105469,N105469,N105469,sa1,1
24585,N88832 /1 undetected,output,,N88832,N88832,1,undetected,N88832,N88832,N88832,sa1,1
24586,N14624 /1 undetected,output,,N14624,N14624,1,undetected,N14624,N14624,N14624,sa1,1
24587,N14811 /1 undetected,output,,N14811,N14811,1,undetected,N14811,N14811,N14811,sa1,1
24588,N11609 /1 undetected,output,,N11609,N11609,1,undetected,N11609,N11609,N11609,sa1,1
24589,N52653 /1 undetected,output,,N52653,N52653,1,undetected,N52653,N52653,N52653,sa1,1
24590,N52653 /0 undetected,output,,N52653,N52653,0,undetected,N52653,N52653,N52653,sa0,1
24591,N120126 /1 undetected,output,,N120126,N120126,1,undetected,N120126,N120126,N120126,sa1,1
24592,N52652 /1 undetected,output,,N52652,N52652,1,undetected,N52652,N52652,N52652,sa1,1
24593,N120128 /1 undetected,output,,N120128,N120128,1,undetected,N120128,N120128,N120128,sa1,1
24594,N105767 /1 undetected,output,,N105767,N105767,1,undetected,N105767,N105767,N105767,sa1,1
24595,N25223 /1 undetected,output,,N25223,N25223,1,undetected,N25223,N25223,N25223,sa1,1
24596,N108966 /1 undetected,output,,N108966,N108966,1,undetected,N108966,N108966,N108966,sa1,1
24597,N85655 /1 undetected,output,,N85655,N85655,1,undetected,N85655,N85655,N85655,sa1,1
24598,N24999 /0 undetected,output,,N24999,N24999,0,undetected,N24999,N24999,N24999,sa0,1
24599,N24111 /1 undetected,output,,N24111,N24111,1,undetected,N24111,N24111,N24111,sa1,1
24600,N24111 /0 undetected,output,,N24111,N24111,0,undetected,N24111,N24111,N24111,sa0,1
24601,N105809 /1 undetected,output,,N105809,N105809,1,undetected,N105809,N105809,N105809,sa1,1
24602,N24100 /1 undetected,output,,N24100,N24100,1,undetected,N24100,N24100,N24100,sa1,1
24603,N92615 /1 undetected,output,,N92615,N92615,1,undetected,N92615,N92615,N92615,sa1,1
24604,N92570 /1 undetected,output,,N92570,N92570,1,undetected,N92570,N92570,N92570,sa1,1
24605,N54698 /1 undetected,output,,N54698,N54698,1,undetected,N54698,N54698,N54698,sa1,1
24606,N54698 /0 undetected,output,,N54698,N54698,0,undetected,N54698,N54698,N54698,sa0,1
24607,N120782 /1 undetected,output,,N120782,N120782,1,undetected,N120782,N120782,N120782,sa1,1
24608,N54697 /1 undetected,output,,N54697,N54697,1,undetected,N54697,N54697,N54697,sa1,1
24609,N120741 /1 undetected,output,,N120741,N120741,1,undetected,N120741,N120741,N120741,sa1,1
24610,N54696 /1 undetected,output,,N54696,N54696,1,undetected,N54696,N54696,N54696,sa1,1
24611,N105937 /1 undetected,output,,N105937,N105937,1,undetected,N105937,N105937,N105937,sa1,1
24612,N75885 /1 undetected,output,,N75885,N75885,1,undetected,N75885,N75885,N75885,sa1,1
24613,N49842 /1 undetected,output,,N49842,N49842,1,undetected,N49842,N49842,N49842,sa1,1
24614,N49842 /0 undetected,output,,N49842,N49842,0,undetected,N49842,N49842,N49842,sa0,1
24615,N119091 /1 undetected,output,,N119091,N119091,1,undetected,N119091,N119091,N119091,sa1,1
24616,N119088 /1 undetected,output,,N119088,N119088,1,undetected,N119088,N119088,N119088,sa1,1
24617,N49571 /1 undetected,output,,N49571,N49571,1,undetected,N49571,N49571,N49571,sa1,1
24618,N49571 /0 undetected,output,,N49571,N49571,0,undetected,N49571,N49571,N49571,sa0,1
24619,N119032 /1 undetected,output,,N119032,N119032,1,undetected,N119032,N119032,N119032,sa1,1
24620,N93661 /1 undetected,output,,N93661,N93661,1,undetected,N93661,N93661,N93661,sa1,1
24621,N49363 /1 undetected,output,,N49363,N49363,1,undetected,N49363,N49363,N49363,sa1,1
24622,N49363 /0 undetected,output,,N49363,N49363,0,undetected,N49363,N49363,N49363,sa0,1
24623,N85189 /1 undetected,output,,N85189,N85189,1,undetected,N85189,N85189,N85189,sa1,1
24624,N49362 /1 undetected,output,,N49362,N49362,1,undetected,N49362,N49362,N49362,sa1,1
24625,N118902 /1 undetected,output,,N118902,N118902,1,undetected,N118902,N118902,N118902,sa1,1
24626,N95804 /1 undetected,output,,N95804,N95804,1,undetected,N95804,N95804,N95804,sa1,1
24627,N85944 /1 undetected,output,,N85944,N85944,1,undetected,N85944,N85944,N85944,sa1,1
24628,N118901 /1 undetected,output,,N118901,N118901,1,undetected,N118901,N118901,N118901,sa1,1
24629,N95942 /1 undetected,output,,N95942,N95942,1,undetected,N95942,N95942,N95942,sa1,1
24630,N49113 /0 undetected,output,,N49113,N49113,0,undetected,N49113,N49113,N49113,sa0,1
24631,N105949 /1 undetected,output,,N105949,N105949,1,undetected,N105949,N105949,N105949,sa1,1
24632,N105951 /1 undetected,output,,N105951,N105951,1,undetected,N105951,N105951,N105951,sa1,1
24633,N25289 /1 undetected,output,,N25289,N25289,1,undetected,N25289,N25289,N25289,sa1,1
24634,N25289 /0 undetected,output,,N25289,N25289,0,undetected,N25289,N25289,N25289,sa0,1
24635,N109166 /1 undetected,output,,N109166,N109166,1,undetected,N109166,N109166,N109166,sa1,1
24636,N109159 /1 undetected,output,,N109159,N109159,1,undetected,N109159,N109159,N109159,sa1,1
24637,N25283 /1 undetected,output,,N25283,N25283,1,undetected,N25283,N25283,N25283,sa1,1
24638,N25283 /0 undetected,output,,N25283,N25283,0,undetected,N25283,N25283,N25283,sa0,1
24639,N109158 /1 undetected,output,,N109158,N109158,1,undetected,N109158,N109158,N109158,sa1,1
24640,N93526 /1 undetected,output,,N93526,N93526,1,undetected,N93526,N93526,N93526,sa1,1
24641,N24468 /1 undetected,output,,N24468,N24468,1,undetected,N24468,N24468,N24468,sa1,1
24642,N24468 /0 undetected,output,,N24468,N24468,0,undetected,N24468,N24468,N24468,sa0,1
24643,N2465 /1 undetected,output,,N2465,N2465,1,undetected,N2465,N2465,N2465,sa1,1
24644,N93425 /1 undetected,output,,N93425,N93425,1,undetected,N93425,N93425,N93425,sa1,1
24645,N93203 /1 undetected,output,,N93203,N93203,1,undetected,N93203,N93203,N93203,sa1,1
24646,N2458 /1 undetected,output,,N2458,N2458,1,undetected,N2458,N2458,N2458,sa1,1
24647,N2458 /0 undetected,output,,N2458,N2458,0,undetected,N2458,N2458,N2458,sa0,1
24648,N93424 /1 undetected,output,,N93424,N93424,1,undetected,N93424,N93424,N93424,sa1,1
24649,N93418 /1 undetected,output,,N93418,N93418,1,undetected,N93418,N93418,N93418,sa1,1
24650,N2426 /1 undetected,output,,N2426,N2426,1,undetected,N2426,N2426,N2426,sa1,1
24651,N93244 /1 undetected,output,,N93244,N93244,1,undetected,N93244,N93244,N93244,sa1,1
24652,N93202 /1 undetected,output,,N93202,N93202,1,undetected,N93202,N93202,N93202,sa1,1
24653,N94810 /1 undetected,output,,N94810,N94810,1,undetected,N94810,N94810,N94810,sa1,1
24654,N94806 /1 undetected,output,,N94806,N94806,1,undetected,N94806,N94806,N94806,sa1,1
24655,N119567 /1 undetected,output,,N119567,N119567,1,undetected,N119567,N119567,N119567,sa1,1
24656,N84868 /1 undetected,output,,N84868,N84868,1,undetected,N84868,N84868,N84868,sa1,1
24657,N94771 /1 undetected,output,,N94771,N94771,1,undetected,N94771,N94771,N94771,sa1,1
24658,N51101 /1 undetected,output,,N51101,N51101,1,undetected,N51101,N51101,N51101,sa1,1
24659,N85559 /1 undetected,output,,N85559,N85559,1,undetected,N85559,N85559,N85559,sa1,1
24660,N85973 /1 undetected,output,,N85973,N85973,1,undetected,N85973,N85973,N85973,sa1,1
24661,N51095 /1 undetected,output,,N51095,N51095,1,undetected,N51095,N51095,N51095,sa1,1
24662,N93411 /1 undetected,output,,N93411,N93411,1,undetected,N93411,N93411,N93411,sa1,1
24663,N51093 /1 undetected,output,,N51093,N51093,1,undetected,N51093,N51093,N51093,sa1,1
24664,N51091 /1 undetected,output,,N51091,N51091,1,undetected,N51091,N51091,N51091,sa1,1
24665,N93594 /1 undetected,output,,N93594,N93594,1,undetected,N93594,N93594,N93594,sa1,1
24666,N76184 /1 undetected,output,,N76184,N76184,1,undetected,N76184,N76184,N76184,sa1,1
24667,N51090 /1 undetected,output,,N51090,N51090,1,undetected,N51090,N51090,N51090,sa1,1
24668,N119544 /1 undetected,output,,N119544,N119544,1,undetected,N119544,N119544,N119544,sa1,1
24669,N119537 /1 undetected,output,,N119537,N119537,1,undetected,N119537,N119537,N119537,sa1,1
24670,N51088 /1 undetected,output,,N51088,N51088,1,undetected,N51088,N51088,N51088,sa1,1
24671,N93573 /1 undetected,output,,N93573,N93573,1,undetected,N93573,N93573,N93573,sa1,1
24672,N51086 /1 undetected,output,,N51086,N51086,1,undetected,N51086,N51086,N51086,sa1,1
24673,N75628 /1 undetected,output,,N75628,N75628,1,undetected,N75628,N75628,N75628,sa1,1
24674,N102709 /1 undetected,output,,N102709,N102709,1,undetected,N102709,N102709,N102709,sa1,1
24675,N51028 /1 undetected,output,,N51028,N51028,1,undetected,N51028,N51028,N51028,sa1,1
24676,N119507 /1 undetected,output,,N119507,N119507,1,undetected,N119507,N119507,N119507,sa1,1
24677,N51025 /1 undetected,output,,N51025,N51025,1,undetected,N51025,N51025,N51025,sa1,1
24678,N119509 /1 undetected,output,,N119509,N119509,1,undetected,N119509,N119509,N119509,sa1,1
24679,N85558 /1 undetected,output,,N85558,N85558,1,undetected,N85558,N85558,N85558,sa1,1
24680,N51010 /1 undetected,output,,N51010,N51010,1,undetected,N51010,N51010,N51010,sa1,1
24681,N119505 /1 undetected,output,,N119505,N119505,1,undetected,N119505,N119505,N119505,sa1,1
24682,N75627 /1 undetected,output,,N75627,N75627,1,undetected,N75627,N75627,N75627,sa1,1
24683,N50979 /1 undetected,output,,N50979,N50979,1,undetected,N50979,N50979,N50979,sa1,1
24684,N98471 /1 undetected,output,,N98471,N98471,1,undetected,N98471,N98471,N98471,sa1,1
24685,N119482 /1 undetected,output,,N119482,N119482,1,undetected,N119482,N119482,N119482,sa1,1
24686,N93570 /1 undetected,output,,N93570,N93570,1,undetected,N93570,N93570,N93570,sa1,1
24687,N23581 /1 undetected,output,,N23581,N23581,1,undetected,N23581,N23581,N23581,sa1,1
24688,N105447 /1 undetected,output,,N105447,N105447,1,undetected,N105447,N105447,N105447,sa1,1
24689,N23578 /1 undetected,output,,N23578,N23578,1,undetected,N23578,N23578,N23578,sa1,1
24690,N12941 /1 undetected,output,,N12941,N12941,1,undetected,N12941,N12941,N12941,sa1,1
24691,N12941 /0 undetected,output,,N12941,N12941,0,undetected,N12941,N12941,N12941,sa0,1
24692,N100693 /1 undetected,output,,N100693,N100693,1,undetected,N100693,N100693,N100693,sa1,1
24693,N86023 /1 undetected,output,,N86023,N86023,1,undetected,N86023,N86023,N86023,sa1,1
24694,N12690 /1 undetected,output,,N12690,N12690,1,undetected,N12690,N12690,N12690,sa1,1
24695,N100662 /1 undetected,output,,N100662,N100662,1,undetected,N100662,N100662,N100662,sa1,1
24696,N100659 /1 undetected,output,,N100659,N100659,1,undetected,N100659,N100659,N100659,sa1,1
24697,N12646 /1 undetected,output,,N12646,N12646,1,undetected,N12646,N12646,N12646,sa1,1
24698,N86161 /1 undetected,output,,N86161,N86161,1,undetected,N86161,N86161,N86161,sa1,1
24699,N13012 /1 undetected,output,,N13012,N13012,1,undetected,N13012,N13012,N13012,sa1,1
24700,N13012 /0 undetected,output,,N13012,N13012,0,undetected,N13012,N13012,N13012,sa0,1
24701,N100999 /1 undetected,output,,N100999,N100999,1,undetected,N100999,N100999,N100999,sa1,1
24702,N100832 /1 undetected,output,,N100832,N100832,1,undetected,N100832,N100832,N100832,sa1,1
24703,N12833 /1 undetected,output,,N12833,N12833,1,undetected,N12833,N12833,N12833,sa1,1
24704,N12833 /0 undetected,output,,N12833,N12833,0,undetected,N12833,N12833,N12833,sa0,1
24705,N100831 /1 undetected,output,,N100831,N100831,1,undetected,N100831,N100831,N100831,sa1,1
24706,N12832 /1 undetected,output,,N12832,N12832,1,undetected,N12832,N12832,N12832,sa1,1
24707,N93280 /1 undetected,output,,N93280,N93280,1,undetected,N93280,N93280,N93280,sa1,1
24708,N76382 /1 undetected,output,,N76382,N76382,1,undetected,N76382,N76382,N76382,sa1,1
24709,N23600 /1 undetected,output,,N23600,N23600,1,undetected,N23600,N23600,N23600,sa1,1
24710,N105474 /1 undetected,output,,N105474,N105474,1,undetected,N105474,N105474,N105474,sa1,1
24711,N23595 /1 undetected,output,,N23595,N23595,1,undetected,N23595,N23595,N23595,sa1,1
24712,N25253 /1 undetected,output,,N25253,N25253,1,undetected,N25253,N25253,N25253,sa1,1
24713,N25253 /0 undetected,output,,N25253,N25253,0,undetected,N25253,N25253,N25253,sa0,1
24714,N25251 /1 undetected,output,,N25251,N25251,1,undetected,N25251,N25251,N25251,sa1,1
24715,N109141 /1 undetected,output,,N109141,N109141,1,undetected,N109141,N109141,N109141,sa1,1
24716,N93555 /1 undetected,output,,N93555,N93555,1,undetected,N93555,N93555,N93555,sa1,1
24717,N25042 /1 undetected,output,,N25042,N25042,1,undetected,N25042,N25042,N25042,sa1,1
24718,N108998 /1 undetected,output,,N108998,N108998,1,undetected,N108998,N108998,N108998,sa1,1
24719,N2518 /1 undetected,output,,N2518,N2518,1,undetected,N2518,N2518,N2518,sa1,1
24720,N85701 /1 undetected,output,,N85701,N85701,1,undetected,N85701,N85701,N85701,sa1,1
24721,N85630 /1 undetected,output,,N85630,N85630,1,undetected,N85630,N85630,N85630,sa1,1
24722,N49505 /1 undetected,output,,N49505,N49505,1,undetected,N49505,N49505,N49505,sa1,1
24723,N119002 /1 undetected,output,,N119002,N119002,1,undetected,N119002,N119002,N119002,sa1,1
24724,N49504 /1 undetected,output,,N49504,N49504,1,undetected,N49504,N49504,N49504,sa1,1
24725,N24098 /1 undetected,output,,N24098,N24098,1,undetected,N24098,N24098,N24098,sa1,1
24726,N24484 /1 undetected,output,,N24484,N24484,1,undetected,N24484,N24484,N24484,sa1,1
24727,N24484 /0 undetected,output,,N24484,N24484,0,undetected,N24484,N24484,N24484,sa0,1
24728,N107866 /1 undetected,output,,N107866,N107866,1,undetected,N107866,N107866,N107866,sa1,1
24729,N93536 /1 undetected,output,,N93536,N93536,1,undetected,N93536,N93536,N93536,sa1,1
24730,N24482 /1 undetected,output,,N24482,N24482,1,undetected,N24482,N24482,N24482,sa1,1
24731,N24482 /0 undetected,output,,N24482,N24482,0,undetected,N24482,N24482,N24482,sa0,1
24732,N107865 /1 undetected,output,,N107865,N107865,1,undetected,N107865,N107865,N107865,sa1,1
24733,N93645 /1 undetected,output,,N93645,N93645,1,undetected,N93645,N93645,N93645,sa1,1
24734,N23741 /1 undetected,output,,N23741,N23741,1,undetected,N23741,N23741,N23741,sa1,1
24735,N23741 /0 undetected,output,,N23741,N23741,0,undetected,N23741,N23741,N23741,sa0,1
24736,N105765 /1 undetected,output,,N105765,N105765,1,undetected,N105765,N105765,N105765,sa1,1
24737,N93641 /1 undetected,output,,N93641,N93641,1,undetected,N93641,N93641,N93641,sa1,1
24738,N23739 /1 undetected,output,,N23739,N23739,1,undetected,N23739,N23739,N23739,sa1,1
24739,N23739 /0 undetected,output,,N23739,N23739,0,undetected,N23739,N23739,N23739,sa0,1
24740,N105764 /1 undetected,output,,N105764,N105764,1,undetected,N105764,N105764,N105764,sa1,1
24741,N75787 /1 undetected,output,,N75787,N75787,1,undetected,N75787,N75787,N75787,sa1,1
24742,N23709 /1 undetected,output,,N23709,N23709,1,undetected,N23709,N23709,N23709,sa1,1
24743,N23709 /0 undetected,output,,N23709,N23709,0,undetected,N23709,N23709,N23709,sa0,1
24744,N105763 /1 undetected,output,,N105763,N105763,1,undetected,N105763,N105763,N105763,sa1,1
24745,N75709 /1 undetected,output,,N75709,N75709,1,undetected,N75709,N75709,N75709,sa1,1
24746,N11961 /1 undetected,output,,N11961,N11961,1,undetected,N11961,N11961,N11961,sa1,1
24747,N11961 /0 undetected,output,,N11961,N11961,0,undetected,N11961,N11961,N11961,sa0,1
24748,N100099 /1 undetected,output,,N100099,N100099,1,undetected,N100099,N100099,N100099,sa1,1
24749,N11960 /1 undetected,output,,N11960,N11960,1,undetected,N11960,N11960,N11960,sa1,1
24750,N99940 /1 undetected,output,,N99940,N99940,1,undetected,N99940,N99940,N99940,sa1,1
24751,N99390 /1 undetected,output,,N99390,N99390,1,undetected,N99390,N99390,N99390,sa1,1
24752,N25182 /1 undetected,output,,N25182,N25182,1,undetected,N25182,N25182,N25182,sa1,1
24753,N25182 /0 undetected,output,,N25182,N25182,0,undetected,N25182,N25182,N25182,sa0,1
24754,N25180 /1 undetected,output,,N25180,N25180,1,undetected,N25180,N25180,N25180,sa1,1
24755,N107976 /1 undetected,output,,N107976,N107976,1,undetected,N107976,N107976,N107976,sa1,1
24756,N106507 /1 undetected,output,,N106507,N106507,1,undetected,N106507,N106507,N106507,sa1,1
24757,N25164 /1 undetected,output,,N25164,N25164,1,undetected,N25164,N25164,N25164,sa1,1
24758,N25162 /1 undetected,output,,N25162,N25162,1,undetected,N25162,N25162,N25162,sa1,1
24759,N108924 /1 undetected,output,,N108924,N108924,1,undetected,N108924,N108924,N108924,sa1,1
24760,N93654 /1 undetected,output,,N93654,N93654,1,undetected,N93654,N93654,N93654,sa1,1
24761,N24030 /1 undetected,output,,N24030,N24030,1,undetected,N24030,N24030,N24030,sa1,1
24762,N24120 /1 undetected,output,,N24120,N24120,1,undetected,N24120,N24120,N24120,sa1,1
24763,N92551 /1 undetected,output,,N92551,N92551,1,undetected,N92551,N92551,N92551,sa1,1
24764,N92614 /1 undetected,output,,N92614,N92614,1,undetected,N92614,N92614,N92614,sa1,1
24765,N56162 /1 undetected,output,,N56162,N56162,1,undetected,N56162,N56162,N56162,sa1,1
24766,N56162 /0 undetected,output,,N56162,N56162,0,undetected,N56162,N56162,N56162,sa0,1
24767,N85750 /1 undetected,output,,N85750,N85750,1,undetected,N85750,N85750,N85750,sa1,1
24768,N56161 /1 undetected,output,,N56161,N56161,1,undetected,N56161,N56161,N56161,sa1,1
24769,N120501 /1 undetected,output,,N120501,N120501,1,undetected,N120501,N120501,N120501,sa1,1
24770,N75784 /1 undetected,output,,N75784,N75784,1,undetected,N75784,N75784,N75784,sa1,1
24771,N49834 /1 undetected,output,,N49834,N49834,1,undetected,N49834,N49834,N49834,sa1,1
24772,N49834 /0 undetected,output,,N49834,N49834,0,undetected,N49834,N49834,N49834,sa0,1
24773,N119087 /1 undetected,output,,N119087,N119087,1,undetected,N119087,N119087,N119087,sa1,1
24774,N98732 /1 undetected,output,,N98732,N98732,1,undetected,N98732,N98732,N98732,sa1,1
24775,N25281 /1 undetected,output,,N25281,N25281,1,undetected,N25281,N25281,N25281,sa1,1
24776,N25281 /0 undetected,output,,N25281,N25281,0,undetected,N25281,N25281,N25281,sa0,1
24777,N23809 /1 undetected,output,,N23809,N23809,1,undetected,N23809,N23809,N23809,sa1,1
24778,N105950 /1 undetected,output,,N105950,N105950,1,undetected,N105950,N105950,N105950,sa1,1
24779,N105948 /1 undetected,output,,N105948,N105948,1,undetected,N105948,N105948,N105948,sa1,1
24780,N23798 /1 undetected,output,,N23798,N23798,1,undetected,N23798,N23798,N23798,sa1,1
24781,N69092 /0 undetected,output,,N69092,N69092,0,undetected,N69092,N69092,N69092,sa0,1
24782,N69090 /1 undetected,output,,N69090,N69090,1,undetected,N69090,N69090,N69090,sa1,1
24783,N83083 /1 undetected,output,,N83083,N83083,1,undetected,N83083,N83083,N83083,sa1,1
24784,N69081 /1 undetected,output,,N69081,N69081,1,undetected,N69081,N69081,N69081,sa1,1
24785,N77798 /1 undetected,output,,N77798,N77798,1,undetected,N77798,N77798,N77798,sa1,1
24786,N69080 /1 undetected,output,,N69080,N69080,1,undetected,N69080,N69080,N69080,sa1,1
24787,N90853 /1 undetected,output,,N90853,N90853,1,undetected,N90853,N90853,N90853,sa1,1
24788,N69078 /1 undetected,output,,N69078,N69078,1,undetected,N69078,N69078,N69078,sa1,1
24789,N83059 /1 undetected,output,,N83059,N83059,1,undetected,N83059,N83059,N83059,sa1,1
24790,N69076 /1 undetected,output,,N69076,N69076,1,undetected,N69076,N69076,N69076,sa1,1
24791,N90864 /1 undetected,output,,N90864,N90864,1,undetected,N90864,N90864,N90864,sa1,1
24792,N69066 /1 undetected,output,,N69066,N69066,1,undetected,N69066,N69066,N69066,sa1,1
24793,N87131 /1 undetected,output,,N87131,N87131,1,undetected,N87131,N87131,N87131,sa1,1
24794,N69065 /1 undetected,output,,N69065,N69065,1,undetected,N69065,N69065,N69065,sa1,1
24795,N83057 /1 undetected,output,,N83057,N83057,1,undetected,N83057,N83057,N83057,sa1,1
24796,N69063 /1 undetected,output,,N69063,N69063,1,undetected,N69063,N69063,N69063,sa1,1
24797,N126375 /1 undetected,output,,N126375,N126375,1,undetected,N126375,N126375,N126375,sa1,1
24798,N90852 /1 undetected,output,,N90852,N90852,1,undetected,N90852,N90852,N90852,sa1,1
24799,N24658 /1 undetected,output,,N24658,N24658,1,undetected,N24658,N24658,N24658,sa1,1
24800,N24658 /0 undetected,output,,N24658,N24658,0,undetected,N24658,N24658,N24658,sa0,1
24801,N105446 /1 undetected,output,,N105446,N105446,1,undetected,N105446,N105446,N105446,sa1,1
24802,N80359 /1 undetected,output,,N80359,N80359,1,undetected,N80359,N80359,N80359,sa1,1
24803,N24184 /1 undetected,output,,N24184,N24184,1,undetected,N24184,N24184,N24184,sa1,1
24804,N24184 /0 undetected,output,,N24184,N24184,0,undetected,N24184,N24184,N24184,sa0,1
24805,N105443 /1 undetected,output,,N105443,N105443,1,undetected,N105443,N105443,N105443,sa1,1
24806,N80347 /1 undetected,output,,N80347,N80347,1,undetected,N80347,N80347,N80347,sa1,1
24807,N69573 /0 undetected,output,,N69573,N69573,0,undetected,N69573,N69573,N69573,sa0,1
24808,N86954 /1 undetected,output,,N86954,N86954,1,undetected,N86954,N86954,N86954,sa1,1
24809,N69571 /1 undetected,output,,N69571,N69571,1,undetected,N69571,N69571,N69571,sa1,1
24810,N90918 /1 undetected,output,,N90918,N90918,1,undetected,N90918,N90918,N90918,sa1,1
24811,N69559 /0 undetected,output,,N69559,N69559,0,undetected,N69559,N69559,N69559,sa0,1
24812,N77526 /1 undetected,output,,N77526,N77526,1,undetected,N77526,N77526,N77526,sa1,1
24813,N69557 /1 undetected,output,,N69557,N69557,1,undetected,N69557,N69557,N69557,sa1,1
24814,N83224 /1 undetected,output,,N83224,N83224,1,undetected,N83224,N83224,N83224,sa1,1
24815,N19602 /0 undetected,output,,N19602,N19602,0,undetected,N19602,N19602,N19602,sa0,1
24816,N103966 /1 undetected,output,,N103966,N103966,1,undetected,N103966,N103966,N103966,sa1,1
24817,N13047 /1 undetected,output,,N13047,N13047,1,undetected,N13047,N13047,N13047,sa1,1
24818,N13047 /0 undetected,output,,N13047,N13047,0,undetected,N13047,N13047,N13047,sa0,1
24819,N101015 /1 undetected,output,,N101015,N101015,1,undetected,N101015,N101015,N101015,sa1,1
24820,N93288 /1 undetected,output,,N93288,N93288,1,undetected,N93288,N93288,N93288,sa1,1
24821,N24656 /0 undetected,output,,N24656,N24656,0,undetected,N24656,N24656,N24656,sa0,1
24822,N105471 /1 undetected,output,,N105471,N105471,1,undetected,N105471,N105471,N105471,sa1,1
24823,N80358 /1 undetected,output,,N80358,N80358,1,undetected,N80358,N80358,N80358,sa1,1
24824,N24182 /0 undetected,output,,N24182,N24182,0,undetected,N24182,N24182,N24182,sa0,1
24825,N80346 /1 undetected,output,,N80346,N80346,1,undetected,N80346,N80346,N80346,sa1,1
24826,N15239 /1 undetected,output,,N15239,N15239,1,undetected,N15239,N15239,N15239,sa1,1
24827,N94211 /1 undetected,output,,N94211,N94211,1,undetected,N94211,N94211,N94211,sa1,1
24828,N14809 /1 undetected,output,,N14809,N14809,1,undetected,N14809,N14809,N14809,sa1,1
24829,N14856 /1 undetected,output,,N14856,N14856,1,undetected,N14856,N14856,N14856,sa1,1
24830,N86452 /1 undetected,output,,N86452,N86452,1,undetected,N86452,N86452,N86452,sa1,1
24831,N52970 /1 undetected,output,,N52970,N52970,1,undetected,N52970,N52970,N52970,sa1,1
24832,N120212 /1 undetected,output,,N120212,N120212,1,undetected,N120212,N120212,N120212,sa1,1
24833,N52968 /1 undetected,output,,N52968,N52968,1,undetected,N52968,N52968,N52968,sa1,1
24834,N52966 /1 undetected,output,,N52966,N52966,1,undetected,N52966,N52966,N52966,sa1,1
24835,N105695 /1 undetected,output,,N105695,N105695,1,undetected,N105695,N105695,N105695,sa1,1
24836,N98600 /1 undetected,output,,N98600,N98600,1,undetected,N98600,N98600,N98600,sa1,1
24837,N52964 /1 undetected,output,,N52964,N52964,1,undetected,N52964,N52964,N52964,sa1,1
24838,N105627 /1 undetected,output,,N105627,N105627,1,undetected,N105627,N105627,N105627,sa1,1
24839,N98607 /1 undetected,output,,N98607,N98607,1,undetected,N98607,N98607,N98607,sa1,1
24840,N98905 /1 undetected,output,,N98905,N98905,1,undetected,N98905,N98905,N98905,sa1,1
24841,N22988 /1 undetected,output,,N22988,N22988,1,undetected,N22988,N22988,N22988,sa1,1
24842,N104330 /1 undetected,output,,N104330,N104330,1,undetected,N104330,N104330,N104330,sa1,1
24843,N77450 /1 undetected,output,,N77450,N77450,1,undetected,N77450,N77450,N77450,sa1,1
24844,N16433 /0 undetected,output,,N16433,N16433,0,undetected,N16433,N16433,N16433,sa0,1
24845,N16431 /1 undetected,output,,N16431,N16431,1,undetected,N16431,N16431,N16431,sa1,1
24846,N16430 /1 undetected,output,,N16430,N16430,1,undetected,N16430,N16430,N16430,sa1,1
24847,N94233 /1 undetected,output,,N94233,N94233,1,undetected,N94233,N94233,N94233,sa1,1
24848,N16425 /1 undetected,output,,N16425,N16425,1,undetected,N16425,N16425,N16425,sa1,1
24849,N103091 /1 undetected,output,,N103091,N103091,1,undetected,N103091,N103091,N103091,sa1,1
24850,N94735 /1 undetected,output,,N94735,N94735,1,undetected,N94735,N94735,N94735,sa1,1
24851,N16413 /1 undetected,output,,N16413,N16413,1,undetected,N16413,N16413,N16413,sa1,1
24852,N16396 /1 undetected,output,,N16396,N16396,1,undetected,N16396,N16396,N16396,sa1,1
24853,N94742 /1 undetected,output,,N94742,N94742,1,undetected,N94742,N94742,N94742,sa1,1
24854,N16394 /1 undetected,output,,N16394,N16394,1,undetected,N16394,N16394,N16394,sa1,1
24855,N95135 /1 undetected,output,,N95135,N95135,1,undetected,N95135,N95135,N95135,sa1,1
24856,N86708 /1 undetected,output,,N86708,N86708,1,undetected,N86708,N86708,N86708,sa1,1
24857,N16423 /1 undetected,output,,N16423,N16423,1,undetected,N16423,N16423,N16423,sa1,1
24858,N94734 /1 undetected,output,,N94734,N94734,1,undetected,N94734,N94734,N94734,sa1,1
24859,N16393 /1 undetected,output,,N16393,N16393,1,undetected,N16393,N16393,N16393,sa1,1
24860,N103089 /1 undetected,output,,N103089,N103089,1,undetected,N103089,N103089,N103089,sa1,1
24861,N94215 /1 undetected,output,,N94215,N94215,1,undetected,N94215,N94215,N94215,sa1,1
24862,N16421 /1 undetected,output,,N16421,N16421,1,undetected,N16421,N16421,N16421,sa1,1
24863,N16406 /1 undetected,output,,N16406,N16406,1,undetected,N16406,N16406,N16406,sa1,1
24864,N99893 /1 undetected,output,,N99893,N99893,1,undetected,N99893,N99893,N99893,sa1,1
24865,N16405 /1 undetected,output,,N16405,N16405,1,undetected,N16405,N16405,N16405,sa1,1
24866,N94251 /1 undetected,output,,N94251,N94251,1,undetected,N94251,N94251,N94251,sa1,1
24867,N16403 /1 undetected,output,,N16403,N16403,1,undetected,N16403,N16403,N16403,sa1,1
24868,N99229 /1 undetected,output,,N99229,N99229,1,undetected,N99229,N99229,N99229,sa1,1
24869,N77171 /1 undetected,output,,N77171,N77171,1,undetected,N77171,N77171,N77171,sa1,1
24870,N49299 /1 undetected,output,,N49299,N49299,1,undetected,N49299,N49299,N49299,sa1,1
24871,N49299 /0 undetected,output,,N49299,N49299,0,undetected,N49299,N49299,N49299,sa0,1
24872,N118919 /1 undetected,output,,N118919,N118919,1,undetected,N118919,N118919,N118919,sa1,1
24873,N49298 /1 undetected,output,,N49298,N49298,1,undetected,N49298,N49298,N49298,sa1,1
24874,N118923 /1 undetected,output,,N118923,N118923,1,undetected,N118923,N118923,N118923,sa1,1
24875,N24572 /1 undetected,output,,N24572,N24572,1,undetected,N24572,N24572,N24572,sa1,1
24876,N49136 /1 undetected,output,,N49136,N49136,1,undetected,N49136,N49136,N49136,sa1,1
24877,N49136 /0 undetected,output,,N49136,N49136,0,undetected,N49136,N49136,N49136,sa0,1
24878,N105766 /1 undetected,output,,N105766,N105766,1,undetected,N105766,N105766,N105766,sa1,1
24879,N76401 /1 undetected,output,,N76401,N76401,1,undetected,N76401,N76401,N76401,sa1,1
24880,N24001 /1 undetected,output,,N24001,N24001,1,undetected,N24001,N24001,N24001,sa1,1
24881,N105707 /1 undetected,output,,N105707,N105707,1,undetected,N105707,N105707,N105707,sa1,1
24882,N85719 /1 undetected,output,,N85719,N85719,1,undetected,N85719,N85719,N85719,sa1,1
24883,N23682 /0 undetected,output,,N23682,N23682,0,undetected,N23682,N23682,N23682,sa0,1
24884,N20885 /1 undetected,output,,N20885,N20885,1,undetected,N20885,N20885,N20885,sa1,1
24885,N20885 /0 undetected,output,,N20885,N20885,0,undetected,N20885,N20885,N20885,sa0,1
24886,N25269 /1 undetected,output,,N25269,N25269,1,undetected,N25269,N25269,N25269,sa1,1
24887,N25269 /0 undetected,output,,N25269,N25269,0,undetected,N25269,N25269,N25269,sa0,1
24888,N85683 /1 undetected,output,,N85683,N85683,1,undetected,N85683,N85683,N85683,sa1,1
24889,N25267 /1 undetected,output,,N25267,N25267,1,undetected,N25267,N25267,N25267,sa1,1
24890,N100118 /1 undetected,output,,N100118,N100118,1,undetected,N100118,N100118,N100118,sa1,1
24891,N24605 /1 undetected,output,,N24605,N24605,1,undetected,N24605,N24605,N24605,sa1,1
24892,N24605 /0 undetected,output,,N24605,N24605,0,undetected,N24605,N24605,N24605,sa0,1
24893,N24604 /1 undetected,output,,N24604,N24604,1,undetected,N24604,N24604,N24604,sa1,1
24894,N24598 /1 undetected,output,,N24598,N24598,1,undetected,N24598,N24598,N24598,sa1,1
24895,N55461 /1 undetected,output,,N55461,N55461,1,undetected,N55461,N55461,N55461,sa1,1
24896,N55461 /0 undetected,output,,N55461,N55461,0,undetected,N55461,N55461,N55461,sa0,1
24897,N120972 /1 undetected,output,,N120972,N120972,1,undetected,N120972,N120972,N120972,sa1,1
24898,N120500 /1 undetected,output,,N120500,N120500,1,undetected,N120500,N120500,N120500,sa1,1
24899,N53670 /1 undetected,output,,N53670,N53670,1,undetected,N53670,N53670,N53670,sa1,1
24900,N53670 /0 undetected,output,,N53670,N53670,0,undetected,N53670,N53670,N53670,sa0,1
24901,N120499 /1 undetected,output,,N120499,N120499,1,undetected,N120499,N120499,N120499,sa1,1
24902,N75747 /1 undetected,output,,N75747,N75747,1,undetected,N75747,N75747,N75747,sa1,1
24903,N49325 /1 undetected,output,,N49325,N49325,1,undetected,N49325,N49325,N49325,sa1,1
24904,N49325 /0 undetected,output,,N49325,N49325,0,undetected,N49325,N49325,N49325,sa0,1
24905,N118900 /1 undetected,output,,N118900,N118900,1,undetected,N118900,N118900,N118900,sa1,1
24906,N49324 /1 undetected,output,,N49324,N49324,1,undetected,N49324,N49324,N49324,sa1,1
24907,N107923 /1 undetected,output,,N107923,N107923,1,undetected,N107923,N107923,N107923,sa1,1
24908,N93557 /1 undetected,output,,N93557,N93557,1,undetected,N93557,N93557,N93557,sa1,1
24909,N49263 /1 undetected,output,,N49263,N49263,1,undetected,N49263,N49263,N49263,sa1,1
24910,N49263 /0 undetected,output,,N49263,N49263,0,undetected,N49263,N49263,N49263,sa0,1
24911,N118899 /1 undetected,output,,N118899,N118899,1,undetected,N118899,N118899,N118899,sa1,1
24912,N118896 /1 undetected,output,,N118896,N118896,1,undetected,N118896,N118896,N118896,sa1,1
24913,N49126 /1 undetected,output,,N49126,N49126,1,undetected,N49126,N49126,N49126,sa1,1
24914,N118810 /1 undetected,output,,N118810,N118810,1,undetected,N118810,N118810,N118810,sa1,1
24915,N24876 /1 undetected,output,,N24876,N24876,1,undetected,N24876,N24876,N24876,sa1,1
24916,N24876 /0 undetected,output,,N24876,N24876,0,undetected,N24876,N24876,N24876,sa0,1
24917,N108874 /1 undetected,output,,N108874,N108874,1,undetected,N108874,N108874,N108874,sa1,1
24918,N93518 /1 undetected,output,,N93518,N93518,1,undetected,N93518,N93518,N93518,sa1,1
24919,N24145 /1 undetected,output,,N24145,N24145,1,undetected,N24145,N24145,N24145,sa1,1
24920,N24145 /0 undetected,output,,N24145,N24145,0,undetected,N24145,N24145,N24145,sa0,1
24921,N75797 /1 undetected,output,,N75797,N75797,1,undetected,N75797,N75797,N75797,sa1,1
24922,N24144 /1 undetected,output,,N24144,N24144,1,undetected,N24144,N24144,N24144,sa1,1
24923,N96700 /1 undetected,output,,N96700,N96700,1,undetected,N96700,N96700,N96700,sa1,1
24924,N92753 /1 undetected,output,,N92753,N92753,1,undetected,N92753,N92753,N92753,sa1,1
24925,N51353 /1 undetected,output,,N51353,N51353,1,undetected,N51353,N51353,N51353,sa1,1
24926,N98573 /1 undetected,output,,N98573,N98573,1,undetected,N98573,N98573,N98573,sa1,1
24927,N14230 /1 undetected,output,,N14230,N14230,1,undetected,N14230,N14230,N14230,sa1,1
24928,N119568 /1 undetected,output,,N119568,N119568,1,undetected,N119568,N119568,N119568,sa1,1
24929,N84870 /1 undetected,output,,N84870,N84870,1,undetected,N84870,N84870,N84870,sa1,1
24930,N75630 /1 undetected,output,,N75630,N75630,1,undetected,N75630,N75630,N75630,sa1,1
24931,N102711 /1 undetected,output,,N102711,N102711,1,undetected,N102711,N102711,N102711,sa1,1
24932,N51309 /1 undetected,output,,N51309,N51309,1,undetected,N51309,N51309,N51309,sa1,1
24933,N51307 /1 undetected,output,,N51307,N51307,1,undetected,N51307,N51307,N51307,sa1,1
24934,N51306 /1 undetected,output,,N51306,N51306,1,undetected,N51306,N51306,N51306,sa1,1
24935,N93666 /1 undetected,output,,N93666,N93666,1,undetected,N93666,N93666,N93666,sa1,1
24936,N51304 /1 undetected,output,,N51304,N51304,1,undetected,N51304,N51304,N51304,sa1,1
24937,N119521 /1 undetected,output,,N119521,N119521,1,undetected,N119521,N119521,N119521,sa1,1
24938,N98596 /1 undetected,output,,N98596,N98596,1,undetected,N98596,N98596,N98596,sa1,1
24939,N51302 /1 undetected,output,,N51302,N51302,1,undetected,N51302,N51302,N51302,sa1,1
24940,N51300 /1 undetected,output,,N51300,N51300,1,undetected,N51300,N51300,N51300,sa1,1
24941,N51276 /1 undetected,output,,N51276,N51276,1,undetected,N51276,N51276,N51276,sa1,1
24942,N119506 /1 undetected,output,,N119506,N119506,1,undetected,N119506,N119506,N119506,sa1,1
24943,N85797 /1 undetected,output,,N85797,N85797,1,undetected,N85797,N85797,N85797,sa1,1
24944,N51294 /1 undetected,output,,N51294,N51294,1,undetected,N51294,N51294,N51294,sa1,1
24945,N94773 /1 undetected,output,,N94773,N94773,1,undetected,N94773,N94773,N94773,sa1,1
24946,N85561 /1 undetected,output,,N85561,N85561,1,undetected,N85561,N85561,N85561,sa1,1
24947,N102710 /1 undetected,output,,N102710,N102710,1,undetected,N102710,N102710,N102710,sa1,1
24948,N51264 /1 undetected,output,,N51264,N51264,1,undetected,N51264,N51264,N51264,sa1,1
24949,N51262 /1 undetected,output,,N51262,N51262,1,undetected,N51262,N51262,N51262,sa1,1
24950,N119547 /1 undetected,output,,N119547,N119547,1,undetected,N119547,N119547,N119547,sa1,1
24951,N98643 /1 undetected,output,,N98643,N98643,1,undetected,N98643,N98643,N98643,sa1,1
24952,N51261 /1 undetected,output,,N51261,N51261,1,undetected,N51261,N51261,N51261,sa1,1
24953,N119510 /1 undetected,output,,N119510,N119510,1,undetected,N119510,N119510,N119510,sa1,1
24954,N85795 /1 undetected,output,,N85795,N85795,1,undetected,N85795,N85795,N85795,sa1,1
24955,N94772 /1 undetected,output,,N94772,N94772,1,undetected,N94772,N94772,N94772,sa1,1
24956,N51257 /1 undetected,output,,N51257,N51257,1,undetected,N51257,N51257,N51257,sa1,1
24957,N119549 /1 undetected,output,,N119549,N119549,1,undetected,N119549,N119549,N119549,sa1,1
24958,N14623 /0 undetected,output,,N14623,N14623,0,undetected,N14623,N14623,N14623,sa0,1
24959,N101930 /1 undetected,output,,N101930,N101930,1,undetected,N101930,N101930,N101930,sa1,1
24960,N101866 /1 undetected,output,,N101866,N101866,1,undetected,N101866,N101866,N101866,sa1,1
24961,N54085 /1 undetected,output,,N54085,N54085,1,undetected,N54085,N54085,N54085,sa1,1
24962,N54085 /0 undetected,output,,N54085,N54085,0,undetected,N54085,N54085,N54085,sa0,1
24963,N93545 /1 undetected,output,,N93545,N93545,1,undetected,N93545,N93545,N93545,sa1,1
24964,N54083 /1 undetected,output,,N54083,N54083,1,undetected,N54083,N54083,N54083,sa1,1
24965,N54081 /1 undetected,output,,N54081,N54081,1,undetected,N54081,N54081,N54081,sa1,1
24966,N108906 /1 undetected,output,,N108906,N108906,1,undetected,N108906,N108906,N108906,sa1,1
24967,N54080 /1 undetected,output,,N54080,N54080,1,undetected,N54080,N54080,N54080,sa1,1
24968,N105620 /1 undetected,output,,N105620,N105620,1,undetected,N105620,N105620,N105620,sa1,1
24969,N75729 /1 undetected,output,,N75729,N75729,1,undetected,N75729,N75729,N75729,sa1,1
24970,N54078 /1 undetected,output,,N54078,N54078,1,undetected,N54078,N54078,N54078,sa1,1
24971,N120617 /1 undetected,output,,N120617,N120617,1,undetected,N120617,N120617,N120617,sa1,1
24972,N85669 /1 undetected,output,,N85669,N85669,1,undetected,N85669,N85669,N85669,sa1,1
24973,N14810 /0 undetected,output,,N14810,N14810,0,undetected,N14810,N14810,N14810,sa0,1
24974,N94690 /1 undetected,output,,N94690,N94690,1,undetected,N94690,N94690,N94690,sa1,1
24975,N53583 /1 undetected,output,,N53583,N53583,1,undetected,N53583,N53583,N53583,sa1,1
24976,N53583 /0 undetected,output,,N53583,N53583,0,undetected,N53583,N53583,N53583,sa0,1
24977,N53581 /1 undetected,output,,N53581,N53581,1,undetected,N53581,N53581,N53581,sa1,1
24978,N107919 /1 undetected,output,,N107919,N107919,1,undetected,N107919,N107919,N107919,sa1,1
24979,N93671 /1 undetected,output,,N93671,N93671,1,undetected,N93671,N93671,N93671,sa1,1
24980,N53580 /1 undetected,output,,N53580,N53580,1,undetected,N53580,N53580,N53580,sa1,1
24981,N120440 /1 undetected,output,,N120440,N120440,1,undetected,N120440,N120440,N120440,sa1,1
24982,N107959 /1 undetected,output,,N107959,N107959,1,undetected,N107959,N107959,N107959,sa1,1
24983,N24561 /1 undetected,output,,N24561,N24561,1,undetected,N24561,N24561,N24561,sa1,1
24984,N24561 /0 undetected,output,,N24561,N24561,0,undetected,N24561,N24561,N24561,sa0,1
24985,N107949 /1 undetected,output,,N107949,N107949,1,undetected,N107949,N107949,N107949,sa1,1
24986,N24554 /1 undetected,output,,N24554,N24554,1,undetected,N24554,N24554,N24554,sa1,1
24987,N118920 /1 undetected,output,,N118920,N118920,1,undetected,N118920,N118920,N118920,sa1,1
24988,N52645 /1 undetected,output,,N52645,N52645,1,undetected,N52645,N52645,N52645,sa1,1
24989,N120156 /1 undetected,output,,N120156,N120156,1,undetected,N120156,N120156,N120156,sa1,1
24990,N119003 /1 undetected,output,,N119003,N119003,1,undetected,N119003,N119003,N119003,sa1,1
24991,N24998 /1 undetected,output,,N24998,N24998,1,undetected,N24998,N24998,N24998,sa1,1
24992,N108962 /1 undetected,output,,N108962,N108962,1,undetected,N108962,N108962,N108962,sa1,1
24993,N105704 /1 undetected,output,,N105704,N105704,1,undetected,N105704,N105704,N105704,sa1,1
24994,N54700 /1 undetected,output,,N54700,N54700,1,undetected,N54700,N54700,N54700,sa1,1
24995,N54700 /0 undetected,output,,N54700,N54700,0,undetected,N54700,N54700,N54700,sa0,1
24996,N120781 /1 undetected,output,,N120781,N120781,1,undetected,N120781,N120781,N120781,sa1,1
24997,N93809 /1 undetected,output,,N93809,N93809,1,undetected,N93809,N93809,N93809,sa1,1
24998,N54694 /1 undetected,output,,N54694,N54694,1,undetected,N54694,N54694,N54694,sa1,1
24999,N54694 /0 undetected,output,,N54694,N54694,0,undetected,N54694,N54694,N54694,sa0,1
25000,N120780 /1 undetected,output,,N120780,N120780,1,undetected,N120780,N120780,N120780,sa1,1
25001,N54693 /1 undetected,output,,N54693,N54693,1,undetected,N54693,N54693,N54693,sa1,1
25002,N93888 /1 undetected,output,,N93888,N93888,1,undetected,N93888,N93888,N93888,sa1,1
25003,N54692 /1 undetected,output,,N54692,N54692,1,undetected,N54692,N54692,N54692,sa1,1
25004,N120774 /1 undetected,output,,N120774,N120774,1,undetected,N120774,N120774,N120774,sa1,1
25005,N105936 /1 undetected,output,,N105936,N105936,1,undetected,N105936,N105936,N105936,sa1,1
25006,N52636 /1 undetected,output,,N52636,N52636,1,undetected,N52636,N52636,N52636,sa1,1
25007,N120152 /1 undetected,output,,N120152,N120152,1,undetected,N120152,N120152,N120152,sa1,1
25008,N85840 /1 undetected,output,,N85840,N85840,1,undetected,N85840,N85840,N85840,sa1,1
25009,N120149 /1 undetected,output,,N120149,N120149,1,undetected,N120149,N120149,N120149,sa1,1
25010,N100119 /1 undetected,output,,N100119,N100119,1,undetected,N100119,N100119,N100119,sa1,1
25011,N49841 /1 undetected,output,,N49841,N49841,1,undetected,N49841,N49841,N49841,sa1,1
25012,N49841 /0 undetected,output,,N49841,N49841,0,undetected,N49841,N49841,N49841,sa0,1
25013,N118999 /1 undetected,output,,N118999,N118999,1,undetected,N118999,N118999,N118999,sa1,1
25014,N85663 /1 undetected,output,,N85663,N85663,1,undetected,N85663,N85663,N85663,sa1,1
25015,N49565 /1 undetected,output,,N49565,N49565,1,undetected,N49565,N49565,N49565,sa1,1
25016,N49565 /0 undetected,output,,N49565,N49565,0,undetected,N49565,N49565,N49565,sa0,1
25017,N119001 /1 undetected,output,,N119001,N119001,1,undetected,N119001,N119001,N119001,sa1,1
25018,N49564 /1 undetected,output,,N49564,N49564,1,undetected,N49564,N49564,N49564,sa1,1
25019,N119027 /1 undetected,output,,N119027,N119027,1,undetected,N119027,N119027,N119027,sa1,1
25020,N93406 /1 undetected,output,,N93406,N93406,1,undetected,N93406,N93406,N93406,sa1,1
25021,N49529 /0 undetected,output,,N49529,N49529,0,undetected,N49529,N49529,N49529,sa0,1
25022,N118998 /1 undetected,output,,N118998,N118998,1,undetected,N118998,N118998,N118998,sa1,1
25023,N93405 /1 undetected,output,,N93405,N93405,1,undetected,N93405,N93405,N93405,sa1,1
25024,N49118 /1 undetected,output,,N49118,N49118,1,undetected,N49118,N49118,N49118,sa1,1
25025,N49118 /0 undetected,output,,N49118,N49118,0,undetected,N49118,N49118,N49118,sa0,1
25026,N24855 /1 undetected,output,,N24855,N24855,1,undetected,N24855,N24855,N24855,sa1,1
25027,N24855 /0 undetected,output,,N24855,N24855,0,undetected,N24855,N24855,N24855,sa0,1
25028,N108873 /1 undetected,output,,N108873,N108873,1,undetected,N108873,N108873,N108873,sa1,1
25029,N24854 /1 undetected,output,,N24854,N24854,1,undetected,N24854,N24854,N24854,sa1,1
25030,N107845 /1 undetected,output,,N107845,N107845,1,undetected,N107845,N107845,N107845,sa1,1
25031,N106565 /1 undetected,output,,N106565,N106565,1,undetected,N106565,N106565,N106565,sa1,1
25032,N24610 /1 undetected,output,,N24610,N24610,1,undetected,N24610,N24610,N24610,sa1,1
25033,N24610 /0 undetected,output,,N24610,N24610,0,undetected,N24610,N24610,N24610,sa0,1
25034,N107937 /1 undetected,output,,N107937,N107937,1,undetected,N107937,N107937,N107937,sa1,1
25035,N105940 /1 undetected,output,,N105940,N105940,1,undetected,N105940,N105940,N105940,sa1,1
25036,N24469 /1 undetected,output,,N24469,N24469,1,undetected,N24469,N24469,N24469,sa1,1
25037,N24469 /0 undetected,output,,N24469,N24469,0,undetected,N24469,N24469,N24469,sa0,1
25038,N105939 /1 undetected,output,,N105939,N105939,1,undetected,N105939,N105939,N105939,sa1,1
25039,N24466 /1 undetected,output,,N24466,N24466,1,undetected,N24466,N24466,N24466,sa1,1
25040,N107848 /1 undetected,output,,N107848,N107848,1,undetected,N107848,N107848,N107848,sa1,1
25041,N107842 /1 undetected,output,,N107842,N107842,1,undetected,N107842,N107842,N107842,sa1,1
25042,N24467 /1 undetected,output,,N24467,N24467,1,undetected,N24467,N24467,N24467,sa1,1
25043,N24467 /0 undetected,output,,N24467,N24467,0,undetected,N24467,N24467,N24467,sa0,1
25044,N107834 /1 undetected,output,,N107834,N107834,1,undetected,N107834,N107834,N107834,sa1,1
25045,N105938 /1 undetected,output,,N105938,N105938,1,undetected,N105938,N105938,N105938,sa1,1
25046,__tpi_cp_0_N25074 /1 undetected,output,,__tpi_cp_0_N25074,__tpi_cp_0_N25074,1,undetected,__tpi_cp_0_N25074,__tpi_cp_0_N25074,__tpi_cp_0_N25074,sa1,1
25047,N25074 /0 undetected,output,,N25074,N25074,0,undetected,N25074,N25074,N25074,sa0,1
25048,N106643 /1 undetected,output,,N106643,N106643,1,undetected,N106643,N106643,N106643,sa1,1
25049,N105945 /1 undetected,output,,N105945,N105945,1,undetected,N105945,N105945,N105945,sa1,1
25050,N2452 /1 undetected,output,,N2452,N2452,1,undetected,N2452,N2452,N2452,sa1,1
25051,N2452 /0 undetected,output,,N2452,N2452,0,undetected,N2452,N2452,N2452,sa0,1
25052,N93009 /1 undetected,output,,N93009,N93009,1,undetected,N93009,N93009,N93009,sa1,1
25053,N2450 /1 undetected,output,,N2450,N2450,1,undetected,N2450,N2450,N2450,sa1,1
25054,N84235 /1 undetected,output,,N84235,N84235,1,undetected,N84235,N84235,N84235,sa1,1
25055,N2448 /1 undetected,output,,N2448,N2448,1,undetected,N2448,N2448,N2448,sa1,1
25056,N93023 /1 undetected,output,,N93023,N93023,1,undetected,N93023,N93023,N93023,sa1,1
25057,N2446 /1 undetected,output,,N2446,N2446,1,undetected,N2446,N2446,N2446,sa1,1
25058,N83872 /1 undetected,output,,N83872,N83872,1,undetected,N83872,N83872,N83872,sa1,1
25059,N2444 /1 undetected,output,,N2444,N2444,1,undetected,N2444,N2444,N2444,sa1,1
25060,N93026 /1 undetected,output,,N93026,N93026,1,undetected,N93026,N93026,N93026,sa1,1
25061,N2442 /1 undetected,output,,N2442,N2442,1,undetected,N2442,N2442,N2442,sa1,1
25062,N93028 /1 undetected,output,,N93028,N93028,1,undetected,N93028,N93028,N93028,sa1,1
25063,N2440 /1 undetected,output,,N2440,N2440,1,undetected,N2440,N2440,N2440,sa1,1
25064,N93036 /1 undetected,output,,N93036,N93036,1,undetected,N93036,N93036,N93036,sa1,1
25065,N2438 /1 undetected,output,,N2438,N2438,1,undetected,N2438,N2438,N2438,sa1,1
25066,N93125 /1 undetected,output,,N93125,N93125,1,undetected,N93125,N93125,N93125,sa1,1
25067,N2436 /1 undetected,output,,N2436,N2436,1,undetected,N2436,N2436,N2436,sa1,1
25068,N92937 /1 undetected,output,,N92937,N92937,1,undetected,N92937,N92937,N92937,sa1,1
25069,N2434 /1 undetected,output,,N2434,N2434,1,undetected,N2434,N2434,N2434,sa1,1
25070,N93199 /1 undetected,output,,N93199,N93199,1,undetected,N93199,N93199,N93199,sa1,1
25071,N93181 /1 undetected,output,,N93181,N93181,1,undetected,N93181,N93181,N93181,sa1,1
25072,N2418 /1 undetected,output,,N2418,N2418,1,undetected,N2418,N2418,N2418,sa1,1
25073,N84234 /1 undetected,output,,N84234,N84234,1,undetected,N84234,N84234,N84234,sa1,1
25074,N2414 /1 undetected,output,,N2414,N2414,1,undetected,N2414,N2414,N2414,sa1,1
25075,N93022 /1 undetected,output,,N93022,N93022,1,undetected,N93022,N93022,N93022,sa1,1
25076,N83871 /1 undetected,output,,N83871,N83871,1,undetected,N83871,N83871,N83871,sa1,1
25077,N2410 /1 undetected,output,,N2410,N2410,1,undetected,N2410,N2410,N2410,sa1,1
25078,N93025 /1 undetected,output,,N93025,N93025,1,undetected,N93025,N93025,N93025,sa1,1
25079,N93027 /1 undetected,output,,N93027,N93027,1,undetected,N93027,N93027,N93027,sa1,1
25080,N2406 /1 undetected,output,,N2406,N2406,1,undetected,N2406,N2406,N2406,sa1,1
25081,N93035 /1 undetected,output,,N93035,N93035,1,undetected,N93035,N93035,N93035,sa1,1
25082,N93124 /1 undetected,output,,N93124,N93124,1,undetected,N93124,N93124,N93124,sa1,1
25083,N2402 /1 undetected,output,,N2402,N2402,1,undetected,N2402,N2402,N2402,sa1,1
25084,N93045 /1 undetected,output,,N93045,N93045,1,undetected,N93045,N93045,N93045,sa1,1
25085,N93200 /1 undetected,output,,N93200,N93200,1,undetected,N93200,N93200,N93200,sa1,1
25086,N93180 /1 undetected,output,,N93180,N93180,1,undetected,N93180,N93180,N93180,sa1,1
25087,N100655 /1 undetected,output,,N100655,N100655,1,undetected,N100655,N100655,N100655,sa1,1
25088,N12830 /1 undetected,output,,N12830,N12830,1,undetected,N12830,N12830,N12830,sa1,1
25089,N12830 /0 undetected,output,,N12830,N12830,0,undetected,N12830,N12830,N12830,sa0,1
25090,N100809 /1 undetected,output,,N100809,N100809,1,undetected,N100809,N100809,N100809,sa1,1
25091,N12828 /1 undetected,output,,N12828,N12828,1,undetected,N12828,N12828,N12828,sa1,1
25092,N100717 /1 undetected,output,,N100717,N100717,1,undetected,N100717,N100717,N100717,sa1,1
25093,N12827 /1 undetected,output,,N12827,N12827,1,undetected,N12827,N12827,N12827,sa1,1
25094,N14653 /1 undetected,output,,N14653,N14653,1,undetected,N14653,N14653,N14653,sa1,1
25095,N101952 /1 undetected,output,,N101952,N101952,1,undetected,N101952,N101952,N101952,sa1,1
25096,N86430 /1 undetected,output,,N86430,N86430,1,undetected,N86430,N86430,N86430,sa1,1
25097,N90648 /1 undetected,output,,N90648,N90648,1,undetected,N90648,N90648,N90648,sa1,1
25098,N16519 /1 undetected,output,,N16519,N16519,1,undetected,N16519,N16519,N16519,sa1,1
25099,N16515 /1 undetected,output,,N16515,N16515,1,undetected,N16515,N16515,N16515,sa1,1
25100,N16513 /1 undetected,output,,N16513,N16513,1,undetected,N16513,N16513,N16513,sa1,1
25101,N103114 /1 undetected,output,,N103114,N103114,1,undetected,N103114,N103114,N103114,sa1,1
25102,N94245 /1 undetected,output,,N94245,N94245,1,undetected,N94245,N94245,N94245,sa1,1
25103,N16509 /1 undetected,output,,N16509,N16509,1,undetected,N16509,N16509,N16509,sa1,1
25104,N103109 /1 undetected,output,,N103109,N103109,1,undetected,N103109,N103109,N103109,sa1,1
25105,N16507 /1 undetected,output,,N16507,N16507,1,undetected,N16507,N16507,N16507,sa1,1
25106,N16497 /1 undetected,output,,N16497,N16497,1,undetected,N16497,N16497,N16497,sa1,1
25107,N16495 /1 undetected,output,,N16495,N16495,1,undetected,N16495,N16495,N16495,sa1,1
25108,N103107 /1 undetected,output,,N103107,N103107,1,undetected,N103107,N103107,N103107,sa1,1
25109,N103063 /1 undetected,output,,N103063,N103063,1,undetected,N103063,N103063,N103063,sa1,1
25110,N16492 /1 undetected,output,,N16492,N16492,1,undetected,N16492,N16492,N16492,sa1,1
25111,N103105 /1 undetected,output,,N103105,N103105,1,undetected,N103105,N103105,N103105,sa1,1
25112,N3424 /1 undetected,output,,N3424,N3424,1,undetected,N3424,N3424,N3424,sa1,1
25113,N11560 /0 undetected,output,,N11560,N11560,0,undetected,N11560,N11560,N11560,sa0,1
25114,N92552 /1 undetected,output,,N92552,N92552,1,undetected,N92552,N92552,N92552,sa1,1
25115,N11558 /1 undetected,output,,N11558,N11558,1,undetected,N11558,N11558,N11558,sa1,1
25116,N99958 /1 undetected,output,,N99958,N99958,1,undetected,N99958,N99958,N99958,sa1,1
25117,N53056 /1 undetected,output,,N53056,N53056,1,undetected,N53056,N53056,N53056,sa1,1
25118,N53056 /0 undetected,output,,N53056,N53056,0,undetected,N53056,N53056,N53056,sa0,1
25119,N105761 /1 undetected,output,,N105761,N105761,1,undetected,N105761,N105761,N105761,sa1,1
25120,N85640 /1 undetected,output,,N85640,N85640,1,undetected,N85640,N85640,N85640,sa1,1
25121,N16411 /1 undetected,output,,N16411,N16411,1,undetected,N16411,N16411,N16411,sa1,1
25122,N16411 /0 undetected,output,,N16411,N16411,0,undetected,N16411,N16411,N16411,sa0,1
25123,N16410 /1 undetected,output,,N16410,N16410,1,undetected,N16410,N16410,N16410,sa1,1
25124,N94232 /1 undetected,output,,N94232,N94232,1,undetected,N94232,N94232,N94232,sa1,1
25125,N16401 /1 undetected,output,,N16401,N16401,1,undetected,N16401,N16401,N16401,sa1,1
25126,N16408 /1 undetected,output,,N16408,N16408,1,undetected,N16408,N16408,N16408,sa1,1
25127,N94216 /1 undetected,output,,N94216,N94216,1,undetected,N94216,N94216,N94216,sa1,1
25128,N16392 /1 undetected,output,,N16392,N16392,1,undetected,N16392,N16392,N16392,sa1,1
25129,N11667 /0 undetected,output,,N11667,N11667,0,undetected,N11667,N11667,N11667,sa0,1
25130,N84679 /1 undetected,output,,N84679,N84679,1,undetected,N84679,N84679,N84679,sa1,1
25131,N24119 /0 undetected,output,,N24119,N24119,0,undetected,N24119,N24119,N24119,sa0,1
25132,N106635 /1 undetected,output,,N106635,N106635,1,undetected,N106635,N106635,N106635,sa1,1
25133,N93644 /1 undetected,output,,N93644,N93644,1,undetected,N93644,N93644,N93644,sa1,1
25134,N24099 /1 undetected,output,,N24099,N24099,1,undetected,N24099,N24099,N24099,sa1,1
25135,N24099 /0 undetected,output,,N24099,N24099,0,undetected,N24099,N24099,N24099,sa0,1
25136,N106634 /1 undetected,output,,N106634,N106634,1,undetected,N106634,N106634,N106634,sa1,1
25137,N105756 /1 undetected,output,,N105756,N105756,1,undetected,N105756,N105756,N105756,sa1,1
25138,N53010 /1 undetected,output,,N53010,N53010,1,undetected,N53010,N53010,N53010,sa1,1
25139,N105946 /1 undetected,output,,N105946,N105946,1,undetected,N105946,N105946,N105946,sa1,1
25140,N75968 /1 undetected,output,,N75968,N75968,1,undetected,N75968,N75968,N75968,sa1,1
25141,N52595 /1 undetected,output,,N52595,N52595,1,undetected,N52595,N52595,N52595,sa1,1
25142,N52595 /0 undetected,output,,N52595,N52595,0,undetected,N52595,N52595,N52595,sa0,1
25143,N120125 /1 undetected,output,,N120125,N120125,1,undetected,N120125,N120125,N120125,sa1,1
25144,N52594 /1 undetected,output,,N52594,N52594,1,undetected,N52594,N52594,N52594,sa1,1
25145,N120127 /1 undetected,output,,N120127,N120127,1,undetected,N120127,N120127,N120127,sa1,1
25146,N105925 /1 undetected,output,,N105925,N105925,1,undetected,N105925,N105925,N105925,sa1,1
25147,N25280 /1 undetected,output,,N25280,N25280,1,undetected,N25280,N25280,N25280,sa1,1
25148,N25280 /0 undetected,output,,N25280,N25280,0,undetected,N25280,N25280,N25280,sa0,1
25149,N108994 /1 undetected,output,,N108994,N108994,1,undetected,N108994,N108994,N108994,sa1,1
25150,N24614 /1 undetected,output,,N24614,N24614,1,undetected,N24614,N24614,N24614,sa1,1
25151,N107938 /1 undetected,output,,N107938,N107938,1,undetected,N107938,N107938,N107938,sa1,1
25152,N105944 /1 undetected,output,,N105944,N105944,1,undetected,N105944,N105944,N105944,sa1,1
25153,N23808 /1 undetected,output,,N23808,N23808,1,undetected,N23808,N23808,N23808,sa1,1
25154,N93581 /1 undetected,output,,N93581,N93581,1,undetected,N93581,N93581,N93581,sa1,1
25155,N23797 /0 undetected,output,,N23797,N23797,0,undetected,N23797,N23797,N23797,sa0,1
25156,N23796 /1 undetected,output,,N23796,N23796,1,undetected,N23796,N23796,N23796,sa1,1
25157,N105921 /1 undetected,output,,N105921,N105921,1,undetected,N105921,N105921,N105921,sa1,1
25158,N93533 /1 undetected,output,,N93533,N93533,1,undetected,N93533,N93533,N93533,sa1,1
25159,N23577 /0 undetected,output,,N23577,N23577,0,undetected,N23577,N23577,N23577,sa0,1
25160,N105440 /1 undetected,output,,N105440,N105440,1,undetected,N105440,N105440,N105440,sa1,1
25161,N94099 /1 undetected,output,,N94099,N94099,1,undetected,N94099,N94099,N94099,sa1,1
25162,N23570 /1 undetected,output,,N23570,N23570,1,undetected,N23570,N23570,N23570,sa1,1
25163,N75325 /1 undetected,output,,N75325,N75325,1,undetected,N75325,N75325,N75325,sa1,1
25164,N105439 /1 undetected,output,,N105439,N105439,1,undetected,N105439,N105439,N105439,sa1,1
25165,N23532 /1 undetected,output,,N23532,N23532,1,undetected,N23532,N23532,N23532,sa1,1
25166,N12644 /0 undetected,output,,N12644,N12644,0,undetected,N12644,N12644,N12644,sa0,1
25167,N100689 /1 undetected,output,,N100689,N100689,1,undetected,N100689,N100689,N100689,sa1,1
25168,N103962 /1 undetected,output,,N103962,N103962,1,undetected,N103962,N103962,N103962,sa1,1
25169,N19426 /1 undetected,output,,N19426,N19426,1,undetected,N19426,N19426,N19426,sa1,1
25170,N19426 /0 undetected,output,,N19426,N19426,0,undetected,N19426,N19426,N19426,sa0,1
25171,N103963 /1 undetected,output,,N103963,N103963,1,undetected,N103963,N103963,N103963,sa1,1
25172,N19411 /1 undetected,output,,N19411,N19411,1,undetected,N19411,N19411,N19411,sa1,1
25173,N69159 /0 undetected,output,,N69159,N69159,0,undetected,N69159,N69159,N69159,sa0,1
25174,N100768 /1 undetected,output,,N100768,N100768,1,undetected,N100768,N100768,N100768,sa1,1
25175,N13053 /0 undetected,output,,N13053,N13053,0,undetected,N13053,N13053,N13053,sa0,1
25176,N13052 /1 undetected,output,,N13052,N13052,1,undetected,N13052,N13052,N13052,sa1,1
25177,N101006 /1 undetected,output,,N101006,N101006,1,undetected,N101006,N101006,N101006,sa1,1
25178,N100839 /1 undetected,output,,N100839,N100839,1,undetected,N100839,N100839,N100839,sa1,1
25179,N100992 /1 undetected,output,,N100992,N100992,1,undetected,N100992,N100992,N100992,sa1,1
25180,N23594 /0 undetected,output,,N23594,N23594,0,undetected,N23594,N23594,N23594,sa0,1
25181,N94100 /1 undetected,output,,N94100,N94100,1,undetected,N94100,N94100,N94100,sa1,1
25182,N23591 /1 undetected,output,,N23591,N23591,1,undetected,N23591,N23591,N23591,sa1,1
25183,N16417 /0 undetected,output,,N16417,N16417,0,undetected,N16417,N16417,N16417,sa0,1
25184,N16415 /1 undetected,output,,N16415,N16415,1,undetected,N16415,N16415,N16415,sa1,1
25185,N101547 /1 undetected,output,,N101547,N101547,1,undetected,N101547,N101547,N101547,sa1,1
25186,N16382 /1 undetected,output,,N16382,N16382,1,undetected,N16382,N16382,N16382,sa1,1
25187,N103083 /1 undetected,output,,N103083,N103083,1,undetected,N103083,N103083,N103083,sa1,1
25188,N94733 /1 undetected,output,,N94733,N94733,1,undetected,N94733,N94733,N94733,sa1,1
25189,N24548 /1 undetected,output,,N24548,N24548,1,undetected,N24548,N24548,N24548,sa1,1
25190,N24548 /0 undetected,output,,N24548,N24548,0,undetected,N24548,N24548,N24548,sa0,1
25191,N107924 /1 undetected,output,,N107924,N107924,1,undetected,N107924,N107924,N107924,sa1,1
25192,N105759 /1 undetected,output,,N105759,N105759,1,undetected,N105759,N105759,N105759,sa1,1
25193,N24479 /1 undetected,output,,N24479,N24479,1,undetected,N24479,N24479,N24479,sa1,1
25194,N24479 /0 undetected,output,,N24479,N24479,0,undetected,N24479,N24479,N24479,sa0,1
25195,N107701 /1 undetected,output,,N107701,N107701,1,undetected,N107701,N107701,N107701,sa1,1
25196,N105758 /1 undetected,output,,N105758,N105758,1,undetected,N105758,N105758,N105758,sa1,1
25197,N23707 /1 undetected,output,,N23707,N23707,1,undetected,N23707,N23707,N23707,sa1,1
25198,N23707 /0 undetected,output,,N23707,N23707,0,undetected,N23707,N23707,N23707,sa0,1
25199,N23681 /1 undetected,output,,N23681,N23681,1,undetected,N23681,N23681,N23681,sa1,1
25200,N23680 /1 undetected,output,,N23680,N23680,1,undetected,N23680,N23680,N23680,sa1,1
25201,N98752 /1 undetected,output,,N98752,N98752,1,undetected,N98752,N98752,N98752,sa1,1
25202,N23668 /1 undetected,output,,N23668,N23668,1,undetected,N23668,N23668,N23668,sa1,1
25203,N98756 /1 undetected,output,,N98756,N98756,1,undetected,N98756,N98756,N98756,sa1,1
25204,N22604 /0 undetected,output,,N22604,N22604,0,undetected,N22604,N22604,N22604,sa0,1
25205,N104350 /1 undetected,output,,N104350,N104350,1,undetected,N104350,N104350,N104350,sa1,1
25206,N22602 /1 undetected,output,,N22602,N22602,1,undetected,N22602,N22602,N22602,sa1,1
25207,N93390 /1 undetected,output,,N93390,N93390,1,undetected,N93390,N93390,N93390,sa1,1
25208,N20884 /1 undetected,output,,N20884,N20884,1,undetected,N20884,N20884,N20884,sa1,1
25209,N20884 /0 undetected,output,,N20884,N20884,0,undetected,N20884,N20884,N20884,sa0,1
25210,N104764 /1 undetected,output,,N104764,N104764,1,undetected,N104764,N104764,N104764,sa1,1
25211,N20883 /1 undetected,output,,N20883,N20883,1,undetected,N20883,N20883,N20883,sa1,1
25212,N104346 /1 undetected,output,,N104346,N104346,1,undetected,N104346,N104346,N104346,sa1,1
25213,N93336 /1 undetected,output,,N93336,N93336,1,undetected,N93336,N93336,N93336,sa1,1
25214,N14835 /1 undetected,output,,N14835,N14835,1,undetected,N14835,N14835,N14835,sa1,1
25215,N20891 /1 undetected,output,,N20891,N20891,1,undetected,N20891,N20891,N20891,sa1,1
25216,N20891 /0 undetected,output,,N20891,N20891,0,undetected,N20891,N20891,N20891,sa0,1
25217,N49512 /1 undetected,output,,N49512,N49512,1,undetected,N49512,N49512,N49512,sa1,1
25218,N49512 /0 undetected,output,,N49512,N49512,0,undetected,N49512,N49512,N49512,sa0,1
25219,N106678 /1 undetected,output,,N106678,N106678,1,undetected,N106678,N106678,N106678,sa1,1
25220,N49511 /1 undetected,output,,N49511,N49511,1,undetected,N49511,N49511,N49511,sa1,1
25221,N118997 /1 undetected,output,,N118997,N118997,1,undetected,N118997,N118997,N118997,sa1,1
25222,N93586 /1 undetected,output,,N93586,N93586,1,undetected,N93586,N93586,N93586,sa1,1
25223,N53669 /1 undetected,output,,N53669,N53669,1,undetected,N53669,N53669,N53669,sa1,1
25224,N53669 /0 undetected,output,,N53669,N53669,0,undetected,N53669,N53669,N53669,sa0,1
25225,N120476 /1 undetected,output,,N120476,N120476,1,undetected,N120476,N120476,N120476,sa1,1
25226,N107847 /1 undetected,output,,N107847,N107847,1,undetected,N107847,N107847,N107847,sa1,1
25227,N49832 /1 undetected,output,,N49832,N49832,1,undetected,N49832,N49832,N49832,sa1,1
25228,N49832 /0 undetected,output,,N49832,N49832,0,undetected,N49832,N49832,N49832,sa0,1
25229,N118888 /1 undetected,output,,N118888,N118888,1,undetected,N118888,N118888,N118888,sa1,1
25230,N49831 /1 undetected,output,,N49831,N49831,1,undetected,N49831,N49831,N49831,sa1,1
25231,N49562 /1 undetected,output,,N49562,N49562,1,undetected,N49562,N49562,N49562,sa1,1
25232,N49562 /0 undetected,output,,N49562,N49562,0,undetected,N49562,N49562,N49562,sa0,1
25233,N49262 /1 undetected,output,,N49262,N49262,1,undetected,N49262,N49262,N49262,sa1,1
25234,N118895 /1 undetected,output,,N118895,N118895,1,undetected,N118895,N118895,N118895,sa1,1
25235,N118887 /1 undetected,output,,N118887,N118887,1,undetected,N118887,N118887,N118887,sa1,1
25236,N49261 /1 undetected,output,,N49261,N49261,1,undetected,N49261,N49261,N49261,sa1,1
25237,N49261 /0 undetected,output,,N49261,N49261,0,undetected,N49261,N49261,N49261,sa0,1
25238,N24153 /1 undetected,output,,N24153,N24153,1,undetected,N24153,N24153,N24153,sa1,1
25239,N24153 /0 undetected,output,,N24153,N24153,0,undetected,N24153,N24153,N24153,sa0,1
25240,N105935 /1 undetected,output,,N105935,N105935,1,undetected,N105935,N105935,N105935,sa1,1
25241,N94404 /1 undetected,output,,N94404,N94404,1,undetected,N94404,N94404,N94404,sa1,1
25242,N24148 /1 undetected,output,,N24148,N24148,1,undetected,N24148,N24148,N24148,sa1,1
25243,N24148 /0 undetected,output,,N24148,N24148,0,undetected,N24148,N24148,N24148,sa0,1
25244,N105934 /1 undetected,output,,N105934,N105934,1,undetected,N105934,N105934,N105934,sa1,1
25245,N93846 /1 undetected,output,,N93846,N93846,1,undetected,N93846,N93846,N93846,sa1,1
25246,N23865 /1 undetected,output,,N23865,N23865,1,undetected,N23865,N23865,N23865,sa1,1
25247,N23865 /0 undetected,output,,N23865,N23865,0,undetected,N23865,N23865,N23865,sa0,1
25248,N105923 /1 undetected,output,,N105923,N105923,1,undetected,N105923,N105923,N105923,sa1,1
25249,N93642 /1 undetected,output,,N93642,N93642,1,undetected,N93642,N93642,N93642,sa1,1
25250,N23845 /1 undetected,output,,N23845,N23845,1,undetected,N23845,N23845,N23845,sa1,1
25251,N23845 /0 undetected,output,,N23845,N23845,0,undetected,N23845,N23845,N23845,sa0,1
25252,N105922 /1 undetected,output,,N105922,N105922,1,undetected,N105922,N105922,N105922,sa1,1
25253,N75788 /1 undetected,output,,N75788,N75788,1,undetected,N75788,N75788,N75788,sa1,1
25254,N3349 /1 undetected,output,,N3349,N3349,1,undetected,N3349,N3349,N3349,sa1,1
25255,N96213 /1 undetected,output,,N96213,N96213,1,undetected,N96213,N96213,N96213,sa1,1
25256,N3348 /1 undetected,output,,N3348,N3348,1,undetected,N3348,N3348,N3348,sa1,1
25257,N96224 /1 undetected,output,,N96224,N96224,1,undetected,N96224,N96224,N96224,sa1,1
25258,N96232 /1 undetected,output,,N96232,N96232,1,undetected,N96232,N96232,N96232,sa1,1
25259,N3341 /1 undetected,output,,N3341,N3341,1,undetected,N3341,N3341,N3341,sa1,1
25260,N96303 /1 undetected,output,,N96303,N96303,1,undetected,N96303,N96303,N96303,sa1,1
25261,N90912 /1 undetected,output,,N90912,N90912,1,undetected,N90912,N90912,N90912,sa1,1
25262,N69847 /1 undetected,output,,N69847,N69847,1,undetected,N69847,N69847,N69847,sa1,1
25263,N83354 /1 undetected,output,,N83354,N83354,1,undetected,N83354,N83354,N83354,sa1,1
25264,N69845 /1 undetected,output,,N69845,N69845,1,undetected,N69845,N69845,N69845,sa1,1
25265,N90955 /1 undetected,output,,N90955,N90955,1,undetected,N90955,N90955,N90955,sa1,1
25266,N69843 /1 undetected,output,,N69843,N69843,1,undetected,N69843,N69843,N69843,sa1,1
25267,N83203 /1 undetected,output,,N83203,N83203,1,undetected,N83203,N83203,N83203,sa1,1
25268,N69828 /1 undetected,output,,N69828,N69828,1,undetected,N69828,N69828,N69828,sa1,1
25269,N77772 /1 undetected,output,,N77772,N77772,1,undetected,N77772,N77772,N77772,sa1,1
25270,N69827 /1 undetected,output,,N69827,N69827,1,undetected,N69827,N69827,N69827,sa1,1
25271,N90953 /1 undetected,output,,N90953,N90953,1,undetected,N90953,N90953,N90953,sa1,1
25272,N69825 /1 undetected,output,,N69825,N69825,1,undetected,N69825,N69825,N69825,sa1,1
25273,N83353 /1 undetected,output,,N83353,N83353,1,undetected,N83353,N83353,N83353,sa1,1
25274,N101903 /1 undetected,output,,N101903,N101903,1,undetected,N101903,N101903,N101903,sa1,1
25275,N14618 /1 undetected,output,,N14618,N14618,1,undetected,N14618,N14618,N14618,sa1,1
25276,N101927 /1 undetected,output,,N101927,N101927,1,undetected,N101927,N101927,N101927,sa1,1
25277,N14808 /0 undetected,output,,N14808,N14808,0,undetected,N14808,N14808,N14808,sa0,1
25278,N94719 /1 undetected,output,,N94719,N94719,1,undetected,N94719,N94719,N94719,sa1,1
25279,N14634 /1 undetected,output,,N14634,N14634,1,undetected,N14634,N14634,N14634,sa1,1
25280,N54091 /1 undetected,output,,N54091,N54091,1,undetected,N54091,N54091,N54091,sa1,1
25281,N54091 /0 undetected,output,,N54091,N54091,0,undetected,N54091,N54091,N54091,sa0,1
25282,N109003 /1 undetected,output,,N109003,N109003,1,undetected,N109003,N109003,N109003,sa1,1
25283,N54076 /1 undetected,output,,N54076,N54076,1,undetected,N54076,N54076,N54076,sa1,1
25284,N49502 /1 undetected,output,,N49502,N49502,1,undetected,N49502,N49502,N49502,sa1,1
25285,N90280 /1 undetected,output,,N90280,N90280,1,undetected,N90280,N90280,N90280,sa1,1
25286,N49294 /1 undetected,output,,N49294,N49294,1,undetected,N49294,N49294,N49294,sa1,1
25287,N90276 /1 undetected,output,,N90276,N90276,1,undetected,N90276,N90276,N90276,sa1,1
25288,N24997 /1 undetected,output,,N24997,N24997,1,undetected,N24997,N24997,N24997,sa1,1
25289,N93350 /1 undetected,output,,N93350,N93350,1,undetected,N93350,N93350,N93350,sa1,1
25290,N24995 /1 undetected,output,,N24995,N24995,1,undetected,N24995,N24995,N24995,sa1,1
25291,N24995 /0 undetected,output,,N24995,N24995,0,undetected,N24995,N24995,N24995,sa0,1
25292,N108957 /1 undetected,output,,N108957,N108957,1,undetected,N108957,N108957,N108957,sa1,1
25293,N107920 /1 undetected,output,,N107920,N107920,1,undetected,N107920,N107920,N107920,sa1,1
25294,N24938 /1 undetected,output,,N24938,N24938,1,undetected,N24938,N24938,N24938,sa1,1
25295,N24938 /0 undetected,output,,N24938,N24938,0,undetected,N24938,N24938,N24938,sa0,1
25296,N107958 /1 undetected,output,,N107958,N107958,1,undetected,N107958,N107958,N107958,sa1,1
25297,N75720 /1 undetected,output,,N75720,N75720,1,undetected,N75720,N75720,N75720,sa1,1
25298,N84732 /1 undetected,output,,N84732,N84732,1,undetected,N84732,N84732,N84732,sa1,1
25299,N86208 /1 undetected,output,,N86208,N86208,1,undetected,N86208,N86208,N86208,sa1,1
25300,N20066 /1 undetected,output,,N20066,N20066,1,undetected,N20066,N20066,N20066,sa1,1
25301,N20066 /0 undetected,output,,N20066,N20066,0,undetected,N20066,N20066,N20066,sa0,1
25302,N104313 /1 undetected,output,,N104313,N104313,1,undetected,N104313,N104313,N104313,sa1,1
25303,N20064 /1 undetected,output,,N20064,N20064,1,undetected,N20064,N20064,N20064,sa1,1
25304,N20895 /1 undetected,output,,N20895,N20895,1,undetected,N20895,N20895,N20895,sa1,1
25305,N20895 /0 undetected,output,,N20895,N20895,0,undetected,N20895,N20895,N20895,sa0,1
25306,N84471 /1 undetected,output,,N84471,N84471,1,undetected,N84471,N84471,N84471,sa1,1
25307,N54690 /1 undetected,output,,N54690,N54690,1,undetected,N54690,N54690,N54690,sa1,1
25308,N54690 /0 undetected,output,,N54690,N54690,0,undetected,N54690,N54690,N54690,sa0,1
25309,N120743 /1 undetected,output,,N120743,N120743,1,undetected,N120743,N120743,N120743,sa1,1
25310,N54688 /1 undetected,output,,N54688,N54688,1,undetected,N54688,N54688,N54688,sa1,1
25311,N120731 /1 undetected,output,,N120731,N120731,1,undetected,N120731,N120731,N120731,sa1,1
25312,N107841 /1 undetected,output,,N107841,N107841,1,undetected,N107841,N107841,N107841,sa1,1
25313,N98736 /1 undetected,output,,N98736,N98736,1,undetected,N98736,N98736,N98736,sa1,1
25314,N49500 /1 undetected,output,,N49500,N49500,1,undetected,N49500,N49500,N49500,sa1,1
25315,N49500 /0 undetected,output,,N49500,N49500,0,undetected,N49500,N49500,N49500,sa0,1
25316,N118996 /1 undetected,output,,N118996,N118996,1,undetected,N118996,N118996,N118996,sa1,1
25317,N93351 /1 undetected,output,,N93351,N93351,1,undetected,N93351,N93351,N93351,sa1,1
25318,N31893 /1 undetected,output,,N31893,N31893,1,undetected,N31893,N31893,N31893,sa1,1
25319,N31893 /0 undetected,output,,N31893,N31893,0,undetected,N31893,N31893,N31893,sa0,1
25320,N113795 /1 undetected,output,,N113795,N113795,1,undetected,N113795,N113795,N113795,sa1,1
25321,N31891 /1 undetected,output,,N31891,N31891,1,undetected,N31891,N31891,N31891,sa1,1
25322,N31026 /1 undetected,output,,N31026,N31026,1,undetected,N31026,N31026,N31026,sa1,1
25323,N31026 /0 undetected,output,,N31026,N31026,0,undetected,N31026,N31026,N31026,sa0,1
25324,N113794 /1 undetected,output,,N113794,N113794,1,undetected,N113794,N113794,N113794,sa1,1
25325,N31022 /1 undetected,output,,N31022,N31022,1,undetected,N31022,N31022,N31022,sa1,1
25326,N49899 /1 undetected,output,,N49899,N49899,1,undetected,N49899,N49899,N49899,sa1,1
25327,N49899 /0 undetected,output,,N49899,N49899,0,undetected,N49899,N49899,N49899,sa0,1
25328,N118912 /1 undetected,output,,N118912,N118912,1,undetected,N118912,N118912,N118912,sa1,1
25329,N49898 /1 undetected,output,,N49898,N49898,1,undetected,N49898,N49898,N49898,sa1,1
25330,N82091 /1 undetected,output,,N82091,N82091,1,undetected,N82091,N82091,N82091,sa1,1
25331,N49896 /1 undetected,output,,N49896,N49896,1,undetected,N49896,N49896,N49896,sa1,1
25332,N49894 /1 undetected,output,,N49894,N49894,1,undetected,N49894,N49894,N49894,sa1,1
25333,N119076 /1 undetected,output,,N119076,N119076,1,undetected,N119076,N119076,N119076,sa1,1
25334,N107693 /1 undetected,output,,N107693,N107693,1,undetected,N107693,N107693,N107693,sa1,1
25335,N49892 /1 undetected,output,,N49892,N49892,1,undetected,N49892,N49892,N49892,sa1,1
25336,N119074 /1 undetected,output,,N119074,N119074,1,undetected,N119074,N119074,N119074,sa1,1
25337,N107966 /1 undetected,output,,N107966,N107966,1,undetected,N107966,N107966,N107966,sa1,1
25338,N49117 /0 undetected,output,,N49117,N49117,0,undetected,N49117,N49117,N49117,sa0,1
25339,N105924 /1 undetected,output,,N105924,N105924,1,undetected,N105924,N105924,N105924,sa1,1
25340,N24853 /1 undetected,output,,N24853,N24853,1,undetected,N24853,N24853,N24853,sa1,1
25341,N24853 /0 undetected,output,,N24853,N24853,0,undetected,N24853,N24853,N24853,sa0,1
25342,N108867 /1 undetected,output,,N108867,N108867,1,undetected,N108867,N108867,N108867,sa1,1
25343,N24852 /1 undetected,output,,N24852,N24852,1,undetected,N24852,N24852,N24852,sa1,1
25344,N85633 /1 undetected,output,,N85633,N85633,1,undetected,N85633,N85633,N85633,sa1,1
25345,N24851 /1 undetected,output,,N24851,N24851,1,undetected,N24851,N24851,N24851,sa1,1
25346,N108870 /1 undetected,output,,N108870,N108870,1,undetected,N108870,N108870,N108870,sa1,1
25347,N85652 /1 undetected,output,,N85652,N85652,1,undetected,N85652,N85652,N85652,sa1,1
25348,N24597 /1 undetected,output,,N24597,N24597,1,undetected,N24597,N24597,N24597,sa1,1
25349,N24597 /0 undetected,output,,N24597,N24597,0,undetected,N24597,N24597,N24597,sa0,1
25350,N107963 /1 undetected,output,,N107963,N107963,1,undetected,N107963,N107963,N107963,sa1,1
25351,N24596 /1 undetected,output,,N24596,N24596,1,undetected,N24596,N24596,N24596,sa1,1
25352,N107967 /1 undetected,output,,N107967,N107967,1,undetected,N107967,N107967,N107967,sa1,1
25353,N85767 /1 undetected,output,,N85767,N85767,1,undetected,N85767,N85767,N85767,sa1,1
25354,N24143 /1 undetected,output,,N24143,N24143,1,undetected,N24143,N24143,N24143,sa1,1
25355,N24143 /0 undetected,output,,N24143,N24143,0,undetected,N24143,N24143,N24143,sa0,1
25356,N106691 /1 undetected,output,,N106691,N106691,1,undetected,N106691,N106691,N106691,sa1,1
25357,N106646 /1 undetected,output,,N106646,N106646,1,undetected,N106646,N106646,N106646,sa1,1
25358,N23802 /0 undetected,output,,N23802,N23802,0,undetected,N23802,N23802,N23802,sa0,1
25359,N69494 /0 undetected,output,,N69494,N69494,0,undetected,N69494,N69494,N69494,sa0,1
25360,N69492 /1 undetected,output,,N69492,N69492,1,undetected,N69492,N69492,N69492,sa1,1
25361,N90943 /1 undetected,output,,N90943,N90943,1,undetected,N90943,N90943,N90943,sa1,1
25362,N69483 /1 undetected,output,,N69483,N69483,1,undetected,N69483,N69483,N69483,sa1,1
25363,N86794 /1 undetected,output,,N86794,N86794,1,undetected,N86794,N86794,N86794,sa1,1
25364,N69482 /1 undetected,output,,N69482,N69482,1,undetected,N69482,N69482,N69482,sa1,1
25365,N83024 /1 undetected,output,,N83024,N83024,1,undetected,N83024,N83024,N83024,sa1,1
25366,N69480 /1 undetected,output,,N69480,N69480,1,undetected,N69480,N69480,N69480,sa1,1
25367,N90843 /1 undetected,output,,N90843,N90843,1,undetected,N90843,N90843,N90843,sa1,1
25368,N69478 /1 undetected,output,,N69478,N69478,1,undetected,N69478,N69478,N69478,sa1,1
25369,N83321 /1 undetected,output,,N83321,N83321,1,undetected,N83321,N83321,N83321,sa1,1
25370,N69468 /1 undetected,output,,N69468,N69468,1,undetected,N69468,N69468,N69468,sa1,1
25371,N77264 /1 undetected,output,,N77264,N77264,1,undetected,N77264,N77264,N77264,sa1,1
25372,N69467 /1 undetected,output,,N69467,N69467,1,undetected,N69467,N69467,N69467,sa1,1
25373,N90841 /1 undetected,output,,N90841,N90841,1,undetected,N90841,N90841,N90841,sa1,1
25374,N69465 /1 undetected,output,,N69465,N69465,1,undetected,N69465,N69465,N69465,sa1,1
25375,N83023 /1 undetected,output,,N83023,N83023,1,undetected,N83023,N83023,N83023,sa1,1
25376,N112518 /1 undetected,output,,N112518,N112518,1,undetected,N112518,N112518,N112518,sa1,1
25377,N106437 /1 undetected,output,,N106437,N106437,1,undetected,N106437,N106437,N106437,sa1,1
25378,N12895 /1 undetected,output,,N12895,N12895,1,undetected,N12895,N12895,N12895,sa1,1
25379,N12895 /0 undetected,output,,N12895,N12895,0,undetected,N12895,N12895,N12895,sa0,1
25380,N100810 /1 undetected,output,,N100810,N100810,1,undetected,N100810,N100810,N100810,sa1,1
25381,N100663 /1 undetected,output,,N100663,N100663,1,undetected,N100663,N100663,N100663,sa1,1
25382,N12818 /1 undetected,output,,N12818,N12818,1,undetected,N12818,N12818,N12818,sa1,1
25383,N12818 /0 undetected,output,,N12818,N12818,0,undetected,N12818,N12818,N12818,sa0,1
25384,N100808 /1 undetected,output,,N100808,N100808,1,undetected,N100808,N100808,N100808,sa1,1
25385,N100679 /1 undetected,output,,N100679,N100679,1,undetected,N100679,N100679,N100679,sa1,1
25386,N82354 /1 undetected,output,,N82354,N82354,1,undetected,N82354,N82354,N82354,sa1,1
25387,N23599 /1 undetected,output,,N23599,N23599,1,undetected,N23599,N23599,N23599,sa1,1
25388,N85211 /1 undetected,output,,N85211,N85211,1,undetected,N85211,N85211,N85211,sa1,1
25389,N11485 /1 undetected,output,,N11485,N11485,1,undetected,N11485,N11485,N11485,sa1,1
25390,N11482 /1 undetected,output,,N11482,N11482,1,undetected,N11482,N11482,N11482,sa1,1
25391,N92584 /1 undetected,output,,N92584,N92584,1,undetected,N92584,N92584,N92584,sa1,1
25392,N91642 /1 undetected,output,,N91642,N91642,1,undetected,N91642,N91642,N91642,sa1,1
25393,N11481 /1 undetected,output,,N11481,N11481,1,undetected,N11481,N11481,N11481,sa1,1
25394,N99852 /1 undetected,output,,N99852,N99852,1,undetected,N99852,N99852,N99852,sa1,1
25395,N75084 /1 undetected,output,,N75084,N75084,1,undetected,N75084,N75084,N75084,sa1,1
25396,N99846 /1 undetected,output,,N99846,N99846,1,undetected,N99846,N99846,N99846,sa1,1
25397,N85056 /1 undetected,output,,N85056,N85056,1,undetected,N85056,N85056,N85056,sa1,1
25398,N25030 /1 undetected,output,,N25030,N25030,1,undetected,N25030,N25030,N25030,sa1,1
25399,N25030 /0 undetected,output,,N25030,N25030,0,undetected,N25030,N25030,N25030,sa0,1
25400,N108992 /1 undetected,output,,N108992,N108992,1,undetected,N108992,N108992,N108992,sa1,1
25401,N107926 /1 undetected,output,,N107926,N107926,1,undetected,N107926,N107926,N107926,sa1,1
25402,N24553 /1 undetected,output,,N24553,N24553,1,undetected,N24553,N24553,N24553,sa1,1
25403,N24553 /0 undetected,output,,N24553,N24553,0,undetected,N24553,N24553,N24553,sa0,1
25404,N107929 /1 undetected,output,,N107929,N107929,1,undetected,N107929,N107929,N107929,sa1,1
25405,N107925 /1 undetected,output,,N107925,N107925,1,undetected,N107925,N107925,N107925,sa1,1
25406,N15237 /1 undetected,output,,N15237,N15237,1,undetected,N15237,N15237,N15237,sa1,1
25407,N94229 /1 undetected,output,,N94229,N94229,1,undetected,N94229,N94229,N94229,sa1,1
25408,N14833 /1 undetected,output,,N14833,N14833,1,undetected,N14833,N14833,N14833,sa1,1
25409,N11956 /1 undetected,output,,N11956,N11956,1,undetected,N11956,N11956,N11956,sa1,1
25410,N11956 /0 undetected,output,,N11956,N11956,0,undetected,N11956,N11956,N11956,sa0,1
25411,N99939 /1 undetected,output,,N99939,N99939,1,undetected,N99939,N99939,N99939,sa1,1
25412,N99285 /1 undetected,output,,N99285,N99285,1,undetected,N99285,N99285,N99285,sa1,1
25413,N11665 /0 undetected,output,,N11665,N11665,0,undetected,N11665,N11665,N11665,sa0,1
25414,N99938 /1 undetected,output,,N99938,N99938,1,undetected,N99938,N99938,N99938,sa1,1
25415,N11663 /1 undetected,output,,N11663,N11663,1,undetected,N11663,N11663,N11663,sa1,1
25416,N11661 /1 undetected,output,,N11661,N11661,1,undetected,N11661,N11661,N11661,sa1,1
25417,N77963 /1 undetected,output,,N77963,N77963,1,undetected,N77963,N77963,N77963,sa1,1
25418,N11659 /1 undetected,output,,N11659,N11659,1,undetected,N11659,N11659,N11659,sa1,1
25419,N49296 /0 undetected,output,,N49296,N49296,0,undetected,N49296,N49296,N49296,sa0,1
25420,N24097 /1 undetected,output,,N24097,N24097,1,undetected,N24097,N24097,N24097,sa1,1
25421,N24097 /0 undetected,output,,N24097,N24097,0,undetected,N24097,N24097,N24097,sa0,1
25422,N105623 /1 undetected,output,,N105623,N105623,1,undetected,N105623,N105623,N105623,sa1,1
25423,N24096 /1 undetected,output,,N24096,N24096,1,undetected,N24096,N24096,N24096,sa1,1
25424,N105615 /1 undetected,output,,N105615,N105615,1,undetected,N105615,N105615,N105615,sa1,1
25425,N80345 /1 undetected,output,,N80345,N80345,1,undetected,N80345,N80345,N80345,sa1,1
25426,N23685 /0 undetected,output,,N23685,N23685,0,undetected,N23685,N23685,N23685,sa0,1
25427,N105622 /1 undetected,output,,N105622,N105622,1,undetected,N105622,N105622,N105622,sa1,1
25428,N93628 /1 undetected,output,,N93628,N93628,1,undetected,N93628,N93628,N93628,sa1,1
25429,N92627 /1 undetected,output,,N92627,N92627,1,undetected,N92627,N92627,N92627,sa1,1
25430,N92582 /1 undetected,output,,N92582,N92582,1,undetected,N92582,N92582,N92582,sa1,1
25431,N25266 /1 undetected,output,,N25266,N25266,1,undetected,N25266,N25266,N25266,sa1,1
25432,N25266 /0 undetected,output,,N25266,N25266,0,undetected,N25266,N25266,N25266,sa0,1
25433,N107974 /1 undetected,output,,N107974,N107974,1,undetected,N107974,N107974,N107974,sa1,1
25434,N106497 /1 undetected,output,,N106497,N106497,1,undetected,N106497,N106497,N106497,sa1,1
25435,N24603 /1 undetected,output,,N24603,N24603,1,undetected,N24603,N24603,N24603,sa1,1
25436,N24603 /0 undetected,output,,N24603,N24603,0,undetected,N24603,N24603,N24603,sa0,1
25437,N107972 /1 undetected,output,,N107972,N107972,1,undetected,N107972,N107972,N107972,sa1,1
25438,N93679 /1 undetected,output,,N93679,N93679,1,undetected,N93679,N93679,N93679,sa1,1
25439,N49498 /1 undetected,output,,N49498,N49498,1,undetected,N49498,N49498,N49498,sa1,1
25440,N92171 /1 undetected,output,,N92171,N92171,1,undetected,N92171,N92171,N92171,sa1,1
25441,N12611 /1 undetected,output,,N12611,N12611,1,undetected,N12611,N12611,N12611,sa1,1
25442,N100580 /1 undetected,output,,N100580,N100580,1,undetected,N100580,N100580,N100580,sa1,1
25443,N12607 /1 undetected,output,,N12607,N12607,1,undetected,N12607,N12607,N12607,sa1,1
25444,N84161 /1 undetected,output,,N84161,N84161,1,undetected,N84161,N84161,N84161,sa1,1
25445,N100593 /1 undetected,output,,N100593,N100593,1,undetected,N100593,N100593,N100593,sa1,1
25446,N12603 /1 undetected,output,,N12603,N12603,1,undetected,N12603,N12603,N12603,sa1,1
25447,N100595 /1 undetected,output,,N100595,N100595,1,undetected,N100595,N100595,N100595,sa1,1
25448,N100601 /1 undetected,output,,N100601,N100601,1,undetected,N100601,N100601,N100601,sa1,1
25449,N12599 /1 undetected,output,,N12599,N12599,1,undetected,N12599,N12599,N12599,sa1,1
25450,N83898 /1 undetected,output,,N83898,N83898,1,undetected,N83898,N83898,N83898,sa1,1
25451,N100627 /1 undetected,output,,N100627,N100627,1,undetected,N100627,N100627,N100627,sa1,1
25452,N12591 /1 undetected,output,,N12591,N12591,1,undetected,N12591,N12591,N12591,sa1,1
25453,N19423 /1 undetected,output,,N19423,N19423,1,undetected,N19423,N19423,N19423,sa1,1
25454,N94098 /1 undetected,output,,N94098,N94098,1,undetected,N94098,N94098,N94098,sa1,1
25455,N19419 /1 undetected,output,,N19419,N19419,1,undetected,N19419,N19419,N19419,sa1,1
25456,N77969 /1 undetected,output,,N77969,N77969,1,undetected,N77969,N77969,N77969,sa1,1
25457,N19417 /1 undetected,output,,N19417,N19417,1,undetected,N19417,N19417,N19417,sa1,1
25458,N87216 /1 undetected,output,,N87216,N87216,1,undetected,N87216,N87216,N87216,sa1,1
25459,N19413 /1 undetected,output,,N19413,N19413,1,undetected,N19413,N19413,N19413,sa1,1
25460,N85333 /1 undetected,output,,N85333,N85333,1,undetected,N85333,N85333,N85333,sa1,1
25461,N14604 /1 undetected,output,,N14604,N14604,1,undetected,N14604,N14604,N14604,sa1,1
25462,N69555 /0 undetected,output,,N69555,N69555,0,undetected,N69555,N69555,N69555,sa0,1
25463,N69146 /0 undetected,output,,N69146,N69146,0,undetected,N69146,N69146,N69146,sa0,1
25464,N77767 /1 undetected,output,,N77767,N77767,1,undetected,N77767,N77767,N77767,sa1,1
25465,N69144 /1 undetected,output,,N69144,N69144,1,undetected,N69144,N69144,N69144,sa1,1
25466,N69132 /0 undetected,output,,N69132,N69132,0,undetected,N69132,N69132,N69132,sa0,1
25467,N87114 /1 undetected,output,,N87114,N87114,1,undetected,N87114,N87114,N87114,sa1,1
25468,N69130 /1 undetected,output,,N69130,N69130,1,undetected,N69130,N69130,N69130,sa1,1
25469,N90925 /1 undetected,output,,N90925,N90925,1,undetected,N90925,N90925,N90925,sa1,1
25470,N16734 /1 undetected,output,,N16734,N16734,1,undetected,N16734,N16734,N16734,sa1,1
25471,N16734 /0 undetected,output,,N16734,N16734,0,undetected,N16734,N16734,N16734,sa0,1
25472,N103227 /1 undetected,output,,N103227,N103227,1,undetected,N103227,N103227,N103227,sa1,1
25473,N100821 /1 undetected,output,,N100821,N100821,1,undetected,N100821,N100821,N100821,sa1,1
25474,N16732 /1 undetected,output,,N16732,N16732,1,undetected,N16732,N16732,N16732,sa1,1
25475,N16732 /0 undetected,output,,N16732,N16732,0,undetected,N16732,N16732,N16732,sa0,1
25476,N103223 /1 undetected,output,,N103223,N103223,1,undetected,N103223,N103223,N103223,sa1,1
25477,N100820 /1 undetected,output,,N100820,N100820,1,undetected,N100820,N100820,N100820,sa1,1
25478,N12996 /1 undetected,output,,N12996,N12996,1,undetected,N12996,N12996,N12996,sa1,1
25479,N86024 /1 undetected,output,,N86024,N86024,1,undetected,N86024,N86024,N86024,sa1,1
25480,N12749 /1 undetected,output,,N12749,N12749,1,undetected,N12749,N12749,N12749,sa1,1
25481,N100765 /1 undetected,output,,N100765,N100765,1,undetected,N100765,N100765,N100765,sa1,1
25482,N86162 /1 undetected,output,,N86162,N86162,1,undetected,N86162,N86162,N86162,sa1,1
25483,N12746 /0 undetected,output,,N12746,N12746,0,undetected,N12746,N12746,N12746,sa0,1
25484,N100761 /1 undetected,output,,N100761,N100761,1,undetected,N100761,N100761,N100761,sa1,1
25485,N100715 /1 undetected,output,,N100715,N100715,1,undetected,N100715,N100715,N100715,sa1,1
25486,N56387 /0 undetected,output,,N56387,N56387,0,undetected,N56387,N56387,N56387,sa0,1
25487,N56386 /1 undetected,output,,N56386,N56386,1,undetected,N56386,N56386,N56386,sa1,1
25488,N96373 /1 undetected,output,,N96373,N96373,1,undetected,N96373,N96373,N96373,sa1,1
25489,N56384 /1 undetected,output,,N56384,N56384,1,undetected,N56384,N56384,N56384,sa1,1
25490,N121168 /1 undetected,output,,N121168,N121168,1,undetected,N121168,N121168,N121168,sa1,1
25491,N56382 /1 undetected,output,,N56382,N56382,1,undetected,N56382,N56382,N56382,sa1,1
25492,N56380 /1 undetected,output,,N56380,N56380,1,undetected,N56380,N56380,N56380,sa1,1
25493,N121166 /1 undetected,output,,N121166,N121166,1,undetected,N121166,N121166,N121166,sa1,1
25494,N75328 /1 undetected,output,,N75328,N75328,1,undetected,N75328,N75328,N75328,sa1,1
25495,N56379 /1 undetected,output,,N56379,N56379,1,undetected,N56379,N56379,N56379,sa1,1
25496,N121162 /1 undetected,output,,N121162,N121162,1,undetected,N121162,N121162,N121162,sa1,1
25497,N56377 /1 undetected,output,,N56377,N56377,1,undetected,N56377,N56377,N56377,sa1,1
25498,N84335 /1 undetected,output,,N84335,N84335,1,undetected,N84335,N84335,N84335,sa1,1
25499,N56375 /1 undetected,output,,N56375,N56375,1,undetected,N56375,N56375,N56375,sa1,1
25500,N121164 /1 undetected,output,,N121164,N121164,1,undetected,N121164,N121164,N121164,sa1,1
25501,N96381 /1 undetected,output,,N96381,N96381,1,undetected,N96381,N96381,N96381,sa1,1
25502,N103112 /1 undetected,output,,N103112,N103112,1,undetected,N103112,N103112,N103112,sa1,1
25503,N56371 /1 undetected,output,,N56371,N56371,1,undetected,N56371,N56371,N56371,sa1,1
25504,N56369 /1 undetected,output,,N56369,N56369,1,undetected,N56369,N56369,N56369,sa1,1
25505,N96421 /1 undetected,output,,N96421,N96421,1,undetected,N96421,N96421,N96421,sa1,1
25506,N75327 /1 undetected,output,,N75327,N75327,1,undetected,N75327,N75327,N75327,sa1,1
25507,N52960 /0 undetected,output,,N52960,N52960,0,undetected,N52960,N52960,N52960,sa0,1
25508,N105612 /1 undetected,output,,N105612,N105612,1,undetected,N105612,N105612,N105612,sa1,1
25509,N98606 /1 undetected,output,,N98606,N98606,1,undetected,N98606,N98606,N98606,sa1,1
25510,N105660 /1 undetected,output,,N105660,N105660,1,undetected,N105660,N105660,N105660,sa1,1
25511,N98599 /1 undetected,output,,N98599,N98599,1,undetected,N98599,N98599,N98599,sa1,1
25512,N24008 /0 undetected,output,,N24008,N24008,0,undetected,N24008,N24008,N24008,sa0,1
25513,N23983 /1 undetected,output,,N23983,N23983,1,undetected,N23983,N23983,N23983,sa1,1
25514,N23983 /0 undetected,output,,N23983,N23983,0,undetected,N23983,N23983,N23983,sa0,1
25515,N23706 /1 undetected,output,,N23706,N23706,1,undetected,N23706,N23706,N23706,sa1,1
25516,N23706 /0 undetected,output,,N23706,N23706,0,undetected,N23706,N23706,N23706,sa0,1
25517,N105754 /1 undetected,output,,N105754,N105754,1,undetected,N105754,N105754,N105754,sa1,1
25518,N23705 /1 undetected,output,,N23705,N23705,1,undetected,N23705,N23705,N23705,sa1,1
25519,N105617 /1 undetected,output,,N105617,N105617,1,undetected,N105617,N105617,N105617,sa1,1
25520,N93395 /1 undetected,output,,N93395,N93395,1,undetected,N93395,N93395,N93395,sa1,1
25521,N16525 /1 undetected,output,,N16525,N16525,1,undetected,N16525,N16525,N16525,sa1,1
25522,N16525 /0 undetected,output,,N16525,N16525,0,undetected,N16525,N16525,N16525,sa0,1
25523,N103110 /1 undetected,output,,N103110,N103110,1,undetected,N103110,N103110,N103110,sa1,1
25524,N103106 /1 undetected,output,,N103106,N103106,1,undetected,N103106,N103106,N103106,sa1,1
25525,N14834 /0 undetected,output,,N14834,N14834,0,undetected,N14834,N14834,N14834,sa0,1
25526,N102177 /1 undetected,output,,N102177,N102177,1,undetected,N102177,N102177,N102177,sa1,1
25527,N94691 /1 undetected,output,,N94691,N94691,1,undetected,N94691,N94691,N94691,sa1,1
25528,N20890 /1 undetected,output,,N20890,N20890,1,undetected,N20890,N20890,N20890,sa1,1
25529,N20890 /0 undetected,output,,N20890,N20890,0,undetected,N20890,N20890,N20890,sa0,1
25530,N104765 /1 undetected,output,,N104765,N104765,1,undetected,N104765,N104765,N104765,sa1,1
25531,N104332 /1 undetected,output,,N104332,N104332,1,undetected,N104332,N104332,N104332,sa1,1
25532,N56050 /1 undetected,output,,N56050,N56050,1,undetected,N56050,N56050,N56050,sa1,1
25533,N56050 /0 undetected,output,,N56050,N56050,0,undetected,N56050,N56050,N56050,sa0,1
25534,N75852 /1 undetected,output,,N75852,N75852,1,undetected,N75852,N75852,N75852,sa1,1
25535,N56049 /1 undetected,output,,N56049,N56049,1,undetected,N56049,N56049,N56049,sa1,1
25536,N75831 /1 undetected,output,,N75831,N75831,1,undetected,N75831,N75831,N75831,sa1,1
25537,N56047 /1 undetected,output,,N56047,N56047,1,undetected,N56047,N56047,N56047,sa1,1
25538,N120634 /1 undetected,output,,N120634,N120634,1,undetected,N120634,N120634,N120634,sa1,1
25539,N56045 /1 undetected,output,,N56045,N56045,1,undetected,N56045,N56045,N56045,sa1,1
25540,N120990 /1 undetected,output,,N120990,N120990,1,undetected,N120990,N120990,N120990,sa1,1
25541,N109138 /1 undetected,output,,N109138,N109138,1,undetected,N109138,N109138,N109138,sa1,1
25542,N25287 /1 undetected,output,,N25287,N25287,1,undetected,N25287,N25287,N25287,sa1,1
25543,N25287 /0 undetected,output,,N25287,N25287,0,undetected,N25287,N25287,N25287,sa0,1
25544,N85635 /1 undetected,output,,N85635,N85635,1,undetected,N85635,N85635,N85635,sa1,1
25545,N25285 /1 undetected,output,,N25285,N25285,1,undetected,N25285,N25285,N25285,sa1,1
25546,N49561 /1 undetected,output,,N49561,N49561,1,undetected,N49561,N49561,N49561,sa1,1
25547,N49561 /0 undetected,output,,N49561,N49561,0,undetected,N49561,N49561,N49561,sa0,1
25548,N118910 /1 undetected,output,,N118910,N118910,1,undetected,N118910,N118910,N118910,sa1,1
25549,N49560 /1 undetected,output,,N49560,N49560,1,undetected,N49560,N49560,N49560,sa1,1
25550,N119025 /1 undetected,output,,N119025,N119025,1,undetected,N119025,N119025,N119025,sa1,1
25551,N106644 /1 undetected,output,,N106644,N106644,1,undetected,N106644,N106644,N106644,sa1,1
25552,N49260 /0 undetected,output,,N49260,N49260,0,undetected,N49260,N49260,N49260,sa0,1
25553,N93556 /1 undetected,output,,N93556,N93556,1,undetected,N93556,N93556,N93556,sa1,1
25554,N49241 /1 undetected,output,,N49241,N49241,1,undetected,N49241,N49241,N49241,sa1,1
25555,N85941 /1 undetected,output,,N85941,N85941,1,undetected,N85941,N85941,N85941,sa1,1
25556,N32361 /1 undetected,output,,N32361,N32361,1,undetected,N32361,N32361,N32361,sa1,1
25557,N114011 /1 undetected,output,,N114011,N114011,1,undetected,N114011,N114011,N114011,sa1,1
25558,N95938 /1 undetected,output,,N95938,N95938,1,undetected,N95938,N95938,N95938,sa1,1
25559,N32346 /1 undetected,output,,N32346,N32346,1,undetected,N32346,N32346,N32346,sa1,1
25560,N32346 /0 undetected,output,,N32346,N32346,0,undetected,N32346,N32346,N32346,sa0,1
25561,N85181 /1 undetected,output,,N85181,N85181,1,undetected,N85181,N85181,N85181,sa1,1
25562,N32345 /1 undetected,output,,N32345,N32345,1,undetected,N32345,N32345,N32345,sa1,1
25563,N114010 /1 undetected,output,,N114010,N114010,1,undetected,N114010,N114010,N114010,sa1,1
25564,N95802 /1 undetected,output,,N95802,N95802,1,undetected,N95802,N95802,N95802,sa1,1
25565,N23804 /0 undetected,output,,N23804,N23804,0,undetected,N23804,N23804,N23804,sa0,1
25566,N105931 /1 undetected,output,,N105931,N105931,1,undetected,N105931,N105931,N105931,sa1,1
25567,N105703 /1 undetected,output,,N105703,N105703,1,undetected,N105703,N105703,N105703,sa1,1
25568,N23580 /1 undetected,output,,N23580,N23580,1,undetected,N23580,N23580,N23580,sa1,1
25569,N95120 /1 undetected,output,,N95120,N95120,1,undetected,N95120,N95120,N95120,sa1,1
25570,N16699 /1 undetected,output,,N16699,N16699,1,undetected,N16699,N16699,N16699,sa1,1
25571,N16699 /0 undetected,output,,N16699,N16699,0,undetected,N16699,N16699,N16699,sa0,1
25572,N103226 /1 undetected,output,,N103226,N103226,1,undetected,N103226,N103226,N103226,sa1,1
25573,N103199 /1 undetected,output,,N103199,N103199,1,undetected,N103199,N103199,N103199,sa1,1
25574,N16694 /1 undetected,output,,N16694,N16694,1,undetected,N16694,N16694,N16694,sa1,1
25575,N16694 /0 undetected,output,,N16694,N16694,0,undetected,N16694,N16694,N16694,sa0,1
25576,N103222 /1 undetected,output,,N103222,N103222,1,undetected,N103222,N103222,N103222,sa1,1
25577,N103198 /1 undetected,output,,N103198,N103198,1,undetected,N103198,N103198,N103198,sa1,1
25578,N101904 /1 undetected,output,,N101904,N101904,1,undetected,N101904,N101904,N101904,sa1,1
25579,N14633 /0 undetected,output,,N14633,N14633,0,undetected,N14633,N14633,N14633,sa0,1
25580,N86428 /1 undetected,output,,N86428,N86428,1,undetected,N86428,N86428,N86428,sa1,1
25581,N12870 /1 undetected,output,,N12870,N12870,1,undetected,N12870,N12870,N12870,sa1,1
25582,N12870 /0 undetected,output,,N12870,N12870,0,undetected,N12870,N12870,N12870,sa0,1
25583,N100857 /1 undetected,output,,N100857,N100857,1,undetected,N100857,N100857,N100857,sa1,1
25584,N12869 /1 undetected,output,,N12869,N12869,1,undetected,N12869,N12869,N12869,sa1,1
25585,N100860 /1 undetected,output,,N100860,N100860,1,undetected,N100860,N100860,N100860,sa1,1
25586,N86163 /1 undetected,output,,N86163,N86163,1,undetected,N86163,N86163,N86163,sa1,1
25587,N92617 /1 undetected,output,,N92617,N92617,1,undetected,N92617,N92617,N92617,sa1,1
25588,N92572 /1 undetected,output,,N92572,N92572,1,undetected,N92572,N92572,N92572,sa1,1
25589,N105619 /1 undetected,output,,N105619,N105619,1,undetected,N105619,N105619,N105619,sa1,1
25590,N24571 /1 undetected,output,,N24571,N24571,1,undetected,N24571,N24571,N24571,sa1,1
25591,N24571 /0 undetected,output,,N24571,N24571,0,undetected,N24571,N24571,N24571,sa0,1
25592,N24570 /1 undetected,output,,N24570,N24570,1,undetected,N24570,N24570,N24570,sa1,1
25593,N105610 /1 undetected,output,,N105610,N105610,1,undetected,N105610,N105610,N105610,sa1,1
25594,N80356 /1 undetected,output,,N80356,N80356,1,undetected,N80356,N80356,N80356,sa1,1
25595,N23661 /1 undetected,output,,N23661,N23661,1,undetected,N23661,N23661,N23661,sa1,1
25596,N24544 /1 undetected,output,,N24544,N24544,1,undetected,N24544,N24544,N24544,sa1,1
25597,N24544 /0 undetected,output,,N24544,N24544,0,undetected,N24544,N24544,N24544,sa0,1
25598,N107917 /1 undetected,output,,N107917,N107917,1,undetected,N107917,N107917,N107917,sa1,1
25599,N75715 /1 undetected,output,,N75715,N75715,1,undetected,N75715,N75715,N75715,sa1,1
25600,N20076 /1 undetected,output,,N20076,N20076,1,undetected,N20076,N20076,N20076,sa1,1
25601,N93325 /1 undetected,output,,N93325,N93325,1,undetected,N93325,N93325,N93325,sa1,1
25602,N92685 /1 undetected,output,,N92685,N92685,1,undetected,N92685,N92685,N92685,sa1,1
25603,N14990 /1 undetected,output,,N14990,N14990,1,undetected,N14990,N14990,N14990,sa1,1
25604,N14986 /1 undetected,output,,N14986,N14986,1,undetected,N14986,N14986,N14986,sa1,1
25605,N86466 /1 undetected,output,,N86466,N86466,1,undetected,N86466,N86466,N86466,sa1,1
25606,N14985 /1 undetected,output,,N14985,N14985,1,undetected,N14985,N14985,N14985,sa1,1
25607,N102284 /1 undetected,output,,N102284,N102284,1,undetected,N102284,N102284,N102284,sa1,1
25608,N14977 /1 undetected,output,,N14977,N14977,1,undetected,N14977,N14977,N14977,sa1,1
25609,N102278 /1 undetected,output,,N102278,N102278,1,undetected,N102278,N102278,N102278,sa1,1
25610,N86448 /1 undetected,output,,N86448,N86448,1,undetected,N86448,N86448,N86448,sa1,1
25611,N92545 /1 undetected,output,,N92545,N92545,1,undetected,N92545,N92545,N92545,sa1,1
25612,N20894 /1 undetected,output,,N20894,N20894,1,undetected,N20894,N20894,N20894,sa1,1
25613,N20894 /0 undetected,output,,N20894,N20894,0,undetected,N20894,N20894,N20894,sa0,1
25614,N104766 /1 undetected,output,,N104766,N104766,1,undetected,N104766,N104766,N104766,sa1,1
25615,N104367 /1 undetected,output,,N104367,N104367,1,undetected,N104367,N104367,N104367,sa1,1
25616,N20099 /1 undetected,output,,N20099,N20099,1,undetected,N20099,N20099,N20099,sa1,1
25617,N20099 /0 undetected,output,,N20099,N20099,0,undetected,N20099,N20099,N20099,sa0,1
25618,N104366 /1 undetected,output,,N104366,N104366,1,undetected,N104366,N104366,N104366,sa1,1
25619,N104314 /1 undetected,output,,N104314,N104314,1,undetected,N104314,N104314,N104314,sa1,1
25620,N54161 /1 undetected,output,,N54161,N54161,1,undetected,N54161,N54161,N54161,sa1,1
25621,N54160 /1 undetected,output,,N54160,N54160,1,undetected,N54160,N54160,N54160,sa1,1
25622,N120570 /1 undetected,output,,N120570,N120570,1,undetected,N120570,N120570,N120570,sa1,1
25623,N120438 /1 undetected,output,,N120438,N120438,1,undetected,N120438,N120438,N120438,sa1,1
25624,N105698 /1 undetected,output,,N105698,N105698,1,undetected,N105698,N105698,N105698,sa1,1
25625,N54158 /1 undetected,output,,N54158,N54158,1,undetected,N54158,N54158,N54158,sa1,1
25626,N120557 /1 undetected,output,,N120557,N120557,1,undetected,N120557,N120557,N120557,sa1,1
25627,N54156 /1 undetected,output,,N54156,N54156,1,undetected,N54156,N54156,N54156,sa1,1
25628,N120633 /1 undetected,output,,N120633,N120633,1,undetected,N120633,N120633,N120633,sa1,1
25629,N109142 /1 undetected,output,,N109142,N109142,1,undetected,N109142,N109142,N109142,sa1,1
25630,N54219 /1 undetected,output,,N54219,N54219,1,undetected,N54219,N54219,N54219,sa1,1
25631,N54219 /0 undetected,output,,N54219,N54219,0,undetected,N54219,N54219,N54219,sa0,1
25632,N109004 /1 undetected,output,,N109004,N109004,1,undetected,N109004,N109004,N109004,sa1,1
25633,N108891 /1 undetected,output,,N108891,N108891,1,undetected,N108891,N108891,N108891,sa1,1
25634,N52625 /1 undetected,output,,N52625,N52625,1,undetected,N52625,N52625,N52625,sa1,1
25635,N120134 /1 undetected,output,,N120134,N120134,1,undetected,N120134,N120134,N120134,sa1,1
25636,N49558 /1 undetected,output,,N49558,N49558,1,undetected,N49558,N49558,N49558,sa1,1
25637,N49273 /1 undetected,output,,N49273,N49273,1,undetected,N49273,N49273,N49273,sa1,1
25638,N49273 /0 undetected,output,,N49273,N49273,0,undetected,N49273,N49273,N49273,sa0,1
25639,N118909 /1 undetected,output,,N118909,N118909,1,undetected,N118909,N118909,N118909,sa1,1
25640,N118892 /1 undetected,output,,N118892,N118892,1,undetected,N118892,N118892,N118892,sa1,1
25641,N24847 /1 undetected,output,,N24847,N24847,1,undetected,N24847,N24847,N24847,sa1,1
25642,N24847 /0 undetected,output,,N24847,N24847,0,undetected,N24847,N24847,N24847,sa0,1
25643,N108865 /1 undetected,output,,N108865,N108865,1,undetected,N108865,N108865,N108865,sa1,1
25644,N106560 /1 undetected,output,,N106560,N106560,1,undetected,N106560,N106560,N106560,sa1,1
25645,N24590 /1 undetected,output,,N24590,N24590,1,undetected,N24590,N24590,N24590,sa1,1
25646,N24590 /0 undetected,output,,N24590,N24590,0,undetected,N24590,N24590,N24590,sa0,1
25647,N105919 /1 undetected,output,,N105919,N105919,1,undetected,N105919,N105919,N105919,sa1,1
25648,N93629 /1 undetected,output,,N93629,N93629,1,undetected,N93629,N93629,N93629,sa1,1
25649,N24462 /1 undetected,output,,N24462,N24462,1,undetected,N24462,N24462,N24462,sa1,1
25650,N24462 /0 undetected,output,,N24462,N24462,0,undetected,N24462,N24462,N24462,sa0,1
25651,N24137 /1 undetected,output,,N24137,N24137,1,undetected,N24137,N24137,N24137,sa1,1
25652,N24137 /0 undetected,output,,N24137,N24137,0,undetected,N24137,N24137,N24137,sa0,1
25653,N23801 /1 undetected,output,,N23801,N23801,1,undetected,N23801,N23801,N23801,sa1,1
25654,N105930 /1 undetected,output,,N105930,N105930,1,undetected,N105930,N105930,N105930,sa1,1
25655,N105666 /1 undetected,output,,N105666,N105666,1,undetected,N105666,N105666,N105666,sa1,1
25656,N23794 /1 undetected,output,,N23794,N23794,1,undetected,N23794,N23794,N23794,sa1,1
25657,N23794 /0 undetected,output,,N23794,N23794,0,undetected,N23794,N23794,N23794,sa0,1
25658,N12817 /1 undetected,output,,N12817,N12817,1,undetected,N12817,N12817,N12817,sa1,1
25659,N12817 /0 undetected,output,,N12817,N12817,0,undetected,N12817,N12817,N12817,sa0,1
25660,N12816 /1 undetected,output,,N12816,N12816,1,undetected,N12816,N12816,N12816,sa1,1
25661,N100652 /1 undetected,output,,N100652,N100652,1,undetected,N100652,N100652,N100652,sa1,1
25662,N2100 /1 undetected,output,,N2100,N2100,1,undetected,N2100,N2100,N2100,sa1,1
25663,N12814 /1 undetected,output,,N12814,N12814,1,undetected,N12814,N12814,N12814,sa1,1
25664,N84303 /1 undetected,output,,N84303,N84303,1,undetected,N84303,N84303,N84303,sa1,1
25665,N12812 /1 undetected,output,,N12812,N12812,1,undetected,N12812,N12812,N12812,sa1,1
25666,N100806 /1 undetected,output,,N100806,N100806,1,undetected,N100806,N100806,N100806,sa1,1
25667,N100794 /1 undetected,output,,N100794,N100794,1,undetected,N100794,N100794,N100794,sa1,1
25668,N16715 /1 undetected,output,,N16715,N16715,1,undetected,N16715,N16715,N16715,sa1,1
25669,N16715 /0 undetected,output,,N16715,N16715,0,undetected,N16715,N16715,N16715,sa0,1
25670,N103204 /1 undetected,output,,N103204,N103204,1,undetected,N103204,N103204,N103204,sa1,1
25671,N100818 /1 undetected,output,,N100818,N100818,1,undetected,N100818,N100818,N100818,sa1,1
25672,N16665 /1 undetected,output,,N16665,N16665,1,undetected,N16665,N16665,N16665,sa1,1
25673,N16665 /0 undetected,output,,N16665,N16665,0,undetected,N16665,N16665,N16665,sa0,1
25674,N103195 /1 undetected,output,,N103195,N103195,1,undetected,N103195,N103195,N103195,sa1,1
25675,N100827 /1 undetected,output,,N100827,N100827,1,undetected,N100827,N100827,N100827,sa1,1
25676,N16660 /1 undetected,output,,N16660,N16660,1,undetected,N16660,N16660,N16660,sa1,1
25677,N16660 /0 undetected,output,,N16660,N16660,0,undetected,N16660,N16660,N16660,sa0,1
25678,N103203 /1 undetected,output,,N103203,N103203,1,undetected,N103203,N103203,N103203,sa1,1
25679,N103194 /1 undetected,output,,N103194,N103194,1,undetected,N103194,N103194,N103194,sa1,1
25680,N13021 /1 undetected,output,,N13021,N13021,1,undetected,N13021,N13021,N13021,sa1,1
25681,N13021 /0 undetected,output,,N13021,N13021,0,undetected,N13021,N13021,N13021,sa0,1
25682,N101000 /1 undetected,output,,N101000,N101000,1,undetected,N101000,N101000,N101000,sa1,1
25683,N13020 /1 undetected,output,,N13020,N13020,1,undetected,N13020,N13020,N13020,sa1,1
25684,N100719 /1 undetected,output,,N100719,N100719,1,undetected,N100719,N100719,N100719,sa1,1
25685,N12867 /1 undetected,output,,N12867,N12867,1,undetected,N12867,N12867,N12867,sa1,1
25686,N12916 /1 undetected,output,,N12916,N12916,1,undetected,N12916,N12916,N12916,sa1,1
25687,N12916 /0 undetected,output,,N12916,N12916,0,undetected,N12916,N12916,N12916,sa0,1
25688,N12914 /1 undetected,output,,N12914,N12914,1,undetected,N12914,N12914,N12914,sa1,1
25689,N100816 /1 undetected,output,,N100816,N100816,1,undetected,N100816,N100816,N100816,sa1,1
25690,N12913 /1 undetected,output,,N12913,N12913,1,undetected,N12913,N12913,N12913,sa1,1
25691,N100891 /1 undetected,output,,N100891,N100891,1,undetected,N100891,N100891,N100891,sa1,1
25692,N76383 /1 undetected,output,,N76383,N76383,1,undetected,N76383,N76383,N76383,sa1,1
25693,N12911 /1 undetected,output,,N12911,N12911,1,undetected,N12911,N12911,N12911,sa1,1
25694,N100893 /1 undetected,output,,N100893,N100893,1,undetected,N100893,N100893,N100893,sa1,1
25695,N86164 /1 undetected,output,,N86164,N86164,1,undetected,N86164,N86164,N86164,sa1,1
25696,N12826 /1 undetected,output,,N12826,N12826,1,undetected,N12826,N12826,N12826,sa1,1
25697,N12826 /0 undetected,output,,N12826,N12826,0,undetected,N12826,N12826,N12826,sa0,1
25698,N100826 /1 undetected,output,,N100826,N100826,1,undetected,N100826,N100826,N100826,sa1,1
25699,N100815 /1 undetected,output,,N100815,N100815,1,undetected,N100815,N100815,N100815,sa1,1
25700,N23597 /1 undetected,output,,N23597,N23597,1,undetected,N23597,N23597,N23597,sa1,1
25701,N105464 /1 undetected,output,,N105464,N105464,1,undetected,N105464,N105464,N105464,sa1,1
25702,N95121 /1 undetected,output,,N95121,N95121,1,undetected,N95121,N95121,N95121,sa1,1
25703,N24547 /1 undetected,output,,N24547,N24547,1,undetected,N24547,N24547,N24547,sa1,1
25704,N24547 /0 undetected,output,,N24547,N24547,0,undetected,N24547,N24547,N24547,sa0,1
25705,N107912 /1 undetected,output,,N107912,N107912,1,undetected,N107912,N107912,N107912,sa1,1
25706,N24542 /1 undetected,output,,N24542,N24542,1,undetected,N24542,N24542,N24542,sa1,1
25707,N107915 /1 undetected,output,,N107915,N107915,1,undetected,N107915,N107915,N107915,sa1,1
25708,N93400 /1 undetected,output,,N93400,N93400,1,undetected,N93400,N93400,N93400,sa1,1
25709,N91602 /1 undetected,output,,N91602,N91602,1,undetected,N91602,N91602,N91602,sa1,1
25710,N14642 /1 undetected,output,,N14642,N14642,1,undetected,N14642,N14642,N14642,sa1,1
25711,N101946 /1 undetected,output,,N101946,N101946,1,undetected,N101946,N101946,N101946,sa1,1
25712,N86429 /1 undetected,output,,N86429,N86429,1,undetected,N86429,N86429,N86429,sa1,1
25713,N11556 /0 undetected,output,,N11556,N11556,0,undetected,N11556,N11556,N11556,sa0,1
25714,N99957 /1 undetected,output,,N99957,N99957,1,undetected,N99957,N99957,N99957,sa1,1
25715,N99848 /1 undetected,output,,N99848,N99848,1,undetected,N99848,N99848,N99848,sa1,1
25716,N49295 /1 undetected,output,,N49295,N49295,1,undetected,N49295,N49295,N49295,sa1,1
25717,N105618 /1 undetected,output,,N105618,N105618,1,undetected,N105618,N105618,N105618,sa1,1
25718,N76408 /1 undetected,output,,N76408,N76408,1,undetected,N76408,N76408,N76408,sa1,1
25719,N23666 /0 undetected,output,,N23666,N23666,0,undetected,N23666,N23666,N23666,sa0,1
25720,N20074 /1 undetected,output,,N20074,N20074,1,undetected,N20074,N20074,N20074,sa1,1
25721,N20074 /0 undetected,output,,N20074,N20074,0,undetected,N20074,N20074,N20074,sa0,1
25722,N16391 /1 undetected,output,,N16391,N16391,1,undetected,N16391,N16391,N16391,sa1,1
25723,N16391 /0 undetected,output,,N16391,N16391,0,undetected,N16391,N16391,N16391,sa0,1
25724,N16390 /1 undetected,output,,N16390,N16390,1,undetected,N16390,N16390,N16390,sa1,1
25725,N77170 /1 undetected,output,,N77170,N77170,1,undetected,N77170,N77170,N77170,sa1,1
25726,N16388 /1 undetected,output,,N16388,N16388,1,undetected,N16388,N16388,N16388,sa1,1
25727,N103080 /1 undetected,output,,N103080,N103080,1,undetected,N103080,N103080,N103080,sa1,1
25728,N103076 /1 undetected,output,,N103076,N103076,1,undetected,N103076,N103076,N103076,sa1,1
25729,N16386 /1 undetected,output,,N16386,N16386,1,undetected,N16386,N16386,N16386,sa1,1
25730,N24602 /1 undetected,output,,N24602,N24602,1,undetected,N24602,N24602,N24602,sa1,1
25731,N24602 /0 undetected,output,,N24602,N24602,0,undetected,N24602,N24602,N24602,sa0,1
25732,N107950 /1 undetected,output,,N107950,N107950,1,undetected,N107950,N107950,N107950,sa1,1
25733,N24600 /1 undetected,output,,N24600,N24600,1,undetected,N24600,N24600,N24600,sa1,1
25734,N107968 /1 undetected,output,,N107968,N107968,1,undetected,N107968,N107968,N107968,sa1,1
25735,N107930 /1 undetected,output,,N107930,N107930,1,undetected,N107930,N107930,N107930,sa1,1
25736,N52706 /1 undetected,output,,N52706,N52706,1,undetected,N52706,N52706,N52706,sa1,1
25737,N52706 /0 undetected,output,,N52706,N52706,0,undetected,N52706,N52706,N52706,sa0,1
25738,N75917 /1 undetected,output,,N75917,N75917,1,undetected,N75917,N75917,N75917,sa1,1
25739,N52705 /1 undetected,output,,N52705,N52705,1,undetected,N52705,N52705,N52705,sa1,1
25740,N93725 /1 undetected,output,,N93725,N93725,1,undetected,N93725,N93725,N93725,sa1,1
25741,N52630 /1 undetected,output,,N52630,N52630,1,undetected,N52630,N52630,N52630,sa1,1
25742,N52697 /1 undetected,output,,N52697,N52697,1,undetected,N52697,N52697,N52697,sa1,1
25743,N52697 /0 undetected,output,,N52697,N52697,0,undetected,N52697,N52697,N52697,sa0,1
25744,N93703 /1 undetected,output,,N93703,N93703,1,undetected,N93703,N93703,N93703,sa1,1
25745,N52696 /1 undetected,output,,N52696,N52696,1,undetected,N52696,N52696,N52696,sa1,1
25746,N93354 /1 undetected,output,,N93354,N93354,1,undetected,N93354,N93354,N93354,sa1,1
25747,N52616 /1 undetected,output,,N52616,N52616,1,undetected,N52616,N52616,N52616,sa1,1
25748,N49497 /0 undetected,output,,N49497,N49497,0,undetected,N49497,N49497,N49497,sa0,1
25749,N118809 /1 undetected,output,,N118809,N118809,1,undetected,N118809,N118809,N118809,sa1,1
25750,N49496 /1 undetected,output,,N49496,N49496,1,undetected,N49496,N49496,N49496,sa1,1
25751,N49243 /1 undetected,output,,N49243,N49243,1,undetected,N49243,N49243,N49243,sa1,1
25752,N49243 /0 undetected,output,,N49243,N49243,0,undetected,N49243,N49243,N49243,sa0,1
25753,N118884 /1 undetected,output,,N118884,N118884,1,undetected,N118884,N118884,N118884,sa1,1
25754,N107922 /1 undetected,output,,N107922,N107922,1,undetected,N107922,N107922,N107922,sa1,1
25755,N24039 /1 undetected,output,,N24039,N24039,1,undetected,N24039,N24039,N24039,sa1,1
25756,N24039 /0 undetected,output,,N24039,N24039,0,undetected,N24039,N24039,N24039,sa0,1
25757,N106569 /1 undetected,output,,N106569,N106569,1,undetected,N106569,N106569,N106569,sa1,1
25758,N24032 /1 undetected,output,,N24032,N24032,1,undetected,N24032,N24032,N24032,sa1,1
25759,N52610 /1 undetected,output,,N52610,N52610,1,undetected,N52610,N52610,N52610,sa1,1
25760,N82081 /1 undetected,output,,N82081,N82081,1,undetected,N82081,N82081,N82081,sa1,1
25761,N79969 /1 undetected,output,,N79969,N79969,1,undetected,N79969,N79969,N79969,sa1,1
25762,N115032 /1 undetected,output,,N115032,N115032,1,undetected,N115032,N115032,N115032,sa1,1
25763,N89502 /1 undetected,output,,N89502,N89502,1,undetected,N89502,N89502,N89502,sa1,1
25764,N81121 /1 undetected,output,,N81121,N81121,1,undetected,N81121,N81121,N81121,sa1,1
25765,N110018 /1 undetected,output,,N110018,N110018,1,undetected,N110018,N110018,N110018,sa1,1
25766,N69902 /1 undetected,output,,N69902,N69902,1,undetected,N69902,N69902,N69902,sa1,1
25767,N90848 /1 undetected,output,,N90848,N90848,1,undetected,N90848,N90848,N90848,sa1,1
25768,N77529 /1 undetected,output,,N77529,N77529,1,undetected,N77529,N77529,N77529,sa1,1
25769,N69545 /0 undetected,output,,N69545,N69545,0,undetected,N69545,N69545,N69545,sa0,1
25770,N87073 /1 undetected,output,,N87073,N87073,1,undetected,N87073,N87073,N87073,sa1,1
25771,N69543 /1 undetected,output,,N69543,N69543,1,undetected,N69543,N69543,N69543,sa1,1
25772,N69531 /0 undetected,output,,N69531,N69531,0,undetected,N69531,N69531,N69531,sa0,1
25773,N77687 /1 undetected,output,,N77687,N77687,1,undetected,N77687,N77687,N77687,sa1,1
25774,N69529 /1 undetected,output,,N69529,N69529,1,undetected,N69529,N69529,N69529,sa1,1
25775,N100656 /1 undetected,output,,N100656,N100656,1,undetected,N100656,N100656,N100656,sa1,1
25776,N14616 /1 undetected,output,,N14616,N14616,1,undetected,N14616,N14616,N14616,sa1,1
25777,N101921 /1 undetected,output,,N101921,N101921,1,undetected,N101921,N101921,N101921,sa1,1
25778,N101926 /1 undetected,output,,N101926,N101926,1,undetected,N101926,N101926,N101926,sa1,1
25779,N85288 /1 undetected,output,,N85288,N85288,1,undetected,N85288,N85288,N85288,sa1,1
25780,N23590 /0 undetected,output,,N23590,N23590,0,undetected,N23590,N23590,N23590,sa0,1
25781,N75326 /1 undetected,output,,N75326,N75326,1,undetected,N75326,N75326,N75326,sa1,1
25782,N54075 /1 undetected,output,,N54075,N54075,1,undetected,N54075,N54075,N54075,sa1,1
25783,N54075 /0 undetected,output,,N54075,N54075,0,undetected,N54075,N54075,N54075,sa0,1
25784,N108872 /1 undetected,output,,N108872,N108872,1,undetected,N108872,N108872,N108872,sa1,1
25785,N54074 /1 undetected,output,,N54074,N54074,1,undetected,N54074,N54074,N54074,sa1,1
25786,N106528 /1 undetected,output,,N106528,N106528,1,undetected,N106528,N106528,N106528,sa1,1
25787,N93355 /1 undetected,output,,N93355,N93355,1,undetected,N93355,N93355,N93355,sa1,1
25788,N48989 /1 undetected,output,,N48989,N48989,1,undetected,N48989,N48989,N48989,sa1,1
25789,N101635 /1 undetected,output,,N101635,N101635,1,undetected,N101635,N101635,N101635,sa1,1
25790,N48979 /1 undetected,output,,N48979,N48979,1,undetected,N48979,N48979,N48979,sa1,1
25791,N75620 /1 undetected,output,,N75620,N75620,1,undetected,N75620,N75620,N75620,sa1,1
25792,N48963 /1 undetected,output,,N48963,N48963,1,undetected,N48963,N48963,N48963,sa1,1
25793,N48962 /1 undetected,output,,N48962,N48962,1,undetected,N48962,N48962,N48962,sa1,1
25794,N88402 /1 undetected,output,,N88402,N88402,1,undetected,N88402,N88402,N88402,sa1,1
25795,N48961 /1 undetected,output,,N48961,N48961,1,undetected,N48961,N48961,N48961,sa1,1
25796,N105269 /1 undetected,output,,N105269,N105269,1,undetected,N105269,N105269,N105269,sa1,1
25797,N48958 /1 undetected,output,,N48958,N48958,1,undetected,N48958,N48958,N48958,sa1,1
25798,N97777 /1 undetected,output,,N97777,N97777,1,undetected,N97777,N97777,N97777,sa1,1
25799,N48984 /1 undetected,output,,N48984,N48984,1,undetected,N48984,N48984,N48984,sa1,1
25800,N79455 /1 undetected,output,,N79455,N79455,1,undetected,N79455,N79455,N79455,sa1,1
25801,N48983 /1 undetected,output,,N48983,N48983,1,undetected,N48983,N48983,N48983,sa1,1
25802,N105275 /1 undetected,output,,N105275,N105275,1,undetected,N105275,N105275,N105275,sa1,1
25803,N48977 /1 undetected,output,,N48977,N48977,1,undetected,N48977,N48977,N48977,sa1,1
25804,N48921 /1 undetected,output,,N48921,N48921,1,undetected,N48921,N48921,N48921,sa1,1
25805,N105303 /1 undetected,output,,N105303,N105303,1,undetected,N105303,N105303,N105303,sa1,1
25806,N48920 /1 undetected,output,,N48920,N48920,1,undetected,N48920,N48920,N48920,sa1,1
25807,N101197 /1 undetected,output,,N101197,N101197,1,undetected,N101197,N101197,N101197,sa1,1
25808,N48918 /1 undetected,output,,N48918,N48918,1,undetected,N48918,N48918,N48918,sa1,1
25809,N105354 /1 undetected,output,,N105354,N105354,1,undetected,N105354,N105354,N105354,sa1,1
25810,N23333 /1 undetected,output,,N23333,N23333,1,undetected,N23333,N23333,N23333,sa1,1
25811,N105291 /1 undetected,output,,N105291,N105291,1,undetected,N105291,N105291,N105291,sa1,1
25812,N24936 /1 undetected,output,,N24936,N24936,1,undetected,N24936,N24936,N24936,sa1,1
25813,N24936 /0 undetected,output,,N24936,N24936,0,undetected,N24936,N24936,N24936,sa0,1
25814,N93652 /1 undetected,output,,N93652,N93652,1,undetected,N93652,N93652,N93652,sa1,1
25815,N24935 /1 undetected,output,,N24935,N24935,1,undetected,N24935,N24935,N24935,sa1,1
25816,N108922 /1 undetected,output,,N108922,N108922,1,undetected,N108922,N108922,N108922,sa1,1
25817,N106527 /1 undetected,output,,N106527,N106527,1,undetected,N106527,N106527,N106527,sa1,1
25818,N24007 /1 undetected,output,,N24007,N24007,1,undetected,N24007,N24007,N24007,sa1,1
25819,N106548 /1 undetected,output,,N106548,N106548,1,undetected,N106548,N106548,N106548,sa1,1
25820,N24006 /1 undetected,output,,N24006,N24006,1,undetected,N24006,N24006,N24006,sa1,1
25821,N98757 /1 undetected,output,,N98757,N98757,1,undetected,N98757,N98757,N98757,sa1,1
25822,N23982 /1 undetected,output,,N23982,N23982,1,undetected,N23982,N23982,N23982,sa1,1
25823,N23982 /0 undetected,output,,N23982,N23982,0,undetected,N23982,N23982,N23982,sa0,1
25824,N106522 /1 undetected,output,,N106522,N106522,1,undetected,N106522,N106522,N106522,sa1,1
25825,N23981 /1 undetected,output,,N23981,N23981,1,undetected,N23981,N23981,N23981,sa1,1
25826,N106524 /1 undetected,output,,N106524,N106524,1,undetected,N106524,N106524,N106524,sa1,1
25827,N93398 /1 undetected,output,,N93398,N93398,1,undetected,N93398,N93398,N93398,sa1,1
25828,N19431 /1 undetected,output,,N19431,N19431,1,undetected,N19431,N19431,N19431,sa1,1
25829,N19431 /0 undetected,output,,N19431,N19431,0,undetected,N19431,N19431,N19431,sa0,1
25830,N84724 /1 undetected,output,,N84724,N84724,1,undetected,N84724,N84724,N84724,sa1,1
25831,N19430 /1 undetected,output,,N19430,N19430,1,undetected,N19430,N19430,N19430,sa1,1
25832,N103968 /1 undetected,output,,N103968,N103968,1,undetected,N103968,N103968,N103968,sa1,1
25833,N79405 /1 undetected,output,,N79405,N79405,1,undetected,N79405,N79405,N79405,sa1,1
25834,N16380 /1 undetected,output,,N16380,N16380,1,undetected,N16380,N16380,N16380,sa1,1
25835,N16380 /0 undetected,output,,N16380,N16380,0,undetected,N16380,N16380,N16380,sa0,1
25836,N103079 /1 undetected,output,,N103079,N103079,1,undetected,N103079,N103079,N103079,sa1,1
25837,N16379 /1 undetected,output,,N16379,N16379,1,undetected,N16379,N16379,N16379,sa1,1
25838,N16378 /1 undetected,output,,N16378,N16378,1,undetected,N16378,N16378,N16378,sa1,1
25839,N103045 /1 undetected,output,,N103045,N103045,1,undetected,N103045,N103045,N103045,sa1,1
25840,N2812 /1 undetected,output,,N2812,N2812,1,undetected,N2812,N2812,N2812,sa1,1
25841,N94223 /1 undetected,output,,N94223,N94223,1,undetected,N94223,N94223,N94223,sa1,1
25842,N75312 /1 undetected,output,,N75312,N75312,1,undetected,N75312,N75312,N75312,sa1,1
25843,N16372 /1 undetected,output,,N16372,N16372,1,undetected,N16372,N16372,N16372,sa1,1
25844,N94214 /1 undetected,output,,N94214,N94214,1,undetected,N94214,N94214,N94214,sa1,1
25845,N16370 /1 undetected,output,,N16370,N16370,1,undetected,N16370,N16370,N16370,sa1,1
25846,N14832 /0 undetected,output,,N14832,N14832,0,undetected,N14832,N14832,N14832,sa0,1
25847,N101947 /1 undetected,output,,N101947,N101947,1,undetected,N101947,N101947,N101947,sa1,1
25848,N94721 /1 undetected,output,,N94721,N94721,1,undetected,N94721,N94721,N94721,sa1,1
25849,N11523 /1 undetected,output,,N11523,N11523,1,undetected,N11523,N11523,N11523,sa1,1
25850,N99847 /1 undetected,output,,N99847,N99847,1,undetected,N99847,N99847,N99847,sa1,1
25851,N85206 /1 undetected,output,,N85206,N85206,1,undetected,N85206,N85206,N85206,sa1,1
25852,N92621 /1 undetected,output,,N92621,N92621,1,undetected,N92621,N92621,N92621,sa1,1
25853,N92576 /1 undetected,output,,N92576,N92576,1,undetected,N92576,N92576,N92576,sa1,1
25854,N66445 /1 undetected,output,,N66445,N66445,1,undetected,N66445,N66445,N66445,sa1,1
25855,N20063 /1 undetected,output,,N20063,N20063,1,undetected,N20063,N20063,N20063,sa1,1
25856,N20063 /0 undetected,output,,N20063,N20063,0,undetected,N20063,N20063,N20063,sa0,1
25857,N104328 /1 undetected,output,,N104328,N104328,1,undetected,N104328,N104328,N104328,sa1,1
25858,N93324 /1 undetected,output,,N93324,N93324,1,undetected,N93324,N93324,N93324,sa1,1
25859,N92625 /1 undetected,output,,N92625,N92625,1,undetected,N92625,N92625,N92625,sa1,1
25860,N8200 /1 undetected,output,,N8200,N8200,1,undetected,N8200,N8200,N8200,sa1,1
25861,N92580 /1 undetected,output,,N92580,N92580,1,undetected,N92580,N92580,N92580,sa1,1
25862,N11607 /0 undetected,output,,N11607,N11607,0,undetected,N11607,N11607,N11607,sa0,1
25863,N54674 /1 undetected,output,,N54674,N54674,1,undetected,N54674,N54674,N54674,sa1,1
25864,N54674 /0 undetected,output,,N54674,N54674,0,undetected,N54674,N54674,N54674,sa0,1
25865,N85773 /1 undetected,output,,N85773,N85773,1,undetected,N85773,N85773,N85773,sa1,1
25866,N54673 /1 undetected,output,,N54673,N54673,1,undetected,N54673,N54673,N54673,sa1,1
25867,N105913 /1 undetected,output,,N105913,N105913,1,undetected,N105913,N105913,N105913,sa1,1
25868,N54671 /1 undetected,output,,N54671,N54671,1,undetected,N54671,N54671,N54671,sa1,1
25869,N120770 /1 undetected,output,,N120770,N120770,1,undetected,N120770,N120770,N120770,sa1,1
25870,N93632 /1 undetected,output,,N93632,N93632,1,undetected,N93632,N93632,N93632,sa1,1
25871,N75916 /1 undetected,output,,N75916,N75916,1,undetected,N75916,N75916,N75916,sa1,1
25872,N100111 /1 undetected,output,,N100111,N100111,1,undetected,N100111,N100111,N100111,sa1,1
25873,N75963 /1 undetected,output,,N75963,N75963,1,undetected,N75963,N75963,N75963,sa1,1
25874,N93698 /1 undetected,output,,N93698,N93698,1,undetected,N93698,N93698,N93698,sa1,1
25875,N49814 /0 undetected,output,,N49814,N49814,0,undetected,N49814,N49814,N49814,sa0,1
25876,N118994 /1 undetected,output,,N118994,N118994,1,undetected,N118994,N118994,N118994,sa1,1
25877,N108940 /1 undetected,output,,N108940,N108940,1,undetected,N108940,N108940,N108940,sa1,1
25878,N49240 /0 undetected,output,,N49240,N49240,0,undetected,N49240,N49240,N49240,sa0,1
25879,N75723 /1 undetected,output,,N75723,N75723,1,undetected,N75723,N75723,N75723,sa1,1
25880,N31890 /1 undetected,output,,N31890,N31890,1,undetected,N31890,N31890,N31890,sa1,1
25881,N31890 /0 undetected,output,,N31890,N31890,0,undetected,N31890,N31890,N31890,sa0,1
25882,N85180 /1 undetected,output,,N85180,N85180,1,undetected,N85180,N85180,N85180,sa1,1
25883,N31889 /1 undetected,output,,N31889,N31889,1,undetected,N31889,N31889,N31889,sa1,1
25884,N113959 /1 undetected,output,,N113959,N113959,1,undetected,N113959,N113959,N113959,sa1,1
25885,N113366 /1 undetected,output,,N113366,N113366,1,undetected,N113366,N113366,N113366,sa1,1
25886,N31021 /1 undetected,output,,N31021,N31021,1,undetected,N31021,N31021,N31021,sa1,1
25887,N31021 /0 undetected,output,,N31021,N31021,0,undetected,N31021,N31021,N31021,sa0,1
25888,N85177 /1 undetected,output,,N85177,N85177,1,undetected,N85177,N85177,N85177,sa1,1
25889,N31020 /1 undetected,output,,N31020,N31020,1,undetected,N31020,N31020,N31020,sa1,1
25890,N113789 /1 undetected,output,,N113789,N113789,1,undetected,N113789,N113789,N113789,sa1,1
25891,N113364 /1 undetected,output,,N113364,N113364,1,undetected,N113364,N113364,N113364,sa1,1
25892,N16698 /1 undetected,output,,N16698,N16698,1,undetected,N16698,N16698,N16698,sa1,1
25893,N16698 /0 undetected,output,,N16698,N16698,0,undetected,N16698,N16698,N16698,sa0,1
25894,N103221 /1 undetected,output,,N103221,N103221,1,undetected,N103221,N103221,N103221,sa1,1
25895,N100890 /1 undetected,output,,N100890,N100890,1,undetected,N100890,N100890,N100890,sa1,1
25896,N16693 /1 undetected,output,,N16693,N16693,1,undetected,N16693,N16693,N16693,sa1,1
25897,N16693 /0 undetected,output,,N16693,N16693,0,undetected,N16693,N16693,N16693,sa0,1
25898,N103220 /1 undetected,output,,N103220,N103220,1,undetected,N103220,N103220,N103220,sa1,1
25899,N100825 /1 undetected,output,,N100825,N100825,1,undetected,N100825,N100825,N100825,sa1,1
25900,N12747 /0 undetected,output,,N12747,N12747,0,undetected,N12747,N12747,N12747,sa0,1
25901,N100690 /1 undetected,output,,N100690,N100690,1,undetected,N100690,N100690,N100690,sa1,1
25902,N16677 /1 undetected,output,,N16677,N16677,1,undetected,N16677,N16677,N16677,sa1,1
25903,N16677 /0 undetected,output,,N16677,N16677,0,undetected,N16677,N16677,N16677,sa0,1
25904,N16676 /1 undetected,output,,N16676,N16676,1,undetected,N16676,N16676,N16676,sa1,1
25905,N100894 /1 undetected,output,,N100894,N100894,1,undetected,N100894,N100894,N100894,sa1,1
25906,N86031 /1 undetected,output,,N86031,N86031,1,undetected,N86031,N86031,N86031,sa1,1
25907,N16674 /1 undetected,output,,N16674,N16674,1,undetected,N16674,N16674,N16674,sa1,1
25908,N100892 /1 undetected,output,,N100892,N100892,1,undetected,N100892,N100892,N100892,sa1,1
25909,N76244 /1 undetected,output,,N76244,N76244,1,undetected,N76244,N76244,N76244,sa1,1
25910,N14631 /0 undetected,output,,N14631,N14631,0,undetected,N14631,N14631,N14631,sa0,1
25911,N101922 /1 undetected,output,,N101922,N101922,1,undetected,N101922,N101922,N101922,sa1,1
25912,N12865 /0 undetected,output,,N12865,N12865,0,undetected,N12865,N12865,N12865,sa0,1
25913,N100855 /1 undetected,output,,N100855,N100855,1,undetected,N100855,N100855,N100855,sa1,1
25914,N104805 /1 undetected,output,,N104805,N104805,1,undetected,N104805,N104805,N104805,sa1,1
25915,N16505 /1 undetected,output,,N16505,N16505,1,undetected,N16505,N16505,N16505,sa1,1
25916,N16505 /0 undetected,output,,N16505,N16505,0,undetected,N16505,N16505,N16505,sa0,1
25917,N94234 /1 undetected,output,,N94234,N94234,1,undetected,N94234,N94234,N94234,sa1,1
25918,N16503 /1 undetected,output,,N16503,N16503,1,undetected,N16503,N16503,N16503,sa1,1
25919,N103104 /1 undetected,output,,N103104,N103104,1,undetected,N103104,N103104,N103104,sa1,1
25920,N16501 /1 undetected,output,,N16501,N16501,1,undetected,N16501,N16501,N16501,sa1,1
25921,N16499 /1 undetected,output,,N16499,N16499,1,undetected,N16499,N16499,N16499,sa1,1
25922,N103082 /1 undetected,output,,N103082,N103082,1,undetected,N103082,N103082,N103082,sa1,1
25923,N99230 /1 undetected,output,,N99230,N99230,1,undetected,N99230,N99230,N99230,sa1,1
25924,N16479 /1 undetected,output,,N16479,N16479,1,undetected,N16479,N16479,N16479,sa1,1
25925,N16490 /1 undetected,output,,N16490,N16490,1,undetected,N16490,N16490,N16490,sa1,1
25926,N16490 /0 undetected,output,,N16490,N16490,0,undetected,N16490,N16490,N16490,sa0,1
25927,N94217 /1 undetected,output,,N94217,N94217,1,undetected,N94217,N94217,N94217,sa1,1
25928,N16488 /1 undetected,output,,N16488,N16488,1,undetected,N16488,N16488,N16488,sa1,1
25929,N103103 /1 undetected,output,,N103103,N103103,1,undetected,N103103,N103103,N103103,sa1,1
25930,N16486 /1 undetected,output,,N16486,N16486,1,undetected,N16486,N16486,N16486,sa1,1
25931,N103074 /1 undetected,output,,N103074,N103074,1,undetected,N103074,N103074,N103074,sa1,1
25932,N16482 /1 undetected,output,,N16482,N16482,1,undetected,N16482,N16482,N16482,sa1,1
25933,N75321 /1 undetected,output,,N75321,N75321,1,undetected,N75321,N75321,N75321,sa1,1
25934,N16481 /1 undetected,output,,N16481,N16481,1,undetected,N16481,N16481,N16481,sa1,1
25935,N103102 /1 undetected,output,,N103102,N103102,1,undetected,N103102,N103102,N103102,sa1,1
25936,N103062 /1 undetected,output,,N103062,N103062,1,undetected,N103062,N103062,N103062,sa1,1
25937,N22317 /1 undetected,output,,N22317,N22317,1,undetected,N22317,N22317,N22317,sa1,1
25938,N22317 /0 undetected,output,,N22317,N22317,0,undetected,N22317,N22317,N22317,sa0,1
25939,N104364 /1 undetected,output,,N104364,N104364,1,undetected,N104364,N104364,N104364,sa1,1
25940,N93389 /1 undetected,output,,N93389,N93389,1,undetected,N93389,N93389,N93389,sa1,1
25941,N22306 /1 undetected,output,,N22306,N22306,1,undetected,N22306,N22306,N22306,sa1,1
25942,N22306 /0 undetected,output,,N22306,N22306,0,undetected,N22306,N22306,N22306,sa0,1
25943,N105168 /1 undetected,output,,N105168,N105168,1,undetected,N105168,N105168,N105168,sa1,1
25944,N20108 /1 undetected,output,,N20108,N20108,1,undetected,N20108,N20108,N20108,sa1,1
25945,N104381 /1 undetected,output,,N104381,N104381,1,undetected,N104381,N104381,N104381,sa1,1
25946,N104375 /1 undetected,output,,N104375,N104375,1,undetected,N104375,N104375,N104375,sa1,1
25947,N21121 /1 undetected,output,,N21121,N21121,1,undetected,N21121,N21121,N21121,sa1,1
25948,N21121 /0 undetected,output,,N21121,N21121,0,undetected,N21121,N21121,N21121,sa0,1
25949,N104626 /1 undetected,output,,N104626,N104626,1,undetected,N104626,N104626,N104626,sa1,1
25950,N104410 /1 undetected,output,,N104410,N104410,1,undetected,N104410,N104410,N104410,sa1,1
25951,N20098 /1 undetected,output,,N20098,N20098,1,undetected,N20098,N20098,N20098,sa1,1
25952,N20098 /0 undetected,output,,N20098,N20098,0,undetected,N20098,N20098,N20098,sa0,1
25953,N104363 /1 undetected,output,,N104363,N104363,1,undetected,N104363,N104363,N104363,sa1,1
25954,N93326 /1 undetected,output,,N93326,N93326,1,undetected,N93326,N93326,N93326,sa1,1
25955,N23472 /0 undetected,output,,N23472,N23472,0,undetected,N23472,N23472,N23472,sa0,1
25956,N101717 /1 undetected,output,,N101717,N101717,1,undetected,N101717,N101717,N101717,sa1,1
25957,N23469 /1 undetected,output,,N23469,N23469,1,undetected,N23469,N23469,N23469,sa1,1
25958,N23467 /1 undetected,output,,N23467,N23467,1,undetected,N23467,N23467,N23467,sa1,1
25959,N101704 /1 undetected,output,,N101704,N101704,1,undetected,N101704,N101704,N101704,sa1,1
25960,N100552 /1 undetected,output,,N100552,N100552,1,undetected,N100552,N100552,N100552,sa1,1
25961,N105382 /1 undetected,output,,N105382,N105382,1,undetected,N105382,N105382,N105382,sa1,1
25962,N23463 /1 undetected,output,,N23463,N23463,1,undetected,N23463,N23463,N23463,sa1,1
25963,N23460 /1 undetected,output,,N23460,N23460,1,undetected,N23460,N23460,N23460,sa1,1
25964,N76488 /1 undetected,output,,N76488,N76488,1,undetected,N76488,N76488,N76488,sa1,1
25965,N23459 /1 undetected,output,,N23459,N23459,1,undetected,N23459,N23459,N23459,sa1,1
25966,N100541 /1 undetected,output,,N100541,N100541,1,undetected,N100541,N100541,N100541,sa1,1
25967,N93723 /1 undetected,output,,N93723,N93723,1,undetected,N93723,N93723,N93723,sa1,1
25968,N105388 /1 undetected,output,,N105388,N105388,1,undetected,N105388,N105388,N105388,sa1,1
25969,N23451 /1 undetected,output,,N23451,N23451,1,undetected,N23451,N23451,N23451,sa1,1
25970,N87590 /1 undetected,output,,N87590,N87590,1,undetected,N87590,N87590,N87590,sa1,1
25971,N23386 /0 undetected,output,,N23386,N23386,0,undetected,N23386,N23386,N23386,sa0,1
25972,N101716 /1 undetected,output,,N101716,N101716,1,undetected,N101716,N101716,N101716,sa1,1
25973,N23383 /1 undetected,output,,N23383,N23383,1,undetected,N23383,N23383,N23383,sa1,1
25974,N23381 /1 undetected,output,,N23381,N23381,1,undetected,N23381,N23381,N23381,sa1,1
25975,N101703 /1 undetected,output,,N101703,N101703,1,undetected,N101703,N101703,N101703,sa1,1
25976,N101426 /1 undetected,output,,N101426,N101426,1,undetected,N101426,N101426,N101426,sa1,1
25977,N105381 /1 undetected,output,,N105381,N105381,1,undetected,N105381,N105381,N105381,sa1,1
25978,N23377 /1 undetected,output,,N23377,N23377,1,undetected,N23377,N23377,N23377,sa1,1
25979,N105387 /1 undetected,output,,N105387,N105387,1,undetected,N105387,N105387,N105387,sa1,1
25980,N101415 /1 undetected,output,,N101415,N101415,1,undetected,N101415,N101415,N101415,sa1,1
25981,N23366 /1 undetected,output,,N23366,N23366,1,undetected,N23366,N23366,N23366,sa1,1
25982,N76486 /1 undetected,output,,N76486,N76486,1,undetected,N76486,N76486,N76486,sa1,1
25983,N23365 /1 undetected,output,,N23365,N23365,1,undetected,N23365,N23365,N23365,sa1,1
25984,N101407 /1 undetected,output,,N101407,N101407,1,undetected,N101407,N101407,N101407,sa1,1
25985,N93722 /1 undetected,output,,N93722,N93722,1,undetected,N93722,N93722,N93722,sa1,1
25986,N103020 /1 undetected,output,,N103020,N103020,1,undetected,N103020,N103020,N103020,sa1,1
25987,N101417 /1 undetected,output,,N101417,N101417,1,undetected,N101417,N101417,N101417,sa1,1
25988,N49245 /1 undetected,output,,N49245,N49245,1,undetected,N49245,N49245,N49245,sa1,1
25989,N49245 /0 undetected,output,,N49245,N49245,0,undetected,N49245,N49245,N49245,sa0,1
25990,N118882 /1 undetected,output,,N118882,N118882,1,undetected,N118882,N118882,N118882,sa1,1
25991,N105910 /1 undetected,output,,N105910,N105910,1,undetected,N105910,N105910,N105910,sa1,1
25992,N24846 /1 undetected,output,,N24846,N24846,1,undetected,N24846,N24846,N24846,sa1,1
25993,N24846 /0 undetected,output,,N24846,N24846,0,undetected,N24846,N24846,N24846,sa0,1
25994,N107835 /1 undetected,output,,N107835,N107835,1,undetected,N107835,N107835,N107835,sa1,1
25995,N105908 /1 undetected,output,,N105908,N105908,1,undetected,N105908,N105908,N105908,sa1,1
25996,N24461 /1 undetected,output,,N24461,N24461,1,undetected,N24461,N24461,N24461,sa1,1
25997,N24461 /0 undetected,output,,N24461,N24461,0,undetected,N24461,N24461,N24461,sa0,1
25998,N107832 /1 undetected,output,,N107832,N107832,1,undetected,N107832,N107832,N107832,sa1,1
25999,N105917 /1 undetected,output,,N105917,N105917,1,undetected,N105917,N105917,N105917,sa1,1
26000,N24136 /1 undetected,output,,N24136,N24136,1,undetected,N24136,N24136,N24136,sa1,1
26001,N24136 /0 undetected,output,,N24136,N24136,0,undetected,N24136,N24136,N24136,sa0,1
26002,N106642 /1 undetected,output,,N106642,N106642,1,undetected,N106642,N106642,N106642,sa1,1
26003,N105916 /1 undetected,output,,N105916,N105916,1,undetected,N105916,N105916,N105916,sa1,1
26004,N23806 /1 undetected,output,,N23806,N23806,1,undetected,N23806,N23806,N23806,sa1,1
26005,N93563 /1 undetected,output,,N93563,N93563,1,undetected,N93563,N93563,N93563,sa1,1
26006,N23800 /1 undetected,output,,N23800,N23800,1,undetected,N23800,N23800,N23800,sa1,1
26007,N93346 /1 undetected,output,,N93346,N93346,1,undetected,N93346,N93346,N93346,sa1,1
26008,N23793 /1 undetected,output,,N23793,N23793,1,undetected,N23793,N23793,N23793,sa1,1
26009,N23793 /0 undetected,output,,N23793,N23793,0,undetected,N23793,N23793,N23793,sa0,1
26010,N105915 /1 undetected,output,,N105915,N105915,1,undetected,N105915,N105915,N105915,sa1,1
26011,N105755 /1 undetected,output,,N105755,N105755,1,undetected,N105755,N105755,N105755,sa1,1
26012,N69061 /0 undetected,output,,N69061,N69061,0,undetected,N69061,N69061,N69061,sa0,1
26013,N69059 /1 undetected,output,,N69059,N69059,1,undetected,N69059,N69059,N69059,sa1,1
26014,N126373 /1 undetected,output,,N126373,N126373,1,undetected,N126373,N126373,N126373,sa1,1
26015,N82998 /1 undetected,output,,N82998,N82998,1,undetected,N82998,N82998,N82998,sa1,1
26016,N69052 /1 undetected,output,,N69052,N69052,1,undetected,N69052,N69052,N69052,sa1,1
26017,N69050 /1 undetected,output,,N69050,N69050,1,undetected,N69050,N69050,N69050,sa1,1
26018,N86758 /1 undetected,output,,N86758,N86758,1,undetected,N86758,N86758,N86758,sa1,1
26019,N69049 /1 undetected,output,,N69049,N69049,1,undetected,N69049,N69049,N69049,sa1,1
26020,N126321 /1 undetected,output,,N126321,N126321,1,undetected,N126321,N126321,N126321,sa1,1
26021,N90899 /1 undetected,output,,N90899,N90899,1,undetected,N90899,N90899,N90899,sa1,1
26022,N69047 /1 undetected,output,,N69047,N69047,1,undetected,N69047,N69047,N69047,sa1,1
26023,N126368 /1 undetected,output,,N126368,N126368,1,undetected,N126368,N126368,N126368,sa1,1
26024,N83175 /1 undetected,output,,N83175,N83175,1,undetected,N83175,N83175,N83175,sa1,1
26025,N69045 /1 undetected,output,,N69045,N69045,1,undetected,N69045,N69045,N69045,sa1,1
26026,N90833 /1 undetected,output,,N90833,N90833,1,undetected,N90833,N90833,N90833,sa1,1
26027,N69030 /1 undetected,output,,N69030,N69030,1,undetected,N69030,N69030,N69030,sa1,1
26028,N77216 /1 undetected,output,,N77216,N77216,1,undetected,N77216,N77216,N77216,sa1,1
26029,N69029 /1 undetected,output,,N69029,N69029,1,undetected,N69029,N69029,N69029,sa1,1
26030,N83173 /1 undetected,output,,N83173,N83173,1,undetected,N83173,N83173,N83173,sa1,1
26031,N69027 /1 undetected,output,,N69027,N69027,1,undetected,N69027,N69027,N69027,sa1,1
26032,N126367 /1 undetected,output,,N126367,N126367,1,undetected,N126367,N126367,N126367,sa1,1
26033,N90898 /1 undetected,output,,N90898,N90898,1,undetected,N90898,N90898,N90898,sa1,1
26034,N111802 /1 undetected,output,,N111802,N111802,1,undetected,N111802,N111802,N111802,sa1,1
26035,N106434 /1 undetected,output,,N106434,N106434,1,undetected,N106434,N106434,N106434,sa1,1
26036,N110865 /1 undetected,output,,N110865,N110865,1,undetected,N110865,N110865,N110865,sa1,1
26037,N111133 /1 undetected,output,,N111133,N111133,1,undetected,N111133,N111133,N111133,sa1,1
26038,N106433 /1 undetected,output,,N106433,N106433,1,undetected,N106433,N106433,N106433,sa1,1
26039,N110864 /1 undetected,output,,N110864,N110864,1,undetected,N110864,N110864,N110864,sa1,1
26040,N110299 /1 undetected,output,,N110299,N110299,1,undetected,N110299,N110299,N110299,sa1,1
26041,N110005 /1 undetected,output,,N110005,N110005,1,undetected,N110005,N110005,N110005,sa1,1
26042,N110203 /1 undetected,output,,N110203,N110203,1,undetected,N110203,N110203,N110203,sa1,1
26043,N110202 /1 undetected,output,,N110202,N110202,1,undetected,N110202,N110202,N110202,sa1,1
26044,N124045 /1 undetected,output,,N124045,N124045,1,undetected,N124045,N124045,N124045,sa1,1
26045,N17778 /1 undetected,output,,N17778,N17778,1,undetected,N17778,N17778,N17778,sa1,1
26046,N17776 /1 undetected,output,,N17776,N17776,1,undetected,N17776,N17776,N17776,sa1,1
26047,N17774 /1 undetected,output,,N17774,N17774,1,undetected,N17774,N17774,N17774,sa1,1
26048,N99460 /1 undetected,output,,N99460,N99460,1,undetected,N99460,N99460,N99460,sa1,1
26049,N17759 /1 undetected,output,,N17759,N17759,1,undetected,N17759,N17759,N17759,sa1,1
26050,N17757 /1 undetected,output,,N17757,N17757,1,undetected,N17757,N17757,N17757,sa1,1
26051,N77895 /1 undetected,output,,N77895,N77895,1,undetected,N77895,N77895,N77895,sa1,1
26052,N17756 /1 undetected,output,,N17756,N17756,1,undetected,N17756,N17756,N17756,sa1,1
26053,N103430 /1 undetected,output,,N103430,N103430,1,undetected,N103430,N103430,N103430,sa1,1
26054,N17754 /1 undetected,output,,N17754,N17754,1,undetected,N17754,N17754,N17754,sa1,1
26055,N103455 /1 undetected,output,,N103455,N103455,1,undetected,N103455,N103455,N103455,sa1,1
26056,N100275 /1 undetected,output,,N100275,N100275,1,undetected,N100275,N100275,N100275,sa1,1
26057,N17752 /1 undetected,output,,N17752,N17752,1,undetected,N17752,N17752,N17752,sa1,1
26058,N17750 /1 undetected,output,,N17750,N17750,1,undetected,N17750,N17750,N17750,sa1,1
26059,N103555 /1 undetected,output,,N103555,N103555,1,undetected,N103555,N103555,N103555,sa1,1
26060,N17675 /1 undetected,output,,N17675,N17675,1,undetected,N17675,N17675,N17675,sa1,1
26061,N85022 /1 undetected,output,,N85022,N85022,1,undetected,N85022,N85022,N85022,sa1,1
26062,N77959 /1 undetected,output,,N77959,N77959,1,undetected,N77959,N77959,N77959,sa1,1
26063,N17749 /1 undetected,output,,N17749,N17749,1,undetected,N17749,N17749,N17749,sa1,1
26064,N17747 /1 undetected,output,,N17747,N17747,1,undetected,N17747,N17747,N17747,sa1,1
26065,N99221 /1 undetected,output,,N99221,N99221,1,undetected,N99221,N99221,N99221,sa1,1
26066,N17745 /1 undetected,output,,N17745,N17745,1,undetected,N17745,N17745,N17745,sa1,1
26067,N103564 /1 undetected,output,,N103564,N103564,1,undetected,N103564,N103564,N103564,sa1,1
26068,N17743 /1 undetected,output,,N17743,N17743,1,undetected,N17743,N17743,N17743,sa1,1
26069,N103550 /1 undetected,output,,N103550,N103550,1,undetected,N103550,N103550,N103550,sa1,1
26070,N17741 /1 undetected,output,,N17741,N17741,1,undetected,N17741,N17741,N17741,sa1,1
26071,N99399 /1 undetected,output,,N99399,N99399,1,undetected,N99399,N99399,N99399,sa1,1
26072,N17739 /1 undetected,output,,N17739,N17739,1,undetected,N17739,N17739,N17739,sa1,1
26073,N103546 /1 undetected,output,,N103546,N103546,1,undetected,N103546,N103546,N103546,sa1,1
26074,N103401 /1 undetected,output,,N103401,N103401,1,undetected,N103401,N103401,N103401,sa1,1
26075,N17734 /1 undetected,output,,N17734,N17734,1,undetected,N17734,N17734,N17734,sa1,1
26076,N100262 /1 undetected,output,,N100262,N100262,1,undetected,N100262,N100262,N100262,sa1,1
26077,N17732 /1 undetected,output,,N17732,N17732,1,undetected,N17732,N17732,N17732,sa1,1
26078,N103552 /1 undetected,output,,N103552,N103552,1,undetected,N103552,N103552,N103552,sa1,1
26079,N17730 /1 undetected,output,,N17730,N17730,1,undetected,N17730,N17730,N17730,sa1,1
26080,N103548 /1 undetected,output,,N103548,N103548,1,undetected,N103548,N103548,N103548,sa1,1
26081,N103507 /1 undetected,output,,N103507,N103507,1,undetected,N103507,N103507,N103507,sa1,1
26082,N17770 /1 undetected,output,,N17770,N17770,1,undetected,N17770,N17770,N17770,sa1,1
26083,N103434 /1 undetected,output,,N103434,N103434,1,undetected,N103434,N103434,N103434,sa1,1
26084,N17768 /1 undetected,output,,N17768,N17768,1,undetected,N17768,N17768,N17768,sa1,1
26085,N17766 /1 undetected,output,,N17766,N17766,1,undetected,N17766,N17766,N17766,sa1,1
26086,N103556 /1 undetected,output,,N103556,N103556,1,undetected,N103556,N103556,N103556,sa1,1
26087,N99222 /1 undetected,output,,N99222,N99222,1,undetected,N99222,N99222,N99222,sa1,1
26088,N17765 /1 undetected,output,,N17765,N17765,1,undetected,N17765,N17765,N17765,sa1,1
26089,N103456 /1 undetected,output,,N103456,N103456,1,undetected,N103456,N103456,N103456,sa1,1
26090,N17763 /1 undetected,output,,N17763,N17763,1,undetected,N17763,N17763,N17763,sa1,1
26091,N103544 /1 undetected,output,,N103544,N103544,1,undetected,N103544,N103544,N103544,sa1,1
26092,N17761 /1 undetected,output,,N17761,N17761,1,undetected,N17761,N17761,N17761,sa1,1
26093,N103565 /1 undetected,output,,N103565,N103565,1,undetected,N103565,N103565,N103565,sa1,1
26094,N85024 /1 undetected,output,,N85024,N85024,1,undetected,N85024,N85024,N85024,sa1,1
26095,N87281 /1 undetected,output,,N87281,N87281,1,undetected,N87281,N87281,N87281,sa1,1
26096,N17772 /1 undetected,output,,N17772,N17772,1,undetected,N17772,N17772,N17772,sa1,1
26097,N99465 /1 undetected,output,,N99465,N99465,1,undetected,N99465,N99465,N99465,sa1,1
26098,N17701 /1 undetected,output,,N17701,N17701,1,undetected,N17701,N17701,N17701,sa1,1
26099,N16659 /1 undetected,output,,N16659,N16659,1,undetected,N16659,N16659,N16659,sa1,1
26100,N16659 /0 undetected,output,,N16659,N16659,0,undetected,N16659,N16659,N16659,sa0,1
26101,N100889 /1 undetected,output,,N100889,N100889,1,undetected,N100889,N100889,N100889,sa1,1
26102,N100796 /1 undetected,output,,N100796,N100796,1,undetected,N100796,N100796,N100796,sa1,1
26103,N12825 /1 undetected,output,,N12825,N12825,1,undetected,N12825,N12825,N12825,sa1,1
26104,N12825 /0 undetected,output,,N12825,N12825,0,undetected,N12825,N12825,N12825,sa0,1
26105,N100823 /1 undetected,output,,N100823,N100823,1,undetected,N100823,N100823,N100823,sa1,1
26106,N100795 /1 undetected,output,,N100795,N100795,1,undetected,N100795,N100795,N100795,sa1,1
26107,N90521 /1 undetected,output,,N90521,N90521,1,undetected,N90521,N90521,N90521,sa1,1
26108,N15338 /1 undetected,output,,N15338,N15338,1,undetected,N15338,N15338,N15338,sa1,1
26109,N102567 /1 undetected,output,,N102567,N102567,1,undetected,N102567,N102567,N102567,sa1,1
26110,N15336 /1 undetected,output,,N15336,N15336,1,undetected,N15336,N15336,N15336,sa1,1
26111,N15334 /1 undetected,output,,N15334,N15334,1,undetected,N15334,N15334,N15334,sa1,1
26112,N102571 /1 undetected,output,,N102571,N102571,1,undetected,N102571,N102571,N102571,sa1,1
26113,N99906 /1 undetected,output,,N99906,N99906,1,undetected,N99906,N99906,N99906,sa1,1
26114,N15332 /1 undetected,output,,N15332,N15332,1,undetected,N15332,N15332,N15332,sa1,1
26115,N102586 /1 undetected,output,,N102586,N102586,1,undetected,N102586,N102586,N102586,sa1,1
26116,N76746 /1 undetected,output,,N76746,N76746,1,undetected,N76746,N76746,N76746,sa1,1
26117,N92696 /1 undetected,output,,N92696,N92696,1,undetected,N92696,N92696,N92696,sa1,1
26118,N86418 /1 undetected,output,,N86418,N86418,1,undetected,N86418,N86418,N86418,sa1,1
26119,N66443 /1 undetected,output,,N66443,N66443,1,undetected,N66443,N66443,N66443,sa1,1
26120,N24540 /1 undetected,output,,N24540,N24540,1,undetected,N24540,N24540,N24540,sa1,1
26121,N24540 /0 undetected,output,,N24540,N24540,0,undetected,N24540,N24540,N24540,sa0,1
26122,N23665 /1 undetected,output,,N23665,N23665,1,undetected,N23665,N23665,N23665,sa1,1
26123,N105614 /1 undetected,output,,N105614,N105614,1,undetected,N105614,N105614,N105614,sa1,1
26124,N105603 /1 undetected,output,,N105603,N105603,1,undetected,N105603,N105603,N105603,sa1,1
26125,N23660 /1 undetected,output,,N23660,N23660,1,undetected,N23660,N23660,N23660,sa1,1
26126,N105609 /1 undetected,output,,N105609,N105609,1,undetected,N105609,N105609,N105609,sa1,1
26127,N105602 /1 undetected,output,,N105602,N105602,1,undetected,N105602,N105602,N105602,sa1,1
26128,N20073 /0 undetected,output,,N20073,N20073,0,undetected,N20073,N20073,N20073,sa0,1
26129,N20072 /1 undetected,output,,N20072,N20072,1,undetected,N20072,N20072,N20072,sa1,1
26130,N84272 /1 undetected,output,,N84272,N84272,1,undetected,N84272,N84272,N84272,sa1,1
26131,N20070 /1 undetected,output,,N20070,N20070,1,undetected,N20070,N20070,N20070,sa1,1
26132,N102295 /1 undetected,output,,N102295,N102295,1,undetected,N102295,N102295,N102295,sa1,1
26133,N15948 /1 undetected,output,,N15948,N15948,1,undetected,N15948,N15948,N15948,sa1,1
26134,N102313 /1 undetected,output,,N102313,N102313,1,undetected,N102313,N102313,N102313,sa1,1
26135,N102799 /1 undetected,output,,N102799,N102799,1,undetected,N102799,N102799,N102799,sa1,1
26136,N94590 /1 undetected,output,,N94590,N94590,1,undetected,N94590,N94590,N94590,sa1,1
26137,N92626 /1 undetected,output,,N92626,N92626,1,undetected,N92626,N92626,N92626,sa1,1
26138,N98395 /1 undetected,output,,N98395,N98395,1,undetected,N98395,N98395,N98395,sa1,1
26139,N92581 /1 undetected,output,,N92581,N92581,1,undetected,N92581,N92581,N92581,sa1,1
26140,N92622 /1 undetected,output,,N92622,N92622,1,undetected,N92622,N92622,N92622,sa1,1
26141,N92577 /1 undetected,output,,N92577,N92577,1,undetected,N92577,N92577,N92577,sa1,1
26142,N9172 /1 undetected,output,,N9172,N9172,1,undetected,N9172,N9172,N9172,sa1,1
26143,N93268 /1 undetected,output,,N93268,N93268,1,undetected,N93268,N93268,N93268,sa1,1
26144,N8754 /1 undetected,output,,N8754,N8754,1,undetected,N8754,N8754,N8754,sa1,1
26145,N8754 /0 undetected,output,,N8754,N8754,0,undetected,N8754,N8754,N8754,sa0,1
26146,N8752 /1 undetected,output,,N8752,N8752,1,undetected,N8752,N8752,N8752,sa1,1
26147,N94298 /1 undetected,output,,N94298,N94298,1,undetected,N94298,N94298,N94298,sa1,1
26148,N86618 /1 undetected,output,,N86618,N86618,1,undetected,N86618,N86618,N86618,sa1,1
26149,N8750 /1 undetected,output,,N8750,N8750,1,undetected,N8750,N8750,N8750,sa1,1
26150,N98621 /1 undetected,output,,N98621,N98621,1,undetected,N98621,N98621,N98621,sa1,1
26151,N94118 /1 undetected,output,,N94118,N94118,1,undetected,N94118,N94118,N94118,sa1,1
26152,N25284 /1 undetected,output,,N25284,N25284,1,undetected,N25284,N25284,N25284,sa1,1
26153,N25284 /0 undetected,output,,N25284,N25284,0,undetected,N25284,N25284,N25284,sa0,1
26154,N108995 /1 undetected,output,,N108995,N108995,1,undetected,N108995,N108995,N108995,sa1,1
26155,N107969 /1 undetected,output,,N107969,N107969,1,undetected,N107969,N107969,N107969,sa1,1
26156,N24034 /1 undetected,output,,N24034,N24034,1,undetected,N24034,N24034,N24034,sa1,1
26157,N24034 /0 undetected,output,,N24034,N24034,0,undetected,N24034,N24034,N24034,sa0,1
26158,N106564 /1 undetected,output,,N106564,N106564,1,undetected,N106564,N106564,N106564,sa1,1
26159,N106521 /1 undetected,output,,N106521,N106521,1,undetected,N106521,N106521,N106521,sa1,1
26160,N52601 /1 undetected,output,,N52601,N52601,1,undetected,N52601,N52601,N52601,sa1,1
26161,N100110 /1 undetected,output,,N100110,N100110,1,undetected,N100110,N100110,N100110,sa1,1
26162,N49557 /0 undetected,output,,N49557,N49557,0,undetected,N49557,N49557,N49557,sa0,1
26163,N82087 /1 undetected,output,,N82087,N82087,1,undetected,N82087,N82087,N82087,sa1,1
26164,N33084 /1 undetected,output,,N33084,N33084,1,undetected,N33084,N33084,N33084,sa1,1
26165,N33084 /0 undetected,output,,N33084,N33084,0,undetected,N33084,N33084,N33084,sa0,1
26166,N114125 /1 undetected,output,,N114125,N114125,1,undetected,N114125,N114125,N114125,sa1,1
26167,N113372 /1 undetected,output,,N113372,N113372,1,undetected,N113372,N113372,N113372,sa1,1
26168,N32973 /1 undetected,output,,N32973,N32973,1,undetected,N32973,N32973,N32973,sa1,1
26169,N32973 /0 undetected,output,,N32973,N32973,0,undetected,N32973,N32973,N32973,sa0,1
26170,N114107 /1 undetected,output,,N114107,N114107,1,undetected,N114107,N114107,N114107,sa1,1
26171,N113371 /1 undetected,output,,N113371,N113371,1,undetected,N113371,N113371,N113371,sa1,1
26172,N32822 /1 undetected,output,,N32822,N32822,1,undetected,N32822,N32822,N32822,sa1,1
26173,N32822 /0 undetected,output,,N32822,N32822,0,undetected,N32822,N32822,N32822,sa0,1
26174,N114086 /1 undetected,output,,N114086,N114086,1,undetected,N114086,N114086,N114086,sa1,1
26175,N113370 /1 undetected,output,,N113370,N113370,1,undetected,N113370,N113370,N113370,sa1,1
26176,N32718 /1 undetected,output,,N32718,N32718,1,undetected,N32718,N32718,N32718,sa1,1
26177,N32718 /0 undetected,output,,N32718,N32718,0,undetected,N32718,N32718,N32718,sa0,1
26178,N114068 /1 undetected,output,,N114068,N114068,1,undetected,N114068,N114068,N114068,sa1,1
26179,N113369 /1 undetected,output,,N113369,N113369,1,undetected,N113369,N113369,N113369,sa1,1
26180,N32579 /1 undetected,output,,N32579,N32579,1,undetected,N32579,N32579,N32579,sa1,1
26181,N32579 /0 undetected,output,,N32579,N32579,0,undetected,N32579,N32579,N32579,sa0,1
26182,N114049 /1 undetected,output,,N114049,N114049,1,undetected,N114049,N114049,N114049,sa1,1
26183,N113368 /1 undetected,output,,N113368,N113368,1,undetected,N113368,N113368,N113368,sa1,1
26184,N32343 /1 undetected,output,,N32343,N32343,1,undetected,N32343,N32343,N32343,sa1,1
26185,N32343 /0 undetected,output,,N32343,N32343,0,undetected,N32343,N32343,N32343,sa0,1
26186,N114008 /1 undetected,output,,N114008,N114008,1,undetected,N114008,N114008,N114008,sa1,1
26187,N113519 /1 undetected,output,,N113519,N113519,1,undetected,N113519,N113519,N113519,sa1,1
26188,N31188 /1 undetected,output,,N31188,N31188,1,undetected,N31188,N31188,N31188,sa1,1
26189,N31188 /0 undetected,output,,N31188,N31188,0,undetected,N31188,N31188,N31188,sa0,1
26190,N113840 /1 undetected,output,,N113840,N113840,1,undetected,N113840,N113840,N113840,sa1,1
26191,N113365 /1 undetected,output,,N113365,N113365,1,undetected,N113365,N113365,N113365,sa1,1
26192,N24878 /1 undetected,output,,N24878,N24878,1,undetected,N24878,N24878,N24878,sa1,1
26193,N24878 /0 undetected,output,,N24878,N24878,0,undetected,N24878,N24878,N24878,sa0,1
26194,N23565 /1 undetected,output,,N23565,N23565,1,undetected,N23565,N23565,N23565,sa1,1
26195,N105436 /1 undetected,output,,N105436,N105436,1,undetected,N105436,N105436,N105436,sa1,1
26196,N105434 /1 undetected,output,,N105434,N105434,1,undetected,N105434,N105434,N105434,sa1,1
26197,N19723 /1 undetected,output,,N19723,N19723,1,undetected,N19723,N19723,N19723,sa1,1
26198,N19722 /1 undetected,output,,N19722,N19722,1,undetected,N19722,N19722,N19722,sa1,1
26199,N94267 /1 undetected,output,,N94267,N94267,1,undetected,N94267,N94267,N94267,sa1,1
26200,N19720 /1 undetected,output,,N19720,N19720,1,undetected,N19720,N19720,N19720,sa1,1
26201,N19718 /1 undetected,output,,N19718,N19718,1,undetected,N19718,N19718,N19718,sa1,1
26202,N19717 /1 undetected,output,,N19717,N19717,1,undetected,N19717,N19717,N19717,sa1,1
26203,N104036 /1 undetected,output,,N104036,N104036,1,undetected,N104036,N104036,N104036,sa1,1
26204,N19713 /1 undetected,output,,N19713,N19713,1,undetected,N19713,N19713,N19713,sa1,1
26205,N103918 /1 undetected,output,,N103918,N103918,1,undetected,N103918,N103918,N103918,sa1,1
26206,N85334 /1 undetected,output,,N85334,N85334,1,undetected,N85334,N85334,N85334,sa1,1
26207,N19712 /1 undetected,output,,N19712,N19712,1,undetected,N19712,N19712,N19712,sa1,1
26208,N19710 /1 undetected,output,,N19710,N19710,1,undetected,N19710,N19710,N19710,sa1,1
26209,N77970 /1 undetected,output,,N77970,N77970,1,undetected,N77970,N77970,N77970,sa1,1
26210,N19706 /1 undetected,output,,N19706,N19706,1,undetected,N19706,N19706,N19706,sa1,1
26211,N103915 /1 undetected,output,,N103915,N103915,1,undetected,N103915,N103915,N103915,sa1,1
26212,N91377 /1 undetected,output,,N91377,N91377,1,undetected,N91377,N91377,N91377,sa1,1
26213,N11473 /1 undetected,output,,N11473,N11473,1,undetected,N11473,N11473,N11473,sa1,1
26214,N99836 /1 undetected,output,,N99836,N99836,1,undetected,N99836,N99836,N99836,sa1,1
26215,N83702 /1 undetected,output,,N83702,N83702,1,undetected,N83702,N83702,N83702,sa1,1
26216,N19709 /1 undetected,output,,N19709,N19709,1,undetected,N19709,N19709,N19709,sa1,1
26217,N19707 /1 undetected,output,,N19707,N19707,1,undetected,N19707,N19707,N19707,sa1,1
26218,N103917 /1 undetected,output,,N103917,N103917,1,undetected,N103917,N103917,N103917,sa1,1
26219,N99822 /1 undetected,output,,N99822,N99822,1,undetected,N99822,N99822,N99822,sa1,1
26220,N14602 /1 undetected,output,,N14602,N14602,1,undetected,N14602,N14602,N14602,sa1,1
26221,N19705 /1 undetected,output,,N19705,N19705,1,undetected,N19705,N19705,N19705,sa1,1
26222,N103921 /1 undetected,output,,N103921,N103921,1,undetected,N103921,N103921,N103921,sa1,1
26223,N94194 /1 undetected,output,,N94194,N94194,1,undetected,N94194,N94194,N94194,sa1,1
26224,N69128 /0 undetected,output,,N69128,N69128,0,undetected,N69128,N69128,N69128,sa0,1
26225,N23589 /0 undetected,output,,N23589,N23589,0,undetected,N23589,N23589,N23589,sa0,1
26226,N105435 /1 undetected,output,,N105435,N105435,1,undetected,N105435,N105435,N105435,sa1,1
26227,N23587 /1 undetected,output,,N23587,N23587,1,undetected,N23587,N23587,N23587,sa1,1
26228,N99841 /1 undetected,output,,N99841,N99841,1,undetected,N99841,N99841,N99841,sa1,1
26229,N14646 /1 undetected,output,,N14646,N14646,1,undetected,N14646,N14646,N14646,sa1,1
26230,N85290 /1 undetected,output,,N85290,N85290,1,undetected,N85290,N85290,N85290,sa1,1
26231,N14612 /1 undetected,output,,N14612,N14612,1,undetected,N14612,N14612,N14612,sa1,1
26232,N105360 /1 undetected,output,,N105360,N105360,1,undetected,N105360,N105360,N105360,sa1,1
26233,N48906 /1 undetected,output,,N48906,N48906,1,undetected,N48906,N48906,N48906,sa1,1
26234,N94183 /1 undetected,output,,N94183,N94183,1,undetected,N94183,N94183,N94183,sa1,1
26235,N48904 /1 undetected,output,,N48904,N48904,1,undetected,N48904,N48904,N48904,sa1,1
26236,N105364 /1 undetected,output,,N105364,N105364,1,undetected,N105364,N105364,N105364,sa1,1
26237,N48902 /1 undetected,output,,N48902,N48902,1,undetected,N48902,N48902,N48902,sa1,1
26238,N101085 /1 undetected,output,,N101085,N101085,1,undetected,N101085,N101085,N101085,sa1,1
26239,N86920 /1 undetected,output,,N86920,N86920,1,undetected,N86920,N86920,N86920,sa1,1
26240,N14639 /0 undetected,output,,N14639,N14639,0,undetected,N14639,N14639,N14639,sa0,1
26241,N11468 /1 undetected,output,,N11468,N11468,1,undetected,N11468,N11468,N11468,sa1,1
26242,N85287 /1 undetected,output,,N85287,N85287,1,undetected,N85287,N85287,N85287,sa1,1
26243,N92601 /1 undetected,output,,N92601,N92601,1,undetected,N92601,N92601,N92601,sa1,1
26244,N92557 /1 undetected,output,,N92557,N92557,1,undetected,N92557,N92557,N92557,sa1,1
26245,N67409 /1 undetected,output,,N67409,N67409,1,undetected,N67409,N67409,N67409,sa1,1
26246,N66444 /0 undetected,output,,N66444,N66444,0,undetected,N66444,N66444,N66444,sa0,1
26247,N66434 /1 undetected,output,,N66434,N66434,1,undetected,N66434,N66434,N66434,sa1,1
26248,N94988 /1 undetected,output,,N94988,N94988,1,undetected,N94988,N94988,N94988,sa1,1
26249,N66433 /1 undetected,output,,N66433,N66433,1,undetected,N66433,N66433,N66433,sa1,1
26250,N78119 /1 undetected,output,,N78119,N78119,1,undetected,N78119,N78119,N78119,sa1,1
26251,N78109 /1 undetected,output,,N78109,N78109,1,undetected,N78109,N78109,N78109,sa1,1
26252,N103011 /1 undetected,output,,N103011,N103011,1,undetected,N103011,N103011,N103011,sa1,1
26253,N20060 /1 undetected,output,,N20060,N20060,1,undetected,N20060,N20060,N20060,sa1,1
26254,N20060 /0 undetected,output,,N20060,N20060,0,undetected,N20060,N20060,N20060,sa0,1
26255,N14866 /1 undetected,output,,N14866,N14866,1,undetected,N14866,N14866,N14866,sa1,1
26256,N92623 /1 undetected,output,,N92623,N92623,1,undetected,N92623,N92623,N92623,sa1,1
26257,N92578 /1 undetected,output,,N92578,N92578,1,undetected,N92578,N92578,N92578,sa1,1
26258,N55067 /1 undetected,output,,N55067,N55067,1,undetected,N55067,N55067,N55067,sa1,1
26259,N55067 /0 undetected,output,,N55067,N55067,0,undetected,N55067,N55067,N55067,sa0,1
26260,N75819 /1 undetected,output,,N75819,N75819,1,undetected,N75819,N75819,N75819,sa1,1
26261,N55066 /1 undetected,output,,N55066,N55066,1,undetected,N55066,N55066,N55066,sa1,1
26262,N120264 /1 undetected,output,,N120264,N120264,1,undetected,N120264,N120264,N120264,sa1,1
26263,N55064 /1 undetected,output,,N55064,N55064,1,undetected,N55064,N55064,N55064,sa1,1
26264,N108853 /1 undetected,output,,N108853,N108853,1,undetected,N108853,N108853,N108853,sa1,1
26265,N55062 /1 undetected,output,,N55062,N55062,1,undetected,N55062,N55062,N55062,sa1,1
26266,N11606 /0 undetected,output,,N11606,N11606,0,undetected,N11606,N11606,N11606,sa0,1
26267,N84428 /1 undetected,output,,N84428,N84428,1,undetected,N84428,N84428,N84428,sa1,1
26268,N11604 /1 undetected,output,,N11604,N11604,1,undetected,N11604,N11604,N11604,sa1,1
26269,N97653 /1 undetected,output,,N97653,N97653,1,undetected,N97653,N97653,N97653,sa1,1
26270,N55070 /1 undetected,output,,N55070,N55070,1,undetected,N55070,N55070,N55070,sa1,1
26271,N55070 /0 undetected,output,,N55070,N55070,0,undetected,N55070,N55070,N55070,sa0,1
26272,N93522 /1 undetected,output,,N93522,N93522,1,undetected,N93522,N93522,N93522,sa1,1
26273,N55069 /1 undetected,output,,N55069,N55069,1,undetected,N55069,N55069,N55069,sa1,1
26274,N109010 /1 undetected,output,,N109010,N109010,1,undetected,N109010,N109010,N109010,sa1,1
26275,N75702 /1 undetected,output,,N75702,N75702,1,undetected,N75702,N75702,N75702,sa1,1
26276,N49495 /1 undetected,output,,N49495,N49495,1,undetected,N49495,N49495,N49495,sa1,1
26277,N49495 /0 undetected,output,,N49495,N49495,0,undetected,N49495,N49495,N49495,sa0,1
26278,N82086 /1 undetected,output,,N82086,N82086,1,undetected,N82086,N82086,N82086,sa1,1
26279,N49494 /1 undetected,output,,N49494,N49494,1,undetected,N49494,N49494,N49494,sa1,1
26280,N118808 /1 undetected,output,,N118808,N118808,1,undetected,N118808,N118808,N118808,sa1,1
26281,N24104 /1 undetected,output,,N24104,N24104,1,undetected,N24104,N24104,N24104,sa1,1
26282,N49239 /0 undetected,output,,N49239,N49239,0,undetected,N49239,N49239,N49239,sa0,1
26283,N118807 /1 undetected,output,,N118807,N118807,1,undetected,N118807,N118807,N118807,sa1,1
26284,N49237 /1 undetected,output,,N49237,N49237,1,undetected,N49237,N49237,N49237,sa1,1
26285,N85943 /1 undetected,output,,N85943,N85943,1,undetected,N85943,N85943,N85943,sa1,1
26286,N49161 /1 undetected,output,,N49161,N49161,1,undetected,N49161,N49161,N49161,sa1,1
26287,N118806 /1 undetected,output,,N118806,N118806,1,undetected,N118806,N118806,N118806,sa1,1
26288,N95941 /1 undetected,output,,N95941,N95941,1,undetected,N95941,N95941,N95941,sa1,1
26289,N49134 /1 undetected,output,,N49134,N49134,1,undetected,N49134,N49134,N49134,sa1,1
26290,N85188 /1 undetected,output,,N85188,N85188,1,undetected,N85188,N85188,N85188,sa1,1
26291,N49133 /1 undetected,output,,N49133,N49133,1,undetected,N49133,N49133,N49133,sa1,1
26292,N118805 /1 undetected,output,,N118805,N118805,1,undetected,N118805,N118805,N118805,sa1,1
26293,N95803 /1 undetected,output,,N95803,N95803,1,undetected,N95803,N95803,N95803,sa1,1
26294,N25247 /1 undetected,output,,N25247,N25247,1,undetected,N25247,N25247,N25247,sa1,1
26295,N25247 /0 undetected,output,,N25247,N25247,0,undetected,N25247,N25247,N25247,sa0,1
26296,N106677 /1 undetected,output,,N106677,N106677,1,undetected,N106677,N106677,N106677,sa1,1
26297,N25246 /1 undetected,output,,N25246,N25246,1,undetected,N25246,N25246,N25246,sa1,1
26298,N109136 /1 undetected,output,,N109136,N109136,1,undetected,N109136,N109136,N109136,sa1,1
26299,N75737 /1 undetected,output,,N75737,N75737,1,undetected,N75737,N75737,N75737,sa1,1
26300,N24031 /1 undetected,output,,N24031,N24031,1,undetected,N24031,N24031,N24031,sa1,1
26301,N24031 /0 undetected,output,,N24031,N24031,0,undetected,N24031,N24031,N24031,sa0,1
26302,N106563 /1 undetected,output,,N106563,N106563,1,undetected,N106563,N106563,N106563,sa1,1
26303,N93643 /1 undetected,output,,N93643,N93643,1,undetected,N93643,N93643,N93643,sa1,1
26304,N3331 /0 undetected,output,,N3331,N3331,0,undetected,N3331,N3331,N3331,sa0,1
26305,N96288 /1 undetected,output,,N96288,N96288,1,undetected,N96288,N96288,N96288,sa1,1
26306,N3327 /1 undetected,output,,N3327,N3327,1,undetected,N3327,N3327,N3327,sa1,1
26307,N96235 /1 undetected,output,,N96235,N96235,1,undetected,N96235,N96235,N96235,sa1,1
26308,N84103 /1 undetected,output,,N84103,N84103,1,undetected,N84103,N84103,N84103,sa1,1
26309,N3323 /1 undetected,output,,N3323,N3323,1,undetected,N3323,N3323,N3323,sa1,1
26310,N3321 /1 undetected,output,,N3321,N3321,1,undetected,N3321,N3321,N3321,sa1,1
26311,N93075 /1 undetected,output,,N93075,N93075,1,undetected,N93075,N93075,N93075,sa1,1
26312,N84090 /1 undetected,output,,N84090,N84090,1,undetected,N84090,N84090,N84090,sa1,1
26313,N96285 /1 undetected,output,,N96285,N96285,1,undetected,N96285,N96285,N96285,sa1,1
26314,N96280 /1 undetected,output,,N96280,N96280,1,undetected,N96280,N96280,N96280,sa1,1
26315,N92172 /1 undetected,output,,N92172,N92172,1,undetected,N92172,N92172,N92172,sa1,1
26316,N12741 /1 undetected,output,,N12741,N12741,1,undetected,N12741,N12741,N12741,sa1,1
26317,N18920 /0 undetected,output,,N18920,N18920,0,undetected,N18920,N18920,N18920,sa0,1
26318,N100754 /1 undetected,output,,N100754,N100754,1,undetected,N100754,N100754,N100754,sa1,1
26319,N14608 /1 undetected,output,,N14608,N14608,1,undetected,N14608,N14608,N14608,sa1,1
26320,N14608 /0 undetected,output,,N14608,N14608,0,undetected,N14608,N14608,N14608,sa0,1
26321,N14606 /1 undetected,output,,N14606,N14606,1,undetected,N14606,N14606,N14606,sa1,1
26322,N101920 /1 undetected,output,,N101920,N101920,1,undetected,N101920,N101920,N101920,sa1,1
26323,N87209 /1 undetected,output,,N87209,N87209,1,undetected,N87209,N87209,N87209,sa1,1
26324,N14586 /1 undetected,output,,N14586,N14586,1,undetected,N14586,N14586,N14586,sa1,1
26325,N101913 /1 undetected,output,,N101913,N101913,1,undetected,N101913,N101913,N101913,sa1,1
26326,N100001 /1 undetected,output,,N100001,N100001,1,undetected,N100001,N100001,N100001,sa1,1
26327,N12864 /1 undetected,output,,N12864,N12864,1,undetected,N12864,N12864,N12864,sa1,1
26328,N12864 /0 undetected,output,,N12864,N12864,0,undetected,N12864,N12864,N12864,sa0,1
26329,N100853 /1 undetected,output,,N100853,N100853,1,undetected,N100853,N100853,N100853,sa1,1
26330,N100657 /1 undetected,output,,N100657,N100657,1,undetected,N100657,N100657,N100657,sa1,1
26331,N92611 /1 undetected,output,,N92611,N92611,1,undetected,N92611,N92611,N92611,sa1,1
26332,N92567 /1 undetected,output,,N92567,N92567,1,undetected,N92567,N92567,N92567,sa1,1
26333,N92613 /1 undetected,output,,N92613,N92613,1,undetected,N92613,N92613,N92613,sa1,1
26334,N92569 /1 undetected,output,,N92569,N92569,1,undetected,N92569,N92569,N92569,sa1,1
26335,N92612 /1 undetected,output,,N92612,N92612,1,undetected,N92612,N92612,N92612,sa1,1
26336,N92568 /1 undetected,output,,N92568,N92568,1,undetected,N92568,N92568,N92568,sa1,1
26337,N92607 /1 undetected,output,,N92607,N92607,1,undetected,N92607,N92607,N92607,sa1,1
26338,N92563 /1 undetected,output,,N92563,N92563,1,undetected,N92563,N92563,N92563,sa1,1
26339,N3419 /1 undetected,output,,N3419,N3419,1,undetected,N3419,N3419,N3419,sa1,1
26340,N3419 /0 undetected,output,,N3419,N3419,0,undetected,N3419,N3419,N3419,sa0,1
26341,N96366 /1 undetected,output,,N96366,N96366,1,undetected,N96366,N96366,N96366,sa1,1
26342,N86692 /1 undetected,output,,N86692,N86692,1,undetected,N86692,N86692,N86692,sa1,1
26343,N56367 /0 undetected,output,,N56367,N56367,0,undetected,N56367,N56367,N56367,sa0,1
26344,N56365 /1 undetected,output,,N56365,N56365,1,undetected,N56365,N56365,N56365,sa1,1
26345,N121165 /1 undetected,output,,N121165,N121165,1,undetected,N121165,N121165,N121165,sa1,1
26346,N85301 /1 undetected,output,,N85301,N85301,1,undetected,N85301,N85301,N85301,sa1,1
26347,N56362 /1 undetected,output,,N56362,N56362,1,undetected,N56362,N56362,N56362,sa1,1
26348,N121161 /1 undetected,output,,N121161,N121161,1,undetected,N121161,N121161,N121161,sa1,1
26349,N56360 /1 undetected,output,,N56360,N56360,1,undetected,N56360,N56360,N56360,sa1,1
26350,N84334 /1 undetected,output,,N84334,N84334,1,undetected,N84334,N84334,N84334,sa1,1
26351,N56358 /1 undetected,output,,N56358,N56358,1,undetected,N56358,N56358,N56358,sa1,1
26352,N121163 /1 undetected,output,,N121163,N121163,1,undetected,N121163,N121163,N121163,sa1,1
26353,N96359 /1 undetected,output,,N96359,N96359,1,undetected,N96359,N96359,N96359,sa1,1
26354,N22305 /1 undetected,output,,N22305,N22305,1,undetected,N22305,N22305,N22305,sa1,1
26355,N93388 /1 undetected,output,,N93388,N93388,1,undetected,N93388,N93388,N93388,sa1,1
26356,N20448 /1 undetected,output,,N20448,N20448,1,undetected,N20448,N20448,N20448,sa1,1
26357,N20448 /0 undetected,output,,N20448,N20448,0,undetected,N20448,N20448,N20448,sa0,1
26358,N104380 /1 undetected,output,,N104380,N104380,1,undetected,N104380,N104380,N104380,sa1,1
26359,N104342 /1 undetected,output,,N104342,N104342,1,undetected,N104342,N104342,N104342,sa1,1
26360,N16400 /1 undetected,output,,N16400,N16400,1,undetected,N16400,N16400,N16400,sa1,1
26361,N16400 /0 undetected,output,,N16400,N16400,0,undetected,N16400,N16400,N16400,sa0,1
26362,N16399 /1 undetected,output,,N16399,N16399,1,undetected,N16399,N16399,N16399,sa1,1
26363,N103081 /1 undetected,output,,N103081,N103081,1,undetected,N103081,N103081,N103081,sa1,1
26364,N16398 /1 undetected,output,,N16398,N16398,1,undetected,N16398,N16398,N16398,sa1,1
26365,N103087 /1 undetected,output,,N103087,N103087,1,undetected,N103087,N103087,N103087,sa1,1
26366,N85294 /1 undetected,output,,N85294,N85294,1,undetected,N85294,N85294,N85294,sa1,1
26367,N16384 /1 undetected,output,,N16384,N16384,1,undetected,N16384,N16384,N16384,sa1,1
26368,N103078 /1 undetected,output,,N103078,N103078,1,undetected,N103078,N103078,N103078,sa1,1
26369,N77169 /1 undetected,output,,N77169,N77169,1,undetected,N77169,N77169,N77169,sa1,1
26370,N86189 /1 undetected,output,,N86189,N86189,1,undetected,N86189,N86189,N86189,sa1,1
26371,N13151 /1 undetected,output,,N13151,N13151,1,undetected,N13151,N13151,N13151,sa1,1
26372,N85455 /1 undetected,output,,N85455,N85455,1,undetected,N85455,N85455,N85455,sa1,1
26373,N13147 /1 undetected,output,,N13147,N13147,1,undetected,N13147,N13147,N13147,sa1,1
26374,N101079 /1 undetected,output,,N101079,N101079,1,undetected,N101079,N101079,N101079,sa1,1
26375,N101030 /1 undetected,output,,N101030,N101030,1,undetected,N101030,N101030,N101030,sa1,1
26376,N21156 /0 undetected,output,,N21156,N21156,0,undetected,N21156,N21156,N21156,sa0,1
26377,N104861 /1 undetected,output,,N104861,N104861,1,undetected,N104861,N104861,N104861,sa1,1
26378,N76310 /1 undetected,output,,N76310,N76310,1,undetected,N76310,N76310,N76310,sa1,1
26379,N21130 /1 undetected,output,,N21130,N21130,1,undetected,N21130,N21130,N21130,sa1,1
26380,N21130 /0 undetected,output,,N21130,N21130,0,undetected,N21130,N21130,N21130,sa0,1
26381,N3504 /1 undetected,output,,N3504,N3504,1,undetected,N3504,N3504,N3504,sa1,1
26382,N3504 /0 undetected,output,,N3504,N3504,0,undetected,N3504,N3504,N3504,sa0,1
26383,N55060 /1 undetected,output,,N55060,N55060,1,undetected,N55060,N55060,N55060,sa1,1
26384,N55060 /0 undetected,output,,N55060,N55060,0,undetected,N55060,N55060,N55060,sa0,1
26385,N120728 /1 undetected,output,,N120728,N120728,1,undetected,N120728,N120728,N120728,sa1,1
26386,N85735 /1 undetected,output,,N85735,N85735,1,undetected,N85735,N85735,N85735,sa1,1
26387,N54575 /1 undetected,output,,N54575,N54575,1,undetected,N54575,N54575,N54575,sa1,1
26388,N54575 /0 undetected,output,,N54575,N54575,0,undetected,N54575,N54575,N54575,sa0,1
26389,N120727 /1 undetected,output,,N120727,N120727,1,undetected,N120727,N120727,N120727,sa1,1
26390,N75880 /1 undetected,output,,N75880,N75880,1,undetected,N75880,N75880,N75880,sa1,1
26391,N54117 /1 undetected,output,,N54117,N54117,1,undetected,N54117,N54117,N54117,sa1,1
26392,N54117 /0 undetected,output,,N54117,N54117,0,undetected,N54117,N54117,N54117,sa0,1
26393,N109009 /1 undetected,output,,N109009,N109009,1,undetected,N109009,N109009,N109009,sa1,1
26394,N75753 /1 undetected,output,,N75753,N75753,1,undetected,N75753,N75753,N75753,sa1,1
26395,N49272 /1 undetected,output,,N49272,N49272,1,undetected,N49272,N49272,N49272,sa1,1
26396,N49272 /0 undetected,output,,N49272,N49272,0,undetected,N49272,N49272,N49272,sa0,1
26397,N105903 /1 undetected,output,,N105903,N105903,1,undetected,N105903,N105903,N105903,sa1,1
26398,N76407 /1 undetected,output,,N76407,N76407,1,undetected,N76407,N76407,N76407,sa1,1
26399,N49124 /1 undetected,output,,N49124,N49124,1,undetected,N49124,N49124,N49124,sa1,1
26400,N49124 /0 undetected,output,,N49124,N49124,0,undetected,N49124,N49124,N49124,sa0,1
26401,N118804 /1 undetected,output,,N118804,N118804,1,undetected,N118804,N118804,N118804,sa1,1
26402,N93696 /1 undetected,output,,N93696,N93696,1,undetected,N93696,N93696,N93696,sa1,1
26403,N30906 /1 undetected,output,,N30906,N30906,1,undetected,N30906,N30906,N30906,sa1,1
26404,N30906 /0 undetected,output,,N30906,N30906,0,undetected,N30906,N30906,N30906,sa0,1
26405,N113764 /1 undetected,output,,N113764,N113764,1,undetected,N113764,N113764,N113764,sa1,1
26406,N113671 /1 undetected,output,,N113671,N113671,1,undetected,N113671,N113671,N113671,sa1,1
26407,N25249 /1 undetected,output,,N25249,N25249,1,undetected,N25249,N25249,N25249,sa1,1
26408,N25249 /0 undetected,output,,N25249,N25249,0,undetected,N25249,N25249,N25249,sa0,1
26409,N109137 /1 undetected,output,,N109137,N109137,1,undetected,N109137,N109137,N109137,sa1,1
26410,N85682 /1 undetected,output,,N85682,N85682,1,undetected,N85682,N85682,N85682,sa1,1
26411,N25091 /0 undetected,output,,N25091,N25091,0,undetected,N25091,N25091,N25091,sa0,1
26412,N106079 /1 undetected,output,,N106079,N106079,1,undetected,N106079,N106079,N106079,sa1,1
26413,N25090 /1 undetected,output,,N25090,N25090,1,undetected,N25090,N25090,N25090,sa1,1
26414,N109018 /1 undetected,output,,N109018,N109018,1,undetected,N109018,N109018,N109018,sa1,1
26415,N95932 /1 undetected,output,,N95932,N95932,1,undetected,N95932,N95932,N95932,sa1,1
26416,N24618 /1 undetected,output,,N24618,N24618,1,undetected,N24618,N24618,N24618,sa1,1
26417,N24618 /0 undetected,output,,N24618,N24618,0,undetected,N24618,N24618,N24618,sa0,1
26418,N105902 /1 undetected,output,,N105902,N105902,1,undetected,N105902,N105902,N105902,sa1,1
26419,N93647 /1 undetected,output,,N93647,N93647,1,undetected,N93647,N93647,N93647,sa1,1
26420,N23823 /1 undetected,output,,N23823,N23823,1,undetected,N23823,N23823,N23823,sa1,1
26421,N23823 /0 undetected,output,,N23823,N23823,0,undetected,N23823,N23823,N23823,sa0,1
26422,N105901 /1 undetected,output,,N105901,N105901,1,undetected,N105901,N105901,N105901,sa1,1
26423,N93601 /1 undetected,output,,N93601,N93601,1,undetected,N93601,N93601,N93601,sa1,1
26424,N23792 /1 undetected,output,,N23792,N23792,1,undetected,N23792,N23792,N23792,sa1,1
26425,N23792 /0 undetected,output,,N23792,N23792,0,undetected,N23792,N23792,N23792,sa0,1
26426,N105900 /1 undetected,output,,N105900,N105900,1,undetected,N105900,N105900,N105900,sa1,1
26427,N93396 /1 undetected,output,,N93396,N93396,1,undetected,N93396,N93396,N93396,sa1,1
26428,N16691 /1 undetected,output,,N16691,N16691,1,undetected,N16691,N16691,N16691,sa1,1
26429,N16691 /0 undetected,output,,N16691,N16691,0,undetected,N16691,N16691,N16691,sa0,1
26430,N100758 /1 undetected,output,,N100758,N100758,1,undetected,N100758,N100758,N100758,sa1,1
26431,N92177 /1 undetected,output,,N92177,N92177,1,undetected,N92177,N92177,N92177,sa1,1
26432,N12866 /1 undetected,output,,N12866,N12866,1,undetected,N12866,N12866,N12866,sa1,1
26433,N12866 /0 undetected,output,,N12866,N12866,0,undetected,N12866,N12866,N12866,sa0,1
26434,N100854 /1 undetected,output,,N100854,N100854,1,undetected,N100854,N100854,N100854,sa1,1
26435,N100691 /1 undetected,output,,N100691,N100691,1,undetected,N100691,N100691,N100691,sa1,1
26436,N92761 /1 undetected,output,,N92761,N92761,1,undetected,N92761,N92761,N92761,sa1,1
26437,N92752 /1 undetected,output,,N92752,N92752,1,undetected,N92752,N92752,N92752,sa1,1
26438,N92610 /1 undetected,output,,N92610,N92610,1,undetected,N92610,N92610,N92610,sa1,1
26439,N92566 /1 undetected,output,,N92566,N92566,1,undetected,N92566,N92566,N92566,sa1,1
26440,N92608 /1 undetected,output,,N92608,N92608,1,undetected,N92608,N92608,N92608,sa1,1
26441,N92564 /1 undetected,output,,N92564,N92564,1,undetected,N92564,N92564,N92564,sa1,1
26442,N24539 /1 undetected,output,,N24539,N24539,1,undetected,N24539,N24539,N24539,sa1,1
26443,N24539 /0 undetected,output,,N24539,N24539,0,undetected,N24539,N24539,N24539,sa0,1
26444,N107690 /1 undetected,output,,N107690,N107690,1,undetected,N107690,N107690,N107690,sa1,1
26445,N105601 /1 undetected,output,,N105601,N105601,1,undetected,N105601,N105601,N105601,sa1,1
26446,N23979 /0 undetected,output,,N23979,N23979,0,undetected,N23979,N23979,N23979,sa0,1
26447,N106490 /1 undetected,output,,N106490,N106490,1,undetected,N106490,N106490,N106490,sa1,1
26448,N23653 /1 undetected,output,,N23653,N23653,1,undetected,N23653,N23653,N23653,sa1,1
26449,N99845 /1 undetected,output,,N99845,N99845,1,undetected,N99845,N99845,N99845,sa1,1
26450,N15245 /1 undetected,output,,N15245,N15245,1,undetected,N15245,N15245,N15245,sa1,1
26451,N86641 /1 undetected,output,,N86641,N86641,1,undetected,N86641,N86641,N86641,sa1,1
26452,N14862 /1 undetected,output,,N14862,N14862,1,undetected,N14862,N14862,N14862,sa1,1
26453,N14907 /1 undetected,output,,N14907,N14907,1,undetected,N14907,N14907,N14907,sa1,1
26454,N14904 /1 undetected,output,,N14904,N14904,1,undetected,N14904,N14904,N14904,sa1,1
26455,N102234 /1 undetected,output,,N102234,N102234,1,undetected,N102234,N102234,N102234,sa1,1
26456,N102130 /1 undetected,output,,N102130,N102130,1,undetected,N102130,N102130,N102130,sa1,1
26457,N14894 /1 undetected,output,,N14894,N14894,1,undetected,N14894,N14894,N14894,sa1,1
26458,N94684 /1 undetected,output,,N94684,N94684,1,undetected,N94684,N94684,N94684,sa1,1
26459,N14892 /1 undetected,output,,N14892,N14892,1,undetected,N14892,N14892,N14892,sa1,1
26460,N74741 /1 undetected,output,,N74741,N74741,1,undetected,N74741,N74741,N74741,sa1,1
26461,N8760 /1 undetected,output,,N8760,N8760,1,undetected,N8760,N8760,N8760,sa1,1
26462,N94581 /1 undetected,output,,N94581,N94581,1,undetected,N94581,N94581,N94581,sa1,1
26463,N86619 /1 undetected,output,,N86619,N86619,1,undetected,N86619,N86619,N86619,sa1,1
26464,N75470 /1 undetected,output,,N75470,N75470,1,undetected,N75470,N75470,N75470,sa1,1
26465,N20096 /1 undetected,output,,N20096,N20096,1,undetected,N20096,N20096,N20096,sa1,1
26466,N8150 /0 undetected,output,,N8150,N8150,0,undetected,N8150,N8150,N8150,sa0,1
26467,N98352 /1 undetected,output,,N98352,N98352,1,undetected,N98352,N98352,N98352,sa1,1
26468,N75479 /1 undetected,output,,N75479,N75479,1,undetected,N75479,N75479,N75479,sa1,1
26469,N24595 /1 undetected,output,,N24595,N24595,1,undetected,N24595,N24595,N24595,sa1,1
26470,N24595 /0 undetected,output,,N24595,N24595,0,undetected,N24595,N24595,N24595,sa0,1
26471,N107913 /1 undetected,output,,N107913,N107913,1,undetected,N107913,N107913,N107913,sa1,1
26472,N24593 /1 undetected,output,,N24593,N24593,1,undetected,N24593,N24593,N24593,sa1,1
26473,N107965 /1 undetected,output,,N107965,N107965,1,undetected,N107965,N107965,N107965,sa1,1
26474,N93401 /1 undetected,output,,N93401,N93401,1,undetected,N93401,N93401,N93401,sa1,1
26475,N11766 /0 undetected,output,,N11766,N11766,0,undetected,N11766,N11766,N11766,sa0,1
26476,N100054 /1 undetected,output,,N100054,N100054,1,undetected,N100054,N100054,N100054,sa1,1
26477,N100017 /1 undetected,output,,N100017,N100017,1,undetected,N100017,N100017,N100017,sa1,1
26478,N100094 /1 undetected,output,,N100094,N100094,1,undetected,N100094,N100094,N100094,sa1,1
26479,N75317 /1 undetected,output,,N75317,N75317,1,undetected,N75317,N75317,N75317,sa1,1
26480,N11554 /1 undetected,output,,N11554,N11554,1,undetected,N11554,N11554,N11554,sa1,1
26481,N52684 /1 undetected,output,,N52684,N52684,1,undetected,N52684,N52684,N52684,sa1,1
26482,N120124 /1 undetected,output,,N120124,N120124,1,undetected,N120124,N120124,N120124,sa1,1
26483,N52683 /1 undetected,output,,N52683,N52683,1,undetected,N52683,N52683,N52683,sa1,1
26484,N120172 /1 undetected,output,,N120172,N120172,1,undetected,N120172,N120172,N120172,sa1,1
26485,N105693 /1 undetected,output,,N105693,N105693,1,undetected,N105693,N105693,N105693,sa1,1
26486,N49829 /1 undetected,output,,N49829,N49829,1,undetected,N49829,N49829,N49829,sa1,1
26487,N49235 /1 undetected,output,,N49235,N49235,1,undetected,N49235,N49235,N49235,sa1,1
26488,N105904 /1 undetected,output,,N105904,N105904,1,undetected,N105904,N105904,N105904,sa1,1
26489,N31934 /1 undetected,output,,N31934,N31934,1,undetected,N31934,N31934,N31934,sa1,1
26490,N31934 /0 undetected,output,,N31934,N31934,0,undetected,N31934,N31934,N31934,sa0,1
26491,N113961 /1 undetected,output,,N113961,N113961,1,undetected,N113961,N113961,N113961,sa1,1
26492,N113361 /1 undetected,output,,N113361,N113361,1,undetected,N113361,N113361,N113361,sa1,1
26493,N31078 /1 undetected,output,,N31078,N31078,1,undetected,N31078,N31078,N31078,sa1,1
26494,N31078 /0 undetected,output,,N31078,N31078,0,undetected,N31078,N31078,N31078,sa0,1
26495,N113791 /1 undetected,output,,N113791,N113791,1,undetected,N113791,N113791,N113791,sa1,1
26496,N113360 /1 undetected,output,,N113360,N113360,1,undetected,N113360,N113360,N113360,sa1,1
26497,N30436 /1 undetected,output,,N30436,N30436,1,undetected,N30436,N30436,N30436,sa1,1
26498,N30436 /0 undetected,output,,N30436,N30436,0,undetected,N30436,N30436,N30436,sa0,1
26499,N113510 /1 undetected,output,,N113510,N113510,1,undetected,N113510,N113510,N113510,sa1,1
26500,N113359 /1 undetected,output,,N113359,N113359,1,undetected,N113359,N113359,N113359,sa1,1
26501,N30351 /1 undetected,output,,N30351,N30351,1,undetected,N30351,N30351,N30351,sa1,1
26502,N30351 /0 undetected,output,,N30351,N30351,0,undetected,N30351,N30351,N30351,sa0,1
26503,N113358 /1 undetected,output,,N113358,N113358,1,undetected,N113358,N113358,N113358,sa1,1
26504,N95799 /1 undetected,output,,N95799,N95799,1,undetected,N95799,N95799,N95799,sa1,1
26505,N24877 /1 undetected,output,,N24877,N24877,1,undetected,N24877,N24877,N24877,sa1,1
26506,N24877 /0 undetected,output,,N24877,N24877,0,undetected,N24877,N24877,N24877,sa0,1
26507,N108871 /1 undetected,output,,N108871,N108871,1,undetected,N108871,N108871,N108871,sa1,1
26508,N106561 /1 undetected,output,,N106561,N106561,1,undetected,N106561,N106561,N106561,sa1,1
26509,N24046 /1 undetected,output,,N24046,N24046,1,undetected,N24046,N24046,N24046,sa1,1
26510,N24046 /0 undetected,output,,N24046,N24046,0,undetected,N24046,N24046,N24046,sa0,1
26511,N106559 /1 undetected,output,,N106559,N106559,1,undetected,N106559,N106559,N106559,sa1,1
26512,N75793 /1 undetected,output,,N75793,N75793,1,undetected,N75793,N75793,N75793,sa1,1
26513,N23790 /0 undetected,output,,N23790,N23790,0,undetected,N23790,N23790,N23790,sa0,1
26514,N23731 /1 undetected,output,,N23731,N23731,1,undetected,N23731,N23731,N23731,sa1,1
26515,N23731 /0 undetected,output,,N23731,N23731,0,undetected,N23731,N23731,N23731,sa0,1
26516,N105784 /1 undetected,output,,N105784,N105784,1,undetected,N105784,N105784,N105784,sa1,1
26517,N93675 /1 undetected,output,,N93675,N93675,1,undetected,N93675,N93675,N93675,sa1,1
26518,N69823 /0 undetected,output,,N69823,N69823,0,undetected,N69823,N69823,N69823,sa0,1
26519,N69821 /1 undetected,output,,N69821,N69821,1,undetected,N69821,N69821,N69821,sa1,1
26520,N90948 /1 undetected,output,,N90948,N90948,1,undetected,N90948,N90948,N90948,sa1,1
26521,N69816 /1 undetected,output,,N69816,N69816,1,undetected,N69816,N69816,N69816,sa1,1
26522,N86796 /1 undetected,output,,N86796,N86796,1,undetected,N86796,N86796,N86796,sa1,1
26523,N69815 /1 undetected,output,,N69815,N69815,1,undetected,N69815,N69815,N69815,sa1,1
26524,N83199 /1 undetected,output,,N83199,N83199,1,undetected,N83199,N83199,N83199,sa1,1
26525,N69813 /1 undetected,output,,N69813,N69813,1,undetected,N69813,N69813,N69813,sa1,1
26526,N90910 /1 undetected,output,,N90910,N90910,1,undetected,N90910,N90910,N90910,sa1,1
26527,N69811 /1 undetected,output,,N69811,N69811,1,undetected,N69811,N69811,N69811,sa1,1
26528,N69806 /1 undetected,output,,N69806,N69806,1,undetected,N69806,N69806,N69806,sa1,1
26529,N77267 /1 undetected,output,,N77267,N77267,1,undetected,N77267,N77267,N77267,sa1,1
26530,N69805 /1 undetected,output,,N69805,N69805,1,undetected,N69805,N69805,N69805,sa1,1
26531,N90909 /1 undetected,output,,N90909,N90909,1,undetected,N90909,N90909,N90909,sa1,1
26532,N69797 /1 undetected,output,,N69797,N69797,1,undetected,N69797,N69797,N69797,sa1,1
26533,N83198 /1 undetected,output,,N83198,N83198,1,undetected,N83198,N83198,N83198,sa1,1
26534,N69463 /0 undetected,output,,N69463,N69463,0,undetected,N69463,N69463,N69463,sa0,1
26535,N69461 /1 undetected,output,,N69461,N69461,1,undetected,N69461,N69461,N69461,sa1,1
26536,N83314 /1 undetected,output,,N83314,N83314,1,undetected,N83314,N83314,N83314,sa1,1
26537,N69452 /1 undetected,output,,N69452,N69452,1,undetected,N69452,N69452,N69452,sa1,1
26538,N77801 /1 undetected,output,,N77801,N77801,1,undetected,N77801,N77801,N77801,sa1,1
26539,N69451 /1 undetected,output,,N69451,N69451,1,undetected,N69451,N69451,N69451,sa1,1
26540,N90830 /1 undetected,output,,N90830,N90830,1,undetected,N90830,N90830,N90830,sa1,1
26541,N69449 /1 undetected,output,,N69449,N69449,1,undetected,N69449,N69449,N69449,sa1,1
26542,N82982 /1 undetected,output,,N82982,N82982,1,undetected,N82982,N82982,N82982,sa1,1
26543,N69447 /1 undetected,output,,N69447,N69447,1,undetected,N69447,N69447,N69447,sa1,1
26544,N90941 /1 undetected,output,,N90941,N90941,1,undetected,N90941,N90941,N90941,sa1,1
26545,N69437 /1 undetected,output,,N69437,N69437,1,undetected,N69437,N69437,N69437,sa1,1
26546,N87134 /1 undetected,output,,N87134,N87134,1,undetected,N87134,N87134,N87134,sa1,1
26547,N69436 /1 undetected,output,,N69436,N69436,1,undetected,N69436,N69436,N69436,sa1,1
26548,N82980 /1 undetected,output,,N82980,N82980,1,undetected,N82980,N82980,N82980,sa1,1
26549,N69434 /1 undetected,output,,N69434,N69434,1,undetected,N69434,N69434,N69434,sa1,1
26550,N90829 /1 undetected,output,,N90829,N90829,1,undetected,N90829,N90829,N90829,sa1,1
26551,N23564 /1 undetected,output,,N23564,N23564,1,undetected,N23564,N23564,N23564,sa1,1
26552,N23562 /1 undetected,output,,N23562,N23562,1,undetected,N23562,N23562,N23562,sa1,1
26553,N75304 /1 undetected,output,,N75304,N75304,1,undetected,N75304,N75304,N75304,sa1,1
26554,N23558 /1 undetected,output,,N23558,N23558,1,undetected,N23558,N23558,N23558,sa1,1
26555,N84332 /1 undetected,output,,N84332,N84332,1,undetected,N84332,N84332,N84332,sa1,1
26556,N23556 /1 undetected,output,,N23556,N23556,1,undetected,N23556,N23556,N23556,sa1,1
26557,N105432 /1 undetected,output,,N105432,N105432,1,undetected,N105432,N105432,N105432,sa1,1
26558,N96817 /1 undetected,output,,N96817,N96817,1,undetected,N96817,N96817,N96817,sa1,1
26559,N69693 /1 undetected,output,,N69693,N69693,1,undetected,N69693,N69693,N69693,sa1,1
26560,N69692 /1 undetected,output,,N69692,N69692,1,undetected,N69692,N69692,N69692,sa1,1
26561,N87074 /1 undetected,output,,N87074,N87074,1,undetected,N87074,N87074,N87074,sa1,1
26562,N69690 /1 undetected,output,,N69690,N69690,1,undetected,N69690,N69690,N69690,sa1,1
26563,N90850 /1 undetected,output,,N90850,N90850,1,undetected,N90850,N90850,N90850,sa1,1
26564,N69527 /0 undetected,output,,N69527,N69527,0,undetected,N69527,N69527,N69527,sa0,1
26565,N87118 /1 undetected,output,,N87118,N87118,1,undetected,N87118,N87118,N87118,sa1,1
26566,N83015 /1 undetected,output,,N83015,N83015,1,undetected,N83015,N83015,N83015,sa1,1
26567,N69523 /1 undetected,output,,N69523,N69523,1,undetected,N69523,N69523,N69523,sa1,1
26568,N90837 /1 undetected,output,,N90837,N90837,1,undetected,N90837,N90837,N90837,sa1,1
26569,N77770 /1 undetected,output,,N77770,N77770,1,undetected,N77770,N77770,N77770,sa1,1
26570,N69118 /0 undetected,output,,N69118,N69118,0,undetected,N69118,N69118,N69118,sa0,1
26571,N77262 /1 undetected,output,,N77262,N77262,1,undetected,N77262,N77262,N77262,sa1,1
26572,N69116 /1 undetected,output,,N69116,N69116,1,undetected,N69116,N69116,N69116,sa1,1
26573,N83170 /1 undetected,output,,N83170,N83170,1,undetected,N83170,N83170,N83170,sa1,1
26574,N69104 /0 undetected,output,,N69104,N69104,0,undetected,N69104,N69104,N69104,sa0,1
26575,N86790 /1 undetected,output,,N86790,N86790,1,undetected,N86790,N86790,N86790,sa1,1
26576,N69102 /1 undetected,output,,N69102,N69102,1,undetected,N69102,N69102,N69102,sa1,1
26577,N90896 /1 undetected,output,,N90896,N90896,1,undetected,N90896,N90896,N90896,sa1,1
26578,N12805 /1 undetected,output,,N12805,N12805,1,undetected,N12805,N12805,N12805,sa1,1
26579,N12805 /0 undetected,output,,N12805,N12805,0,undetected,N12805,N12805,N12805,sa0,1
26580,N12803 /1 undetected,output,,N12803,N12803,1,undetected,N12803,N12803,N12803,sa1,1
26581,N100578 /1 undetected,output,,N100578,N100578,1,undetected,N100578,N100578,N100578,sa1,1
26582,N92173 /1 undetected,output,,N92173,N92173,1,undetected,N92173,N92173,N92173,sa1,1
26583,N12802 /1 undetected,output,,N12802,N12802,1,undetected,N12802,N12802,N12802,sa1,1
26584,N100582 /1 undetected,output,,N100582,N100582,1,undetected,N100582,N100582,N100582,sa1,1
26585,N12800 /1 undetected,output,,N12800,N12800,1,undetected,N12800,N12800,N12800,sa1,1
26586,N100792 /1 undetected,output,,N100792,N100792,1,undetected,N100792,N100792,N100792,sa1,1
26587,N12795 /1 undetected,output,,N12795,N12795,1,undetected,N12795,N12795,N12795,sa1,1
26588,N100790 /1 undetected,output,,N100790,N100790,1,undetected,N100790,N100790,N100790,sa1,1
26589,N12793 /1 undetected,output,,N12793,N12793,1,undetected,N12793,N12793,N12793,sa1,1
26590,N100624 /1 undetected,output,,N100624,N100624,1,undetected,N100624,N100624,N100624,sa1,1
26591,N92121 /1 undetected,output,,N92121,N92121,1,undetected,N92121,N92121,N92121,sa1,1
26592,N69590 /1 undetected,output,,N69590,N69590,1,undetected,N69590,N69590,N69590,sa1,1
26593,N69589 /1 undetected,output,,N69589,N69589,1,undetected,N69589,N69589,N69589,sa1,1
26594,N86955 /1 undetected,output,,N86955,N86955,1,undetected,N86955,N86955,N86955,sa1,1
26595,N69587 /1 undetected,output,,N69587,N69587,1,undetected,N69587,N69587,N69587,sa1,1
26596,N90887 /1 undetected,output,,N90887,N90887,1,undetected,N90887,N90887,N90887,sa1,1
26597,N23576 /0 undetected,output,,N23576,N23576,0,undetected,N23576,N23576,N23576,sa0,1
26598,N94241 /1 undetected,output,,N94241,N94241,1,undetected,N94241,N94241,N94241,sa1,1
26599,N23574 /1 undetected,output,,N23574,N23574,1,undetected,N23574,N23574,N23574,sa1,1
26600,N105427 /1 undetected,output,,N105427,N105427,1,undetected,N105427,N105427,N105427,sa1,1
26601,N100029 /1 undetected,output,,N100029,N100029,1,undetected,N100029,N100029,N100029,sa1,1
26602,N12909 /1 undetected,output,,N12909,N12909,1,undetected,N12909,N12909,N12909,sa1,1
26603,N12909 /0 undetected,output,,N12909,N12909,0,undetected,N12909,N12909,N12909,sa0,1
26604,N100887 /1 undetected,output,,N100887,N100887,1,undetected,N100887,N100887,N100887,sa1,1
26605,N100824 /1 undetected,output,,N100824,N100824,1,undetected,N100824,N100824,N100824,sa1,1
26606,N12908 /1 undetected,output,,N12908,N12908,1,undetected,N12908,N12908,N12908,sa1,1
26607,N12908 /0 undetected,output,,N12908,N12908,0,undetected,N12908,N12908,N12908,sa0,1
26608,N100888 /1 undetected,output,,N100888,N100888,1,undetected,N100888,N100888,N100888,sa1,1
26609,N100886 /1 undetected,output,,N100886,N100886,1,undetected,N100886,N100886,N100886,sa1,1
26610,N3445 /1 undetected,output,,N3445,N3445,1,undetected,N3445,N3445,N3445,sa1,1
26611,N3445 /0 undetected,output,,N3445,N3445,0,undetected,N3445,N3445,N3445,sa0,1
26612,N93215 /1 undetected,output,,N93215,N93215,1,undetected,N93215,N93215,N93215,sa1,1
26613,N3444 /1 undetected,output,,N3444,N3444,1,undetected,N3444,N3444,N3444,sa1,1
26614,N96134 /1 undetected,output,,N96134,N96134,1,undetected,N96134,N96134,N96134,sa1,1
26615,N3442 /1 undetected,output,,N3442,N3442,1,undetected,N3442,N3442,N3442,sa1,1
26616,N84321 /1 undetected,output,,N84321,N84321,1,undetected,N84321,N84321,N84321,sa1,1
26617,N3440 /1 undetected,output,,N3440,N3440,1,undetected,N3440,N3440,N3440,sa1,1
26618,N96380 /1 undetected,output,,N96380,N96380,1,undetected,N96380,N96380,N96380,sa1,1
26619,N96363 /1 undetected,output,,N96363,N96363,1,undetected,N96363,N96363,N96363,sa1,1
26620,N69223 /0 undetected,output,,N69223,N69223,0,undetected,N69223,N69223,N69223,sa0,1
26621,N86952 /1 undetected,output,,N86952,N86952,1,undetected,N86952,N86952,N86952,sa1,1
26622,N83107 /1 undetected,output,,N83107,N83107,1,undetected,N83107,N83107,N83107,sa1,1
26623,N90875 /1 undetected,output,,N90875,N90875,1,undetected,N90875,N90875,N90875,sa1,1
26624,N77525 /1 undetected,output,,N77525,N77525,1,undetected,N77525,N77525,N77525,sa1,1
26625,N14630 /0 undetected,output,,N14630,N14630,0,undetected,N14630,N14630,N14630,sa0,1
26626,N86411 /1 undetected,output,,N86411,N86411,1,undetected,N86411,N86411,N86411,sa1,1
26627,N99833 /1 undetected,output,,N99833,N99833,1,undetected,N99833,N99833,N99833,sa1,1
26628,N14627 /1 undetected,output,,N14627,N14627,1,undetected,N14627,N14627,N14627,sa1,1
26629,N101924 /1 undetected,output,,N101924,N101924,1,undetected,N101924,N101924,N101924,sa1,1
26630,N85289 /1 undetected,output,,N85289,N85289,1,undetected,N85289,N85289,N85289,sa1,1
26631,N86427 /1 undetected,output,,N86427,N86427,1,undetected,N86427,N86427,N86427,sa1,1
26632,N92620 /1 undetected,output,,N92620,N92620,1,undetected,N92620,N92620,N92620,sa1,1
26633,N92575 /1 undetected,output,,N92575,N92575,1,undetected,N92575,N92575,N92575,sa1,1
26634,N67408 /0 undetected,output,,N67408,N67408,0,undetected,N67408,N67408,N67408,sa0,1
26635,N94995 /1 undetected,output,,N94995,N94995,1,undetected,N94995,N94995,N94995,sa1,1
26636,N66803 /1 undetected,output,,N66803,N66803,1,undetected,N66803,N66803,N66803,sa1,1
26637,N66795 /1 undetected,output,,N66795,N66795,1,undetected,N66795,N66795,N66795,sa1,1
26638,N66781 /1 undetected,output,,N66781,N66781,1,undetected,N66781,N66781,N66781,sa1,1
26639,N125790 /1 undetected,output,,N125790,N125790,1,undetected,N125790,N125790,N125790,sa1,1
26640,N66450 /1 undetected,output,,N66450,N66450,1,undetected,N66450,N66450,N66450,sa1,1
26641,N66442 /0 undetected,output,,N66442,N66442,0,undetected,N66442,N66442,N66442,sa0,1
26642,N78111 /1 undetected,output,,N78111,N78111,1,undetected,N78111,N78111,N78111,sa1,1
26643,N20058 /1 undetected,output,,N20058,N20058,1,undetected,N20058,N20058,N20058,sa1,1
26644,N104318 /1 undetected,output,,N104318,N104318,1,undetected,N104318,N104318,N104318,sa1,1
26645,N20056 /1 undetected,output,,N20056,N20056,1,undetected,N20056,N20056,N20056,sa1,1
26646,N103627 /1 undetected,output,,N103627,N103627,1,undetected,N103627,N103627,N103627,sa1,1
26647,N92123 /1 undetected,output,,N92123,N92123,1,undetected,N92123,N92123,N92123,sa1,1
26648,N14865 /0 undetected,output,,N14865,N14865,0,undetected,N14865,N14865,N14865,sa0,1
26649,N94692 /1 undetected,output,,N94692,N94692,1,undetected,N94692,N94692,N94692,sa1,1
26650,N9166 /1 undetected,output,,N9166,N9166,1,undetected,N9166,N9166,N9166,sa1,1
26651,N93267 /1 undetected,output,,N93267,N93267,1,undetected,N93267,N93267,N93267,sa1,1
26652,N92624 /1 undetected,output,,N92624,N92624,1,undetected,N92624,N92624,N92624,sa1,1
26653,N92579 /1 undetected,output,,N92579,N92579,1,undetected,N92579,N92579,N92579,sa1,1
26654,N20112 /1 undetected,output,,N20112,N20112,1,undetected,N20112,N20112,N20112,sa1,1
26655,N20112 /0 undetected,output,,N20112,N20112,0,undetected,N20112,N20112,N20112,sa0,1
26656,N104390 /1 undetected,output,,N104390,N104390,1,undetected,N104390,N104390,N104390,sa1,1
26657,N104382 /1 undetected,output,,N104382,N104382,1,undetected,N104382,N104382,N104382,sa1,1
26658,N16374 /1 undetected,output,,N16374,N16374,1,undetected,N16374,N16374,N16374,sa1,1
26659,N16374 /0 undetected,output,,N16374,N16374,0,undetected,N16374,N16374,N16374,sa0,1
26660,N97641 /1 undetected,output,,N97641,N97641,1,undetected,N97641,N97641,N97641,sa1,1
26661,N96605 /1 undetected,output,,N96605,N96605,1,undetected,N96605,N96605,N96605,sa1,1
26662,N2136 /1 undetected,output,,N2136,N2136,1,undetected,N2136,N2136,N2136,sa1,1
26663,N56077 /1 undetected,output,,N56077,N56077,1,undetected,N56077,N56077,N56077,sa1,1
26664,N121015 /1 undetected,output,,N121015,N121015,1,undetected,N121015,N121015,N121015,sa1,1
26665,N56076 /1 undetected,output,,N56076,N56076,1,undetected,N56076,N56076,N56076,sa1,1
26666,N121069 /1 undetected,output,,N121069,N121069,1,undetected,N121069,N121069,N121069,sa1,1
26667,N109135 /1 undetected,output,,N109135,N109135,1,undetected,N109135,N109135,N109135,sa1,1
26668,N54580 /1 undetected,output,,N54580,N54580,1,undetected,N54580,N54580,N54580,sa1,1
26669,N54580 /0 undetected,output,,N54580,N54580,0,undetected,N54580,N54580,N54580,sa0,1
26670,N85769 /1 undetected,output,,N85769,N85769,1,undetected,N85769,N85769,N85769,sa1,1
26671,N54579 /1 undetected,output,,N54579,N54579,1,undetected,N54579,N54579,N54579,sa1,1
26672,N120724 /1 undetected,output,,N120724,N120724,1,undetected,N120724,N120724,N120724,sa1,1
26673,N93635 /1 undetected,output,,N93635,N93635,1,undetected,N93635,N93635,N93635,sa1,1
26674,N30251 /1 undetected,output,,N30251,N30251,1,undetected,N30251,N30251,N30251,sa1,1
26675,N30251 /0 undetected,output,,N30251,N30251,0,undetected,N30251,N30251,N30251,sa0,1
26676,N30250 /1 undetected,output,,N30250,N30250,1,undetected,N30250,N30250,N30250,sa1,1
26677,N105702 /1 undetected,output,,N105702,N105702,1,undetected,N105702,N105702,N105702,sa1,1
26678,N76645 /1 undetected,output,,N76645,N76645,1,undetected,N76645,N76645,N76645,sa1,1
26679,N30248 /1 undetected,output,,N30248,N30248,1,undetected,N30248,N30248,N30248,sa1,1
26680,N113255 /1 undetected,output,,N113255,N113255,1,undetected,N113255,N113255,N113255,sa1,1
26681,N105687 /1 undetected,output,,N105687,N105687,1,undetected,N105687,N105687,N105687,sa1,1
26682,N27752 /1 undetected,output,,N27752,N27752,1,undetected,N27752,N27752,N27752,sa1,1
26683,N27752 /0 undetected,output,,N27752,N27752,0,undetected,N27752,N27752,N27752,sa0,1
26684,N27751 /1 undetected,output,,N27751,N27751,1,undetected,N27751,N27751,N27751,sa1,1
26685,N27749 /1 undetected,output,,N27749,N27749,1,undetected,N27749,N27749,N27749,sa1,1
26686,N105596 /1 undetected,output,,N105596,N105596,1,undetected,N105596,N105596,N105596,sa1,1
26687,N81729 /1 undetected,output,,N81729,N81729,1,undetected,N81729,N81729,N81729,sa1,1
26688,N27746 /1 undetected,output,,N27746,N27746,1,undetected,N27746,N27746,N27746,sa1,1
26689,N112074 /1 undetected,output,,N112074,N112074,1,undetected,N112074,N112074,N112074,sa1,1
26690,N109344 /1 undetected,output,,N109344,N109344,1,undetected,N109344,N109344,N109344,sa1,1
26691,N27748 /1 undetected,output,,N27748,N27748,1,undetected,N27748,N27748,N27748,sa1,1
26692,N112099 /1 undetected,output,,N112099,N112099,1,undetected,N112099,N112099,N112099,sa1,1
26693,N89955 /1 undetected,output,,N89955,N89955,1,undetected,N89955,N89955,N89955,sa1,1
26694,N25040 /1 undetected,output,,N25040,N25040,1,undetected,N25040,N25040,N25040,sa1,1
26695,N25040 /0 undetected,output,,N25040,N25040,0,undetected,N25040,N25040,N25040,sa0,1
26696,N106673 /1 undetected,output,,N106673,N106673,1,undetected,N106673,N106673,N106673,sa1,1
26697,N25039 /1 undetected,output,,N25039,N25039,1,undetected,N25039,N25039,N25039,sa1,1
26698,N109008 /1 undetected,output,,N109008,N109008,1,undetected,N109008,N109008,N109008,sa1,1
26699,N93553 /1 undetected,output,,N93553,N93553,1,undetected,N93553,N93553,N93553,sa1,1
26700,N24029 /1 undetected,output,,N24029,N24029,1,undetected,N24029,N24029,N24029,sa1,1
26701,N24029 /0 undetected,output,,N24029,N24029,0,undetected,N24029,N24029,N24029,sa0,1
26702,N106523 /1 undetected,output,,N106523,N106523,1,undetected,N106523,N106523,N106523,sa1,1
26703,N24028 /1 undetected,output,,N24028,N24028,1,undetected,N24028,N24028,N24028,sa1,1
26704,N106558 /1 undetected,output,,N106558,N106558,1,undetected,N106558,N106558,N106558,sa1,1
26705,N93399 /1 undetected,output,,N93399,N93399,1,undetected,N93399,N93399,N93399,sa1,1
26706,N23363 /1 undetected,output,,N23363,N23363,1,undetected,N23363,N23363,N23363,sa1,1
26707,N101200 /1 undetected,output,,N101200,N101200,1,undetected,N101200,N101200,N101200,sa1,1
26708,N88518 /1 undetected,output,,N88518,N88518,1,undetected,N88518,N88518,N88518,sa1,1
26709,N18924 /1 undetected,output,,N18924,N18924,1,undetected,N18924,N18924,N18924,sa1,1
26710,N18924 /0 undetected,output,,N18924,N18924,0,undetected,N18924,N18924,N18924,sa0,1
26711,N103815 /1 undetected,output,,N103815,N103815,1,undetected,N103815,N103815,N103815,sa1,1
26712,N100946 /1 undetected,output,,N100946,N100946,1,undetected,N100946,N100946,N100946,sa1,1
26713,N12706 /1 undetected,output,,N12706,N12706,1,undetected,N12706,N12706,N12706,sa1,1
26714,N12706 /0 undetected,output,,N12706,N12706,0,undetected,N12706,N12706,N12706,sa0,1
26715,N90647 /1 undetected,output,,N90647,N90647,1,undetected,N90647,N90647,N90647,sa1,1
26716,N23561 /1 undetected,output,,N23561,N23561,1,undetected,N23561,N23561,N23561,sa1,1
26717,N83692 /1 undetected,output,,N83692,N83692,1,undetected,N83692,N83692,N83692,sa1,1
26718,N2559 /1 undetected,output,,N2559,N2559,1,undetected,N2559,N2559,N2559,sa1,1
26719,N92616 /1 undetected,output,,N92616,N92616,1,undetected,N92616,N92616,N92616,sa1,1
26720,N92571 /1 undetected,output,,N92571,N92571,1,undetected,N92571,N92571,N92571,sa1,1
26721,N8308 /0 undetected,output,,N8308,N8308,0,undetected,N8308,N8308,N8308,sa0,1
26722,N98331 /1 undetected,output,,N98331,N98331,1,undetected,N98331,N98331,N98331,sa1,1
26723,N8305 /1 undetected,output,,N8305,N8305,1,undetected,N8305,N8305,N8305,sa1,1
26724,N98262 /1 undetected,output,,N98262,N98262,1,undetected,N98262,N98262,N98262,sa1,1
26725,N75482 /1 undetected,output,,N75482,N75482,1,undetected,N75482,N75482,N75482,sa1,1
26726,N8304 /1 undetected,output,,N8304,N8304,1,undetected,N8304,N8304,N8304,sa1,1
26727,N8018 /1 undetected,output,,N8018,N8018,1,undetected,N8018,N8018,N8018,sa1,1
26728,N75478 /1 undetected,output,,N75478,N75478,1,undetected,N75478,N75478,N75478,sa1,1
26729,N8017 /1 undetected,output,,N8017,N8017,1,undetected,N8017,N8017,N8017,sa1,1
26730,N98330 /1 undetected,output,,N98330,N98330,1,undetected,N98330,N98330,N98330,sa1,1
26731,N92356 /1 undetected,output,,N92356,N92356,1,undetected,N92356,N92356,N92356,sa1,1
26732,N7000 /1 undetected,output,,N7000,N7000,1,undetected,N7000,N7000,N7000,sa1,1
26733,N6998 /1 undetected,output,,N6998,N6998,1,undetected,N6998,N6998,N6998,sa1,1
26734,N97938 /1 undetected,output,,N97938,N97938,1,undetected,N97938,N97938,N97938,sa1,1
26735,N6997 /1 undetected,output,,N6997,N6997,1,undetected,N6997,N6997,N6997,sa1,1
26736,N96930 /1 undetected,output,,N96930,N96930,1,undetected,N96930,N96930,N96930,sa1,1
26737,N6995 /1 undetected,output,,N6995,N6995,1,undetected,N6995,N6995,N6995,sa1,1
26738,N97944 /1 undetected,output,,N97944,N97944,1,undetected,N97944,N97944,N97944,sa1,1
26739,N87002 /1 undetected,output,,N87002,N87002,1,undetected,N87002,N87002,N87002,sa1,1
26740,N6994 /1 undetected,output,,N6994,N6994,1,undetected,N6994,N6994,N6994,sa1,1
26741,N97956 /1 undetected,output,,N97956,N97956,1,undetected,N97956,N97956,N97956,sa1,1
26742,N97074 /1 undetected,output,,N97074,N97074,1,undetected,N97074,N97074,N97074,sa1,1
26743,N92355 /1 undetected,output,,N92355,N92355,1,undetected,N92355,N92355,N92355,sa1,1
26744,N6643 /1 undetected,output,,N6643,N6643,1,undetected,N6643,N6643,N6643,sa1,1
26745,N6640 /1 undetected,output,,N6640,N6640,1,undetected,N6640,N6640,N6640,sa1,1
26746,N96929 /1 undetected,output,,N96929,N96929,1,undetected,N96929,N96929,N96929,sa1,1
26747,N6638 /1 undetected,output,,N6638,N6638,1,undetected,N6638,N6638,N6638,sa1,1
26748,N97838 /1 undetected,output,,N97838,N97838,1,undetected,N97838,N97838,N97838,sa1,1
26749,N86970 /1 undetected,output,,N86970,N86970,1,undetected,N86970,N86970,N86970,sa1,1
26750,N6637 /1 undetected,output,,N6637,N6637,1,undetected,N6637,N6637,N6637,sa1,1
26751,N97858 /1 undetected,output,,N97858,N97858,1,undetected,N97858,N97858,N97858,sa1,1
26752,N97073 /1 undetected,output,,N97073,N97073,1,undetected,N97073,N97073,N97073,sa1,1
26753,N92352 /1 undetected,output,,N92352,N92352,1,undetected,N92352,N92352,N92352,sa1,1
26754,N5923 /1 undetected,output,,N5923,N5923,1,undetected,N5923,N5923,N5923,sa1,1
26755,N5920 /1 undetected,output,,N5920,N5920,1,undetected,N5920,N5920,N5920,sa1,1
26756,N96928 /1 undetected,output,,N96928,N96928,1,undetected,N96928,N96928,N96928,sa1,1
26757,N5918 /1 undetected,output,,N5918,N5918,1,undetected,N5918,N5918,N5918,sa1,1
26758,N97537 /1 undetected,output,,N97537,N97537,1,undetected,N97537,N97537,N97537,sa1,1
26759,N86904 /1 undetected,output,,N86904,N86904,1,undetected,N86904,N86904,N86904,sa1,1
26760,N5917 /1 undetected,output,,N5917,N5917,1,undetected,N5917,N5917,N5917,sa1,1
26761,N97570 /1 undetected,output,,N97570,N97570,1,undetected,N97570,N97570,N97570,sa1,1
26762,N97071 /1 undetected,output,,N97071,N97071,1,undetected,N97071,N97071,N97071,sa1,1
26763,N92351 /1 undetected,output,,N92351,N92351,1,undetected,N92351,N92351,N92351,sa1,1
26764,N5572 /1 undetected,output,,N5572,N5572,1,undetected,N5572,N5572,N5572,sa1,1
26765,N5569 /1 undetected,output,,N5569,N5569,1,undetected,N5569,N5569,N5569,sa1,1
26766,N96927 /1 undetected,output,,N96927,N96927,1,undetected,N96927,N96927,N96927,sa1,1
26767,N5567 /1 undetected,output,,N5567,N5567,1,undetected,N5567,N5567,N5567,sa1,1
26768,N97435 /1 undetected,output,,N97435,N97435,1,undetected,N97435,N97435,N97435,sa1,1
26769,N86869 /1 undetected,output,,N86869,N86869,1,undetected,N86869,N86869,N86869,sa1,1
26770,N5566 /1 undetected,output,,N5566,N5566,1,undetected,N5566,N5566,N5566,sa1,1
26771,N97462 /1 undetected,output,,N97462,N97462,1,undetected,N97462,N97462,N97462,sa1,1
26772,N97070 /1 undetected,output,,N97070,N97070,1,undetected,N97070,N97070,N97070,sa1,1
26773,N5232 /1 undetected,output,,N5232,N5232,1,undetected,N5232,N5232,N5232,sa1,1
26774,N5230 /1 undetected,output,,N5230,N5230,1,undetected,N5230,N5230,N5230,sa1,1
26775,N97312 /1 undetected,output,,N97312,N97312,1,undetected,N97312,N97312,N97312,sa1,1
26776,N5228 /1 undetected,output,,N5228,N5228,1,undetected,N5228,N5228,N5228,sa1,1
26777,N5226 /1 undetected,output,,N5226,N5226,1,undetected,N5226,N5226,N5226,sa1,1
26778,N85354 /1 undetected,output,,N85354,N85354,1,undetected,N85354,N85354,N85354,sa1,1
26779,N5225 /1 undetected,output,,N5225,N5225,1,undetected,N5225,N5225,N5225,sa1,1
26780,N96926 /1 undetected,output,,N96926,N96926,1,undetected,N96926,N96926,N96926,sa1,1
26781,N5223 /1 undetected,output,,N5223,N5223,1,undetected,N5223,N5223,N5223,sa1,1
26782,N97345 /1 undetected,output,,N97345,N97345,1,undetected,N97345,N97345,N97345,sa1,1
26783,N86836 /1 undetected,output,,N86836,N86836,1,undetected,N86836,N86836,N86836,sa1,1
26784,N5222 /1 undetected,output,,N5222,N5222,1,undetected,N5222,N5222,N5222,sa1,1
26785,N97347 /1 undetected,output,,N97347,N97347,1,undetected,N97347,N97347,N97347,sa1,1
26786,N97069 /1 undetected,output,,N97069,N97069,1,undetected,N97069,N97069,N97069,sa1,1
26787,N3549 /1 undetected,output,,N3549,N3549,1,undetected,N3549,N3549,N3549,sa1,1
26788,N3549 /0 undetected,output,,N3549,N3549,0,undetected,N3549,N3549,N3549,sa0,1
26789,N3548 /1 undetected,output,,N3548,N3548,1,undetected,N3548,N3548,N3548,sa1,1
26790,N96448 /1 undetected,output,,N96448,N96448,1,undetected,N96448,N96448,N96448,sa1,1
26791,N96365 /1 undetected,output,,N96365,N96365,1,undetected,N96365,N96365,N96365,sa1,1
26792,N3546 /1 undetected,output,,N3546,N3546,1,undetected,N3546,N3546,N3546,sa1,1
26793,N93209 /1 undetected,output,,N93209,N93209,1,undetected,N93209,N93209,N93209,sa1,1
26794,N86697 /1 undetected,output,,N86697,N86697,1,undetected,N86697,N86697,N86697,sa1,1
26795,N3418 /1 undetected,output,,N3418,N3418,1,undetected,N3418,N3418,N3418,sa1,1
26796,N3418 /0 undetected,output,,N3418,N3418,0,undetected,N3418,N3418,N3418,sa0,1
26797,N93214 /1 undetected,output,,N93214,N93214,1,undetected,N93214,N93214,N93214,sa1,1
26798,N3417 /1 undetected,output,,N3417,N3417,1,undetected,N3417,N3417,N3417,sa1,1
26799,N96364 /1 undetected,output,,N96364,N96364,1,undetected,N96364,N96364,N96364,sa1,1
26800,N96133 /1 undetected,output,,N96133,N96133,1,undetected,N96133,N96133,N96133,sa1,1
26801,N16484 /1 undetected,output,,N16484,N16484,1,undetected,N16484,N16484,N16484,sa1,1
26802,N16484 /0 undetected,output,,N16484,N16484,0,undetected,N16484,N16484,N16484,sa0,1
26803,N103073 /1 undetected,output,,N103073,N103073,1,undetected,N103073,N103073,N103073,sa1,1
26804,N16477 /1 undetected,output,,N16477,N16477,1,undetected,N16477,N16477,N16477,sa1,1
26805,N85295 /1 undetected,output,,N85295,N85295,1,undetected,N85295,N85295,N85295,sa1,1
26806,N16476 /1 undetected,output,,N16476,N16476,1,undetected,N16476,N16476,N16476,sa1,1
26807,N16474 /1 undetected,output,,N16474,N16474,1,undetected,N16474,N16474,N16474,sa1,1
26808,N103068 /1 undetected,output,,N103068,N103068,1,undetected,N103068,N103068,N103068,sa1,1
26809,N16473 /1 undetected,output,,N16473,N16473,1,undetected,N16473,N16473,N16473,sa1,1
26810,N87210 /1 undetected,output,,N87210,N87210,1,undetected,N87210,N87210,N87210,sa1,1
26811,N16472 /1 undetected,output,,N16472,N16472,1,undetected,N16472,N16472,N16472,sa1,1
26812,N91396 /1 undetected,output,,N91396,N91396,1,undetected,N91396,N91396,N91396,sa1,1
26813,N16344 /1 undetected,output,,N16344,N16344,1,undetected,N16344,N16344,N16344,sa1,1
26814,N16470 /1 undetected,output,,N16470,N16470,1,undetected,N16470,N16470,N16470,sa1,1
26815,N103047 /1 undetected,output,,N103047,N103047,1,undetected,N103047,N103047,N103047,sa1,1
26816,N99239 /1 undetected,output,,N99239,N99239,1,undetected,N99239,N99239,N99239,sa1,1
26817,N16369 /1 undetected,output,,N16369,N16369,1,undetected,N16369,N16369,N16369,sa1,1
26818,N16369 /0 undetected,output,,N16369,N16369,0,undetected,N16369,N16369,N16369,sa0,1
26819,N16366 /1 undetected,output,,N16366,N16366,1,undetected,N16366,N16366,N16366,sa1,1
26820,N103071 /1 undetected,output,,N103071,N103071,1,undetected,N103071,N103071,N103071,sa1,1
26821,N77964 /1 undetected,output,,N77964,N77964,1,undetected,N77964,N77964,N77964,sa1,1
26822,N16352 /1 undetected,output,,N16352,N16352,1,undetected,N16352,N16352,N16352,sa1,1
26823,N103055 /1 undetected,output,,N103055,N103055,1,undetected,N103055,N103055,N103055,sa1,1
26824,N99228 /1 undetected,output,,N99228,N99228,1,undetected,N99228,N99228,N99228,sa1,1
26825,N15288 /1 undetected,output,,N15288,N15288,1,undetected,N15288,N15288,N15288,sa1,1
26826,N102566 /1 undetected,output,,N102566,N102566,1,undetected,N102566,N102566,N102566,sa1,1
26827,N15286 /1 undetected,output,,N15286,N15286,1,undetected,N15286,N15286,N15286,sa1,1
26828,N15284 /1 undetected,output,,N15284,N15284,1,undetected,N15284,N15284,N15284,sa1,1
26829,N15281 /1 undetected,output,,N15281,N15281,1,undetected,N15281,N15281,N15281,sa1,1
26830,N102235 /1 undetected,output,,N102235,N102235,1,undetected,N102235,N102235,N102235,sa1,1
26831,N76744 /1 undetected,output,,N76744,N76744,1,undetected,N76744,N76744,N76744,sa1,1
26832,N8287 /1 undetected,output,,N8287,N8287,1,undetected,N8287,N8287,N8287,sa1,1
26833,N98380 /1 undetected,output,,N98380,N98380,1,undetected,N98380,N98380,N98380,sa1,1
26834,N8286 /1 undetected,output,,N8286,N8286,1,undetected,N8286,N8286,N8286,sa1,1
26835,N98347 /1 undetected,output,,N98347,N98347,1,undetected,N98347,N98347,N98347,sa1,1
26836,N21129 /1 undetected,output,,N21129,N21129,1,undetected,N21129,N21129,N21129,sa1,1
26837,N21129 /0 undetected,output,,N21129,N21129,0,undetected,N21129,N21129,N21129,sa0,1
26838,N104411 /1 undetected,output,,N104411,N104411,1,undetected,N104411,N104411,N104411,sa1,1
26839,N104386 /1 undetected,output,,N104386,N104386,1,undetected,N104386,N104386,N104386,sa1,1
26840,N20896 /1 undetected,output,,N20896,N20896,1,undetected,N20896,N20896,N20896,sa1,1
26841,N20896 /0 undetected,output,,N20896,N20896,0,undetected,N20896,N20896,N20896,sa0,1
26842,N104385 /1 undetected,output,,N104385,N104385,1,undetected,N104385,N104385,N104385,sa1,1
26843,N104371 /1 undetected,output,,N104371,N104371,1,undetected,N104371,N104371,N104371,sa1,1
26844,N98348 /1 undetected,output,,N98348,N98348,1,undetected,N98348,N98348,N98348,sa1,1
26845,N3503 /1 undetected,output,,N3503,N3503,1,undetected,N3503,N3503,N3503,sa1,1
26846,N96420 /1 undetected,output,,N96420,N96420,1,undetected,N96420,N96420,N96420,sa1,1
26847,N86695 /1 undetected,output,,N86695,N86695,1,undetected,N86695,N86695,N86695,sa1,1
26848,N55116 /1 undetected,output,,N55116,N55116,1,undetected,N55116,N55116,N55116,sa1,1
26849,N55114 /1 undetected,output,,N55114,N55114,1,undetected,N55114,N55114,N55114,sa1,1
26850,N54593 /1 undetected,output,,N54593,N54593,1,undetected,N54593,N54593,N54593,sa1,1
26851,N54593 /0 undetected,output,,N54593,N54593,0,undetected,N54593,N54593,N54593,sa0,1
26852,N120720 /1 undetected,output,,N120720,N120720,1,undetected,N120720,N120720,N120720,sa1,1
26853,N120263 /1 undetected,output,,N120263,N120263,1,undetected,N120263,N120263,N120263,sa1,1
26854,N52937 /1 undetected,output,,N52937,N52937,1,undetected,N52937,N52937,N52937,sa1,1
26855,N52937 /0 undetected,output,,N52937,N52937,0,undetected,N52937,N52937,N52937,sa0,1
26856,N120211 /1 undetected,output,,N120211,N120211,1,undetected,N120211,N120211,N120211,sa1,1
26857,N105850 /1 undetected,output,,N105850,N105850,1,undetected,N105850,N105850,N105850,sa1,1
26858,N52591 /1 undetected,output,,N52591,N52591,1,undetected,N52591,N52591,N52591,sa1,1
26859,N52591 /0 undetected,output,,N52591,N52591,0,undetected,N52591,N52591,N52591,sa0,1
26860,N120121 /1 undetected,output,,N120121,N120121,1,undetected,N120121,N120121,N120121,sa1,1
26861,N93697 /1 undetected,output,,N93697,N93697,1,undetected,N93697,N93697,N93697,sa1,1
26862,N49259 /1 undetected,output,,N49259,N49259,1,undetected,N49259,N49259,N49259,sa1,1
26863,N118802 /1 undetected,output,,N118802,N118802,1,undetected,N118802,N118802,N118802,sa1,1
26864,N85659 /1 undetected,output,,N85659,N85659,1,undetected,N85659,N85659,N85659,sa1,1
26865,N32397 /1 undetected,output,,N32397,N32397,1,undetected,N32397,N32397,N32397,sa1,1
26866,N113357 /1 undetected,output,,N113357,N113357,1,undetected,N113357,N113357,N113357,sa1,1
26867,N95939 /1 undetected,output,,N95939,N95939,1,undetected,N95939,N95939,N95939,sa1,1
26868,N30537 /1 undetected,output,,N30537,N30537,1,undetected,N30537,N30537,N30537,sa1,1
26869,N30537 /0 undetected,output,,N30537,N30537,0,undetected,N30537,N30537,N30537,sa0,1
26870,N113667 /1 undetected,output,,N113667,N113667,1,undetected,N113667,N113667,N113667,sa1,1
26871,N95801 /1 undetected,output,,N95801,N95801,1,undetected,N95801,N95801,N95801,sa1,1
26872,N30460 /1 undetected,output,,N30460,N30460,1,undetected,N30460,N30460,N30460,sa1,1
26873,N113318 /1 undetected,output,,N113318,N113318,1,undetected,N113318,N113318,N113318,sa1,1
26874,N27268 /1 undetected,output,,N27268,N27268,1,undetected,N27268,N27268,N27268,sa1,1
26875,N27268 /0 undetected,output,,N27268,N27268,0,undetected,N27268,N27268,N27268,sa0,1
26876,N112040 /1 undetected,output,,N112040,N112040,1,undetected,N112040,N112040,N112040,sa1,1
26877,N27266 /1 undetected,output,,N27266,N27266,1,undetected,N27266,N27266,N27266,sa1,1
26878,N27267 /0 undetected,output,,N27267,N27267,0,undetected,N27267,N27267,N27267,sa0,1
26879,N112039 /1 undetected,output,,N112039,N112039,1,undetected,N112039,N112039,N112039,sa1,1
26880,N95934 /1 undetected,output,,N95934,N95934,1,undetected,N95934,N95934,N95934,sa1,1
26881,N27177 /1 undetected,output,,N27177,N27177,1,undetected,N27177,N27177,N27177,sa1,1
26882,N27177 /0 undetected,output,,N27177,N27177,0,undetected,N27177,N27177,N27177,sa0,1
26883,N112038 /1 undetected,output,,N112038,N112038,1,undetected,N112038,N112038,N112038,sa1,1
26884,N95796 /1 undetected,output,,N95796,N95796,1,undetected,N95796,N95796,N95796,sa1,1
26885,N25029 /1 undetected,output,,N25029,N25029,1,undetected,N25029,N25029,N25029,sa1,1
26886,N25029 /0 undetected,output,,N25029,N25029,0,undetected,N25029,N25029,N25029,sa0,1
26887,N105773 /1 undetected,output,,N105773,N105773,1,undetected,N105773,N105773,N105773,sa1,1
26888,N25028 /1 undetected,output,,N25028,N25028,1,undetected,N25028,N25028,N25028,sa1,1
26889,N108958 /1 undetected,output,,N108958,N108958,1,undetected,N108958,N108958,N108958,sa1,1
26890,N106496 /1 undetected,output,,N106496,N106496,1,undetected,N106496,N106496,N106496,sa1,1
26891,N24552 /1 undetected,output,,N24552,N24552,1,undetected,N24552,N24552,N24552,sa1,1
26892,N24552 /0 undetected,output,,N24552,N24552,0,undetected,N24552,N24552,N24552,sa0,1
26893,N105772 /1 undetected,output,,N105772,N105772,1,undetected,N105772,N105772,N105772,sa1,1
26894,N93537 /1 undetected,output,,N93537,N93537,1,undetected,N93537,N93537,N93537,sa1,1
26895,N24106 /1 undetected,output,,N24106,N24106,1,undetected,N24106,N24106,N24106,sa1,1
26896,N24106 /0 undetected,output,,N24106,N24106,0,undetected,N24106,N24106,N24106,sa0,1
26897,N106641 /1 undetected,output,,N106641,N106641,1,undetected,N106641,N106641,N106641,sa1,1
26898,N93583 /1 undetected,output,,N93583,N93583,1,undetected,N93583,N93583,N93583,sa1,1
26899,N23960 /1 undetected,output,,N23960,N23960,1,undetected,N23960,N23960,N23960,sa1,1
26900,N23960 /0 undetected,output,,N23960,N23960,0,undetected,N23960,N23960,N23960,sa0,1
26901,N23910 /0 undetected,output,,N23910,N23910,0,undetected,N23910,N23910,N23910,sa0,1
26902,N85926 /1 undetected,output,,N85926,N85926,1,undetected,N85926,N85926,N85926,sa1,1
26903,N23856 /1 undetected,output,,N23856,N23856,1,undetected,N23856,N23856,N23856,sa1,1
26904,N23856 /0 undetected,output,,N23856,N23856,0,undetected,N23856,N23856,N23856,sa0,1
26905,N105821 /1 undetected,output,,N105821,N105821,1,undetected,N105821,N105821,N105821,sa1,1
26906,N105782 /1 undetected,output,,N105782,N105782,1,undetected,N105782,N105782,N105782,sa1,1
26907,N23852 /1 undetected,output,,N23852,N23852,1,undetected,N23852,N23852,N23852,sa1,1
26908,N23852 /0 undetected,output,,N23852,N23852,0,undetected,N23852,N23852,N23852,sa0,1
26909,N105849 /1 undetected,output,,N105849,N105849,1,undetected,N105849,N105849,N105849,sa1,1
26910,N23851 /1 undetected,output,,N23851,N23851,1,undetected,N23851,N23851,N23851,sa1,1
26911,N105806 /1 undetected,output,,N105806,N105806,1,undetected,N105806,N105806,N105806,sa1,1
26912,N75735 /1 undetected,output,,N75735,N75735,1,undetected,N75735,N75735,N75735,sa1,1
26913,N23748 /1 undetected,output,,N23748,N23748,1,undetected,N23748,N23748,N23748,sa1,1
26914,N23748 /0 undetected,output,,N23748,N23748,0,undetected,N23748,N23748,N23748,sa0,1
26915,N105848 /1 undetected,output,,N105848,N105848,1,undetected,N105848,N105848,N105848,sa1,1
26916,N23747 /1 undetected,output,,N23747,N23747,1,undetected,N23747,N23747,N23747,sa1,1
26917,N105804 /1 undetected,output,,N105804,N105804,1,undetected,N105804,N105804,N105804,sa1,1
26918,N75764 /1 undetected,output,,N75764,N75764,1,undetected,N75764,N75764,N75764,sa1,1
26919,N23721 /1 undetected,output,,N23721,N23721,1,undetected,N23721,N23721,N23721,sa1,1
26920,N23721 /0 undetected,output,,N23721,N23721,0,undetected,N23721,N23721,N23721,sa0,1
26921,N105701 /1 undetected,output,,N105701,N105701,1,undetected,N105701,N105701,N105701,sa1,1
26922,N75762 /1 undetected,output,,N75762,N75762,1,undetected,N75762,N75762,N75762,sa1,1
26923,N13320 /1 undetected,output,,N13320,N13320,1,undetected,N13320,N13320,N13320,sa1,1
26924,N13320 /0 undetected,output,,N13320,N13320,0,undetected,N13320,N13320,N13320,sa0,1
26925,N94553 /1 undetected,output,,N94553,N94553,1,undetected,N94553,N94553,N94553,sa1,1
26926,N94473 /1 undetected,output,,N94473,N94473,1,undetected,N94473,N94473,N94473,sa1,1
26927,N110318 /1 undetected,output,,N110318,N110318,1,undetected,N110318,N110318,N110318,sa1,1
26928,N110047 /1 undetected,output,,N110047,N110047,1,undetected,N110047,N110047,N110047,sa1,1
26929,N110045 /1 undetected,output,,N110045,N110045,1,undetected,N110045,N110045,N110045,sa1,1
26930,N110312 /1 undetected,output,,N110312,N110312,1,undetected,N110312,N110312,N110312,sa1,1
26931,N110307 /1 undetected,output,,N110307,N110307,1,undetected,N110307,N110307,N110307,sa1,1
26932,N110305 /1 undetected,output,,N110305,N110305,1,undetected,N110305,N110305,N110305,sa1,1
26933,N110001 /1 undetected,output,,N110001,N110001,1,undetected,N110001,N110001,N110001,sa1,1
26934,N109999 /1 undetected,output,,N109999,N109999,1,undetected,N109999,N109999,N109999,sa1,1
26935,N12862 /1 undetected,output,,N12862,N12862,1,undetected,N12862,N12862,N12862,sa1,1
26936,N12862 /0 undetected,output,,N12862,N12862,0,undetected,N12862,N12862,N12862,sa0,1
26937,N92174 /1 undetected,output,,N92174,N92174,1,undetected,N92174,N92174,N92174,sa1,1
26938,N12860 /1 undetected,output,,N12860,N12860,1,undetected,N12860,N12860,N12860,sa1,1
26939,N23652 /0 undetected,output,,N23652,N23652,0,undetected,N23652,N23652,N23652,sa0,1
26940,N88362 /1 undetected,output,,N88362,N88362,1,undetected,N88362,N88362,N88362,sa1,1
26941,N23649 /1 undetected,output,,N23649,N23649,1,undetected,N23649,N23649,N23649,sa1,1
26942,N23648 /1 undetected,output,,N23648,N23648,1,undetected,N23648,N23648,N23648,sa1,1
26943,N105582 /1 undetected,output,,N105582,N105582,1,undetected,N105582,N105582,N105582,sa1,1
26944,N19703 /1 undetected,output,,N19703,N19703,1,undetected,N19703,N19703,N19703,sa1,1
26945,N100028 /1 undetected,output,,N100028,N100028,1,undetected,N100028,N100028,N100028,sa1,1
26946,N94091 /1 undetected,output,,N94091,N94091,1,undetected,N94091,N94091,N94091,sa1,1
26947,N23641 /1 undetected,output,,N23641,N23641,1,undetected,N23641,N23641,N23641,sa1,1
26948,N94268 /1 undetected,output,,N94268,N94268,1,undetected,N94268,N94268,N94268,sa1,1
26949,N23638 /1 undetected,output,,N23638,N23638,1,undetected,N23638,N23638,N23638,sa1,1
26950,N105586 /1 undetected,output,,N105586,N105586,1,undetected,N105586,N105586,N105586,sa1,1
26951,N75370 /1 undetected,output,,N75370,N75370,1,undetected,N75370,N75370,N75370,sa1,1
26952,N23636 /1 undetected,output,,N23636,N23636,1,undetected,N23636,N23636,N23636,sa1,1
26953,N105587 /1 undetected,output,,N105587,N105587,1,undetected,N105587,N105587,N105587,sa1,1
26954,N85335 /1 undetected,output,,N85335,N85335,1,undetected,N85335,N85335,N85335,sa1,1
26955,N14561 /1 undetected,output,,N14561,N14561,1,undetected,N14561,N14561,N14561,sa1,1
26956,N86426 /1 undetected,output,,N86426,N86426,1,undetected,N86426,N86426,N86426,sa1,1
26957,N11465 /1 undetected,output,,N11465,N11465,1,undetected,N11465,N11465,N11465,sa1,1
26958,N99832 /1 undetected,output,,N99832,N99832,1,undetected,N99832,N99832,N99832,sa1,1
26959,N11464 /1 undetected,output,,N11464,N11464,1,undetected,N11464,N11464,N11464,sa1,1
26960,N11450 /1 undetected,output,,N11450,N11450,1,undetected,N11450,N11450,N11450,sa1,1
26961,N96679 /1 undetected,output,,N96679,N96679,1,undetected,N96679,N96679,N96679,sa1,1
26962,N96648 /1 undetected,output,,N96648,N96648,1,undetected,N96648,N96648,N96648,sa1,1
26963,N20095 /0 undetected,output,,N20095,N20095,0,undetected,N20095,N20095,N20095,sa0,1
26964,N20094 /1 undetected,output,,N20094,N20094,1,undetected,N20094,N20094,N20094,sa1,1
26965,N84273 /1 undetected,output,,N84273,N84273,1,undetected,N84273,N84273,N84273,sa1,1
26966,N20092 /1 undetected,output,,N20092,N20092,1,undetected,N20092,N20092,N20092,sa1,1
26967,N20069 /1 undetected,output,,N20069,N20069,1,undetected,N20069,N20069,N20069,sa1,1
26968,N20069 /0 undetected,output,,N20069,N20069,0,undetected,N20069,N20069,N20069,sa0,1
26969,N104319 /1 undetected,output,,N104319,N104319,1,undetected,N104319,N104319,N104319,sa1,1
26970,N92983 /1 undetected,output,,N92983,N92983,1,undetected,N92983,N92983,N92983,sa1,1
26971,N19844 /1 undetected,output,,N19844,N19844,1,undetected,N19844,N19844,N19844,sa1,1
26972,N19844 /0 undetected,output,,N19844,N19844,0,undetected,N19844,N19844,N19844,sa0,1
26973,N19843 /1 undetected,output,,N19843,N19843,1,undetected,N19843,N19843,N19843,sa1,1
26974,N104074 /1 undetected,output,,N104074,N104074,1,undetected,N104074,N104074,N104074,sa1,1
26975,N93710 /1 undetected,output,,N93710,N93710,1,undetected,N93710,N93710,N93710,sa1,1
26976,N19841 /1 undetected,output,,N19841,N19841,1,undetected,N19841,N19841,N19841,sa1,1
26977,N104069 /1 undetected,output,,N104069,N104069,1,undetected,N104069,N104069,N104069,sa1,1
26978,N93721 /1 undetected,output,,N93721,N93721,1,undetected,N93721,N93721,N93721,sa1,1
26979,N19837 /1 undetected,output,,N19837,N19837,1,undetected,N19837,N19837,N19837,sa1,1
26980,N19837 /0 undetected,output,,N19837,N19837,0,undetected,N19837,N19837,N19837,sa0,1
26981,N19836 /1 undetected,output,,N19836,N19836,1,undetected,N19836,N19836,N19836,sa1,1
26982,N104073 /1 undetected,output,,N104073,N104073,1,undetected,N104073,N104073,N104073,sa1,1
26983,N100117 /1 undetected,output,,N100117,N100117,1,undetected,N100117,N100117,N100117,sa1,1
26984,N19827 /1 undetected,output,,N19827,N19827,1,undetected,N19827,N19827,N19827,sa1,1
26985,N104068 /1 undetected,output,,N104068,N104068,1,undetected,N104068,N104068,N104068,sa1,1
26986,N100109 /1 undetected,output,,N100109,N100109,1,undetected,N100109,N100109,N100109,sa1,1
26987,N92543 /1 undetected,output,,N92543,N92543,1,undetected,N92543,N92543,N92543,sa1,1
26988,N92683 /1 undetected,output,,N92683,N92683,1,undetected,N92683,N92683,N92683,sa1,1
26989,N92542 /1 undetected,output,,N92542,N92542,1,undetected,N92542,N92542,N92542,sa1,1
26990,N92682 /1 undetected,output,,N92682,N92682,1,undetected,N92682,N92682,N92682,sa1,1
26991,N92541 /1 undetected,output,,N92541,N92541,1,undetected,N92541,N92541,N92541,sa1,1
26992,N92681 /1 undetected,output,,N92681,N92681,1,undetected,N92681,N92681,N92681,sa1,1
26993,N92540 /1 undetected,output,,N92540,N92540,1,undetected,N92540,N92540,N92540,sa1,1
26994,N92680 /1 undetected,output,,N92680,N92680,1,undetected,N92680,N92680,N92680,sa1,1
26995,N92539 /1 undetected,output,,N92539,N92539,1,undetected,N92539,N92539,N92539,sa1,1
26996,N92679 /1 undetected,output,,N92679,N92679,1,undetected,N92679,N92679,N92679,sa1,1
26997,N6094 /1 undetected,output,,N6094,N6094,1,undetected,N6094,N6094,N6094,sa1,1
26998,N97554 /1 undetected,output,,N97554,N97554,1,undetected,N97554,N97554,N97554,sa1,1
26999,N19512 /1 undetected,output,,N19512,N19512,1,undetected,N19512,N19512,N19512,sa1,1
27000,N19512 /0 undetected,output,,N19512,N19512,0,undetected,N19512,N19512,N19512,sa0,1
27001,N19511 /1 undetected,output,,N19511,N19511,1,undetected,N19511,N19511,N19511,sa1,1
27002,N103906 /1 undetected,output,,N103906,N103906,1,undetected,N103906,N103906,N103906,sa1,1
27003,N93720 /1 undetected,output,,N93720,N93720,1,undetected,N93720,N93720,N93720,sa1,1
27004,N19509 /1 undetected,output,,N19509,N19509,1,undetected,N19509,N19509,N19509,sa1,1
27005,N103989 /1 undetected,output,,N103989,N103989,1,undetected,N103989,N103989,N103989,sa1,1
27006,N93709 /1 undetected,output,,N93709,N93709,1,undetected,N93709,N93709,N93709,sa1,1
27007,N19507 /0 undetected,output,,N19507,N19507,0,undetected,N19507,N19507,N19507,sa0,1
27008,N103988 /1 undetected,output,,N103988,N103988,1,undetected,N103988,N103988,N103988,sa1,1
27009,N100116 /1 undetected,output,,N100116,N100116,1,undetected,N100116,N100116,N100116,sa1,1
27010,N19495 /1 undetected,output,,N19495,N19495,1,undetected,N19495,N19495,N19495,sa1,1
27011,N103905 /1 undetected,output,,N103905,N103905,1,undetected,N103905,N103905,N103905,sa1,1
27012,N100108 /1 undetected,output,,N100108,N100108,1,undetected,N100108,N100108,N100108,sa1,1
27013,N11603 /0 undetected,output,,N11603,N11603,0,undetected,N11603,N11603,N11603,sa0,1
27014,N84494 /1 undetected,output,,N84494,N84494,1,undetected,N84494,N84494,N84494,sa1,1
27015,N2618 /0 undetected,output,,N2618,N2618,0,undetected,N2618,N2618,N2618,sa0,1
27016,N2616 /1 undetected,output,,N2616,N2616,1,undetected,N2616,N2616,N2616,sa1,1
27017,N94155 /1 undetected,output,,N94155,N94155,1,undetected,N94155,N94155,N94155,sa1,1
27018,N2587 /1 undetected,output,,N2587,N2587,1,undetected,N2587,N2587,N2587,sa1,1
27019,N94129 /1 undetected,output,,N94129,N94129,1,undetected,N94129,N94129,N94129,sa1,1
27020,N54555 /1 undetected,output,,N54555,N54555,1,undetected,N54555,N54555,N54555,sa1,1
27021,N54555 /0 undetected,output,,N54555,N54555,0,undetected,N54555,N54555,N54555,sa0,1
27022,N53599 /1 undetected,output,,N53599,N53599,1,undetected,N53599,N53599,N53599,sa1,1
27023,N53599 /0 undetected,output,,N53599,N53599,0,undetected,N53599,N53599,N53599,sa0,1
27024,N49830 /1 undetected,output,,N49830,N49830,1,undetected,N49830,N49830,N49830,sa1,1
27025,N49830 /0 undetected,output,,N49830,N49830,0,undetected,N49830,N49830,N49830,sa0,1
27026,N119084 /1 undetected,output,,N119084,N119084,1,undetected,N119084,N119084,N119084,sa1,1
27027,N108904 /1 undetected,output,,N108904,N108904,1,undetected,N108904,N108904,N108904,sa1,1
27028,N49236 /0 undetected,output,,N49236,N49236,0,undetected,N49236,N49236,N49236,sa0,1
27029,N107696 /1 undetected,output,,N107696,N107696,1,undetected,N107696,N107696,N107696,sa1,1
27030,N32342 /1 undetected,output,,N32342,N32342,1,undetected,N32342,N32342,N32342,sa1,1
27031,N32342 /0 undetected,output,,N32342,N32342,0,undetected,N32342,N32342,N32342,sa0,1
27032,N31080 /1 undetected,output,,N31080,N31080,1,undetected,N31080,N31080,N31080,sa1,1
27033,N31080 /0 undetected,output,,N31080,N31080,0,undetected,N31080,N31080,N31080,sa0,1
27034,N113511 /1 undetected,output,,N113511,N113511,1,undetected,N113511,N113511,N113511,sa1,1
27035,N95937 /1 undetected,output,,N95937,N95937,1,undetected,N95937,N95937,N95937,sa1,1
27036,N30350 /1 undetected,output,,N30350,N30350,1,undetected,N30350,N30350,N30350,sa1,1
27037,N30350 /0 undetected,output,,N30350,N30350,0,undetected,N30350,N30350,N30350,sa0,1
27038,N25244 /1 undetected,output,,N25244,N25244,1,undetected,N25244,N25244,N25244,sa1,1
27039,N25244 /0 undetected,output,,N25244,N25244,0,undetected,N25244,N25244,N25244,sa0,1
27040,N25037 /1 undetected,output,,N25037,N25037,1,undetected,N25037,N25037,N25037,sa1,1
27041,N25037 /0 undetected,output,,N25037,N25037,0,undetected,N25037,N25037,N25037,sa0,1
27042,N24849 /1 undetected,output,,N24849,N24849,1,undetected,N24849,N24849,N24849,sa1,1
27043,N24849 /0 undetected,output,,N24849,N24849,0,undetected,N24849,N24849,N24849,sa0,1
27044,N24026 /1 undetected,output,,N24026,N24026,1,undetected,N24026,N24026,N24026,sa1,1
27045,N24026 /0 undetected,output,,N24026,N24026,0,undetected,N24026,N24026,N24026,sa0,1
27046,N23789 /1 undetected,output,,N23789,N23789,1,undetected,N23789,N23789,N23789,sa1,1
27047,N105897 /1 undetected,output,,N105897,N105897,1,undetected,N105897,N105897,N105897,sa1,1
27048,N23788 /1 undetected,output,,N23788,N23788,1,undetected,N23788,N23788,N23788,sa1,1
27049,N23785 /1 undetected,output,,N23785,N23785,1,undetected,N23785,N23785,N23785,sa1,1
27050,N105893 /1 undetected,output,,N105893,N105893,1,undetected,N105893,N105893,N105893,sa1,1
27051,N75305 /1 undetected,output,,N75305,N75305,1,undetected,N75305,N75305,N75305,sa1,1
27052,N23719 /1 undetected,output,,N23719,N23719,1,undetected,N23719,N23719,N23719,sa1,1
27053,N110317 /1 undetected,output,,N110317,N110317,1,undetected,N110317,N110317,N110317,sa1,1
27054,N110316 /1 undetected,output,,N110316,N110316,1,undetected,N110316,N110316,N110316,sa1,1
27055,N110315 /1 undetected,output,,N110315,N110315,1,undetected,N110315,N110315,N110315,sa1,1
27056,N110313 /1 undetected,output,,N110313,N110313,1,undetected,N110313,N110313,N110313,sa1,1
27057,N110311 /1 undetected,output,,N110311,N110311,1,undetected,N110311,N110311,N110311,sa1,1
27058,N110310 /1 undetected,output,,N110310,N110310,1,undetected,N110310,N110310,N110310,sa1,1
27059,N110034 /1 undetected,output,,N110034,N110034,1,undetected,N110034,N110034,N110034,sa1,1
27060,N110031 /1 undetected,output,,N110031,N110031,1,undetected,N110031,N110031,N110031,sa1,1
27061,N110308 /1 undetected,output,,N110308,N110308,1,undetected,N110308,N110308,N110308,sa1,1
27062,N110025 /1 undetected,output,,N110025,N110025,1,undetected,N110025,N110025,N110025,sa1,1
27063,N110306 /1 undetected,output,,N110306,N110306,1,undetected,N110306,N110306,N110306,sa1,1
27064,N110012 /1 undetected,output,,N110012,N110012,1,undetected,N110012,N110012,N110012,sa1,1
27065,N110880 /1 undetected,output,,N110880,N110880,1,undetected,N110880,N110880,N110880,sa1,1
27066,N88522 /1 undetected,output,,N88522,N88522,1,undetected,N88522,N88522,N88522,sa1,1
27067,N83202 /1 undetected,output,,N83202,N83202,1,undetected,N83202,N83202,N83202,sa1,1
27068,N69684 /1 undetected,output,,N69684,N69684,1,undetected,N69684,N69684,N69684,sa1,1
27069,N77771 /1 undetected,output,,N77771,N77771,1,undetected,N77771,N77771,N77771,sa1,1
27070,N69497 /0 undetected,output,,N69497,N69497,0,undetected,N69497,N69497,N69497,sa0,1
27071,N12740 /0 undetected,output,,N12740,N12740,0,undetected,N12740,N12740,N12740,sa0,1
27072,N12739 /1 undetected,output,,N12739,N12739,1,undetected,N12739,N12739,N12739,sa1,1
27073,N100581 /1 undetected,output,,N100581,N100581,1,undetected,N100581,N100581,N100581,sa1,1
27074,N12737 /1 undetected,output,,N12737,N12737,1,undetected,N12737,N12737,N12737,sa1,1
27075,N84162 /1 undetected,output,,N84162,N84162,1,undetected,N84162,N84162,N84162,sa1,1
27076,N12735 /1 undetected,output,,N12735,N12735,1,undetected,N12735,N12735,N12735,sa1,1
27077,N100594 /1 undetected,output,,N100594,N100594,1,undetected,N100594,N100594,N100594,sa1,1
27078,N12733 /1 undetected,output,,N12733,N12733,1,undetected,N12733,N12733,N12733,sa1,1
27079,N100596 /1 undetected,output,,N100596,N100596,1,undetected,N100596,N100596,N100596,sa1,1
27080,N12731 /1 undetected,output,,N12731,N12731,1,undetected,N12731,N12731,N12731,sa1,1
27081,N12729 /1 undetected,output,,N12729,N12729,1,undetected,N12729,N12729,N12729,sa1,1
27082,N100602 /1 undetected,output,,N100602,N100602,1,undetected,N100602,N100602,N100602,sa1,1
27083,N12728 /1 undetected,output,,N12728,N12728,1,undetected,N12728,N12728,N12728,sa1,1
27084,N100626 /1 undetected,output,,N100626,N100626,1,undetected,N100626,N100626,N100626,sa1,1
27085,N83899 /1 undetected,output,,N83899,N83899,1,undetected,N83899,N83899,N83899,sa1,1
27086,N12726 /1 undetected,output,,N12726,N12726,1,undetected,N12726,N12726,N12726,sa1,1
27087,N100755 /1 undetected,output,,N100755,N100755,1,undetected,N100755,N100755,N100755,sa1,1
27088,N92105 /1 undetected,output,,N92105,N92105,1,undetected,N92105,N92105,N92105,sa1,1
27089,N69928 /0 undetected,output,,N69928,N69928,0,undetected,N69928,N69928,N69928,sa0,1
27090,N126605 /1 undetected,output,,N126605,N126605,1,undetected,N126605,N126605,N126605,sa1,1
27091,N126558 /1 undetected,output,,N126558,N126558,1,undetected,N126558,N126558,N126558,sa1,1
27092,N69893 /1 undetected,output,,N69893,N69893,1,undetected,N69893,N69893,N69893,sa1,1
27093,N69321 /1 undetected,output,,N69321,N69321,1,undetected,N69321,N69321,N69321,sa1,1
27094,N69320 /1 undetected,output,,N69320,N69320,1,undetected,N69320,N69320,N69320,sa1,1
27095,N87071 /1 undetected,output,,N87071,N87071,1,undetected,N87071,N87071,N87071,sa1,1
27096,N69318 /1 undetected,output,,N69318,N69318,1,undetected,N69318,N69318,N69318,sa1,1
27097,N90884 /1 undetected,output,,N90884,N90884,1,undetected,N90884,N90884,N90884,sa1,1
27098,N23531 /0 undetected,output,,N23531,N23531,0,undetected,N23531,N23531,N23531,sa0,1
27099,N23529 /1 undetected,output,,N23529,N23529,1,undetected,N23529,N23529,N23529,sa1,1
27100,N85281 /1 undetected,output,,N85281,N85281,1,undetected,N85281,N85281,N85281,sa1,1
27101,N75369 /1 undetected,output,,N75369,N75369,1,undetected,N75369,N75369,N75369,sa1,1
27102,N23524 /1 undetected,output,,N23524,N23524,1,undetected,N23524,N23524,N23524,sa1,1
27103,N84331 /1 undetected,output,,N84331,N84331,1,undetected,N84331,N84331,N84331,sa1,1
27104,N23522 /1 undetected,output,,N23522,N23522,1,undetected,N23522,N23522,N23522,sa1,1
27105,N12906 /1 undetected,output,,N12906,N12906,1,undetected,N12906,N12906,N12906,sa1,1
27106,N12906 /0 undetected,output,,N12906,N12906,0,undetected,N12906,N12906,N12906,sa0,1
27107,N100852 /1 undetected,output,,N100852,N100852,1,undetected,N100852,N100852,N100852,sa1,1
27108,N92175 /1 undetected,output,,N92175,N92175,1,undetected,N92175,N92175,N92175,sa1,1
27109,N68917 /1 undetected,output,,N68917,N68917,1,undetected,N68917,N68917,N68917,sa1,1
27110,N68916 /1 undetected,output,,N68916,N68916,1,undetected,N68916,N68916,N68916,sa1,1
27111,N83097 /1 undetected,output,,N83097,N83097,1,undetected,N83097,N83097,N83097,sa1,1
27112,N68914 /1 undetected,output,,N68914,N68914,1,undetected,N68914,N68914,N68914,sa1,1
27113,N77683 /1 undetected,output,,N77683,N77683,1,undetected,N77683,N77683,N77683,sa1,1
27114,N13409 /0 undetected,output,,N13409,N13409,0,undetected,N13409,N13409,N13409,sa0,1
27115,N101297 /1 undetected,output,,N101297,N101297,1,undetected,N101297,N101297,N101297,sa1,1
27116,N93475 /1 undetected,output,,N93475,N93475,1,undetected,N93475,N93475,N93475,sa1,1
27117,N66965 /0 undetected,output,,N66965,N66965,0,undetected,N66965,N66965,N66965,sa0,1
27118,N90816 /1 undetected,output,,N90816,N90816,1,undetected,N90816,N90816,N90816,sa1,1
27119,N66802 /0 undetected,output,,N66802,N66802,0,undetected,N66802,N66802,N66802,sa0,1
27120,N90813 /1 undetected,output,,N90813,N90813,1,undetected,N90813,N90813,N90813,sa1,1
27121,N66794 /0 undetected,output,,N66794,N66794,0,undetected,N66794,N66794,N66794,sa0,1
27122,N90811 /1 undetected,output,,N90811,N90811,1,undetected,N90811,N90811,N90811,sa1,1
27123,N66780 /0 undetected,output,,N66780,N66780,0,undetected,N66780,N66780,N66780,sa0,1
27124,N90809 /1 undetected,output,,N90809,N90809,1,undetected,N90809,N90809,N90809,sa1,1
27125,N66449 /0 undetected,output,,N66449,N66449,0,undetected,N66449,N66449,N66449,sa0,1
27126,N94989 /1 undetected,output,,N94989,N94989,1,undetected,N94989,N94989,N94989,sa1,1
27127,N66440 /0 undetected,output,,N66440,N66440,0,undetected,N66440,N66440,N66440,sa0,1
27128,N99336 /1 undetected,output,,N99336,N99336,1,undetected,N99336,N99336,N99336,sa1,1
27129,N66439 /1 undetected,output,,N66439,N66439,1,undetected,N66439,N66439,N66439,sa1,1
27130,N23321 /1 undetected,output,,N23321,N23321,1,undetected,N23321,N23321,N23321,sa1,1
27131,N74797 /1 undetected,output,,N74797,N74797,1,undetected,N74797,N74797,N74797,sa1,1
27132,N23320 /1 undetected,output,,N23320,N23320,1,undetected,N23320,N23320,N23320,sa1,1
27133,N86210 /1 undetected,output,,N86210,N86210,1,undetected,N86210,N86210,N86210,sa1,1
27134,N14861 /0 undetected,output,,N14861,N14861,0,undetected,N14861,N14861,N14861,sa0,1
27135,N94722 /1 undetected,output,,N94722,N94722,1,undetected,N94722,N94722,N94722,sa1,1
27136,N56364 /1 undetected,output,,N56364,N56364,1,undetected,N56364,N56364,N56364,sa1,1
27137,N94255 /1 undetected,output,,N94255,N94255,1,undetected,N94255,N94255,N94255,sa1,1
27138,N48976 /0 undetected,output,,N48976,N48976,0,undetected,N48976,N48976,N48976,sa0,1
27139,N97778 /1 undetected,output,,N97778,N97778,1,undetected,N97778,N97778,N97778,sa1,1
27140,N48970 /1 undetected,output,,N48970,N48970,1,undetected,N48970,N48970,N48970,sa1,1
27141,N76492 /1 undetected,output,,N76492,N76492,1,undetected,N76492,N76492,N76492,sa1,1
27142,N48969 /1 undetected,output,,N48969,N48969,1,undetected,N48969,N48969,N48969,sa1,1
27143,N86921 /1 undetected,output,,N86921,N86921,1,undetected,N86921,N86921,N86921,sa1,1
27144,N48967 /1 undetected,output,,N48967,N48967,1,undetected,N48967,N48967,N48967,sa1,1
27145,N48965 /1 undetected,output,,N48965,N48965,1,undetected,N48965,N48965,N48965,sa1,1
27146,N98522 /1 undetected,output,,N98522,N98522,1,undetected,N98522,N98522,N98522,sa1,1
27147,N8578 /1 undetected,output,,N8578,N8578,1,undetected,N8578,N8578,N8578,sa1,1
27148,N103021 /1 undetected,output,,N103021,N103021,1,undetected,N103021,N103021,N103021,sa1,1
27149,N86211 /1 undetected,output,,N86211,N86211,1,undetected,N86211,N86211,N86211,sa1,1
27150,N23664 /1 undetected,output,,N23664,N23664,1,undetected,N23664,N23664,N23664,sa1,1
27151,N105605 /1 undetected,output,,N105605,N105605,1,undetected,N105605,N105605,N105605,sa1,1
27152,N103901 /1 undetected,output,,N103901,N103901,1,undetected,N103901,N103901,N103901,sa1,1
27153,N22724 /0 undetected,output,,N22724,N22724,0,undetected,N22724,N22724,N22724,sa0,1
27154,N105223 /1 undetected,output,,N105223,N105223,1,undetected,N105223,N105223,N105223,sa1,1
27155,N22079 /1 undetected,output,,N22079,N22079,1,undetected,N22079,N22079,N22079,sa1,1
27156,N16373 /1 undetected,output,,N16373,N16373,1,undetected,N16373,N16373,N16373,sa1,1
27157,N16373 /0 undetected,output,,N16373,N16373,0,undetected,N16373,N16373,N16373,sa0,1
27158,N103072 /1 undetected,output,,N103072,N103072,1,undetected,N103072,N103072,N103072,sa1,1
27159,N85293 /1 undetected,output,,N85293,N85293,1,undetected,N85293,N85293,N85293,sa1,1
27160,N92470 /1 undetected,output,,N92470,N92470,1,undetected,N92470,N92470,N92470,sa1,1
27161,N84697 /1 undetected,output,,N84697,N84697,1,undetected,N84697,N84697,N84697,sa1,1
27162,N6285 /1 undetected,output,,N6285,N6285,1,undetected,N6285,N6285,N6285,sa1,1
27163,N6285 /0 undetected,output,,N6285,N6285,0,undetected,N6285,N6285,N6285,sa0,1
27164,N97643 /1 undetected,output,,N97643,N97643,1,undetected,N97643,N97643,N97643,sa1,1
27165,N6283 /1 undetected,output,,N6283,N6283,1,undetected,N6283,N6283,N6283,sa1,1
27166,N97632 /1 undetected,output,,N97632,N97632,1,undetected,N97632,N97632,N97632,sa1,1
27167,N97076 /1 undetected,output,,N97076,N97076,1,undetected,N97076,N97076,N97076,sa1,1
27168,N55550 /0 undetected,output,,N55550,N55550,0,undetected,N55550,N55550,N55550,sa0,1
27169,N95809 /1 undetected,output,,N95809,N95809,1,undetected,N95809,N95809,N95809,sa1,1
27170,N55549 /1 undetected,output,,N55549,N55549,1,undetected,N55549,N55549,N55549,sa1,1
27171,N105663 /1 undetected,output,,N105663,N105663,1,undetected,N105663,N105663,N105663,sa1,1
27172,N76048 /1 undetected,output,,N76048,N76048,1,undetected,N76048,N76048,N76048,sa1,1
27173,N54595 /1 undetected,output,,N54595,N54595,1,undetected,N54595,N54595,N54595,sa1,1
27174,N54595 /0 undetected,output,,N54595,N54595,0,undetected,N54595,N54595,N54595,sa0,1
27175,N75695 /1 undetected,output,,N75695,N75695,1,undetected,N75695,N75695,N75695,sa1,1
27176,N24558 /1 undetected,output,,N24558,N24558,1,undetected,N24558,N24558,N24558,sa1,1
27177,N54551 /0 undetected,output,,N54551,N54551,0,undetected,N54551,N54551,N54551,sa0,1
27178,N95808 /1 undetected,output,,N95808,N95808,1,undetected,N95808,N95808,N95808,sa1,1
27179,N54550 /1 undetected,output,,N54550,N54550,1,undetected,N54550,N54550,N54550,sa1,1
27180,N105662 /1 undetected,output,,N105662,N105662,1,undetected,N105662,N105662,N105662,sa1,1
27181,N76140 /1 undetected,output,,N76140,N76140,1,undetected,N76140,N76140,N76140,sa1,1
27182,N54054 /1 undetected,output,,N54054,N54054,1,undetected,N54054,N54054,N54054,sa1,1
27183,N54054 /0 undetected,output,,N54054,N54054,0,undetected,N54054,N54054,N54054,sa0,1
27184,N75814 /1 undetected,output,,N75814,N75814,1,undetected,N75814,N75814,N75814,sa1,1
27185,N54053 /1 undetected,output,,N54053,N54053,1,undetected,N54053,N54053,N54053,sa1,1
27186,N109081 /1 undetected,output,,N109081,N109081,1,undetected,N109081,N109081,N109081,sa1,1
27187,N75750 /1 undetected,output,,N75750,N75750,1,undetected,N75750,N75750,N75750,sa1,1
27188,N53716 /0 undetected,output,,N53716,N53716,0,undetected,N53716,N53716,N53716,sa0,1
27189,N95807 /1 undetected,output,,N95807,N95807,1,undetected,N95807,N95807,N95807,sa1,1
27190,N53715 /1 undetected,output,,N53715,N53715,1,undetected,N53715,N53715,N53715,sa1,1
27191,N105661 /1 undetected,output,,N105661,N105661,1,undetected,N105661,N105661,N105661,sa1,1
27192,N76085 /1 undetected,output,,N76085,N76085,1,undetected,N76085,N76085,N76085,sa1,1
27193,N23976 /1 undetected,output,,N23976,N23976,1,undetected,N23976,N23976,N23976,sa1,1
27194,N23976 /0 undetected,output,,N23976,N23976,0,undetected,N23976,N23976,N23976,sa0,1
27195,N75790 /1 undetected,output,,N75790,N75790,1,undetected,N75790,N75790,N75790,sa1,1
27196,N23975 /1 undetected,output,,N23975,N23975,1,undetected,N23975,N23975,N23975,sa1,1
27197,N106516 /1 undetected,output,,N106516,N106516,1,undetected,N106516,N106516,N106516,sa1,1
27198,N93582 /1 undetected,output,,N93582,N93582,1,undetected,N93582,N93582,N93582,sa1,1
27199,N23752 /1 undetected,output,,N23752,N23752,1,undetected,N23752,N23752,N23752,sa1,1
27200,N23752 /0 undetected,output,,N23752,N23752,0,undetected,N23752,N23752,N23752,sa0,1
27201,N105819 /1 undetected,output,,N105819,N105819,1,undetected,N105819,N105819,N105819,sa1,1
27202,N23724 /1 undetected,output,,N23724,N23724,1,undetected,N23724,N23724,N23724,sa1,1
27203,N105681 /1 undetected,output,,N105681,N105681,1,undetected,N105681,N105681,N105681,sa1,1
27204,N75763 /1 undetected,output,,N75763,N75763,1,undetected,N75763,N75763,N75763,sa1,1
27205,N104494 /1 undetected,output,,N104494,N104494,1,undetected,N104494,N104494,N104494,sa1,1
27206,N93835 /1 undetected,output,,N93835,N93835,1,undetected,N93835,N93835,N93835,sa1,1
27207,N16986 /1 undetected,output,,N16986,N16986,1,undetected,N16986,N16986,N16986,sa1,1
27208,N103294 /1 undetected,output,,N103294,N103294,1,undetected,N103294,N103294,N103294,sa1,1
27209,N93760 /1 undetected,output,,N93760,N93760,1,undetected,N93760,N93760,N93760,sa1,1
27210,N110883 /1 undetected,output,,N110883,N110883,1,undetected,N110883,N110883,N110883,sa1,1
27211,N88524 /1 undetected,output,,N88524,N88524,1,undetected,N88524,N88524,N88524,sa1,1
27212,N19331 /1 undetected,output,,N19331,N19331,1,undetected,N19331,N19331,N19331,sa1,1
27213,N19330 /1 undetected,output,,N19330,N19330,1,undetected,N19330,N19330,N19330,sa1,1
27214,N19328 /1 undetected,output,,N19328,N19328,1,undetected,N19328,N19328,N19328,sa1,1
27215,N97751 /1 undetected,output,,N97751,N97751,1,undetected,N97751,N97751,N97751,sa1,1
27216,N19327 /1 undetected,output,,N19327,N19327,1,undetected,N19327,N19327,N19327,sa1,1
27217,N19325 /1 undetected,output,,N19325,N19325,1,undetected,N19325,N19325,N19325,sa1,1
27218,N98518 /1 undetected,output,,N98518,N98518,1,undetected,N98518,N98518,N98518,sa1,1
27219,N95810 /1 undetected,output,,N95810,N95810,1,undetected,N95810,N95810,N95810,sa1,1
27220,N19323 /1 undetected,output,,N19323,N19323,1,undetected,N19323,N19323,N19323,sa1,1
27221,N103882 /1 undetected,output,,N103882,N103882,1,undetected,N103882,N103882,N103882,sa1,1
27222,N94486 /1 undetected,output,,N94486,N94486,1,undetected,N94486,N94486,N94486,sa1,1
27223,N19319 /1 undetected,output,,N19319,N19319,1,undetected,N19319,N19319,N19319,sa1,1
27224,N96318 /1 undetected,output,,N96318,N96318,1,undetected,N96318,N96318,N96318,sa1,1
27225,N19315 /1 undetected,output,,N19315,N19315,1,undetected,N19315,N19315,N19315,sa1,1
27226,N19313 /1 undetected,output,,N19313,N19313,1,undetected,N19313,N19313,N19313,sa1,1
27227,N93033 /1 undetected,output,,N93033,N93033,1,undetected,N93033,N93033,N93033,sa1,1
27228,N92852 /1 undetected,output,,N92852,N92852,1,undetected,N92852,N92852,N92852,sa1,1
27229,N84057 /1 undetected,output,,N84057,N84057,1,undetected,N84057,N84057,N84057,sa1,1
27230,N19309 /1 undetected,output,,N19309,N19309,1,undetected,N19309,N19309,N19309,sa1,1
27231,N19305 /1 undetected,output,,N19305,N19305,1,undetected,N19305,N19305,N19305,sa1,1
27232,N19304 /1 undetected,output,,N19304,N19304,1,undetected,N19304,N19304,N19304,sa1,1
27233,N94281 /1 undetected,output,,N94281,N94281,1,undetected,N94281,N94281,N94281,sa1,1
27234,N19302 /1 undetected,output,,N19302,N19302,1,undetected,N19302,N19302,N19302,sa1,1
27235,N103880 /1 undetected,output,,N103880,N103880,1,undetected,N103880,N103880,N103880,sa1,1
27236,N19300 /1 undetected,output,,N19300,N19300,1,undetected,N19300,N19300,N19300,sa1,1
27237,N19298 /1 undetected,output,,N19298,N19298,1,undetected,N19298,N19298,N19298,sa1,1
27238,N96306 /1 undetected,output,,N96306,N96306,1,undetected,N96306,N96306,N96306,sa1,1
27239,N19297 /1 undetected,output,,N19297,N19297,1,undetected,N19297,N19297,N19297,sa1,1
27240,N94275 /1 undetected,output,,N94275,N94275,1,undetected,N94275,N94275,N94275,sa1,1
27241,N84109 /1 undetected,output,,N84109,N84109,1,undetected,N84109,N84109,N84109,sa1,1
27242,N19296 /1 undetected,output,,N19296,N19296,1,undetected,N19296,N19296,N19296,sa1,1
27243,N84081 /1 undetected,output,,N84081,N84081,1,undetected,N84081,N84081,N84081,sa1,1
27244,N19294 /1 undetected,output,,N19294,N19294,1,undetected,N19294,N19294,N19294,sa1,1
27245,N96236 /1 undetected,output,,N96236,N96236,1,undetected,N96236,N96236,N96236,sa1,1
27246,N19292 /1 undetected,output,,N19292,N19292,1,undetected,N19292,N19292,N19292,sa1,1
27247,N103136 /1 undetected,output,,N103136,N103136,1,undetected,N103136,N103136,N103136,sa1,1
27248,N14249 /1 undetected,output,,N14249,N14249,1,undetected,N14249,N14249,N14249,sa1,1
27249,N19290 /1 undetected,output,,N19290,N19290,1,undetected,N19290,N19290,N19290,sa1,1
27250,N19288 /1 undetected,output,,N19288,N19288,1,undetected,N19288,N19288,N19288,sa1,1
27251,N93040 /1 undetected,output,,N93040,N93040,1,undetected,N93040,N93040,N93040,sa1,1
27252,N19286 /1 undetected,output,,N19286,N19286,1,undetected,N19286,N19286,N19286,sa1,1
27253,N103879 /1 undetected,output,,N103879,N103879,1,undetected,N103879,N103879,N103879,sa1,1
27254,N92934 /1 undetected,output,,N92934,N92934,1,undetected,N92934,N92934,N92934,sa1,1
27255,N2199 /1 undetected,output,,N2199,N2199,1,undetected,N2199,N2199,N2199,sa1,1
27256,N19312 /1 undetected,output,,N19312,N19312,1,undetected,N19312,N19312,N19312,sa1,1
27257,N102721 /1 undetected,output,,N102721,N102721,1,undetected,N102721,N102721,N102721,sa1,1
27258,N92383 /1 undetected,output,,N92383,N92383,1,undetected,N92383,N92383,N92383,sa1,1
27259,N61082 /1 undetected,output,,N61082,N61082,1,undetected,N61082,N61082,N61082,sa1,1
27260,N89646 /1 undetected,output,,N89646,N89646,1,undetected,N89646,N89646,N89646,sa1,1
27261,N61081 /1 undetected,output,,N61081,N61081,1,undetected,N61081,N61081,N61081,sa1,1
27262,N61079 /1 undetected,output,,N61079,N61079,1,undetected,N61079,N61079,N61079,sa1,1
27263,N124274 /1 undetected,output,,N124274,N124274,1,undetected,N124274,N124274,N124274,sa1,1
27264,N124089 /1 undetected,output,,N124089,N124089,1,undetected,N124089,N124089,N124089,sa1,1
27265,N124270 /1 undetected,output,,N124270,N124270,1,undetected,N124270,N124270,N124270,sa1,1
27266,N124223 /1 undetected,output,,N124223,N124223,1,undetected,N124223,N124223,N124223,sa1,1
27267,N12954 /1 undetected,output,,N12954,N12954,1,undetected,N12954,N12954,N12954,sa1,1
27268,N12954 /0 undetected,output,,N12954,N12954,0,undetected,N12954,N12954,N12954,sa0,1
27269,N93284 /1 undetected,output,,N93284,N93284,1,undetected,N93284,N93284,N93284,sa1,1
27270,N12952 /1 undetected,output,,N12952,N12952,1,undetected,N12952,N12952,N12952,sa1,1
27271,N100772 /1 undetected,output,,N100772,N100772,1,undetected,N100772,N100772,N100772,sa1,1
27272,N100682 /1 undetected,output,,N100682,N100682,1,undetected,N100682,N100682,N100682,sa1,1
27273,N12705 /1 undetected,output,,N12705,N12705,1,undetected,N12705,N12705,N12705,sa1,1
27274,N12705 /0 undetected,output,,N12705,N12705,0,undetected,N12705,N12705,N12705,sa0,1
27275,N93278 /1 undetected,output,,N93278,N93278,1,undetected,N93278,N93278,N93278,sa1,1
27276,N12702 /1 undetected,output,,N12702,N12702,1,undetected,N12702,N12702,N12702,sa1,1
27277,N100731 /1 undetected,output,,N100731,N100731,1,undetected,N100731,N100731,N100731,sa1,1
27278,N100677 /1 undetected,output,,N100677,N100677,1,undetected,N100677,N100677,N100677,sa1,1
27279,N17700 /0 undetected,output,,N17700,N17700,0,undetected,N17700,N17700,N17700,sa0,1
27280,N103558 /1 undetected,output,,N103558,N103558,1,undetected,N103558,N103558,N103558,sa1,1
27281,N87235 /1 undetected,output,,N87235,N87235,1,undetected,N87235,N87235,N87235,sa1,1
27282,N14603 /0 undetected,output,,N14603,N14603,0,undetected,N14603,N14603,N14603,sa0,1
27283,N101918 /1 undetected,output,,N101918,N101918,1,undetected,N101918,N101918,N101918,sa1,1
27284,N91375 /1 undetected,output,,N91375,N91375,1,undetected,N91375,N91375,N91375,sa1,1
27285,N93687 /1 undetected,output,,N93687,N93687,1,undetected,N93687,N93687,N93687,sa1,1
27286,N119531 /1 undetected,output,,N119531,N119531,1,undetected,N119531,N119531,N119531,sa1,1
27287,N51281 /1 undetected,output,,N51281,N51281,1,undetected,N51281,N51281,N51281,sa1,1
27288,N75811 /1 undetected,output,,N75811,N75811,1,undetected,N75811,N75811,N75811,sa1,1
27289,N105830 /1 undetected,output,,N105830,N105830,1,undetected,N105830,N105830,N105830,sa1,1
27290,N75902 /1 undetected,output,,N75902,N75902,1,undetected,N75902,N75902,N75902,sa1,1
27291,N75961 /1 undetected,output,,N75961,N75961,1,undetected,N75961,N75961,N75961,sa1,1
27292,N93593 /1 undetected,output,,N93593,N93593,1,undetected,N93593,N93593,N93593,sa1,1
27293,N51065 /1 undetected,output,,N51065,N51065,1,undetected,N51065,N51065,N51065,sa1,1
27294,N93572 /1 undetected,output,,N93572,N93572,1,undetected,N93572,N93572,N93572,sa1,1
27295,N51057 /1 undetected,output,,N51057,N51057,1,undetected,N51057,N51057,N51057,sa1,1
27296,N93571 /1 undetected,output,,N93571,N93571,1,undetected,N93571,N93571,N93571,sa1,1
27297,N17160 /1 undetected,output,,N17160,N17160,1,undetected,N17160,N17160,N17160,sa1,1
27298,N17160 /0 undetected,output,,N17160,N17160,0,undetected,N17160,N17160,N17160,sa0,1
27299,N103361 /1 undetected,output,,N103361,N103361,1,undetected,N103361,N103361,N103361,sa1,1
27300,N101298 /1 undetected,output,,N101298,N101298,1,undetected,N101298,N101298,N101298,sa1,1
27301,N14611 /1 undetected,output,,N14611,N14611,1,undetected,N14611,N14611,N14611,sa1,1
27302,N101923 /1 undetected,output,,N101923,N101923,1,undetected,N101923,N101923,N101923,sa1,1
27303,N11471 /1 undetected,output,,N11471,N11471,1,undetected,N11471,N11471,N11471,sa1,1
27304,N11469 /1 undetected,output,,N11469,N11469,1,undetected,N11469,N11469,N11469,sa1,1
27305,N99825 /1 undetected,output,,N99825,N99825,1,undetected,N99825,N99825,N99825,sa1,1
27306,N99818 /1 undetected,output,,N99818,N99818,1,undetected,N99818,N99818,N99818,sa1,1
27307,N13441 /1 undetected,output,,N13441,N13441,1,undetected,N13441,N13441,N13441,sa1,1
27308,N13441 /0 undetected,output,,N13441,N13441,0,undetected,N13441,N13441,N13441,sa0,1
27309,N92606 /1 undetected,output,,N92606,N92606,1,undetected,N92606,N92606,N92606,sa1,1
27310,N92562 /1 undetected,output,,N92562,N92562,1,undetected,N92562,N92562,N92562,sa1,1
27311,N8326 /1 undetected,output,,N8326,N8326,1,undetected,N8326,N8326,N8326,sa1,1
27312,N84664 /1 undetected,output,,N84664,N84664,1,undetected,N84664,N84664,N84664,sa1,1
27313,N8325 /1 undetected,output,,N8325,N8325,1,undetected,N8325,N8325,N8325,sa1,1
27314,N7451 /1 undetected,output,,N7451,N7451,1,undetected,N7451,N7451,N7451,sa1,1
27315,N92619 /1 undetected,output,,N92619,N92619,1,undetected,N92619,N92619,N92619,sa1,1
27316,N92574 /1 undetected,output,,N92574,N92574,1,undetected,N92574,N92574,N92574,sa1,1
27317,N92618 /1 undetected,output,,N92618,N92618,1,undetected,N92618,N92618,N92618,sa1,1
27318,N92573 /1 undetected,output,,N92573,N92573,1,undetected,N92573,N92573,N92573,sa1,1
27319,N55036 /1 undetected,output,,N55036,N55036,1,undetected,N55036,N55036,N55036,sa1,1
27320,N55036 /0 undetected,output,,N55036,N55036,0,undetected,N55036,N55036,N55036,sa0,1
27321,N75817 /1 undetected,output,,N75817,N75817,1,undetected,N75817,N75817,N75817,sa1,1
27322,N55035 /1 undetected,output,,N55035,N55035,1,undetected,N55035,N55035,N55035,sa1,1
27323,N93529 /1 undetected,output,,N93529,N93529,1,undetected,N93529,N93529,N93529,sa1,1
27324,N55033 /1 undetected,output,,N55033,N55033,1,undetected,N55033,N55033,N55033,sa1,1
27325,N105640 /1 undetected,output,,N105640,N105640,1,undetected,N105640,N105640,N105640,sa1,1
27326,N55031 /1 undetected,output,,N55031,N55031,1,undetected,N55031,N55031,N55031,sa1,1
27327,N23659 /1 undetected,output,,N23659,N23659,1,undetected,N23659,N23659,N23659,sa1,1
27328,N105604 /1 undetected,output,,N105604,N105604,1,undetected,N105604,N105604,N105604,sa1,1
27329,N103900 /1 undetected,output,,N103900,N103900,1,undetected,N103900,N103900,N103900,sa1,1
27330,N20107 /1 undetected,output,,N20107,N20107,1,undetected,N20107,N20107,N20107,sa1,1
27331,N104378 /1 undetected,output,,N104378,N104378,1,undetected,N104378,N104378,N104378,sa1,1
27332,N104358 /1 undetected,output,,N104358,N104358,1,undetected,N104358,N104358,N104358,sa1,1
27333,N16262 /0 undetected,output,,N16262,N16262,0,undetected,N16262,N16262,N16262,sa0,1
27334,N101697 /1 undetected,output,,N101697,N101697,1,undetected,N101697,N101697,N101697,sa1,1
27335,N16259 /1 undetected,output,,N16259,N16259,1,undetected,N16259,N16259,N16259,sa1,1
27336,N74772 /1 undetected,output,,N74772,N74772,1,undetected,N74772,N74772,N74772,sa1,1
27337,N16258 /1 undetected,output,,N16258,N16258,1,undetected,N16258,N16258,N16258,sa1,1
27338,N100046 /1 undetected,output,,N100046,N100046,1,undetected,N100046,N100046,N100046,sa1,1
27339,N16256 /1 undetected,output,,N16256,N16256,1,undetected,N16256,N16256,N16256,sa1,1
27340,N100020 /1 undetected,output,,N100020,N100020,1,undetected,N100020,N100020,N100020,sa1,1
27341,N98349 /1 undetected,output,,N98349,N98349,1,undetected,N98349,N98349,N98349,sa1,1
27342,N3502 /1 undetected,output,,N3502,N3502,1,undetected,N3502,N3502,N3502,sa1,1
27343,N55552 /1 undetected,output,,N55552,N55552,1,undetected,N55552,N55552,N55552,sa1,1
27344,N120943 /1 undetected,output,,N120943,N120943,1,undetected,N120943,N120943,N120943,sa1,1
27345,N105700 /1 undetected,output,,N105700,N105700,1,undetected,N105700,N105700,N105700,sa1,1
27346,N54830 /1 undetected,output,,N54830,N54830,1,undetected,N54830,N54830,N54830,sa1,1
27347,N54830 /0 undetected,output,,N54830,N54830,0,undetected,N54830,N54830,N54830,sa0,1
27348,N106714 /1 undetected,output,,N106714,N106714,1,undetected,N106714,N106714,N106714,sa1,1
27349,N75887 /1 undetected,output,,N75887,N75887,1,undetected,N75887,N75887,N75887,sa1,1
27350,N53620 /1 undetected,output,,N53620,N53620,1,undetected,N53620,N53620,N53620,sa1,1
27351,N53620 /0 undetected,output,,N53620,N53620,0,undetected,N53620,N53620,N53620,sa0,1
27352,N107838 /1 undetected,output,,N107838,N107838,1,undetected,N107838,N107838,N107838,sa1,1
27353,N93694 /1 undetected,output,,N93694,N93694,1,undetected,N93694,N93694,N93694,sa1,1
27354,N53566 /1 undetected,output,,N53566,N53566,1,undetected,N53566,N53566,N53566,sa1,1
27355,N53566 /0 undetected,output,,N53566,N53566,0,undetected,N53566,N53566,N53566,sa0,1
27356,N107948 /1 undetected,output,,N107948,N107948,1,undetected,N107948,N107948,N107948,sa1,1
27357,N75740 /1 undetected,output,,N75740,N75740,1,undetected,N75740,N75740,N75740,sa1,1
27358,N53390 /1 undetected,output,,N53390,N53390,1,undetected,N53390,N53390,N53390,sa1,1
27359,N120388 /1 undetected,output,,N120388,N120388,1,undetected,N120388,N120388,N120388,sa1,1
27360,N52942 /1 undetected,output,,N52942,N52942,1,undetected,N52942,N52942,N52942,sa1,1
27361,N52942 /0 undetected,output,,N52942,N52942,0,undetected,N52942,N52942,N52942,sa0,1
27362,N120215 /1 undetected,output,,N120215,N120215,1,undetected,N120215,N120215,N120215,sa1,1
27363,N105694 /1 undetected,output,,N105694,N105694,1,undetected,N105694,N105694,N105694,sa1,1
27364,N33083 /1 undetected,output,,N33083,N33083,1,undetected,N33083,N33083,N33083,sa1,1
27365,N33083 /0 undetected,output,,N33083,N33083,0,undetected,N33083,N33083,N33083,sa0,1
27366,N105657 /1 undetected,output,,N105657,N105657,1,undetected,N105657,N105657,N105657,sa1,1
27367,N86849 /1 undetected,output,,N86849,N86849,1,undetected,N86849,N86849,N86849,sa1,1
27368,N32946 /1 undetected,output,,N32946,N32946,1,undetected,N32946,N32946,N32946,sa1,1
27369,N32946 /0 undetected,output,,N32946,N32946,0,undetected,N32946,N32946,N32946,sa0,1
27370,N105656 /1 undetected,output,,N105656,N105656,1,undetected,N105656,N105656,N105656,sa1,1
27371,N86880 /1 undetected,output,,N86880,N86880,1,undetected,N86880,N86880,N86880,sa1,1
27372,N32821 /1 undetected,output,,N32821,N32821,1,undetected,N32821,N32821,N32821,sa1,1
27373,N32821 /0 undetected,output,,N32821,N32821,0,undetected,N32821,N32821,N32821,sa0,1
27374,N105655 /1 undetected,output,,N105655,N105655,1,undetected,N105655,N105655,N105655,sa1,1
27375,N86917 /1 undetected,output,,N86917,N86917,1,undetected,N86917,N86917,N86917,sa1,1
27376,N32695 /1 undetected,output,,N32695,N32695,1,undetected,N32695,N32695,N32695,sa1,1
27377,N32695 /0 undetected,output,,N32695,N32695,0,undetected,N32695,N32695,N32695,sa0,1
27378,N105654 /1 undetected,output,,N105654,N105654,1,undetected,N105654,N105654,N105654,sa1,1
27379,N86981 /1 undetected,output,,N86981,N86981,1,undetected,N86981,N86981,N86981,sa1,1
27380,N32578 /1 undetected,output,,N32578,N32578,1,undetected,N32578,N32578,N32578,sa1,1
27381,N32578 /0 undetected,output,,N32578,N32578,0,undetected,N32578,N32578,N32578,sa0,1
27382,N105653 /1 undetected,output,,N105653,N105653,1,undetected,N105653,N105653,N105653,sa1,1
27383,N87017 /1 undetected,output,,N87017,N87017,1,undetected,N87017,N87017,N87017,sa1,1
27384,N31887 /1 undetected,output,,N31887,N31887,1,undetected,N31887,N31887,N31887,sa1,1
27385,N31887 /0 undetected,output,,N31887,N31887,0,undetected,N31887,N31887,N31887,sa0,1
27386,N105651 /1 undetected,output,,N105651,N105651,1,undetected,N105651,N105651,N105651,sa1,1
27387,N76666 /1 undetected,output,,N76666,N76666,1,undetected,N76666,N76666,N76666,sa1,1
27388,N31187 /1 undetected,output,,N31187,N31187,1,undetected,N31187,N31187,N31187,sa1,1
27389,N31187 /0 undetected,output,,N31187,N31187,0,undetected,N31187,N31187,N31187,sa0,1
27390,N105650 /1 undetected,output,,N105650,N105650,1,undetected,N105650,N105650,N105650,sa1,1
27391,N86681 /1 undetected,output,,N86681,N86681,1,undetected,N86681,N86681,N86681,sa1,1
27392,N31024 /1 undetected,output,,N31024,N31024,1,undetected,N31024,N31024,N31024,sa1,1
27393,N31024 /0 undetected,output,,N31024,N31024,0,undetected,N31024,N31024,N31024,sa0,1
27394,N113509 /1 undetected,output,,N113509,N113509,1,undetected,N113509,N113509,N113509,sa1,1
27395,N85178 /1 undetected,output,,N85178,N85178,1,undetected,N85178,N85178,N85178,sa1,1
27396,N31018 /1 undetected,output,,N31018,N31018,1,undetected,N31018,N31018,N31018,sa1,1
27397,N31018 /0 undetected,output,,N31018,N31018,0,undetected,N31018,N31018,N31018,sa0,1
27398,N105649 /1 undetected,output,,N105649,N105649,1,undetected,N105649,N105649,N105649,sa1,1
27399,N76686 /1 undetected,output,,N76686,N76686,1,undetected,N76686,N76686,N76686,sa1,1
27400,N30905 /1 undetected,output,,N30905,N30905,1,undetected,N30905,N30905,N30905,sa1,1
27401,N30905 /0 undetected,output,,N30905,N30905,0,undetected,N30905,N30905,N30905,sa0,1
27402,N105648 /1 undetected,output,,N105648,N105648,1,undetected,N105648,N105648,N105648,sa1,1
27403,N86786 /1 undetected,output,,N86786,N86786,1,undetected,N86786,N86786,N86786,sa1,1
27404,N30536 /1 undetected,output,,N30536,N30536,1,undetected,N30536,N30536,N30536,sa1,1
27405,N30536 /0 undetected,output,,N30536,N30536,0,undetected,N30536,N30536,N30536,sa0,1
27406,N113293 /1 undetected,output,,N113293,N113293,1,undetected,N113293,N113293,N113293,sa1,1
27407,N105689 /1 undetected,output,,N105689,N105689,1,undetected,N105689,N105689,N105689,sa1,1
27408,N27457 /1 undetected,output,,N27457,N27457,1,undetected,N27457,N27457,N27457,sa1,1
27409,N27457 /0 undetected,output,,N27457,N27457,0,undetected,N27457,N27457,N27457,sa0,1
27410,N106711 /1 undetected,output,,N106711,N106711,1,undetected,N106711,N106711,N106711,sa1,1
27411,N81721 /1 undetected,output,,N81721,N81721,1,undetected,N81721,N81721,N81721,sa1,1
27412,N27176 /1 undetected,output,,N27176,N27176,1,undetected,N27176,N27176,N27176,sa1,1
27413,N27176 /0 undetected,output,,N27176,N27176,0,undetected,N27176,N27176,N27176,sa0,1
27414,N105647 /1 undetected,output,,N105647,N105647,1,undetected,N105647,N105647,N105647,sa1,1
27415,N76605 /1 undetected,output,,N76605,N76605,1,undetected,N76605,N76605,N76605,sa1,1
27416,N24953 /1 undetected,output,,N24953,N24953,1,undetected,N24953,N24953,N24953,sa1,1
27417,N108941 /1 undetected,output,,N108941,N108941,1,undetected,N108941,N108941,N108941,sa1,1
27418,N24560 /1 undetected,output,,N24560,N24560,1,undetected,N24560,N24560,N24560,sa1,1
27419,N24560 /0 undetected,output,,N24560,N24560,0,undetected,N24560,N24560,N24560,sa0,1
27420,N107947 /1 undetected,output,,N107947,N107947,1,undetected,N107947,N107947,N107947,sa1,1
27421,N93550 /1 undetected,output,,N93550,N93550,1,undetected,N93550,N93550,N93550,sa1,1
27422,N24501 /1 undetected,output,,N24501,N24501,1,undetected,N24501,N24501,N24501,sa1,1
27423,N107703 /1 undetected,output,,N107703,N107703,1,undetected,N107703,N107703,N107703,sa1,1
27424,N24464 /1 undetected,output,,N24464,N24464,1,undetected,N24464,N24464,N24464,sa1,1
27425,N24464 /0 undetected,output,,N24464,N24464,0,undetected,N24464,N24464,N24464,sa0,1
27426,N107833 /1 undetected,output,,N107833,N107833,1,undetected,N107833,N107833,N107833,sa1,1
27427,N93549 /1 undetected,output,,N93549,N93549,1,undetected,N93549,N93549,N93549,sa1,1
27428,N24004 /1 undetected,output,,N24004,N24004,1,undetected,N24004,N24004,N24004,sa1,1
27429,N98753 /1 undetected,output,,N98753,N98753,1,undetected,N98753,N98753,N98753,sa1,1
27430,N23978 /1 undetected,output,,N23978,N23978,1,undetected,N23978,N23978,N23978,sa1,1
27431,N23978 /0 undetected,output,,N23978,N23978,0,undetected,N23978,N23978,N23978,sa0,1
27432,N106517 /1 undetected,output,,N106517,N106517,1,undetected,N106517,N106517,N106517,sa1,1
27433,N93347 /1 undetected,output,,N93347,N93347,1,undetected,N93347,N93347,N93347,sa1,1
27434,N23959 /1 undetected,output,,N23959,N23959,1,undetected,N23959,N23959,N23959,sa1,1
27435,N85160 /1 undetected,output,,N85160,N85160,1,undetected,N85160,N85160,N85160,sa1,1
27436,N23761 /1 undetected,output,,N23761,N23761,1,undetected,N23761,N23761,N23761,sa1,1
27437,N23908 /0 undetected,output,,N23908,N23908,0,undetected,N23908,N23908,N23908,sa0,1
27438,N105646 /1 undetected,output,,N105646,N105646,1,undetected,N105646,N105646,N105646,sa1,1
27439,N95927 /1 undetected,output,,N95927,N95927,1,undetected,N95927,N95927,N95927,sa1,1
27440,N23746 /1 undetected,output,,N23746,N23746,1,undetected,N23746,N23746,N23746,sa1,1
27441,N23746 /0 undetected,output,,N23746,N23746,0,undetected,N23746,N23746,N23746,sa0,1
27442,N105645 /1 undetected,output,,N105645,N105645,1,undetected,N105645,N105645,N105645,sa1,1
27443,N85716 /1 undetected,output,,N85716,N85716,1,undetected,N85716,N85716,N85716,sa1,1
27444,N23711 /1 undetected,output,,N23711,N23711,1,undetected,N23711,N23711,N23711,sa1,1
27445,N23711 /0 undetected,output,,N23711,N23711,0,undetected,N23711,N23711,N23711,sa0,1
27446,N105644 /1 undetected,output,,N105644,N105644,1,undetected,N105644,N105644,N105644,sa1,1
27447,N85649 /1 undetected,output,,N85649,N85649,1,undetected,N85649,N85649,N85649,sa1,1
27448,N23703 /1 undetected,output,,N23703,N23703,1,undetected,N23703,N23703,N23703,sa1,1
27449,N23703 /0 undetected,output,,N23703,N23703,0,undetected,N23703,N23703,N23703,sa0,1
27450,N105643 /1 undetected,output,,N105643,N105643,1,undetected,N105643,N105643,N105643,sa1,1
27451,N93345 /1 undetected,output,,N93345,N93345,1,undetected,N93345,N93345,N93345,sa1,1
27452,N23701 /0 undetected,output,,N23701,N23701,0,undetected,N23701,N23701,N23701,sa0,1
27453,N105642 /1 undetected,output,,N105642,N105642,1,undetected,N105642,N105642,N105642,sa1,1
27454,N2517 /1 undetected,output,,N2517,N2517,1,undetected,N2517,N2517,N2517,sa1,1
27455,N23678 /1 undetected,output,,N23678,N23678,1,undetected,N23678,N23678,N23678,sa1,1
27456,N93394 /1 undetected,output,,N93394,N93394,1,undetected,N93394,N93394,N93394,sa1,1
27457,N19186 /1 undetected,output,,N19186,N19186,1,undetected,N19186,N19186,N19186,sa1,1
27458,N19186 /0 undetected,output,,N19186,N19186,0,undetected,N19186,N19186,N19186,sa0,1
27459,N94294 /1 undetected,output,,N94294,N94294,1,undetected,N94294,N94294,N94294,sa1,1
27460,N93708 /1 undetected,output,,N93708,N93708,1,undetected,N93708,N93708,N93708,sa1,1
27461,N16286 /0 undetected,output,,N16286,N16286,0,undetected,N16286,N16286,N16286,sa0,1
27462,N103019 /1 undetected,output,,N103019,N103019,1,undetected,N103019,N103019,N103019,sa1,1
27463,N74773 /1 undetected,output,,N74773,N74773,1,undetected,N74773,N74773,N74773,sa1,1
27464,N7705 /1 undetected,output,,N7705,N7705,1,undetected,N7705,N7705,N7705,sa1,1
27465,N7705 /0 undetected,output,,N7705,N7705,0,undetected,N7705,N7705,N7705,sa0,1
27466,N85365 /1 undetected,output,,N85365,N85365,1,undetected,N85365,N85365,N85365,sa1,1
27467,N7704 /1 undetected,output,,N7704,N7704,1,undetected,N7704,N7704,N7704,sa1,1
27468,N98169 /1 undetected,output,,N98169,N98169,1,undetected,N98169,N98169,N98169,sa1,1
27469,N96882 /1 undetected,output,,N96882,N96882,1,undetected,N96882,N96882,N96882,sa1,1
27470,N7246 /1 undetected,output,,N7246,N7246,1,undetected,N7246,N7246,N7246,sa1,1
27471,N7246 /0 undetected,output,,N7246,N7246,0,undetected,N7246,N7246,N7246,sa0,1
27472,N85362 /1 undetected,output,,N85362,N85362,1,undetected,N85362,N85362,N85362,sa1,1
27473,N7245 /1 undetected,output,,N7245,N7245,1,undetected,N7245,N7245,N7245,sa1,1
27474,N98048 /1 undetected,output,,N98048,N98048,1,undetected,N98048,N98048,N98048,sa1,1
27475,N96881 /1 undetected,output,,N96881,N96881,1,undetected,N96881,N96881,N96881,sa1,1
27476,N23586 /0 undetected,output,,N23586,N23586,0,undetected,N23586,N23586,N23586,sa0,1
27477,N101763 /1 undetected,output,,N101763,N101763,1,undetected,N101763,N101763,N101763,sa1,1
27478,N23585 /1 undetected,output,,N23585,N23585,1,undetected,N23585,N23585,N23585,sa1,1
27479,N105433 /1 undetected,output,,N105433,N105433,1,undetected,N105433,N105433,N105433,sa1,1
27480,N99246 /1 undetected,output,,N99246,N99246,1,undetected,N99246,N99246,N99246,sa1,1
27481,N12684 /1 undetected,output,,N12684,N12684,1,undetected,N12684,N12684,N12684,sa1,1
27482,N12684 /0 undetected,output,,N12684,N12684,0,undetected,N12684,N12684,N12684,sa0,1
27483,N100730 /1 undetected,output,,N100730,N100730,1,undetected,N100730,N100730,N100730,sa1,1
27484,N100714 /1 undetected,output,,N100714,N100714,1,undetected,N100714,N100714,N100714,sa1,1
27485,N123932 /1 undetected,output,,N123932,N123932,1,undetected,N123932,N123932,N123932,sa1,1
27486,N91484 /1 undetected,output,,N91484,N91484,1,undetected,N91484,N91484,N91484,sa1,1
27487,N51407 /1 undetected,output,,N51407,N51407,1,undetected,N51407,N51407,N51407,sa1,1
27488,N51405 /1 undetected,output,,N51405,N51405,1,undetected,N51405,N51405,N51405,sa1,1
27489,N94808 /1 undetected,output,,N94808,N94808,1,undetected,N94808,N94808,N94808,sa1,1
27490,N83846 /1 undetected,output,,N83846,N83846,1,undetected,N83846,N83846,N83846,sa1,1
27491,N91452 /1 undetected,output,,N91452,N91452,1,undetected,N91452,N91452,N91452,sa1,1
27492,N51401 /1 undetected,output,,N51401,N51401,1,undetected,N51401,N51401,N51401,sa1,1
27493,N92799 /1 undetected,output,,N92799,N92799,1,undetected,N92799,N92799,N92799,sa1,1
27494,N51397 /1 undetected,output,,N51397,N51397,1,undetected,N51397,N51397,N51397,sa1,1
27495,N119582 /1 undetected,output,,N119582,N119582,1,undetected,N119582,N119582,N119582,sa1,1
27496,N74940 /1 undetected,output,,N74940,N74940,1,undetected,N74940,N74940,N74940,sa1,1
27497,N51392 /1 undetected,output,,N51392,N51392,1,undetected,N51392,N51392,N51392,sa1,1
27498,N92287 /1 undetected,output,,N92287,N92287,1,undetected,N92287,N92287,N92287,sa1,1
27499,N51390 /1 undetected,output,,N51390,N51390,1,undetected,N51390,N51390,N51390,sa1,1
27500,N98650 /1 undetected,output,,N98650,N98650,1,undetected,N98650,N98650,N98650,sa1,1
27501,N51389 /1 undetected,output,,N51389,N51389,1,undetected,N51389,N51389,N51389,sa1,1
27502,N119675 /1 undetected,output,,N119675,N119675,1,undetected,N119675,N119675,N119675,sa1,1
27503,N85564 /1 undetected,output,,N85564,N85564,1,undetected,N85564,N85564,N85564,sa1,1
27504,N84893 /1 undetected,output,,N84893,N84893,1,undetected,N84893,N84893,N84893,sa1,1
27505,N51385 /1 undetected,output,,N51385,N51385,1,undetected,N51385,N51385,N51385,sa1,1
27506,N51383 /1 undetected,output,,N51383,N51383,1,undetected,N51383,N51383,N51383,sa1,1
27507,N119673 /1 undetected,output,,N119673,N119673,1,undetected,N119673,N119673,N119673,sa1,1
27508,N51381 /1 undetected,output,,N51381,N51381,1,undetected,N51381,N51381,N51381,sa1,1
27509,N85819 /1 undetected,output,,N85819,N85819,1,undetected,N85819,N85819,N85819,sa1,1
27510,N51379 /1 undetected,output,,N51379,N51379,1,undetected,N51379,N51379,N51379,sa1,1
27511,N51378 /1 undetected,output,,N51378,N51378,1,undetected,N51378,N51378,N51378,sa1,1
27512,N85824 /1 undetected,output,,N85824,N85824,1,undetected,N85824,N85824,N85824,sa1,1
27513,N75632 /1 undetected,output,,N75632,N75632,1,undetected,N75632,N75632,N75632,sa1,1
27514,N51376 /1 undetected,output,,N51376,N51376,1,undetected,N51376,N51376,N51376,sa1,1
27515,N85970 /1 undetected,output,,N85970,N85970,1,undetected,N85970,N85970,N85970,sa1,1
27516,N85563 /1 undetected,output,,N85563,N85563,1,undetected,N85563,N85563,N85563,sa1,1
27517,N51374 /1 undetected,output,,N51374,N51374,1,undetected,N51374,N51374,N51374,sa1,1
27518,N74897 /1 undetected,output,,N74897,N74897,1,undetected,N74897,N74897,N74897,sa1,1
27519,N51216 /1 undetected,output,,N51216,N51216,1,undetected,N51216,N51216,N51216,sa1,1
27520,N51213 /1 undetected,output,,N51213,N51213,1,undetected,N51213,N51213,N51213,sa1,1
27521,N83845 /1 undetected,output,,N83845,N83845,1,undetected,N83845,N83845,N83845,sa1,1
27522,N51212 /1 undetected,output,,N51212,N51212,1,undetected,N51212,N51212,N51212,sa1,1
27523,N92815 /1 undetected,output,,N92815,N92815,1,undetected,N92815,N92815,N92815,sa1,1
27524,N83866 /1 undetected,output,,N83866,N83866,1,undetected,N83866,N83866,N83866,sa1,1
27525,N51208 /1 undetected,output,,N51208,N51208,1,undetected,N51208,N51208,N51208,sa1,1
27526,N98747 /1 undetected,output,,N98747,N98747,1,undetected,N98747,N98747,N98747,sa1,1
27527,N98572 /1 undetected,output,,N98572,N98572,1,undetected,N98572,N98572,N98572,sa1,1
27528,N51205 /1 undetected,output,,N51205,N51205,1,undetected,N51205,N51205,N51205,sa1,1
27529,N119581 /1 undetected,output,,N119581,N119581,1,undetected,N119581,N119581,N119581,sa1,1
27530,N51200 /1 undetected,output,,N51200,N51200,1,undetected,N51200,N51200,N51200,sa1,1
27531,N51198 /1 undetected,output,,N51198,N51198,1,undetected,N51198,N51198,N51198,sa1,1
27532,N119508 /1 undetected,output,,N119508,N119508,1,undetected,N119508,N119508,N119508,sa1,1
27533,N84892 /1 undetected,output,,N84892,N84892,1,undetected,N84892,N84892,N84892,sa1,1
27534,N51197 /1 undetected,output,,N51197,N51197,1,undetected,N51197,N51197,N51197,sa1,1
27535,N98772 /1 undetected,output,,N98772,N98772,1,undetected,N98772,N98772,N98772,sa1,1
27536,N51193 /1 undetected,output,,N51193,N51193,1,undetected,N51193,N51193,N51193,sa1,1
27537,N74281 /1 undetected,output,,N74281,N74281,1,undetected,N74281,N74281,N74281,sa1,1
27538,N51191 /1 undetected,output,,N51191,N51191,1,undetected,N51191,N51191,N51191,sa1,1
27539,N92766 /1 undetected,output,,N92766,N92766,1,undetected,N92766,N92766,N92766,sa1,1
27540,N51189 /1 undetected,output,,N51189,N51189,1,undetected,N51189,N51189,N51189,sa1,1
27541,N98746 /1 undetected,output,,N98746,N98746,1,undetected,N98746,N98746,N98746,sa1,1
27542,N94807 /1 undetected,output,,N94807,N94807,1,undetected,N94807,N94807,N94807,sa1,1
27543,N92609 /1 undetected,output,,N92609,N92609,1,undetected,N92609,N92609,N92609,sa1,1
27544,N92565 /1 undetected,output,,N92565,N92565,1,undetected,N92565,N92565,N92565,sa1,1
27545,N101902 /1 undetected,output,,N101902,N101902,1,undetected,N101902,N101902,N101902,sa1,1
27546,N11459 /1 undetected,output,,N11459,N11459,1,undetected,N11459,N11459,N11459,sa1,1
27547,N84244 /1 undetected,output,,N84244,N84244,1,undetected,N84244,N84244,N84244,sa1,1
27548,N99817 /1 undetected,output,,N99817,N99817,1,undetected,N99817,N99817,N99817,sa1,1
27549,N99824 /1 undetected,output,,N99824,N99824,1,undetected,N99824,N99824,N99824,sa1,1
27550,N21543 /1 undetected,output,,N21543,N21543,1,undetected,N21543,N21543,N21543,sa1,1
27551,N21542 /1 undetected,output,,N21542,N21542,1,undetected,N21542,N21542,N21542,sa1,1
27552,N86121 /1 undetected,output,,N86121,N86121,1,undetected,N86121,N86121,N86121,sa1,1
27553,N21541 /1 undetected,output,,N21541,N21541,1,undetected,N21541,N21541,N21541,sa1,1
27554,N76557 /1 undetected,output,,N76557,N76557,1,undetected,N76557,N76557,N76557,sa1,1
27555,N21539 /1 undetected,output,,N21539,N21539,1,undetected,N21539,N21539,N21539,sa1,1
27556,N104751 /1 undetected,output,,N104751,N104751,1,undetected,N104751,N104751,N104751,sa1,1
27557,N86269 /1 undetected,output,,N86269,N86269,1,undetected,N86269,N86269,N86269,sa1,1
27558,N20055 /1 undetected,output,,N20055,N20055,1,undetected,N20055,N20055,N20055,sa1,1
27559,N20055 /0 undetected,output,,N20055,N20055,0,undetected,N20055,N20055,N20055,sa0,1
27560,N20054 /1 undetected,output,,N20054,N20054,1,undetected,N20054,N20054,N20054,sa1,1
27561,N103142 /1 undetected,output,,N103142,N103142,1,undetected,N103142,N103142,N103142,sa1,1
27562,N76282 /1 undetected,output,,N76282,N76282,1,undetected,N76282,N76282,N76282,sa1,1
27563,N20052 /1 undetected,output,,N20052,N20052,1,undetected,N20052,N20052,N20052,sa1,1
27564,N86058 /1 undetected,output,,N86058,N86058,1,undetected,N86058,N86058,N86058,sa1,1
27565,N20050 /1 undetected,output,,N20050,N20050,1,undetected,N20050,N20050,N20050,sa1,1
27566,N19410 /1 undetected,output,,N19410,N19410,1,undetected,N19410,N19410,N19410,sa1,1
27567,N95117 /1 undetected,output,,N95117,N95117,1,undetected,N95117,N95117,N95117,sa1,1
27568,N19409 /1 undetected,output,,N19409,N19409,1,undetected,N19409,N19409,N19409,sa1,1
27569,N16368 /1 undetected,output,,N16368,N16368,1,undetected,N16368,N16368,N16368,sa1,1
27570,N16368 /0 undetected,output,,N16368,N16368,0,undetected,N16368,N16368,N16368,sa0,1
27571,N103070 /1 undetected,output,,N103070,N103070,1,undetected,N103070,N103070,N103070,sa1,1
27572,N77965 /1 undetected,output,,N77965,N77965,1,undetected,N77965,N77965,N77965,sa1,1
27573,N14584 /0 undetected,output,,N14584,N14584,0,undetected,N14584,N14584,N14584,sa0,1
27574,N99840 /1 undetected,output,,N99840,N99840,1,undetected,N99840,N99840,N99840,sa1,1
27575,N75319 /1 undetected,output,,N75319,N75319,1,undetected,N75319,N75319,N75319,sa1,1
27576,N75473 /1 undetected,output,,N75473,N75473,1,undetected,N75473,N75473,N75473,sa1,1
27577,N55421 /1 undetected,output,,N55421,N55421,1,undetected,N55421,N55421,N55421,sa1,1
27578,N55421 /0 undetected,output,,N55421,N55421,0,undetected,N55421,N55421,N55421,sa0,1
27579,N93596 /1 undetected,output,,N93596,N93596,1,undetected,N93596,N93596,N93596,sa1,1
27580,N55419 /1 undetected,output,,N55419,N55419,1,undetected,N55419,N55419,N55419,sa1,1
27581,N120946 /1 undetected,output,,N120946,N120946,1,undetected,N120946,N120946,N120946,sa1,1
27582,N105641 /1 undetected,output,,N105641,N105641,1,undetected,N105641,N105641,N105641,sa1,1
27583,N21625 /1 undetected,output,,N21625,N21625,1,undetected,N21625,N21625,N21625,sa1,1
27584,N21625 /0 undetected,output,,N21625,N21625,0,undetected,N21625,N21625,N21625,sa0,1
27585,N104992 /1 undetected,output,,N104992,N104992,1,undetected,N104992,N104992,N104992,sa1,1
27586,N78703 /1 undetected,output,,N78703,N78703,1,undetected,N78703,N78703,N78703,sa1,1
27587,N11602 /0 undetected,output,,N11602,N11602,0,undetected,N11602,N11602,N11602,sa0,1
27588,N11600 /1 undetected,output,,N11600,N11600,1,undetected,N11600,N11600,N11600,sa1,1
27589,N100045 /1 undetected,output,,N100045,N100045,1,undetected,N100045,N100045,N100045,sa1,1
27590,N11595 /1 undetected,output,,N11595,N11595,1,undetected,N11595,N11595,N11595,sa1,1
27591,N74749 /1 undetected,output,,N74749,N74749,1,undetected,N74749,N74749,N74749,sa1,1
27592,N11593 /1 undetected,output,,N11593,N11593,1,undetected,N11593,N11593,N11593,sa1,1
27593,N100019 /1 undetected,output,,N100019,N100019,1,undetected,N100019,N100019,N100019,sa1,1
27594,N84648 /1 undetected,output,,N84648,N84648,1,undetected,N84648,N84648,N84648,sa1,1
27595,N3907 /1 undetected,output,,N3907,N3907,1,undetected,N3907,N3907,N3907,sa1,1
27596,N66606 /1 undetected,output,,N66606,N66606,1,undetected,N66606,N66606,N66606,sa1,1
27597,N56714 /1 undetected,output,,N56714,N56714,1,undetected,N56714,N56714,N56714,sa1,1
27598,N56714 /0 undetected,output,,N56714,N56714,0,undetected,N56714,N56714,N56714,sa0,1
27599,N105676 /1 undetected,output,,N105676,N105676,1,undetected,N105676,N105676,N105676,sa1,1
27600,N56713 /1 undetected,output,,N56713,N56713,1,undetected,N56713,N56713,N56713,sa1,1
27601,N121207 /1 undetected,output,,N121207,N121207,1,undetected,N121207,N121207,N121207,sa1,1
27602,N93714 /1 undetected,output,,N93714,N93714,1,undetected,N93714,N93714,N93714,sa1,1
27603,N56709 /1 undetected,output,,N56709,N56709,1,undetected,N56709,N56709,N56709,sa1,1
27604,N105675 /1 undetected,output,,N105675,N105675,1,undetected,N105675,N105675,N105675,sa1,1
27605,N56708 /1 undetected,output,,N56708,N56708,1,undetected,N56708,N56708,N56708,sa1,1
27606,N100122 /1 undetected,output,,N100122,N100122,1,undetected,N100122,N100122,N100122,sa1,1
27607,N55061 /1 undetected,output,,N55061,N55061,1,undetected,N55061,N55061,N55061,sa1,1
27608,N55061 /0 undetected,output,,N55061,N55061,0,undetected,N55061,N55061,N55061,sa0,1
27609,N109082 /1 undetected,output,,N109082,N109082,1,undetected,N109082,N109082,N109082,sa1,1
27610,N75701 /1 undetected,output,,N75701,N75701,1,undetected,N75701,N75701,N75701,sa1,1
27611,N54554 /1 undetected,output,,N54554,N54554,1,undetected,N54554,N54554,N54554,sa1,1
27612,N54554 /0 undetected,output,,N54554,N54554,0,undetected,N54554,N54554,N54554,sa0,1
27613,N120718 /1 undetected,output,,N120718,N120718,1,undetected,N120718,N120718,N120718,sa1,1
27614,N105699 /1 undetected,output,,N105699,N105699,1,undetected,N105699,N105699,N105699,sa1,1
27615,N53598 /1 undetected,output,,N53598,N53598,1,undetected,N53598,N53598,N53598,sa1,1
27616,N53598 /0 undetected,output,,N53598,N53598,0,undetected,N53598,N53598,N53598,sa0,1
27617,N107837 /1 undetected,output,,N107837,N107837,1,undetected,N107837,N107837,N107837,sa1,1
27618,N75742 /1 undetected,output,,N75742,N75742,1,undetected,N75742,N75742,N75742,sa1,1
27619,N53061 /1 undetected,output,,N53061,N53061,1,undetected,N53061,N53061,N53061,sa1,1
27620,N53061 /0 undetected,output,,N53061,N53061,0,undetected,N53061,N53061,N53061,sa0,1
27621,N105697 /1 undetected,output,,N105697,N105697,1,undetected,N105697,N105697,N105697,sa1,1
27622,N93528 /1 undetected,output,,N93528,N93528,1,undetected,N93528,N93528,N93528,sa1,1
27623,N105659 /1 undetected,output,,N105659,N105659,1,undetected,N105659,N105659,N105659,sa1,1
27624,N49828 /0 undetected,output,,N49828,N49828,0,undetected,N49828,N49828,N49828,sa0,1
27625,N82090 /1 undetected,output,,N82090,N82090,1,undetected,N82090,N82090,N82090,sa1,1
27626,N49234 /0 undetected,output,,N49234,N49234,0,undetected,N49234,N49234,N49234,sa0,1
27627,N105690 /1 undetected,output,,N105690,N105690,1,undetected,N105690,N105690,N105690,sa1,1
27628,N82077 /1 undetected,output,,N82077,N82077,1,undetected,N82077,N82077,N82077,sa1,1
27629,N105658 /1 undetected,output,,N105658,N105658,1,undetected,N105658,N105658,N105658,sa1,1
27630,N32341 /1 undetected,output,,N32341,N32341,1,undetected,N32341,N32341,N32341,sa1,1
27631,N32341 /0 undetected,output,,N32341,N32341,0,undetected,N32341,N32341,N32341,sa0,1
27632,N105652 /1 undetected,output,,N105652,N105652,1,undetected,N105652,N105652,N105652,sa1,1
27633,N76708 /1 undetected,output,,N76708,N76708,1,undetected,N76708,N76708,N76708,sa1,1
27634,N30435 /1 undetected,output,,N30435,N30435,1,undetected,N30435,N30435,N30435,sa1,1
27635,N30435 /0 undetected,output,,N30435,N30435,0,undetected,N30435,N30435,N30435,sa0,1
27636,N30349 /1 undetected,output,,N30349,N30349,1,undetected,N30349,N30349,N30349,sa1,1
27637,N30349 /0 undetected,output,,N30349,N30349,0,undetected,N30349,N30349,N30349,sa0,1
27638,N105688 /1 undetected,output,,N105688,N105688,1,undetected,N105688,N105688,N105688,sa1,1
27639,N75929 /1 undetected,output,,N75929,N75929,1,undetected,N75929,N75929,N75929,sa1,1
27640,N27265 /1 undetected,output,,N27265,N27265,1,undetected,N27265,N27265,N27265,sa1,1
27641,N27265 /0 undetected,output,,N27265,N27265,0,undetected,N27265,N27265,N27265,sa0,1
27642,N107836 /1 undetected,output,,N107836,N107836,1,undetected,N107836,N107836,N107836,sa1,1
27643,N81707 /1 undetected,output,,N81707,N81707,1,undetected,N81707,N81707,N81707,sa1,1
27644,N25243 /1 undetected,output,,N25243,N25243,1,undetected,N25243,N25243,N25243,sa1,1
27645,N25243 /0 undetected,output,,N25243,N25243,0,undetected,N25243,N25243,N25243,sa0,1
27646,N108847 /1 undetected,output,,N108847,N108847,1,undetected,N108847,N108847,N108847,sa1,1
27647,N105686 /1 undetected,output,,N105686,N105686,1,undetected,N105686,N105686,N105686,sa1,1
27648,N25036 /1 undetected,output,,N25036,N25036,1,undetected,N25036,N25036,N25036,sa1,1
27649,N25036 /0 undetected,output,,N25036,N25036,0,undetected,N25036,N25036,N25036,sa0,1
27650,N109005 /1 undetected,output,,N109005,N109005,1,undetected,N109005,N109005,N109005,sa1,1
27651,N105685 /1 undetected,output,,N105685,N105685,1,undetected,N105685,N105685,N105685,sa1,1
27652,N24848 /1 undetected,output,,N24848,N24848,1,undetected,N24848,N24848,N24848,sa1,1
27653,N24848 /0 undetected,output,,N24848,N24848,0,undetected,N24848,N24848,N24848,sa0,1
27654,N106519 /1 undetected,output,,N106519,N106519,1,undetected,N106519,N106519,N106519,sa1,1
27655,N93402 /1 undetected,output,,N93402,N93402,1,undetected,N93402,N93402,N93402,sa1,1
27656,N24591 /1 undetected,output,,N24591,N24591,1,undetected,N24591,N24591,N24591,sa1,1
27657,N24591 /0 undetected,output,,N24591,N24591,0,undetected,N24591,N24591,N24591,sa0,1
27658,N105896 /1 undetected,output,,N105896,N105896,1,undetected,N105896,N105896,N105896,sa1,1
27659,N80357 /1 undetected,output,,N80357,N80357,1,undetected,N80357,N80357,N80357,sa1,1
27660,N24168 /0 undetected,output,,N24168,N24168,0,undetected,N24168,N24168,N24168,sa0,1
27661,N106710 /1 undetected,output,,N106710,N106710,1,undetected,N106710,N106710,N106710,sa1,1
27662,N95929 /1 undetected,output,,N95929,N95929,1,undetected,N95929,N95929,N95929,sa1,1
27663,N24103 /1 undetected,output,,N24103,N24103,1,undetected,N24103,N24103,N24103,sa1,1
27664,N24103 /0 undetected,output,,N24103,N24103,0,undetected,N24103,N24103,N24103,sa0,1
27665,N106494 /1 undetected,output,,N106494,N106494,1,undetected,N106494,N106494,N106494,sa1,1
27666,N105683 /1 undetected,output,,N105683,N105683,1,undetected,N105683,N105683,N105683,sa1,1
27667,N24025 /1 undetected,output,,N24025,N24025,1,undetected,N24025,N24025,N24025,sa1,1
27668,N24025 /0 undetected,output,,N24025,N24025,0,undetected,N24025,N24025,N24025,sa0,1
27669,N105895 /1 undetected,output,,N105895,N105895,1,undetected,N105895,N105895,N105895,sa1,1
27670,N80344 /1 undetected,output,,N80344,N80344,1,undetected,N80344,N80344,N80344,sa1,1
27671,N23909 /0 undetected,output,,N23909,N23909,0,undetected,N23909,N23909,N23909,sa0,1
27672,N85925 /1 undetected,output,,N85925,N85925,1,undetected,N85925,N85925,N85925,sa1,1
27673,N23783 /1 undetected,output,,N23783,N23783,1,undetected,N23783,N23783,N23783,sa1,1
27674,N23762 /0 undetected,output,,N23762,N23762,0,undetected,N23762,N23762,N23762,sa0,1
27675,N93931 /1 undetected,output,,N93931,N93931,1,undetected,N93931,N93931,N93931,sa1,1
27676,N23718 /0 undetected,output,,N23718,N23718,0,undetected,N23718,N23718,N23718,sa0,1
27677,N105680 /1 undetected,output,,N105680,N105680,1,undetected,N105680,N105680,N105680,sa1,1
27678,N75734 /1 undetected,output,,N75734,N75734,1,undetected,N75734,N75734,N75734,sa1,1
27679,N23676 /1 undetected,output,,N23676,N23676,1,undetected,N23676,N23676,N23676,sa1,1
27680,N23676 /0 undetected,output,,N23676,N23676,0,undetected,N23676,N23676,N23676,sa0,1
27681,N23672 /1 undetected,output,,N23672,N23672,1,undetected,N23672,N23672,N23672,sa1,1
27682,N23372 /1 undetected,output,,N23372,N23372,1,undetected,N23372,N23372,N23372,sa1,1
27683,N105386 /1 undetected,output,,N105386,N105386,1,undetected,N105386,N105386,N105386,sa1,1
27684,N85519 /1 undetected,output,,N85519,N85519,1,undetected,N85519,N85519,N85519,sa1,1
27685,N13307 /1 undetected,output,,N13307,N13307,1,undetected,N13307,N13307,N13307,sa1,1
27686,N13307 /0 undetected,output,,N13307,N13307,0,undetected,N13307,N13307,N13307,sa0,1
27687,N94291 /1 undetected,output,,N94291,N94291,1,undetected,N94291,N94291,N94291,sa1,1
27688,N93909 /1 undetected,output,,N93909,N93909,1,undetected,N93909,N93909,N93909,sa1,1
27689,N4200 /1 undetected,output,,N4200,N4200,1,undetected,N4200,N4200,N4200,sa1,1
27690,N4200 /0 undetected,output,,N4200,N4200,0,undetected,N4200,N4200,N4200,sa0,1
27691,N4198 /1 undetected,output,,N4198,N4198,1,undetected,N4198,N4198,N4198,sa1,1
27692,N96874 /1 undetected,output,,N96874,N96874,1,undetected,N96874,N96874,N96874,sa1,1
27693,N86584 /1 undetected,output,,N86584,N86584,1,undetected,N86584,N86584,N86584,sa1,1
27694,N4196 /1 undetected,output,,N4196,N4196,1,undetected,N4196,N4196,N4196,sa1,1
27695,N2644 /0 undetected,output,,N2644,N2644,0,undetected,N2644,N2644,N2644,sa0,1
27696,N94533 /1 undetected,output,,N94533,N94533,1,undetected,N94533,N94533,N94533,sa1,1
27697,N94290 /1 undetected,output,,N94290,N94290,1,undetected,N94290,N94290,N94290,sa1,1
27698,N69025 /1 undetected,output,,N69025,N69025,1,undetected,N69025,N69025,N69025,sa1,1
27699,N69025 /0 undetected,output,,N69025,N69025,0,undetected,N69025,N69025,N69025,sa0,1
27700,N69023 /1 undetected,output,,N69023,N69023,1,undetected,N69023,N69023,N69023,sa1,1
27701,N69021 /1 undetected,output,,N69021,N69021,1,undetected,N69021,N69021,N69021,sa1,1
27702,N126318 /1 undetected,output,,N126318,N126318,1,undetected,N126318,N126318,N126318,sa1,1
27703,N83178 /1 undetected,output,,N83178,N83178,1,undetected,N83178,N83178,N83178,sa1,1
27704,N69020 /1 undetected,output,,N69020,N69020,1,undetected,N69020,N69020,N69020,sa1,1
27705,N69018 /1 undetected,output,,N69018,N69018,1,undetected,N69018,N69018,N69018,sa1,1
27706,N77643 /1 undetected,output,,N77643,N77643,1,undetected,N77643,N77643,N77643,sa1,1
27707,N69017 /1 undetected,output,,N69017,N69017,1,undetected,N69017,N69017,N69017,sa1,1
27708,N126365 /1 undetected,output,,N126365,N126365,1,undetected,N126365,N126365,N126365,sa1,1
27709,N90873 /1 undetected,output,,N90873,N90873,1,undetected,N90873,N90873,N90873,sa1,1
27710,N69015 /1 undetected,output,,N69015,N69015,1,undetected,N69015,N69015,N69015,sa1,1
27711,N126363 /1 undetected,output,,N126363,N126363,1,undetected,N126363,N126363,N126363,sa1,1
27712,N83103 /1 undetected,output,,N83103,N83103,1,undetected,N83103,N83103,N83103,sa1,1
27713,N69013 /1 undetected,output,,N69013,N69013,1,undetected,N69013,N69013,N69013,sa1,1
27714,N69011 /1 undetected,output,,N69011,N69011,1,undetected,N69011,N69011,N69011,sa1,1
27715,N126316 /1 undetected,output,,N126316,N126316,1,undetected,N126316,N126316,N126316,sa1,1
27716,N90901 /1 undetected,output,,N90901,N90901,1,undetected,N90901,N90901,N90901,sa1,1
27717,N69010 /1 undetected,output,,N69010,N69010,1,undetected,N69010,N69010,N69010,sa1,1
27718,N69008 /1 undetected,output,,N69008,N69008,1,undetected,N69008,N69008,N69008,sa1,1
27719,N87022 /1 undetected,output,,N87022,N87022,1,undetected,N87022,N87022,N87022,sa1,1
27720,N69007 /1 undetected,output,,N69007,N69007,1,undetected,N69007,N69007,N69007,sa1,1
27721,N126364 /1 undetected,output,,N126364,N126364,1,undetected,N126364,N126364,N126364,sa1,1
27722,N83102 /1 undetected,output,,N83102,N83102,1,undetected,N83102,N83102,N83102,sa1,1
27723,N68999 /1 undetected,output,,N68999,N68999,1,undetected,N68999,N68999,N68999,sa1,1
27724,N126362 /1 undetected,output,,N126362,N126362,1,undetected,N126362,N126362,N126362,sa1,1
27725,N90872 /1 undetected,output,,N90872,N90872,1,undetected,N90872,N90872,N90872,sa1,1
27726,N112738 /1 undetected,output,,N112738,N112738,1,undetected,N112738,N112738,N112738,sa1,1
27727,N69489 /0 undetected,output,,N69489,N69489,0,undetected,N69489,N69489,N69489,sa0,1
27728,N77265 /1 undetected,output,,N77265,N77265,1,undetected,N77265,N77265,N77265,sa1,1
27729,N69487 /1 undetected,output,,N69487,N69487,1,undetected,N69487,N69487,N69487,sa1,1
27730,N83025 /1 undetected,output,,N83025,N83025,1,undetected,N83025,N83025,N83025,sa1,1
27731,N69475 /0 undetected,output,,N69475,N69475,0,undetected,N69475,N69475,N69475,sa0,1
27732,N86793 /1 undetected,output,,N86793,N86793,1,undetected,N86793,N86793,N86793,sa1,1
27733,N69473 /1 undetected,output,,N69473,N69473,1,undetected,N69473,N69473,N69473,sa1,1
27734,N90842 /1 undetected,output,,N90842,N90842,1,undetected,N90842,N90842,N90842,sa1,1
27735,N69892 /0 undetected,output,,N69892,N69892,0,undetected,N69892,N69892,N69892,sa0,1
27736,N69100 /0 undetected,output,,N69100,N69100,0,undetected,N69100,N69100,N69100,sa0,1
27737,N103495 /1 undetected,output,,N103495,N103495,1,undetected,N103495,N103495,N103495,sa1,1
27738,N87233 /1 undetected,output,,N87233,N87233,1,undetected,N87233,N87233,N87233,sa1,1
27739,N12758 /1 undetected,output,,N12758,N12758,1,undetected,N12758,N12758,N12758,sa1,1
27740,N12758 /0 undetected,output,,N12758,N12758,0,undetected,N12758,N12758,N12758,sa0,1
27741,N100771 /1 undetected,output,,N100771,N100771,1,undetected,N100771,N100771,N100771,sa1,1
27742,N100716 /1 undetected,output,,N100716,N100716,1,undetected,N100716,N100716,N100716,sa1,1
27743,N68910 /1 undetected,output,,N68910,N68910,1,undetected,N68910,N68910,N68910,sa1,1
27744,N23533 /0 undetected,output,,N23533,N23533,0,undetected,N23533,N23533,N23533,sa0,1
27745,N92148 /1 undetected,output,,N92148,N92148,1,undetected,N92148,N92148,N92148,sa1,1
27746,N17162 /1 undetected,output,,N17162,N17162,1,undetected,N17162,N17162,N17162,sa1,1
27747,N17162 /0 undetected,output,,N17162,N17162,0,undetected,N17162,N17162,N17162,sa0,1
27748,N101244 /1 undetected,output,,N101244,N101244,1,undetected,N101244,N101244,N101244,sa1,1
27749,N2191 /1 undetected,output,,N2191,N2191,1,undetected,N2191,N2191,N2191,sa1,1
27750,N75455 /1 undetected,output,,N75455,N75455,1,undetected,N75455,N75455,N75455,sa1,1
27751,N66448 /0 undetected,output,,N66448,N66448,0,undetected,N66448,N66448,N66448,sa0,1
27752,N95348 /1 undetected,output,,N95348,N95348,1,undetected,N95348,N95348,N95348,sa1,1
27753,N66438 /0 undetected,output,,N66438,N66438,0,undetected,N66438,N66438,N66438,sa0,1
27754,N92754 /1 undetected,output,,N92754,N92754,1,undetected,N92754,N92754,N92754,sa1,1
27755,N14558 /0 undetected,output,,N14558,N14558,0,undetected,N14558,N14558,N14558,sa0,1
27756,N86410 /1 undetected,output,,N86410,N86410,1,undetected,N86410,N86410,N86410,sa1,1
27757,N8015 /1 undetected,output,,N8015,N8015,1,undetected,N8015,N8015,N8015,sa1,1
27758,N8013 /1 undetected,output,,N8013,N8013,1,undetected,N8013,N8013,N8013,sa1,1
27759,N98312 /1 undetected,output,,N98312,N98312,1,undetected,N98312,N98312,N98312,sa1,1
27760,N8011 /1 undetected,output,,N8011,N8011,1,undetected,N8011,N8011,N8011,sa1,1
27761,N97067 /1 undetected,output,,N97067,N97067,1,undetected,N97067,N97067,N97067,sa1,1
27762,N8009 /1 undetected,output,,N8009,N8009,1,undetected,N8009,N8009,N8009,sa1,1
27763,N96922 /1 undetected,output,,N96922,N96922,1,undetected,N96922,N96922,N96922,sa1,1
27764,N77780 /1 undetected,output,,N77780,N77780,1,undetected,N77780,N77780,N77780,sa1,1
27765,N6740 /1 undetected,output,,N6740,N6740,1,undetected,N6740,N6740,N6740,sa1,1
27766,N97850 /1 undetected,output,,N97850,N97850,1,undetected,N97850,N97850,N97850,sa1,1
27767,N3474 /1 undetected,output,,N3474,N3474,1,undetected,N3474,N3474,N3474,sa1,1
27768,N86694 /1 undetected,output,,N86694,N86694,1,undetected,N86694,N86694,N86694,sa1,1
27769,N3473 /1 undetected,output,,N3473,N3473,1,undetected,N3473,N3473,N3473,sa1,1
27770,N3471 /1 undetected,output,,N3471,N3471,1,undetected,N3471,N3471,N3471,sa1,1
27771,N96135 /1 undetected,output,,N96135,N96135,1,undetected,N96135,N96135,N96135,sa1,1
27772,N3470 /1 undetected,output,,N3470,N3470,1,undetected,N3470,N3470,N3470,sa1,1
27773,N96390 /1 undetected,output,,N96390,N96390,1,undetected,N96390,N96390,N96390,sa1,1
27774,N96379 /1 undetected,output,,N96379,N96379,1,undetected,N96379,N96379,N96379,sa1,1
27775,N96387 /1 undetected,output,,N96387,N96387,1,undetected,N96387,N96387,N96387,sa1,1
27776,N3465 /1 undetected,output,,N3465,N3465,1,undetected,N3465,N3465,N3465,sa1,1
27777,N96385 /1 undetected,output,,N96385,N96385,1,undetected,N96385,N96385,N96385,sa1,1
27778,N3415 /1 undetected,output,,N3415,N3415,1,undetected,N3415,N3415,N3415,sa1,1
27779,N3415 /0 undetected,output,,N3415,N3415,0,undetected,N3415,N3415,N3415,sa0,1
27780,N84320 /1 undetected,output,,N84320,N84320,1,undetected,N84320,N84320,N84320,sa1,1
27781,N3413 /1 undetected,output,,N3413,N3413,1,undetected,N3413,N3413,N3413,sa1,1
27782,N96362 /1 undetected,output,,N96362,N96362,1,undetected,N96362,N96362,N96362,sa1,1
27783,N96358 /1 undetected,output,,N96358,N96358,1,undetected,N96358,N96358,N96358,sa1,1
27784,N112075 /1 undetected,output,,N112075,N112075,1,undetected,N112075,N112075,N112075,sa1,1
27785,N84751 /1 undetected,output,,N84751,N84751,1,undetected,N84751,N84751,N84751,sa1,1
27786,N76485 /1 undetected,output,,N76485,N76485,1,undetected,N76485,N76485,N76485,sa1,1
27787,N16364 /1 undetected,output,,N16364,N16364,1,undetected,N16364,N16364,N16364,sa1,1
27788,N16364 /0 undetected,output,,N16364,N16364,0,undetected,N16364,N16364,N16364,sa0,1
27789,N102392 /1 undetected,output,,N102392,N102392,1,undetected,N102392,N102392,N102392,sa1,1
27790,N15398 /1 undetected,output,,N15398,N15398,1,undetected,N15398,N15398,N15398,sa1,1
27791,N102558 /1 undetected,output,,N102558,N102558,1,undetected,N102558,N102558,N102558,sa1,1
27792,N75094 /1 undetected,output,,N75094,N75094,1,undetected,N75094,N75094,N75094,sa1,1
27793,N92497 /1 undetected,output,,N92497,N92497,1,undetected,N92497,N92497,N92497,sa1,1
27794,N14955 /1 undetected,output,,N14955,N14955,1,undetected,N14955,N14955,N14955,sa1,1
27795,N15311 /1 undetected,output,,N15311,N15311,1,undetected,N15311,N15311,N15311,sa1,1
27796,N102270 /1 undetected,output,,N102270,N102270,1,undetected,N102270,N102270,N102270,sa1,1
27797,N102231 /1 undetected,output,,N102231,N102231,1,undetected,N102231,N102231,N102231,sa1,1
27798,N76745 /1 undetected,output,,N76745,N76745,1,undetected,N76745,N76745,N76745,sa1,1
27799,N15304 /1 undetected,output,,N15304,N15304,1,undetected,N15304,N15304,N15304,sa1,1
27800,N102215 /1 undetected,output,,N102215,N102215,1,undetected,N102215,N102215,N102215,sa1,1
27801,N86443 /1 undetected,output,,N86443,N86443,1,undetected,N86443,N86443,N86443,sa1,1
27802,N76441 /1 undetected,output,,N76441,N76441,1,undetected,N76441,N76441,N76441,sa1,1
27803,N3532 /1 undetected,output,,N3532,N3532,1,undetected,N3532,N3532,N3532,sa1,1
27804,N2677 /0 undetected,output,,N2677,N2677,0,undetected,N2677,N2677,N2677,sa0,1
27805,N94531 /1 undetected,output,,N94531,N94531,1,undetected,N94531,N94531,N94531,sa1,1
27806,N2675 /1 undetected,output,,N2675,N2675,1,undetected,N2675,N2675,N2675,sa1,1
27807,N94534 /1 undetected,output,,N94534,N94534,1,undetected,N94534,N94534,N94534,sa1,1
27808,N94192 /1 undetected,output,,N94192,N94192,1,undetected,N94192,N94192,N94192,sa1,1
27809,N2671 /1 undetected,output,,N2671,N2671,1,undetected,N2671,N2671,N2671,sa1,1
27810,N94283 /1 undetected,output,,N94283,N94283,1,undetected,N94283,N94283,N94283,sa1,1
27811,N2669 /1 undetected,output,,N2669,N2669,1,undetected,N2669,N2669,N2669,sa1,1
27812,N94082 /1 undetected,output,,N94082,N94082,1,undetected,N94082,N94082,N94082,sa1,1
27813,N75192 /1 undetected,output,,N75192,N75192,1,undetected,N75192,N75192,N75192,sa1,1
27814,N44592 /1 undetected,output,,N44592,N44592,1,undetected,N44592,N44592,N44592,sa1,1
27815,N112315 /1 undetected,output,,N112315,N112315,1,undetected,N112315,N112315,N112315,sa1,1
27816,N44587 /1 undetected,output,,N44587,N44587,1,undetected,N44587,N44587,N44587,sa1,1
27817,N106231 /1 undetected,output,,N106231,N106231,1,undetected,N106231,N106231,N106231,sa1,1
27818,N90206 /1 undetected,output,,N90206,N90206,1,undetected,N90206,N90206,N90206,sa1,1
27819,N112314 /1 undetected,output,,N112314,N112314,1,undetected,N112314,N112314,N112314,sa1,1
27820,N34248 /1 undetected,output,,N34248,N34248,1,undetected,N34248,N34248,N34248,sa1,1
27821,N106230 /1 undetected,output,,N106230,N106230,1,undetected,N106230,N106230,N106230,sa1,1
27822,N90054 /1 undetected,output,,N90054,N90054,1,undetected,N90054,N90054,N90054,sa1,1
27823,N29078 /1 undetected,output,,N29078,N29078,1,undetected,N29078,N29078,N29078,sa1,1
27824,N112852 /1 undetected,output,,N112852,N112852,1,undetected,N112852,N112852,N112852,sa1,1
27825,N112313 /1 undetected,output,,N112313,N112313,1,undetected,N112313,N112313,N112313,sa1,1
27826,N29075 /1 undetected,output,,N29075,N29075,1,undetected,N29075,N29075,N29075,sa1,1
27827,N89973 /1 undetected,output,,N89973,N89973,1,undetected,N89973,N89973,N89973,sa1,1
27828,N24844 /1 undetected,output,,N24844,N24844,1,undetected,N24844,N24844,N24844,sa1,1
27829,N24844 /0 undetected,output,,N24844,N24844,0,undetected,N24844,N24844,N24844,sa0,1
27830,N106669 /1 undetected,output,,N106669,N106669,1,undetected,N106669,N106669,N106669,sa1,1
27831,N24843 /1 undetected,output,,N24843,N24843,1,undetected,N24843,N24843,N24843,sa1,1
27832,N108860 /1 undetected,output,,N108860,N108860,1,undetected,N108860,N108860,N108860,sa1,1
27833,N75736 /1 undetected,output,,N75736,N75736,1,undetected,N75736,N75736,N75736,sa1,1
27834,N24538 /1 undetected,output,,N24538,N24538,1,undetected,N24538,N24538,N24538,sa1,1
27835,N24538 /0 undetected,output,,N24538,N24538,0,undetected,N24538,N24538,N24538,sa0,1
27836,N75714 /1 undetected,output,,N75714,N75714,1,undetected,N75714,N75714,N75714,sa1,1
27837,N24537 /1 undetected,output,,N24537,N24537,1,undetected,N24537,N24537,N24537,sa1,1
27838,N105634 /1 undetected,output,,N105634,N105634,1,undetected,N105634,N105634,N105634,sa1,1
27839,N24535 /1 undetected,output,,N24535,N24535,1,undetected,N24535,N24535,N24535,sa1,1
27840,N107689 /1 undetected,output,,N107689,N107689,1,undetected,N107689,N107689,N107689,sa1,1
27841,N93348 /1 undetected,output,,N93348,N93348,1,undetected,N93348,N93348,N93348,sa1,1
27842,N23457 /0 undetected,output,,N23457,N23457,0,undetected,N23457,N23457,N23457,sa0,1
27843,N75565 /1 undetected,output,,N75565,N75565,1,undetected,N75565,N75565,N75565,sa1,1
27844,N23455 /1 undetected,output,,N23455,N23455,1,undetected,N23455,N23455,N23455,sa1,1
27845,N102908 /1 undetected,output,,N102908,N102908,1,undetected,N102908,N102908,N102908,sa1,1
27846,N94181 /1 undetected,output,,N94181,N94181,1,undetected,N94181,N94181,N94181,sa1,1
27847,N92538 /1 undetected,output,,N92538,N92538,1,undetected,N92538,N92538,N92538,sa1,1
27848,N92678 /1 undetected,output,,N92678,N92678,1,undetected,N92678,N92678,N92678,sa1,1
27849,N92537 /1 undetected,output,,N92537,N92537,1,undetected,N92537,N92537,N92537,sa1,1
27850,N92677 /1 undetected,output,,N92677,N92677,1,undetected,N92677,N92677,N92677,sa1,1
27851,N30563 /1 undetected,output,,N30563,N30563,1,undetected,N30563,N30563,N30563,sa1,1
27852,N30338 /1 undetected,output,,N30338,N30338,1,undetected,N30338,N30338,N30338,sa1,1
27853,N14974 /0 undetected,output,,N14974,N14974,0,undetected,N14974,N14974,N14974,sa0,1
27854,N102276 /1 undetected,output,,N102276,N102276,1,undetected,N102276,N102276,N102276,sa1,1
27855,N99905 /1 undetected,output,,N99905,N99905,1,undetected,N99905,N99905,N99905,sa1,1
27856,N70171 /1 undetected,output,,N70171,N70171,1,undetected,N70171,N70171,N70171,sa1,1
27857,N90893 /1 undetected,output,,N90893,N90893,1,undetected,N90893,N90893,N90893,sa1,1
27858,N70162 /1 undetected,output,,N70162,N70162,1,undetected,N70162,N70162,N70162,sa1,1
27859,N90921 /1 undetected,output,,N90921,N90921,1,undetected,N90921,N90921,N90921,sa1,1
27860,N70160 /1 undetected,output,,N70160,N70160,1,undetected,N70160,N70160,N70160,sa1,1
27861,N86959 /1 undetected,output,,N86959,N86959,1,undetected,N86959,N86959,N86959,sa1,1
27862,N70159 /1 undetected,output,,N70159,N70159,1,undetected,N70159,N70159,N70159,sa1,1
27863,N83241 /1 undetected,output,,N83241,N83241,1,undetected,N83241,N83241,N83241,sa1,1
27864,N83164 /1 undetected,output,,N83164,N83164,1,undetected,N83164,N83164,N83164,sa1,1
27865,N70141 /1 undetected,output,,N70141,N70141,1,undetected,N70141,N70141,N70141,sa1,1
27866,N90919 /1 undetected,output,,N90919,N90919,1,undetected,N90919,N90919,N90919,sa1,1
27867,N70139 /1 undetected,output,,N70139,N70139,1,undetected,N70139,N70139,N70139,sa1,1
27868,N83240 /1 undetected,output,,N83240,N83240,1,undetected,N83240,N83240,N83240,sa1,1
27869,N110995 /1 undetected,output,,N110995,N110995,1,undetected,N110995,N110995,N110995,sa1,1
27870,N110982 /1 undetected,output,,N110982,N110982,1,undetected,N110982,N110982,N110982,sa1,1
27871,N110980 /1 undetected,output,,N110980,N110980,1,undetected,N110980,N110980,N110980,sa1,1
27872,N110977 /1 undetected,output,,N110977,N110977,1,undetected,N110977,N110977,N110977,sa1,1
27873,N110962 /1 undetected,output,,N110962,N110962,1,undetected,N110962,N110962,N110962,sa1,1
27874,N110957 /1 undetected,output,,N110957,N110957,1,undetected,N110957,N110957,N110957,sa1,1
27875,N110954 /1 undetected,output,,N110954,N110954,1,undetected,N110954,N110954,N110954,sa1,1
27876,N110867 /1 undetected,output,,N110867,N110867,1,undetected,N110867,N110867,N110867,sa1,1
27877,N110946 /1 undetected,output,,N110946,N110946,1,undetected,N110946,N110946,N110946,sa1,1
27878,N110944 /1 undetected,output,,N110944,N110944,1,undetected,N110944,N110944,N110944,sa1,1
27879,N60901 /1 undetected,output,,N60901,N60901,1,undetected,N60901,N60901,N60901,sa1,1
27880,N60901 /0 undetected,output,,N60901,N60901,0,undetected,N60901,N60901,N60901,sa0,1
27881,N60899 /1 undetected,output,,N60899,N60899,1,undetected,N60899,N60899,N60899,sa1,1
27882,N124075 /1 undetected,output,,N124075,N124075,1,undetected,N124075,N124075,N124075,sa1,1
27883,N82518 /1 undetected,output,,N82518,N82518,1,undetected,N82518,N82518,N82518,sa1,1
27884,N60893 /1 undetected,output,,N60893,N60893,1,undetected,N60893,N60893,N60893,sa1,1
27885,N14601 /1 undetected,output,,N14601,N14601,1,undetected,N14601,N14601,N14601,sa1,1
27886,N14601 /0 undetected,output,,N14601,N14601,0,undetected,N14601,N14601,N14601,sa0,1
27887,N101915 /1 undetected,output,,N101915,N101915,1,undetected,N101915,N101915,N101915,sa1,1
27888,N14599 /1 undetected,output,,N14599,N14599,1,undetected,N14599,N14599,N14599,sa1,1
27889,N84148 /1 undetected,output,,N84148,N84148,1,undetected,N84148,N84148,N84148,sa1,1
27890,N14597 /1 undetected,output,,N14597,N14597,1,undetected,N14597,N14597,N14597,sa1,1
27891,N96171 /1 undetected,output,,N96171,N96171,1,undetected,N96171,N96171,N96171,sa1,1
27892,N14595 /1 undetected,output,,N14595,N14595,1,undetected,N14595,N14595,N14595,sa1,1
27893,N99801 /1 undetected,output,,N99801,N99801,1,undetected,N99801,N99801,N99801,sa1,1
27894,N14593 /1 undetected,output,,N14593,N14593,1,undetected,N14593,N14593,N14593,sa1,1
27895,N99950 /1 undetected,output,,N99950,N99950,1,undetected,N99950,N99950,N99950,sa1,1
27896,N14591 /1 undetected,output,,N14591,N14591,1,undetected,N14591,N14591,N14591,sa1,1
27897,N99948 /1 undetected,output,,N99948,N99948,1,undetected,N99948,N99948,N99948,sa1,1
27898,N14589 /1 undetected,output,,N14589,N14589,1,undetected,N14589,N14589,N14589,sa1,1
27899,N96375 /1 undetected,output,,N96375,N96375,1,undetected,N96375,N96375,N96375,sa1,1
27900,N14587 /1 undetected,output,,N14587,N14587,1,undetected,N14587,N14587,N14587,sa1,1
27901,N99812 /1 undetected,output,,N99812,N99812,1,undetected,N99812,N99812,N99812,sa1,1
27902,N96377 /1 undetected,output,,N96377,N96377,1,undetected,N96377,N96377,N96377,sa1,1
27903,N12859 /1 undetected,output,,N12859,N12859,1,undetected,N12859,N12859,N12859,sa1,1
27904,N12859 /0 undetected,output,,N12859,N12859,0,undetected,N12859,N12859,N12859,sa0,1
27905,N100579 /1 undetected,output,,N100579,N100579,1,undetected,N100579,N100579,N100579,sa1,1
27906,N12858 /1 undetected,output,,N12858,N12858,1,undetected,N12858,N12858,N12858,sa1,1
27907,N100583 /1 undetected,output,,N100583,N100583,1,undetected,N100583,N100583,N100583,sa1,1
27908,N12856 /1 undetected,output,,N12856,N12856,1,undetected,N12856,N12856,N12856,sa1,1
27909,N100793 /1 undetected,output,,N100793,N100793,1,undetected,N100793,N100793,N100793,sa1,1
27910,N12854 /1 undetected,output,,N12854,N12854,1,undetected,N12854,N12854,N12854,sa1,1
27911,N100791 /1 undetected,output,,N100791,N100791,1,undetected,N100791,N100791,N100791,sa1,1
27912,N12852 /1 undetected,output,,N12852,N12852,1,undetected,N12852,N12852,N12852,sa1,1
27913,N100756 /1 undetected,output,,N100756,N100756,1,undetected,N100756,N100756,N100756,sa1,1
27914,N92128 /1 undetected,output,,N92128,N92128,1,undetected,N92128,N92128,N92128,sa1,1
27915,N13440 /1 undetected,output,,N13440,N13440,1,undetected,N13440,N13440,N13440,sa1,1
27916,N13440 /0 undetected,output,,N13440,N13440,0,undetected,N13440,N13440,N13440,sa0,1
27917,N101243 /1 undetected,output,,N101243,N101243,1,undetected,N101243,N101243,N101243,sa1,1
27918,N92916 /1 undetected,output,,N92916,N92916,1,undetected,N92916,N92916,N92916,sa1,1
27919,N13406 /1 undetected,output,,N13406,N13406,1,undetected,N13406,N13406,N13406,sa1,1
27920,N101293 /1 undetected,output,,N101293,N101293,1,undetected,N101293,N101293,N101293,sa1,1
27921,N101242 /1 undetected,output,,N101242,N101242,1,undetected,N101242,N101242,N101242,sa1,1
27922,N13363 /1 undetected,output,,N13363,N13363,1,undetected,N13363,N13363,N13363,sa1,1
27923,N13363 /0 undetected,output,,N13363,N13363,0,undetected,N13363,N13363,N13363,sa0,1
27924,N101241 /1 undetected,output,,N101241,N101241,1,undetected,N101241,N101241,N101241,sa1,1
27925,N93473 /1 undetected,output,,N93473,N93473,1,undetected,N93473,N93473,N93473,sa1,1
27926,N3879 /1 undetected,output,,N3879,N3879,1,undetected,N3879,N3879,N3879,sa1,1
27927,N86579 /1 undetected,output,,N86579,N86579,1,undetected,N86579,N86579,N86579,sa1,1
27928,N3878 /1 undetected,output,,N3878,N3878,1,undetected,N3878,N3878,N3878,sa1,1
27929,N3875 /1 undetected,output,,N3875,N3875,1,undetected,N3875,N3875,N3875,sa1,1
27930,N96558 /1 undetected,output,,N96558,N96558,1,undetected,N96558,N96558,N96558,sa1,1
27931,N3873 /1 undetected,output,,N3873,N3873,1,undetected,N3873,N3873,N3873,sa1,1
27932,N3871 /1 undetected,output,,N3871,N3871,1,undetected,N3871,N3871,N3871,sa1,1
27933,N96561 /1 undetected,output,,N96561,N96561,1,undetected,N96561,N96561,N96561,sa1,1
27934,N77108 /1 undetected,output,,N77108,N77108,1,undetected,N77108,N77108,N77108,sa1,1
27935,N19834 /1 undetected,output,,N19834,N19834,1,undetected,N19834,N19834,N19834,sa1,1
27936,N19834 /0 undetected,output,,N19834,N19834,0,undetected,N19834,N19834,N19834,sa0,1
27937,N103985 /1 undetected,output,,N103985,N103985,1,undetected,N103985,N103985,N103985,sa1,1
27938,N19833 /1 undetected,output,,N19833,N19833,1,undetected,N19833,N19833,N19833,sa1,1
27939,N88357 /1 undetected,output,,N88357,N88357,1,undetected,N88357,N88357,N88357,sa1,1
27940,N19831 /1 undetected,output,,N19831,N19831,1,undetected,N19831,N19831,N19831,sa1,1
27941,N104061 /1 undetected,output,,N104061,N104061,1,undetected,N104061,N104061,N104061,sa1,1
27942,N19829 /1 undetected,output,,N19829,N19829,1,undetected,N19829,N19829,N19829,sa1,1
27943,N104031 /1 undetected,output,,N104031,N104031,1,undetected,N104031,N104031,N104031,sa1,1
27944,N11586 /1 undetected,output,,N11586,N11586,1,undetected,N11586,N11586,N11586,sa1,1
27945,N16951 /1 undetected,output,,N16951,N16951,1,undetected,N16951,N16951,N16951,sa1,1
27946,N16951 /0 undetected,output,,N16951,N16951,0,undetected,N16951,N16951,N16951,sa0,1
27947,N103298 /1 undetected,output,,N103298,N103298,1,undetected,N103298,N103298,N103298,sa1,1
27948,N16949 /1 undetected,output,,N16949,N16949,1,undetected,N16949,N16949,N16949,sa1,1
27949,N100739 /1 undetected,output,,N100739,N100739,1,undetected,N100739,N100739,N100739,sa1,1
27950,N13092 /1 undetected,output,,N13092,N13092,1,undetected,N13092,N13092,N13092,sa1,1
27951,N101046 /1 undetected,output,,N101046,N101046,1,undetected,N101046,N101046,N101046,sa1,1
27952,N91344 /1 undetected,output,,N91344,N91344,1,undetected,N91344,N91344,N91344,sa1,1
27953,N10126 /0 undetected,output,,N10126,N10126,0,undetected,N10126,N10126,N10126,sa0,1
27954,N75505 /1 undetected,output,,N75505,N75505,1,undetected,N75505,N75505,N75505,sa1,1
27955,N4249 /1 undetected,output,,N4249,N4249,1,undetected,N4249,N4249,N4249,sa1,1
27956,N85442 /1 undetected,output,,N85442,N85442,1,undetected,N85442,N85442,N85442,sa1,1
27957,N10121 /1 undetected,output,,N10121,N10121,1,undetected,N10121,N10121,N10121,sa1,1
27958,N10119 /1 undetected,output,,N10119,N10119,1,undetected,N10119,N10119,N10119,sa1,1
27959,N94635 /1 undetected,output,,N94635,N94635,1,undetected,N94635,N94635,N94635,sa1,1
27960,N75280 /1 undetected,output,,N75280,N75280,1,undetected,N75280,N75280,N75280,sa1,1
27961,N84675 /1 undetected,output,,N84675,N84675,1,undetected,N84675,N84675,N84675,sa1,1
27962,N9780 /1 undetected,output,,N9780,N9780,1,undetected,N9780,N9780,N9780,sa1,1
27963,N85435 /1 undetected,output,,N85435,N85435,1,undetected,N85435,N85435,N85435,sa1,1
27964,N84674 /1 undetected,output,,N84674,N84674,1,undetected,N84674,N84674,N84674,sa1,1
27965,N9619 /1 undetected,output,,N9619,N9619,1,undetected,N9619,N9619,N9619,sa1,1
27966,N84672 /1 undetected,output,,N84672,N84672,1,undetected,N84672,N84672,N84672,sa1,1
27967,N9457 /1 undetected,output,,N9457,N9457,1,undetected,N9457,N9457,N9457,sa1,1
27968,N85427 /1 undetected,output,,N85427,N85427,1,undetected,N85427,N85427,N85427,sa1,1
27969,N84670 /1 undetected,output,,N84670,N84670,1,undetected,N84670,N84670,N84670,sa1,1
27970,N9295 /1 undetected,output,,N9295,N9295,1,undetected,N9295,N9295,N9295,sa1,1
27971,N85423 /1 undetected,output,,N85423,N85423,1,undetected,N85423,N85423,N85423,sa1,1
27972,N84668 /1 undetected,output,,N84668,N84668,1,undetected,N84668,N84668,N84668,sa1,1
27973,N9081 /1 undetected,output,,N9081,N9081,1,undetected,N9081,N9081,N9081,sa1,1
27974,N3501 /0 undetected,output,,N3501,N3501,0,undetected,N3501,N3501,N3501,sa0,1
27975,N96136 /1 undetected,output,,N96136,N96136,1,undetected,N96136,N96136,N96136,sa1,1
27976,N56027 /1 undetected,output,,N56027,N56027,1,undetected,N56027,N56027,N56027,sa1,1
27977,N56027 /0 undetected,output,,N56027,N56027,0,undetected,N56027,N56027,N56027,sa0,1
27978,N109080 /1 undetected,output,,N109080,N109080,1,undetected,N109080,N109080,N109080,sa1,1
27979,N75780 /1 undetected,output,,N75780,N75780,1,undetected,N75780,N75780,N75780,sa1,1
27980,N24863 /1 undetected,output,,N24863,N24863,1,undetected,N24863,N24863,N24863,sa1,1
27981,N24863 /0 undetected,output,,N24863,N24863,0,undetected,N24863,N24863,N24863,sa0,1
27982,N108861 /1 undetected,output,,N108861,N108861,1,undetected,N108861,N108861,N108861,sa1,1
27983,N75765 /1 undetected,output,,N75765,N75765,1,undetected,N75765,N75765,N75765,sa1,1
27984,N84186 /1 undetected,output,,N84186,N84186,1,undetected,N84186,N84186,N84186,sa1,1
27985,N20320 /1 undetected,output,,N20320,N20320,1,undetected,N20320,N20320,N20320,sa1,1
27986,N20320 /0 undetected,output,,N20320,N20320,0,undetected,N20320,N20320,N20320,sa0,1
27987,N104535 /1 undetected,output,,N104535,N104535,1,undetected,N104535,N104535,N104535,sa1,1
27988,N20319 /1 undetected,output,,N20319,N20319,1,undetected,N20319,N20319,N20319,sa1,1
27989,N19504 /1 undetected,output,,N19504,N19504,1,undetected,N19504,N19504,N19504,sa1,1
27990,N103984 /1 undetected,output,,N103984,N103984,1,undetected,N103984,N103984,N103984,sa1,1
27991,N19503 /1 undetected,output,,N19503,N19503,1,undetected,N19503,N19503,N19503,sa1,1
27992,N19501 /1 undetected,output,,N19501,N19501,1,undetected,N19501,N19501,N19501,sa1,1
27993,N100025 /1 undetected,output,,N100025,N100025,1,undetected,N100025,N100025,N100025,sa1,1
27994,N11594 /1 undetected,output,,N11594,N11594,1,undetected,N11594,N11594,N11594,sa1,1
27995,N83685 /1 undetected,output,,N83685,N83685,1,undetected,N83685,N83685,N83685,sa1,1
27996,N75197 /1 undetected,output,,N75197,N75197,1,undetected,N75197,N75197,N75197,sa1,1
27997,N101103 /1 undetected,output,,N101103,N101103,1,undetected,N101103,N101103,N101103,sa1,1
27998,N13145 /1 undetected,output,,N13145,N13145,1,undetected,N13145,N13145,N13145,sa1,1
27999,N13109 /1 undetected,output,,N13109,N13109,1,undetected,N13109,N13109,N13109,sa1,1
28000,N101075 /1 undetected,output,,N101075,N101075,1,undetected,N101075,N101075,N101075,sa1,1
28001,N101071 /1 undetected,output,,N101071,N101071,1,undetected,N101071,N101071,N101071,sa1,1
28002,N11720 /1 undetected,output,,N11720,N11720,1,undetected,N11720,N11720,N11720,sa1,1
28003,N11508 /0 undetected,output,,N11508,N11508,0,undetected,N11508,N11508,N11508,sa0,1
28004,N84660 /1 undetected,output,,N84660,N84660,1,undetected,N84660,N84660,N84660,sa1,1
28005,N97014 /1 undetected,output,,N97014,N97014,1,undetected,N97014,N97014,N97014,sa1,1
28006,N110991 /1 undetected,output,,N110991,N110991,1,undetected,N110991,N110991,N110991,sa1,1
28007,N110989 /1 undetected,output,,N110989,N110989,1,undetected,N110989,N110989,N110989,sa1,1
28008,N110987 /1 undetected,output,,N110987,N110987,1,undetected,N110987,N110987,N110987,sa1,1
28009,N110985 /1 undetected,output,,N110985,N110985,1,undetected,N110985,N110985,N110985,sa1,1
28010,N110975 /1 undetected,output,,N110975,N110975,1,undetected,N110975,N110975,N110975,sa1,1
28011,N110974 /1 undetected,output,,N110974,N110974,1,undetected,N110974,N110974,N110974,sa1,1
28012,N110971 /1 undetected,output,,N110971,N110971,1,undetected,N110971,N110971,N110971,sa1,1
28013,N110969 /1 undetected,output,,N110969,N110969,1,undetected,N110969,N110969,N110969,sa1,1
28014,N110967 /1 undetected,output,,N110967,N110967,1,undetected,N110967,N110967,N110967,sa1,1
28015,N110965 /1 undetected,output,,N110965,N110965,1,undetected,N110965,N110965,N110965,sa1,1
28016,N110960 /1 undetected,output,,N110960,N110960,1,undetected,N110960,N110960,N110960,sa1,1
28017,N110952 /1 undetected,output,,N110952,N110952,1,undetected,N110952,N110952,N110952,sa1,1
28018,N64253 /0 undetected,output,,N64253,N64253,0,undetected,N64253,N64253,N64253,sa0,1
28019,N125347 /1 undetected,output,,N125347,N125347,1,undetected,N125347,N125347,N125347,sa1,1
28020,N60880 /0 undetected,output,,N60880,N60880,0,undetected,N60880,N60880,N60880,sa0,1
28021,N80706 /1 undetected,output,,N80706,N80706,1,undetected,N80706,N80706,N80706,sa1,1
28022,N124074 /1 undetected,output,,N124074,N124074,1,undetected,N124074,N124074,N124074,sa1,1
28023,N124014 /1 undetected,output,,N124014,N124014,1,undetected,N124014,N124014,N124014,sa1,1
28024,N11553 /1 undetected,output,,N11553,N11553,1,undetected,N11553,N11553,N11553,sa1,1
28025,N75194 /1 undetected,output,,N75194,N75194,1,undetected,N75194,N75194,N75194,sa1,1
28026,N11552 /1 undetected,output,,N11552,N11552,1,undetected,N11552,N11552,N11552,sa1,1
28027,N99849 /1 undetected,output,,N99849,N99849,1,undetected,N99849,N99849,N99849,sa1,1
28028,N11549 /1 undetected,output,,N11549,N11549,1,undetected,N11549,N11549,N11549,sa1,1
28029,N99955 /1 undetected,output,,N99955,N99955,1,undetected,N99955,N99955,N99955,sa1,1
28030,N91385 /1 undetected,output,,N91385,N91385,1,undetected,N91385,N91385,N91385,sa1,1
28031,N11545 /1 undetected,output,,N11545,N11545,1,undetected,N11545,N11545,N11545,sa1,1
28032,N11543 /1 undetected,output,,N11543,N11543,1,undetected,N11543,N11543,N11543,sa1,1
28033,N99820 /1 undetected,output,,N99820,N99820,1,undetected,N99820,N99820,N99820,sa1,1
28034,N11541 /1 undetected,output,,N11541,N11541,1,undetected,N11541,N11541,N11541,sa1,1
28035,N84147 /1 undetected,output,,N84147,N84147,1,undetected,N84147,N84147,N84147,sa1,1
28036,N11539 /1 undetected,output,,N11539,N11539,1,undetected,N11539,N11539,N11539,sa1,1
28037,N99949 /1 undetected,output,,N99949,N99949,1,undetected,N99949,N99949,N99949,sa1,1
28038,N11537 /1 undetected,output,,N11537,N11537,1,undetected,N11537,N11537,N11537,sa1,1
28039,N96170 /1 undetected,output,,N96170,N96170,1,undetected,N96170,N96170,N96170,sa1,1
28040,N11535 /1 undetected,output,,N11535,N11535,1,undetected,N11535,N11535,N11535,sa1,1
28041,N99947 /1 undetected,output,,N99947,N99947,1,undetected,N99947,N99947,N99947,sa1,1
28042,N11531 /1 undetected,output,,N11531,N11531,1,undetected,N11531,N11531,N11531,sa1,1
28043,N99943 /1 undetected,output,,N99943,N99943,1,undetected,N99943,N99943,N99943,sa1,1
28044,N84056 /1 undetected,output,,N84056,N84056,1,undetected,N84056,N84056,N84056,sa1,1
28045,N11526 /1 undetected,output,,N11526,N11526,1,undetected,N11526,N11526,N11526,sa1,1
28046,N7683 /1 undetected,output,,N7683,N7683,1,undetected,N7683,N7683,N7683,sa1,1
28047,N7681 /1 undetected,output,,N7681,N7681,1,undetected,N7681,N7681,N7681,sa1,1
28048,N7679 /1 undetected,output,,N7679,N7679,1,undetected,N7679,N7679,N7679,sa1,1
28049,N98172 /1 undetected,output,,N98172,N98172,1,undetected,N98172,N98172,N98172,sa1,1
28050,N7678 /1 undetected,output,,N7678,N7678,1,undetected,N7678,N7678,N7678,sa1,1
28051,N98165 /1 undetected,output,,N98165,N98165,1,undetected,N98165,N98165,N98165,sa1,1
28052,N7676 /1 undetected,output,,N7676,N7676,1,undetected,N7676,N7676,N7676,sa1,1
28053,N75278 /1 undetected,output,,N75278,N75278,1,undetected,N75278,N75278,N75278,sa1,1
28054,N7674 /1 undetected,output,,N7674,N7674,1,undetected,N7674,N7674,N7674,sa1,1
28055,N86326 /1 undetected,output,,N86326,N86326,1,undetected,N86326,N86326,N86326,sa1,1
28056,N7672 /1 undetected,output,,N7672,N7672,1,undetected,N7672,N7672,N7672,sa1,1
28057,N86386 /1 undetected,output,,N86386,N86386,1,undetected,N86386,N86386,N86386,sa1,1
28058,N86358 /1 undetected,output,,N86358,N86358,1,undetected,N86358,N86358,N86358,sa1,1
28059,N7670 /1 undetected,output,,N7670,N7670,1,undetected,N7670,N7670,N7670,sa1,1
28060,N98175 /1 undetected,output,,N98175,N98175,1,undetected,N98175,N98175,N98175,sa1,1
28061,N7668 /1 undetected,output,,N7668,N7668,1,undetected,N7668,N7668,N7668,sa1,1
28062,N96917 /1 undetected,output,,N96917,N96917,1,undetected,N96917,N96917,N96917,sa1,1
28063,N87108 /1 undetected,output,,N87108,N87108,1,undetected,N87108,N87108,N87108,sa1,1
28064,N75471 /1 undetected,output,,N75471,N75471,1,undetected,N75471,N75471,N75471,sa1,1
28065,N7366 /1 undetected,output,,N7366,N7366,1,undetected,N7366,N7366,N7366,sa1,1
28066,N7364 /1 undetected,output,,N7364,N7364,1,undetected,N7364,N7364,N7364,sa1,1
28067,N7362 /1 undetected,output,,N7362,N7362,1,undetected,N7362,N7362,N7362,sa1,1
28068,N98081 /1 undetected,output,,N98081,N98081,1,undetected,N98081,N98081,N98081,sa1,1
28069,N7361 /1 undetected,output,,N7361,N7361,1,undetected,N7361,N7361,N7361,sa1,1
28070,N98083 /1 undetected,output,,N98083,N98083,1,undetected,N98083,N98083,N98083,sa1,1
28071,N7359 /1 undetected,output,,N7359,N7359,1,undetected,N7359,N7359,N7359,sa1,1
28072,N75277 /1 undetected,output,,N75277,N75277,1,undetected,N75277,N75277,N75277,sa1,1
28073,N7357 /1 undetected,output,,N7357,N7357,1,undetected,N7357,N7357,N7357,sa1,1
28074,N86325 /1 undetected,output,,N86325,N86325,1,undetected,N86325,N86325,N86325,sa1,1
28075,N2695 /1 undetected,output,,N2695,N2695,1,undetected,N2695,N2695,N2695,sa1,1
28076,N7355 /1 undetected,output,,N7355,N7355,1,undetected,N7355,N7355,N7355,sa1,1
28077,N98077 /1 undetected,output,,N98077,N98077,1,undetected,N98077,N98077,N98077,sa1,1
28078,N7353 /1 undetected,output,,N7353,N7353,1,undetected,N7353,N7353,N7353,sa1,1
28079,N96916 /1 undetected,output,,N96916,N96916,1,undetected,N96916,N96916,N96916,sa1,1
28080,N87064 /1 undetected,output,,N87064,N87064,1,undetected,N87064,N87064,N87064,sa1,1
28081,N19715 /1 undetected,output,,N19715,N19715,1,undetected,N19715,N19715,N19715,sa1,1
28082,N19715 /0 undetected,output,,N19715,N19715,0,undetected,N19715,N19715,N19715,sa0,1
28083,N99839 /1 undetected,output,,N99839,N99839,1,undetected,N99839,N99839,N99839,sa1,1
28084,N94051 /1 undetected,output,,N94051,N94051,1,undetected,N94051,N94051,N94051,sa1,1
28085,N14610 /1 undetected,output,,N14610,N14610,1,undetected,N14610,N14610,N14610,sa1,1
28086,N11452 /1 undetected,output,,N11452,N11452,1,undetected,N11452,N11452,N11452,sa1,1
28087,N97244 /1 undetected,output,,N97244,N97244,1,undetected,N97244,N97244,N97244,sa1,1
28088,N56025 /1 undetected,output,,N56025,N56025,1,undetected,N56025,N56025,N56025,sa1,1
28089,N56025 /0 undetected,output,,N56025,N56025,0,undetected,N56025,N56025,N56025,sa0,1
28090,N75830 /1 undetected,output,,N75830,N75830,1,undetected,N75830,N75830,N75830,sa1,1
28091,N56024 /1 undetected,output,,N56024,N56024,1,undetected,N56024,N56024,N56024,sa1,1
28092,N121122 /1 undetected,output,,N121122,N121122,1,undetected,N121122,N121122,N121122,sa1,1
28093,N23699 /1 undetected,output,,N23699,N23699,1,undetected,N23699,N23699,N23699,sa1,1
28094,N105592 /1 undetected,output,,N105592,N105592,1,undetected,N105592,N105592,N105592,sa1,1
28095,N75733 /1 undetected,output,,N75733,N75733,1,undetected,N75733,N75733,N75733,sa1,1
28096,N91884 /1 undetected,output,,N91884,N91884,1,undetected,N91884,N91884,N91884,sa1,1
28097,N55631 /1 undetected,output,,N55631,N55631,1,undetected,N55631,N55631,N55631,sa1,1
28098,N55629 /1 undetected,output,,N55629,N55629,1,undetected,N55629,N55629,N55629,sa1,1
28099,N120945 /1 undetected,output,,N120945,N120945,1,undetected,N120945,N120945,N120945,sa1,1
28100,N106155 /1 undetected,output,,N106155,N106155,1,undetected,N106155,N106155,N106155,sa1,1
28101,N23655 /1 undetected,output,,N23655,N23655,1,undetected,N23655,N23655,N23655,sa1,1
28102,N23655 /0 undetected,output,,N23655,N23655,0,undetected,N23655,N23655,N23655,sa0,1
28103,N105588 /1 undetected,output,,N105588,N105588,1,undetected,N105588,N105588,N105588,sa1,1
28104,N88363 /1 undetected,output,,N88363,N88363,1,undetected,N88363,N88363,N88363,sa1,1
28105,N105117 /1 undetected,output,,N105117,N105117,1,undetected,N105117,N105117,N105117,sa1,1
28106,N22169 /1 undetected,output,,N22169,N22169,1,undetected,N22169,N22169,N22169,sa1,1
28107,N94500 /1 undetected,output,,N94500,N94500,1,undetected,N94500,N94500,N94500,sa1,1
28108,N105123 /1 undetected,output,,N105123,N105123,1,undetected,N105123,N105123,N105123,sa1,1
28109,N94546 /1 undetected,output,,N94546,N94546,1,undetected,N94546,N94546,N94546,sa1,1
28110,N22161 /1 undetected,output,,N22161,N22161,1,undetected,N22161,N22161,N22161,sa1,1
28111,N105116 /1 undetected,output,,N105116,N105116,1,undetected,N105116,N105116,N105116,sa1,1
28112,N22160 /1 undetected,output,,N22160,N22160,1,undetected,N22160,N22160,N22160,sa1,1
28113,N94527 /1 undetected,output,,N94527,N94527,1,undetected,N94527,N94527,N94527,sa1,1
28114,N22078 /0 undetected,output,,N22078,N22078,0,undetected,N22078,N22078,N22078,sa0,1
28115,N104893 /1 undetected,output,,N104893,N104893,1,undetected,N104893,N104893,N104893,sa1,1
28116,N21502 /1 undetected,output,,N21502,N21502,1,undetected,N21502,N21502,N21502,sa1,1
28117,N21502 /0 undetected,output,,N21502,N21502,0,undetected,N21502,N21502,N21502,sa0,1
28118,N20813 /0 undetected,output,,N20813,N20813,0,undetected,N20813,N20813,N20813,sa0,1
28119,N20091 /1 undetected,output,,N20091,N20091,1,undetected,N20091,N20091,N20091,sa1,1
28120,N20091 /0 undetected,output,,N20091,N20091,0,undetected,N20091,N20091,N20091,sa0,1
28121,N104317 /1 undetected,output,,N104317,N104317,1,undetected,N104317,N104317,N104317,sa1,1
28122,N92984 /1 undetected,output,,N92984,N92984,1,undetected,N92984,N92984,N92984,sa1,1
28123,N18944 /1 undetected,output,,N18944,N18944,1,undetected,N18944,N18944,N18944,sa1,1
28124,N103791 /1 undetected,output,,N103791,N103791,1,undetected,N103791,N103791,N103791,sa1,1
28125,N79355 /1 undetected,output,,N79355,N79355,1,undetected,N79355,N79355,N79355,sa1,1
28126,N18919 /0 undetected,output,,N18919,N18919,0,undetected,N18919,N18919,N18919,sa0,1
28127,N100873 /1 undetected,output,,N100873,N100873,1,undetected,N100873,N100873,N100873,sa1,1
28128,N93374 /1 undetected,output,,N93374,N93374,1,undetected,N93374,N93374,N93374,sa1,1
28129,N16934 /1 undetected,output,,N16934,N16934,1,undetected,N16934,N16934,N16934,sa1,1
28130,N16934 /0 undetected,output,,N16934,N16934,0,undetected,N16934,N16934,N16934,sa0,1
28131,N103297 /1 undetected,output,,N103297,N103297,1,undetected,N103297,N103297,N103297,sa1,1
28132,N16933 /1 undetected,output,,N16933,N16933,1,undetected,N16933,N16933,N16933,sa1,1
28133,N100738 /1 undetected,output,,N100738,N100738,1,undetected,N100738,N100738,N100738,sa1,1
28134,N13090 /1 undetected,output,,N13090,N13090,1,undetected,N13090,N13090,N13090,sa1,1
28135,N15787 /1 undetected,output,,N15787,N15787,1,undetected,N15787,N15787,N15787,sa1,1
28136,N15785 /1 undetected,output,,N15785,N15785,1,undetected,N15785,N15785,N15785,sa1,1
28137,N102581 /1 undetected,output,,N102581,N102581,1,undetected,N102581,N102581,N102581,sa1,1
28138,N15784 /1 undetected,output,,N15784,N15784,1,undetected,N15784,N15784,N15784,sa1,1
28139,N102232 /1 undetected,output,,N102232,N102232,1,undetected,N102232,N102232,N102232,sa1,1
28140,N76737 /1 undetected,output,,N76737,N76737,1,undetected,N76737,N76737,N76737,sa1,1
28141,N15782 /1 undetected,output,,N15782,N15782,1,undetected,N15782,N15782,N15782,sa1,1
28142,N102216 /1 undetected,output,,N102216,N102216,1,undetected,N102216,N102216,N102216,sa1,1
28143,N86434 /1 undetected,output,,N86434,N86434,1,undetected,N86434,N86434,N86434,sa1,1
28144,N15306 /1 undetected,output,,N15306,N15306,1,undetected,N15306,N15306,N15306,sa1,1
28145,N12881 /1 undetected,output,,N12881,N12881,1,undetected,N12881,N12881,N12881,sa1,1
28146,N100872 /1 undetected,output,,N100872,N100872,1,undetected,N100872,N100872,N100872,sa1,1
28147,N93283 /1 undetected,output,,N93283,N93283,1,undetected,N93283,N93283,N93283,sa1,1
28148,N11779 /1 undetected,output,,N11779,N11779,1,undetected,N11779,N11779,N11779,sa1,1
28149,N84995 /1 undetected,output,,N84995,N84995,1,undetected,N84995,N84995,N84995,sa1,1
28150,N11778 /1 undetected,output,,N11778,N11778,1,undetected,N11778,N11778,N11778,sa1,1
28151,N9195 /1 undetected,output,,N9195,N9195,1,undetected,N9195,N9195,N9195,sa1,1
28152,N94634 /1 undetected,output,,N94634,N94634,1,undetected,N94634,N94634,N94634,sa1,1
28153,N9191 /1 undetected,output,,N9191,N9191,1,undetected,N9191,N9191,N9191,sa1,1
28154,N98947 /1 undetected,output,,N98947,N98947,1,undetected,N98947,N98947,N98947,sa1,1
28155,N94630 /1 undetected,output,,N94630,N94630,1,undetected,N94630,N94630,N94630,sa1,1
28156,N95262 /1 undetected,output,,N95262,N95262,1,undetected,N95262,N95262,N95262,sa1,1
28157,N92734 /1 undetected,output,,N92734,N92734,1,undetected,N92734,N92734,N92734,sa1,1
28158,N66605 /0 undetected,output,,N66605,N66605,0,undetected,N66605,N66605,N66605,sa0,1
28159,N82792 /1 undetected,output,,N82792,N82792,1,undetected,N82792,N82792,N82792,sa1,1
28160,N90807 /1 undetected,output,,N90807,N90807,1,undetected,N90807,N90807,N90807,sa1,1
28161,N56728 /0 undetected,output,,N56728,N56728,0,undetected,N56728,N56728,N56728,sa0,1
28162,N56727 /1 undetected,output,,N56727,N56727,1,undetected,N56727,N56727,N56727,sa1,1
28163,N121213 /1 undetected,output,,N121213,N121213,1,undetected,N121213,N121213,N121213,sa1,1
28164,N100123 /1 undetected,output,,N100123,N100123,1,undetected,N100123,N100123,N100123,sa1,1
28165,N56725 /1 undetected,output,,N56725,N56725,1,undetected,N56725,N56725,N56725,sa1,1
28166,N56725 /0 undetected,output,,N56725,N56725,0,undetected,N56725,N56725,N56725,sa0,1
28167,N105673 /1 undetected,output,,N105673,N105673,1,undetected,N105673,N105673,N105673,sa1,1
28168,N56724 /1 undetected,output,,N56724,N56724,1,undetected,N56724,N56724,N56724,sa1,1
28169,N121212 /1 undetected,output,,N121212,N121212,1,undetected,N121212,N121212,N121212,sa1,1
28170,N93715 /1 undetected,output,,N93715,N93715,1,undetected,N93715,N93715,N93715,sa1,1
28171,N30434 /1 undetected,output,,N30434,N30434,1,undetected,N30434,N30434,N30434,sa1,1
28172,N30434 /0 undetected,output,,N30434,N30434,0,undetected,N30434,N30434,N30434,sa0,1
28173,N105636 /1 undetected,output,,N105636,N105636,1,undetected,N105636,N105636,N105636,sa1,1
28174,N75913 /1 undetected,output,,N75913,N75913,1,undetected,N75913,N75913,N75913,sa1,1
28175,N28245 /1 undetected,output,,N28245,N28245,1,undetected,N28245,N28245,N28245,sa1,1
28176,N28245 /0 undetected,output,,N28245,N28245,0,undetected,N28245,N28245,N28245,sa0,1
28177,N112414 /1 undetected,output,,N112414,N112414,1,undetected,N112414,N112414,N112414,sa1,1
28178,N74669 /1 undetected,output,,N74669,N74669,1,undetected,N74669,N74669,N74669,sa1,1
28179,N25130 /1 undetected,output,,N25130,N25130,1,undetected,N25130,N25130,N25130,sa1,1
28180,N25130 /0 undetected,output,,N25130,N25130,0,undetected,N25130,N25130,N25130,sa0,1
28181,N24557 /1 undetected,output,,N24557,N24557,1,undetected,N24557,N24557,N24557,sa1,1
28182,N24557 /0 undetected,output,,N24557,N24557,0,undetected,N24557,N24557,N24557,sa0,1
28183,N107935 /1 undetected,output,,N107935,N107935,1,undetected,N107935,N107935,N107935,sa1,1
28184,N105672 /1 undetected,output,,N105672,N105672,1,undetected,N105672,N105672,N105672,sa1,1
28185,N24499 /0 undetected,output,,N24499,N24499,0,undetected,N24499,N24499,N24499,sa0,1
28186,N95930 /1 undetected,output,,N95930,N95930,1,undetected,N95930,N95930,N95930,sa1,1
28187,N24460 /1 undetected,output,,N24460,N24460,1,undetected,N24460,N24460,N24460,sa1,1
28188,N24460 /0 undetected,output,,N24460,N24460,0,undetected,N24460,N24460,N24460,sa0,1
28189,N107700 /1 undetected,output,,N107700,N107700,1,undetected,N107700,N107700,N107700,sa1,1
28190,N105632 /1 undetected,output,,N105632,N105632,1,undetected,N105632,N105632,N105632,sa1,1
28191,N24167 /1 undetected,output,,N24167,N24167,1,undetected,N24167,N24167,N24167,sa1,1
28192,N24167 /0 undetected,output,,N24167,N24167,0,undetected,N24167,N24167,N24167,sa0,1
28193,N106502 /1 undetected,output,,N106502,N106502,1,undetected,N106502,N106502,N106502,sa1,1
28194,N105631 /1 undetected,output,,N105631,N105631,1,undetected,N105631,N105631,N105631,sa1,1
28195,N24065 /0 undetected,output,,N24065,N24065,0,undetected,N24065,N24065,N24065,sa0,1
28196,N95928 /1 undetected,output,,N95928,N95928,1,undetected,N95928,N95928,N95928,sa1,1
28197,N23973 /0 undetected,output,,N23973,N23973,0,undetected,N23973,N23973,N23973,sa0,1
28198,N106489 /1 undetected,output,,N106489,N106489,1,undetected,N106489,N106489,N106489,sa1,1
28199,N105630 /1 undetected,output,,N105630,N105630,1,undetected,N105630,N105630,N105630,sa1,1
28200,N23782 /0 undetected,output,,N23782,N23782,0,undetected,N23782,N23782,N23782,sa0,1
28201,N23780 /1 undetected,output,,N23780,N23780,1,undetected,N23780,N23780,N23780,sa1,1
28202,N75201 /1 undetected,output,,N75201,N75201,1,undetected,N75201,N75201,N75201,sa1,1
28203,N23779 /1 undetected,output,,N23779,N23779,1,undetected,N23779,N23779,N23779,sa1,1
28204,N105892 /1 undetected,output,,N105892,N105892,1,undetected,N105892,N105892,N105892,sa1,1
28205,N99953 /1 undetected,output,,N99953,N99953,1,undetected,N99953,N99953,N99953,sa1,1
28206,N23760 /0 undetected,output,,N23760,N23760,0,undetected,N23760,N23760,N23760,sa0,1
28207,N105670 /1 undetected,output,,N105670,N105670,1,undetected,N105670,N105670,N105670,sa1,1
28208,N95793 /1 undetected,output,,N95793,N95793,1,undetected,N95793,N95793,N95793,sa1,1
28209,N23675 /0 undetected,output,,N23675,N23675,0,undetected,N23675,N23675,N23675,sa0,1
28210,N93930 /1 undetected,output,,N93930,N93930,1,undetected,N93930,N93930,N93930,sa1,1
28211,N23674 /1 undetected,output,,N23674,N23674,1,undetected,N23674,N23674,N23674,sa1,1
28212,N23671 /0 undetected,output,,N23671,N23671,0,undetected,N23671,N23671,N23671,sa0,1
28213,N93393 /1 undetected,output,,N93393,N93393,1,undetected,N93393,N93393,N93393,sa1,1
28214,N23670 /1 undetected,output,,N23670,N23670,1,undetected,N23670,N23670,N23670,sa1,1
28215,N23369 /1 undetected,output,,N23369,N23369,1,undetected,N23369,N23369,N23369,sa1,1
28216,N105384 /1 undetected,output,,N105384,N105384,1,undetected,N105384,N105384,N105384,sa1,1
28217,N94547 /1 undetected,output,,N94547,N94547,1,undetected,N94547,N94547,N94547,sa1,1
28218,N19753 /1 undetected,output,,N19753,N19753,1,undetected,N19753,N19753,N19753,sa1,1
28219,N19753 /0 undetected,output,,N19753,N19753,0,undetected,N19753,N19753,N19753,sa0,1
28220,N103934 /1 undetected,output,,N103934,N103934,1,undetected,N103934,N103934,N103934,sa1,1
28221,N100129 /1 undetected,output,,N100129,N100129,1,undetected,N100129,N100129,N100129,sa1,1
28222,N19750 /1 undetected,output,,N19750,N19750,1,undetected,N19750,N19750,N19750,sa1,1
28223,N19750 /0 undetected,output,,N19750,N19750,0,undetected,N19750,N19750,N19750,sa0,1
28224,N103933 /1 undetected,output,,N103933,N103933,1,undetected,N103933,N103933,N103933,sa1,1
28225,N100137 /1 undetected,output,,N100137,N100137,1,undetected,N100137,N100137,N100137,sa1,1
28226,N19624 /1 undetected,output,,N19624,N19624,1,undetected,N19624,N19624,N19624,sa1,1
28227,N19624 /0 undetected,output,,N19624,N19624,0,undetected,N19624,N19624,N19624,sa0,1
28228,N100136 /1 undetected,output,,N100136,N100136,1,undetected,N100136,N100136,N100136,sa1,1
28229,N99333 /1 undetected,output,,N99333,N99333,1,undetected,N99333,N99333,N99333,sa1,1
28230,N19623 /1 undetected,output,,N19623,N19623,1,undetected,N19623,N19623,N19623,sa1,1
28231,N100128 /1 undetected,output,,N100128,N100128,1,undetected,N100128,N100128,N100128,sa1,1
28232,N99332 /1 undetected,output,,N99332,N99332,1,undetected,N99332,N99332,N99332,sa1,1
28233,N16924 /1 undetected,output,,N16924,N16924,1,undetected,N16924,N16924,N16924,sa1,1
28234,N16284 /1 undetected,output,,N16284,N16284,1,undetected,N16284,N16284,N16284,sa1,1
28235,N16283 /1 undetected,output,,N16283,N16283,1,undetected,N16283,N16283,N16283,sa1,1
28236,N16281 /1 undetected,output,,N16281,N16281,1,undetected,N16281,N16281,N16281,sa1,1
28237,N13847 /1 undetected,output,,N13847,N13847,1,undetected,N13847,N13847,N13847,sa1,1
28238,N13847 /0 undetected,output,,N13847,N13847,0,undetected,N13847,N13847,N13847,sa0,1
28239,N101072 /1 undetected,output,,N101072,N101072,1,undetected,N101072,N101072,N101072,sa1,1
28240,N94158 /1 undetected,output,,N94158,N94158,1,undetected,N94158,N94158,N94158,sa1,1
28241,N12087 /1 undetected,output,,N12087,N12087,1,undetected,N12087,N12087,N12087,sa1,1
28242,N12087 /0 undetected,output,,N12087,N12087,0,undetected,N12087,N12087,N12087,sa0,1
28243,N100127 /1 undetected,output,,N100127,N100127,1,undetected,N100127,N100127,N100127,sa1,1
28244,N99306 /1 undetected,output,,N99306,N99306,1,undetected,N99306,N99306,N99306,sa1,1
28245,N12084 /1 undetected,output,,N12084,N12084,1,undetected,N12084,N12084,N12084,sa1,1
28246,N12084 /0 undetected,output,,N12084,N12084,0,undetected,N12084,N12084,N12084,sa0,1
28247,N100135 /1 undetected,output,,N100135,N100135,1,undetected,N100135,N100135,N100135,sa1,1
28248,N99305 /1 undetected,output,,N99305,N99305,1,undetected,N99305,N99305,N99305,sa1,1
28249,N12026 /1 undetected,output,,N12026,N12026,1,undetected,N12026,N12026,N12026,sa1,1
28250,N12026 /0 undetected,output,,N12026,N12026,0,undetected,N12026,N12026,N12026,sa0,1
28251,N100134 /1 undetected,output,,N100134,N100134,1,undetected,N100134,N100134,N100134,sa1,1
28252,N99413 /1 undetected,output,,N99413,N99413,1,undetected,N99413,N99413,N99413,sa1,1
28253,N12025 /1 undetected,output,,N12025,N12025,1,undetected,N12025,N12025,N12025,sa1,1
28254,N12025 /0 undetected,output,,N12025,N12025,0,undetected,N12025,N12025,N12025,sa0,1
28255,N100126 /1 undetected,output,,N100126,N100126,1,undetected,N100126,N100126,N100126,sa1,1
28256,N99412 /1 undetected,output,,N99412,N99412,1,undetected,N99412,N99412,N99412,sa1,1
28257,N11925 /1 undetected,output,,N11925,N11925,1,undetected,N11925,N11925,N11925,sa1,1
28258,N11925 /0 undetected,output,,N11925,N11925,0,undetected,N11925,N11925,N11925,sa0,1
28259,N100235 /1 undetected,output,,N100235,N100235,1,undetected,N100235,N100235,N100235,sa1,1
28260,N100133 /1 undetected,output,,N100133,N100133,1,undetected,N100133,N100133,N100133,sa1,1
28261,N11924 /1 undetected,output,,N11924,N11924,1,undetected,N11924,N11924,N11924,sa1,1
28262,N11924 /0 undetected,output,,N11924,N11924,0,undetected,N11924,N11924,N11924,sa0,1
28263,N100234 /1 undetected,output,,N100234,N100234,1,undetected,N100234,N100234,N100234,sa1,1
28264,N100125 /1 undetected,output,,N100125,N100125,1,undetected,N100125,N100125,N100125,sa1,1
28265,N11684 /1 undetected,output,,N11684,N11684,1,undetected,N11684,N11684,N11684,sa1,1
28266,N11684 /0 undetected,output,,N11684,N11684,0,undetected,N11684,N11684,N11684,sa0,1
28267,N100132 /1 undetected,output,,N100132,N100132,1,undetected,N100132,N100132,N100132,sa1,1
28268,N99343 /1 undetected,output,,N99343,N99343,1,undetected,N99343,N99343,N99343,sa1,1
28269,N11681 /1 undetected,output,,N11681,N11681,1,undetected,N11681,N11681,N11681,sa1,1
28270,N11681 /0 undetected,output,,N11681,N11681,0,undetected,N11681,N11681,N11681,sa0,1
28271,N100124 /1 undetected,output,,N100124,N100124,1,undetected,N100124,N100124,N100124,sa1,1
28272,N99342 /1 undetected,output,,N99342,N99342,1,undetected,N99342,N99342,N99342,sa1,1
28273,N11579 /0 undetected,output,,N11579,N11579,0,undetected,N11579,N11579,N11579,sa0,1
28274,N85057 /1 undetected,output,,N85057,N85057,1,undetected,N85057,N85057,N85057,sa1,1
28275,N10028 /1 undetected,output,,N10028,N10028,1,undetected,N10028,N10028,N10028,sa1,1
28276,N92544 /1 undetected,output,,N92544,N92544,1,undetected,N92544,N92544,N92544,sa1,1
28277,N2614 /0 undetected,output,,N2614,N2614,0,undetected,N2614,N2614,N2614,sa0,1
28278,N2389 /1 undetected,output,,N2389,N2389,1,undetected,N2389,N2389,N2389,sa1,1
28279,N93091 /1 undetected,output,,N93091,N93091,1,undetected,N93091,N93091,N93091,sa1,1
28280,N93134 /1 undetected,output,,N93134,N93134,1,undetected,N93134,N93134,N93134,sa1,1
28281,N2385 /1 undetected,output,,N2385,N2385,1,undetected,N2385,N2385,N2385,sa1,1
28282,N93077 /1 undetected,output,,N93077,N93077,1,undetected,N93077,N93077,N93077,sa1,1
28283,N93140 /1 undetected,output,,N93140,N93140,1,undetected,N93140,N93140,N93140,sa1,1
28284,N2381 /1 undetected,output,,N2381,N2381,1,undetected,N2381,N2381,N2381,sa1,1
28285,N93101 /1 undetected,output,,N93101,N93101,1,undetected,N93101,N93101,N93101,sa1,1
28286,N84036 /1 undetected,output,,N84036,N84036,1,undetected,N84036,N84036,N84036,sa1,1
28287,N2377 /1 undetected,output,,N2377,N2377,1,undetected,N2377,N2377,N2377,sa1,1
28288,N93107 /1 undetected,output,,N93107,N93107,1,undetected,N93107,N93107,N93107,sa1,1
28289,N83933 /1 undetected,output,,N83933,N83933,1,undetected,N83933,N83933,N83933,sa1,1
28290,N2373 /1 undetected,output,,N2373,N2373,1,undetected,N2373,N2373,N2373,sa1,1
28291,N93149 /1 undetected,output,,N93149,N93149,1,undetected,N93149,N93149,N93149,sa1,1
28292,N2369 /1 undetected,output,,N2369,N2369,1,undetected,N2369,N2369,N2369,sa1,1
28293,N93153 /1 undetected,output,,N93153,N93153,1,undetected,N93153,N93153,N93153,sa1,1
28294,N93178 /1 undetected,output,,N93178,N93178,1,undetected,N93178,N93178,N93178,sa1,1
28295,N2361 /1 undetected,output,,N2361,N2361,1,undetected,N2361,N2361,N2361,sa1,1
28296,N91960 /1 undetected,output,,N91960,N91960,1,undetected,N91960,N91960,N91960,sa1,1
28297,N2309 /1 undetected,output,,N2309,N2309,1,undetected,N2309,N2309,N2309,sa1,1
28298,N93118 /1 undetected,output,,N93118,N93118,1,undetected,N93118,N93118,N93118,sa1,1
28299,N2308 /1 undetected,output,,N2308,N2308,1,undetected,N2308,N2308,N2308,sa1,1
28300,N69679 /1 undetected,output,,N69679,N69679,1,undetected,N69679,N69679,N69679,sa1,1
28301,N83197 /1 undetected,output,,N83197,N83197,1,undetected,N83197,N83197,N83197,sa1,1
28302,N86795 /1 undetected,output,,N86795,N86795,1,undetected,N86795,N86795,N86795,sa1,1
28303,N90908 /1 undetected,output,,N90908,N90908,1,undetected,N90908,N90908,N90908,sa1,1
28304,N69883 /1 undetected,output,,N69883,N69883,1,undetected,N69883,N69883,N69883,sa1,1
28305,N90952 /1 undetected,output,,N90952,N90952,1,undetected,N90952,N90952,N90952,sa1,1
28306,N69871 /0 undetected,output,,N69871,N69871,0,undetected,N69871,N69871,N69871,sa0,1
28307,N77690 /1 undetected,output,,N77690,N77690,1,undetected,N77690,N77690,N77690,sa1,1
28308,N69869 /1 undetected,output,,N69869,N69869,1,undetected,N69869,N69869,N69869,sa1,1
28309,N83349 /1 undetected,output,,N83349,N83349,1,undetected,N83349,N83349,N83349,sa1,1
28310,N77768 /1 undetected,output,,N77768,N77768,1,undetected,N77768,N77768,N77768,sa1,1
28311,N83308 /1 undetected,output,,N83308,N83308,1,undetected,N83308,N83308,N83308,sa1,1
28312,N69309 /1 undetected,output,,N69309,N69309,1,undetected,N69309,N69309,N69309,sa1,1
28313,N90937 /1 undetected,output,,N90937,N90937,1,undetected,N90937,N90937,N90937,sa1,1
28314,N69087 /0 undetected,output,,N69087,N69087,0,undetected,N69087,N69087,N69087,sa0,1
28315,N87132 /1 undetected,output,,N87132,N87132,1,undetected,N87132,N87132,N87132,sa1,1
28316,N69085 /1 undetected,output,,N69085,N69085,1,undetected,N69085,N69085,N69085,sa1,1
28317,N90854 /1 undetected,output,,N90854,N90854,1,undetected,N90854,N90854,N90854,sa1,1
28318,N69073 /0 undetected,output,,N69073,N69073,0,undetected,N69073,N69073,N69073,sa0,1
28319,N77797 /1 undetected,output,,N77797,N77797,1,undetected,N77797,N77797,N77797,sa1,1
28320,N69071 /1 undetected,output,,N69071,N69071,1,undetected,N69071,N69071,N69071,sa1,1
28321,N80936 /1 undetected,output,,N80936,N80936,1,undetected,N80936,N80936,N80936,sa1,1
28322,N124115 /1 undetected,output,,N124115,N124115,1,undetected,N124115,N124115,N124115,sa1,1
28323,N125488 /1 undetected,output,,N125488,N125488,1,undetected,N125488,N125488,N125488,sa1,1
28324,N23554 /1 undetected,output,,N23554,N23554,1,undetected,N23554,N23554,N23554,sa1,1
28325,N23554 /0 undetected,output,,N23554,N23554,0,undetected,N23554,N23554,N23554,sa0,1
28326,N23552 /1 undetected,output,,N23552,N23552,1,undetected,N23552,N23552,N23552,sa1,1
28327,N84229 /1 undetected,output,,N84229,N84229,1,undetected,N84229,N84229,N84229,sa1,1
28328,N23551 /1 undetected,output,,N23551,N23551,1,undetected,N23551,N23551,N23551,sa1,1
28329,N105431 /1 undetected,output,,N105431,N105431,1,undetected,N105431,N105431,N105431,sa1,1
28330,N23549 /1 undetected,output,,N23549,N23549,1,undetected,N23549,N23549,N23549,sa1,1
28331,N100778 /1 undetected,output,,N100778,N100778,1,undetected,N100778,N100778,N100778,sa1,1
28332,N85271 /1 undetected,output,,N85271,N85271,1,undetected,N85271,N85271,N85271,sa1,1
28333,N23548 /1 undetected,output,,N23548,N23548,1,undetected,N23548,N23548,N23548,sa1,1
28334,N23546 /1 undetected,output,,N23546,N23546,1,undetected,N23546,N23546,N23546,sa1,1
28335,N101760 /1 undetected,output,,N101760,N101760,1,undetected,N101760,N101760,N101760,sa1,1
28336,N75290 /1 undetected,output,,N75290,N75290,1,undetected,N75290,N75290,N75290,sa1,1
28337,N23545 /1 undetected,output,,N23545,N23545,1,undetected,N23545,N23545,N23545,sa1,1
28338,N84124 /1 undetected,output,,N84124,N84124,1,undetected,N84124,N84124,N84124,sa1,1
28339,N23543 /1 undetected,output,,N23543,N23543,1,undetected,N23543,N23543,N23543,sa1,1
28340,N105414 /1 undetected,output,,N105414,N105414,1,undetected,N105414,N105414,N105414,sa1,1
28341,N23541 /1 undetected,output,,N23541,N23541,1,undetected,N23541,N23541,N23541,sa1,1
28342,N84051 /1 undetected,output,,N84051,N84051,1,undetected,N84051,N84051,N84051,sa1,1
28343,N23539 /1 undetected,output,,N23539,N23539,1,undetected,N23539,N23539,N23539,sa1,1
28344,N105419 /1 undetected,output,,N105419,N105419,1,undetected,N105419,N105419,N105419,sa1,1
28345,N23538 /1 undetected,output,,N23538,N23538,1,undetected,N23538,N23538,N23538,sa1,1
28346,N105430 /1 undetected,output,,N105430,N105430,1,undetected,N105430,N105430,N105430,sa1,1
28347,N92076 /1 undetected,output,,N92076,N92076,1,undetected,N92076,N92076,N92076,sa1,1
28348,N16756 /1 undetected,output,,N16756,N16756,1,undetected,N16756,N16756,N16756,sa1,1
28349,N16756 /0 undetected,output,,N16756,N16756,0,undetected,N16756,N16756,N16756,sa0,1
28350,N84308 /1 undetected,output,,N84308,N84308,1,undetected,N84308,N84308,N84308,sa1,1
28351,N16755 /1 undetected,output,,N16755,N16755,1,undetected,N16755,N16755,N16755,sa1,1
28352,N100725 /1 undetected,output,,N100725,N100725,1,undetected,N100725,N100725,N100725,sa1,1
28353,N84212 /1 undetected,output,,N84212,N84212,1,undetected,N84212,N84212,N84212,sa1,1
28354,N12682 /1 undetected,output,,N12682,N12682,1,undetected,N12682,N12682,N12682,sa1,1
28355,N12682 /0 undetected,output,,N12682,N12682,0,undetected,N12682,N12682,N12682,sa0,1
28356,N100728 /1 undetected,output,,N100728,N100728,1,undetected,N100728,N100728,N100728,sa1,1
28357,N84300 /1 undetected,output,,N84300,N84300,1,undetected,N84300,N84300,N84300,sa1,1
28358,N68902 /1 undetected,output,,N68902,N68902,1,undetected,N68902,N68902,N68902,sa1,1
28359,N23521 /0 undetected,output,,N23521,N23521,0,undetected,N23521,N23521,N23521,sa0,1
28360,N23518 /1 undetected,output,,N23518,N23518,1,undetected,N23518,N23518,N23518,sa1,1
28361,N96158 /1 undetected,output,,N96158,N96158,1,undetected,N96158,N96158,N96158,sa1,1
28362,N75289 /1 undetected,output,,N75289,N75289,1,undetected,N75289,N75289,N75289,sa1,1
28363,N23517 /1 undetected,output,,N23517,N23517,1,undetected,N23517,N23517,N23517,sa1,1
28364,N23515 /1 undetected,output,,N23515,N23515,1,undetected,N23515,N23515,N23515,sa1,1
28365,N101759 /1 undetected,output,,N101759,N101759,1,undetected,N101759,N101759,N101759,sa1,1
28366,N84228 /1 undetected,output,,N84228,N84228,1,undetected,N84228,N84228,N84228,sa1,1
28367,N23514 /1 undetected,output,,N23514,N23514,1,undetected,N23514,N23514,N23514,sa1,1
28368,N84123 /1 undetected,output,,N84123,N84123,1,undetected,N84123,N84123,N84123,sa1,1
28369,N23512 /1 undetected,output,,N23512,N23512,1,undetected,N23512,N23512,N23512,sa1,1
28370,N105413 /1 undetected,output,,N105413,N105413,1,undetected,N105413,N105413,N105413,sa1,1
28371,N23510 /1 undetected,output,,N23510,N23510,1,undetected,N23510,N23510,N23510,sa1,1
28372,N105418 /1 undetected,output,,N105418,N105418,1,undetected,N105418,N105418,N105418,sa1,1
28373,N105417 /1 undetected,output,,N105417,N105417,1,undetected,N105417,N105417,N105417,sa1,1
28374,N17696 /1 undetected,output,,N17696,N17696,1,undetected,N17696,N17696,N17696,sa1,1
28375,N103554 /1 undetected,output,,N103554,N103554,1,undetected,N103554,N103554,N103554,sa1,1
28376,N17693 /1 undetected,output,,N17693,N17693,1,undetected,N17693,N17693,N17693,sa1,1
28377,N17691 /1 undetected,output,,N17691,N17691,1,undetected,N17691,N17691,N17691,sa1,1
28378,N103543 /1 undetected,output,,N103543,N103543,1,undetected,N103543,N103543,N103543,sa1,1
28379,N17689 /1 undetected,output,,N17689,N17689,1,undetected,N17689,N17689,N17689,sa1,1
28380,N17687 /1 undetected,output,,N17687,N17687,1,undetected,N17687,N17687,N17687,sa1,1
28381,N103551 /1 undetected,output,,N103551,N103551,1,undetected,N103551,N103551,N103551,sa1,1
28382,N85023 /1 undetected,output,,N85023,N85023,1,undetected,N85023,N85023,N85023,sa1,1
28383,N17684 /1 undetected,output,,N17684,N17684,1,undetected,N17684,N17684,N17684,sa1,1
28384,N14557 /0 undetected,output,,N14557,N14557,0,undetected,N14557,N14557,N14557,sa0,1
28385,N14555 /1 undetected,output,,N14555,N14555,1,undetected,N14555,N14555,N14555,sa1,1
28386,N95169 /1 undetected,output,,N95169,N95169,1,undetected,N95169,N95169,N95169,sa1,1
28387,N95245 /1 undetected,output,,N95245,N95245,1,undetected,N95245,N95245,N95245,sa1,1
28388,N14552 /1 undetected,output,,N14552,N14552,1,undetected,N14552,N14552,N14552,sa1,1
28389,N84248 /1 undetected,output,,N84248,N84248,1,undetected,N84248,N84248,N84248,sa1,1
28390,N5648 /1 undetected,output,,N5648,N5648,1,undetected,N5648,N5648,N5648,sa1,1
28391,N3587 /1 undetected,output,,N3587,N3587,1,undetected,N3587,N3587,N3587,sa1,1
28392,N3587 /0 undetected,output,,N3587,N3587,0,undetected,N3587,N3587,N3587,sa0,1
28393,N3585 /1 undetected,output,,N3585,N3585,1,undetected,N3585,N3585,N3585,sa1,1
28394,N93246 /1 undetected,output,,N93246,N93246,1,undetected,N93246,N93246,N93246,sa1,1
28395,N77160 /1 undetected,output,,N77160,N77160,1,undetected,N77160,N77160,N77160,sa1,1
28396,N3584 /1 undetected,output,,N3584,N3584,1,undetected,N3584,N3584,N3584,sa1,1
28397,N96479 /1 undetected,output,,N96479,N96479,1,undetected,N96479,N96479,N96479,sa1,1
28398,N96469 /1 undetected,output,,N96469,N96469,1,undetected,N96469,N96469,N96469,sa1,1
28399,N3438 /1 undetected,output,,N3438,N3438,1,undetected,N3438,N3438,N3438,sa1,1
28400,N3438 /0 undetected,output,,N3438,N3438,0,undetected,N3438,N3438,N3438,sa0,1
28401,N84145 /1 undetected,output,,N84145,N84145,1,undetected,N84145,N84145,N84145,sa1,1
28402,N3436 /1 undetected,output,,N3436,N3436,1,undetected,N3436,N3436,N3436,sa1,1
28403,N96344 /1 undetected,output,,N96344,N96344,1,undetected,N96344,N96344,N96344,sa1,1
28404,N3434 /1 undetected,output,,N3434,N3434,1,undetected,N3434,N3434,N3434,sa1,1
28405,N91854 /1 undetected,output,,N91854,N91854,1,undetected,N91854,N91854,N91854,sa1,1
28406,N49195 /1 undetected,output,,N49195,N49195,1,undetected,N49195,N49195,N49195,sa1,1
28407,N49193 /1 undetected,output,,N49193,N49193,1,undetected,N49193,N49193,N49193,sa1,1
28408,N118862 /1 undetected,output,,N118862,N118862,1,undetected,N118862,N118862,N118862,sa1,1
28409,N107695 /1 undetected,output,,N107695,N107695,1,undetected,N107695,N107695,N107695,sa1,1
28410,N85517 /1 undetected,output,,N85517,N85517,1,undetected,N85517,N85517,N85517,sa1,1
28411,N105350 /1 undetected,output,,N105350,N105350,1,undetected,N105350,N105350,N105350,sa1,1
28412,N101120 /1 undetected,output,,N101120,N101120,1,undetected,N101120,N101120,N101120,sa1,1
28413,N22142 /1 undetected,output,,N22142,N22142,1,undetected,N22142,N22142,N22142,sa1,1
28414,N22142 /0 undetected,output,,N22142,N22142,0,undetected,N22142,N22142,N22142,sa0,1
28415,N104525 /1 undetected,output,,N104525,N104525,1,undetected,N104525,N104525,N104525,sa1,1
28416,N22141 /1 undetected,output,,N22141,N22141,1,undetected,N22141,N22141,N22141,sa1,1
28417,N84188 /1 undetected,output,,N84188,N84188,1,undetected,N84188,N84188,N84188,sa1,1
28418,N20819 /1 undetected,output,,N20819,N20819,1,undetected,N20819,N20819,N20819,sa1,1
28419,N21635 /1 undetected,output,,N21635,N21635,1,undetected,N21635,N21635,N21635,sa1,1
28420,N21635 /0 undetected,output,,N21635,N21635,0,undetected,N21635,N21635,N21635,sa0,1
28421,N78704 /1 undetected,output,,N78704,N78704,1,undetected,N78704,N78704,N78704,sa1,1
28422,N21634 /1 undetected,output,,N21634,N21634,1,undetected,N21634,N21634,N21634,sa1,1
28423,N104846 /1 undetected,output,,N104846,N104846,1,undetected,N104846,N104846,N104846,sa1,1
28424,N86273 /1 undetected,output,,N86273,N86273,1,undetected,N86273,N86273,N86273,sa1,1
28425,N20822 /1 undetected,output,,N20822,N20822,1,undetected,N20822,N20822,N20822,sa1,1
28426,N104092 /1 undetected,output,,N104092,N104092,1,undetected,N104092,N104092,N104092,sa1,1
28427,N20821 /1 undetected,output,,N20821,N20821,1,undetected,N20821,N20821,N20821,sa1,1
28428,N20815 /1 undetected,output,,N20815,N20815,1,undetected,N20815,N20815,N20815,sa1,1
28429,N104712 /1 undetected,output,,N104712,N104712,1,undetected,N104712,N104712,N104712,sa1,1
28430,N94518 /1 undetected,output,,N94518,N94518,1,undetected,N94518,N94518,N94518,sa1,1
28431,N19408 /0 undetected,output,,N19408,N19408,0,undetected,N19408,N19408,N19408,sa0,1
28432,N99838 /1 undetected,output,,N99838,N99838,1,undetected,N99838,N99838,N99838,sa1,1
28433,N99245 /1 undetected,output,,N99245,N99245,1,undetected,N99245,N99245,N99245,sa1,1
28434,N16363 /1 undetected,output,,N16363,N16363,1,undetected,N16363,N16363,N16363,sa1,1
28435,N16363 /0 undetected,output,,N16363,N16363,0,undetected,N16363,N16363,N16363,sa0,1
28436,N103067 /1 undetected,output,,N103067,N103067,1,undetected,N103067,N103067,N103067,sa1,1
28437,N16342 /1 undetected,output,,N16342,N16342,1,undetected,N16342,N16342,N16342,sa1,1
28438,N11994 /1 undetected,output,,N11994,N11994,1,undetected,N11994,N11994,N11994,sa1,1
28439,N11994 /0 undetected,output,,N11994,N11994,0,undetected,N11994,N11994,N11994,sa0,1
28440,N100091 /1 undetected,output,,N100091,N100091,1,undetected,N100091,N100091,N100091,sa1,1
28441,N11993 /1 undetected,output,,N11993,N11993,1,undetected,N11993,N11993,N11993,sa1,1
28442,N99929 /1 undetected,output,,N99929,N99929,1,undetected,N99929,N99929,N99929,sa1,1
28443,N99391 /1 undetected,output,,N99391,N99391,1,undetected,N99391,N99391,N99391,sa1,1
28444,N11462 /0 undetected,output,,N11462,N11462,0,undetected,N11462,N11462,N11462,sa0,1
28445,N99835 /1 undetected,output,,N99835,N99835,1,undetected,N99835,N99835,N99835,sa1,1
28446,N91393 /1 undetected,output,,N91393,N91393,1,undetected,N91393,N91393,N91393,sa1,1
28447,N11461 /1 undetected,output,,N11461,N11461,1,undetected,N11461,N11461,N11461,sa1,1
28448,N7600 /1 undetected,output,,N7600,N7600,1,undetected,N7600,N7600,N7600,sa1,1
28449,N96664 /1 undetected,output,,N96664,N96664,1,undetected,N96664,N96664,N96664,sa1,1
28450,N23325 /1 undetected,output,,N23325,N23325,1,undetected,N23325,N23325,N23325,sa1,1
28451,N105351 /1 undetected,output,,N105351,N105351,1,undetected,N105351,N105351,N105351,sa1,1
28452,N101077 /1 undetected,output,,N101077,N101077,1,undetected,N101077,N101077,N101077,sa1,1
28453,N100176 /1 undetected,output,,N100176,N100176,1,undetected,N100176,N100176,N100176,sa1,1
28454,N92599 /1 undetected,output,,N92599,N92599,1,undetected,N92599,N92599,N92599,sa1,1
28455,N88355 /1 undetected,output,,N88355,N88355,1,undetected,N88355,N88355,N88355,sa1,1
28456,N19557 /0 undetected,output,,N19557,N19557,0,undetected,N19557,N19557,N19557,sa0,1
28457,N99881 /1 undetected,output,,N99881,N99881,1,undetected,N99881,N99881,N99881,sa1,1
28458,N103954 /1 undetected,output,,N103954,N103954,1,undetected,N103954,N103954,N103954,sa1,1
28459,N11504 /1 undetected,output,,N11504,N11504,1,undetected,N11504,N11504,N11504,sa1,1
28460,N100175 /1 undetected,output,,N100175,N100175,1,undetected,N100175,N100175,N100175,sa1,1
28461,N97000 /1 undetected,output,,N97000,N97000,1,undetected,N97000,N97000,N97000,sa1,1
28462,N9209 /0 undetected,output,,N9209,N9209,0,undetected,N9209,N9209,N9209,sa0,1
28463,N86630 /1 undetected,output,,N86630,N86630,1,undetected,N86630,N86630,N86630,sa1,1
28464,N94665 /1 undetected,output,,N94665,N94665,1,undetected,N94665,N94665,N94665,sa1,1
28465,N9193 /1 undetected,output,,N9193,N9193,1,undetected,N9193,N9193,N9193,sa1,1
28466,N9205 /1 undetected,output,,N9205,N9205,1,undetected,N9205,N9205,N9205,sa1,1
28467,N94656 /1 undetected,output,,N94656,N94656,1,undetected,N94656,N94656,N94656,sa1,1
28468,N9189 /1 undetected,output,,N9189,N9189,1,undetected,N9189,N9189,N9189,sa1,1
28469,N6291 /1 undetected,output,,N6291,N6291,1,undetected,N6291,N6291,N6291,sa1,1
28470,N6291 /0 undetected,output,,N6291,N6291,0,undetected,N6291,N6291,N6291,sa0,1
28471,N97072 /1 undetected,output,,N97072,N97072,1,undetected,N97072,N97072,N97072,sa1,1
28472,N95879 /1 undetected,output,,N95879,N95879,1,undetected,N95879,N95879,N95879,sa1,1
28473,N4531 /1 undetected,output,,N4531,N4531,1,undetected,N4531,N4531,N4531,sa1,1
28474,N4531 /0 undetected,output,,N4531,N4531,0,undetected,N4531,N4531,N4531,sa0,1
28475,N97068 /1 undetected,output,,N97068,N97068,1,undetected,N97068,N97068,N97068,sa1,1
28476,N96809 /1 undetected,output,,N96809,N96809,1,undetected,N96809,N96809,N96809,sa1,1
28477,N66593 /1 undetected,output,,N66593,N66593,1,undetected,N66593,N66593,N66593,sa1,1
28478,N30562 /0 undetected,output,,N30562,N30562,0,undetected,N30562,N30562,N30562,sa0,1
28479,N113700 /1 undetected,output,,N113700,N113700,1,undetected,N113700,N113700,N113700,sa1,1
28480,N30337 /0 undetected,output,,N30337,N30337,0,undetected,N30337,N30337,N30337,sa0,1
28481,N113333 /1 undetected,output,,N113333,N113333,1,undetected,N113333,N113333,N113333,sa1,1
28482,N23940 /0 undetected,output,,N23940,N23940,0,undetected,N23940,N23940,N23940,sa0,1
28483,N14972 /0 undetected,output,,N14972,N14972,0,undetected,N14972,N14972,N14972,sa0,1
28484,N102223 /1 undetected,output,,N102223,N102223,1,undetected,N102223,N102223,N102223,sa1,1
28485,N86465 /1 undetected,output,,N86465,N86465,1,undetected,N86465,N86465,N86465,sa1,1
28486,N13325 /0 undetected,output,,N13325,N13325,0,undetected,N13325,N13325,N13325,sa0,1
28487,N101212 /1 undetected,output,,N101212,N101212,1,undetected,N101212,N101212,N101212,sa1,1
28488,N94537 /1 undetected,output,,N94537,N94537,1,undetected,N94537,N94537,N94537,sa1,1
28489,N4195 /1 undetected,output,,N4195,N4195,1,undetected,N4195,N4195,N4195,sa1,1
28490,N4195 /0 undetected,output,,N4195,N4195,0,undetected,N4195,N4195,N4195,sa0,1
28491,N96849 /1 undetected,output,,N96849,N96849,1,undetected,N96849,N96849,N96849,sa1,1
28492,N77066 /1 undetected,output,,N77066,N77066,1,undetected,N77066,N77066,N77066,sa1,1
28493,N4061 /0 undetected,output,,N4061,N4061,0,undetected,N4061,N4061,N4061,sa0,1
28494,N95290 /1 undetected,output,,N95290,N95290,1,undetected,N95290,N95290,N95290,sa1,1
28495,N3308 /1 undetected,output,,N3308,N3308,1,undetected,N3308,N3308,N3308,sa1,1
28496,N96277 /1 undetected,output,,N96277,N96277,1,undetected,N96277,N96277,N96277,sa1,1
28497,N96273 /1 undetected,output,,N96273,N96273,1,undetected,N96273,N96273,N96273,sa1,1
28498,N69795 /0 undetected,output,,N69795,N69795,0,undetected,N69795,N69795,N69795,sa0,1
28499,N69793 /1 undetected,output,,N69793,N69793,1,undetected,N69793,N69793,N69793,sa1,1
28500,N90956 /1 undetected,output,,N90956,N90956,1,undetected,N90956,N90956,N90956,sa1,1
28501,N69788 /1 undetected,output,,N69788,N69788,1,undetected,N69788,N69788,N69788,sa1,1
28502,N87137 /1 undetected,output,,N87137,N87137,1,undetected,N87137,N87137,N87137,sa1,1
28503,N69787 /1 undetected,output,,N69787,N69787,1,undetected,N69787,N69787,N69787,sa1,1
28504,N83194 /1 undetected,output,,N83194,N83194,1,undetected,N83194,N83194,N83194,sa1,1
28505,N69785 /1 undetected,output,,N69785,N69785,1,undetected,N69785,N69785,N69785,sa1,1
28506,N90907 /1 undetected,output,,N90907,N90907,1,undetected,N90907,N90907,N90907,sa1,1
28507,N69783 /1 undetected,output,,N69783,N69783,1,undetected,N69783,N69783,N69783,sa1,1
28508,N83358 /1 undetected,output,,N83358,N83358,1,undetected,N83358,N83358,N83358,sa1,1
28509,N69778 /1 undetected,output,,N69778,N69778,1,undetected,N69778,N69778,N69778,sa1,1
28510,N77803 /1 undetected,output,,N77803,N77803,1,undetected,N77803,N77803,N77803,sa1,1
28511,N69777 /1 undetected,output,,N69777,N69777,1,undetected,N69777,N69777,N69777,sa1,1
28512,N90906 /1 undetected,output,,N90906,N90906,1,undetected,N90906,N90906,N90906,sa1,1
28513,N69769 /1 undetected,output,,N69769,N69769,1,undetected,N69769,N69769,N69769,sa1,1
28514,N83193 /1 undetected,output,,N83193,N83193,1,undetected,N83193,N83193,N83193,sa1,1
28515,N69432 /0 undetected,output,,N69432,N69432,0,undetected,N69432,N69432,N69432,sa0,1
28516,N69430 /1 undetected,output,,N69430,N69430,1,undetected,N69430,N69430,N69430,sa1,1
28517,N83135 /1 undetected,output,,N83135,N83135,1,undetected,N83135,N83135,N83135,sa1,1
28518,N69421 /1 undetected,output,,N69421,N69421,1,undetected,N69421,N69421,N69421,sa1,1
28519,N86761 /1 undetected,output,,N86761,N86761,1,undetected,N86761,N86761,N86761,sa1,1
28520,N69420 /1 undetected,output,,N69420,N69420,1,undetected,N69420,N69420,N69420,sa1,1
28521,N90839 /1 undetected,output,,N90839,N90839,1,undetected,N90839,N90839,N90839,sa1,1
28522,N69418 /1 undetected,output,,N69418,N69418,1,undetected,N69418,N69418,N69418,sa1,1
28523,N126473 /1 undetected,output,,N126473,N126473,1,undetected,N126473,N126473,N126473,sa1,1
28524,N83020 /1 undetected,output,,N83020,N83020,1,undetected,N83020,N83020,N83020,sa1,1
28525,N69416 /1 undetected,output,,N69416,N69416,1,undetected,N69416,N69416,N69416,sa1,1
28526,N90883 /1 undetected,output,,N90883,N90883,1,undetected,N90883,N90883,N90883,sa1,1
28527,N69406 /1 undetected,output,,N69406,N69406,1,undetected,N69406,N69406,N69406,sa1,1
28528,N69404 /1 undetected,output,,N69404,N69404,1,undetected,N69404,N69404,N69404,sa1,1
28529,N77219 /1 undetected,output,,N77219,N77219,1,undetected,N77219,N77219,N77219,sa1,1
28530,N69403 /1 undetected,output,,N69403,N69403,1,undetected,N69403,N69403,N69403,sa1,1
28531,N126434 /1 undetected,output,,N126434,N126434,1,undetected,N126434,N126434,N126434,sa1,1
28532,N83018 /1 undetected,output,,N83018,N83018,1,undetected,N83018,N83018,N83018,sa1,1
28533,N69401 /1 undetected,output,,N69401,N69401,1,undetected,N69401,N69401,N69401,sa1,1
28534,N126472 /1 undetected,output,,N126472,N126472,1,undetected,N126472,N126472,N126472,sa1,1
28535,N90838 /1 undetected,output,,N90838,N90838,1,undetected,N90838,N90838,N90838,sa1,1
28536,N121913 /1 undetected,output,,N121913,N121913,1,undetected,N121913,N121913,N121913,sa1,1
28537,N125202 /1 undetected,output,,N125202,N125202,1,undetected,N125202,N125202,N125202,sa1,1
28538,N16757 /1 undetected,output,,N16757,N16757,1,undetected,N16757,N16757,N16757,sa1,1
28539,N16757 /0 undetected,output,,N16757,N16757,0,undetected,N16757,N16757,N16757,sa0,1
28540,N100729 /1 undetected,output,,N100729,N100729,1,undetected,N100729,N100729,N100729,sa1,1
28541,N84213 /1 undetected,output,,N84213,N84213,1,undetected,N84213,N84213,N84213,sa1,1
28542,N12756 /1 undetected,output,,N12756,N12756,1,undetected,N12756,N12756,N12756,sa1,1
28543,N12756 /0 undetected,output,,N12756,N12756,0,undetected,N12756,N12756,N12756,sa0,1
28544,N100724 /1 undetected,output,,N100724,N100724,1,undetected,N100724,N100724,N100724,sa1,1
28545,N84301 /1 undetected,output,,N84301,N84301,1,undetected,N84301,N84301,N84301,sa1,1
28546,N124084 /1 undetected,output,,N124084,N124084,1,undetected,N124084,N124084,N124084,sa1,1
28547,N13362 /1 undetected,output,,N13362,N13362,1,undetected,N13362,N13362,N13362,sa1,1
28548,N83879 /1 undetected,output,,N83879,N83879,1,undetected,N83879,N83879,N83879,sa1,1
28549,N13358 /1 undetected,output,,N13358,N13358,1,undetected,N13358,N13358,N13358,sa1,1
28550,N13356 /1 undetected,output,,N13356,N13356,1,undetected,N13356,N13356,N13356,sa1,1
28551,N101239 /1 undetected,output,,N101239,N101239,1,undetected,N101239,N101239,N101239,sa1,1
28552,N91348 /1 undetected,output,,N91348,N91348,1,undetected,N91348,N91348,N91348,sa1,1
28553,N14550 /1 undetected,output,,N14550,N14550,1,undetected,N14550,N14550,N14550,sa1,1
28554,N14568 /1 undetected,output,,N14568,N14568,1,undetected,N14568,N14568,N14568,sa1,1
28555,N14566 /1 undetected,output,,N14566,N14566,1,undetected,N14566,N14566,N14566,sa1,1
28556,N95246 /1 undetected,output,,N95246,N95246,1,undetected,N95246,N95246,N95246,sa1,1
28557,N92187 /1 undetected,output,,N92187,N92187,1,undetected,N92187,N92187,N92187,sa1,1
28558,N11448 /1 undetected,output,,N11448,N11448,1,undetected,N11448,N11448,N11448,sa1,1
28559,N11448 /0 undetected,output,,N11448,N11448,0,undetected,N11448,N11448,N11448,sa0,1
28560,N84146 /1 undetected,output,,N84146,N84146,1,undetected,N84146,N84146,N84146,sa1,1
28561,N11446 /1 undetected,output,,N11446,N11446,1,undetected,N11446,N11446,N11446,sa1,1
28562,N7311 /1 undetected,output,,N7311,N7311,1,undetected,N7311,N7311,N7311,sa1,1
28563,N92296 /1 undetected,output,,N92296,N92296,1,undetected,N92296,N92296,N92296,sa1,1
28564,N97338 /1 undetected,output,,N97338,N97338,1,undetected,N97338,N97338,N97338,sa1,1
28565,N85862 /1 undetected,output,,N85862,N85862,1,undetected,N85862,N85862,N85862,sa1,1
28566,N96787 /1 undetected,output,,N96787,N96787,1,undetected,N96787,N96787,N96787,sa1,1
28567,N85388 /1 undetected,output,,N85388,N85388,1,undetected,N85388,N85388,N85388,sa1,1
28568,N4867 /1 undetected,output,,N4867,N4867,1,undetected,N4867,N4867,N4867,sa1,1
28569,N4865 /1 undetected,output,,N4865,N4865,1,undetected,N4865,N4865,N4865,sa1,1
28570,N4861 /1 undetected,output,,N4861,N4861,1,undetected,N4861,N4861,N4861,sa1,1
28571,N96539 /1 undetected,output,,N96539,N96539,1,undetected,N96539,N96539,N96539,sa1,1
28572,N4860 /1 undetected,output,,N4860,N4860,1,undetected,N4860,N4860,N4860,sa1,1
28573,N97200 /1 undetected,output,,N97200,N97200,1,undetected,N97200,N97200,N97200,sa1,1
28574,N4858 /1 undetected,output,,N4858,N4858,1,undetected,N4858,N4858,N4858,sa1,1
28575,N94643 /1 undetected,output,,N94643,N94643,1,undetected,N94643,N94643,N94643,sa1,1
28576,N75275 /1 undetected,output,,N75275,N75275,1,undetected,N75275,N75275,N75275,sa1,1
28577,N4856 /1 undetected,output,,N4856,N4856,1,undetected,N4856,N4856,N4856,sa1,1
28578,N94677 /1 undetected,output,,N94677,N94677,1,undetected,N94677,N94677,N94677,sa1,1
28579,N76634 /1 undetected,output,,N76634,N76634,1,undetected,N76634,N76634,N76634,sa1,1
28580,N4764 /1 undetected,output,,N4764,N4764,1,undetected,N4764,N4764,N4764,sa1,1
28581,N96786 /1 undetected,output,,N96786,N96786,1,undetected,N96786,N96786,N96786,sa1,1
28582,N86808 /1 undetected,output,,N86808,N86808,1,undetected,N86808,N86808,N86808,sa1,1
28583,N97158 /1 undetected,output,,N97158,N97158,1,undetected,N97158,N97158,N97158,sa1,1
28584,N85385 /1 undetected,output,,N85385,N85385,1,undetected,N85385,N85385,N85385,sa1,1
28585,N51023 /1 undetected,output,,N51023,N51023,1,undetected,N51023,N51023,N51023,sa1,1
28586,N51023 /0 undetected,output,,N51023,N51023,0,undetected,N51023,N51023,N51023,sa0,1
28587,N51022 /1 undetected,output,,N51022,N51022,1,undetected,N51022,N51022,N51022,sa1,1
28588,N119496 /1 undetected,output,,N119496,N119496,1,undetected,N119496,N119496,N119496,sa1,1
28589,N86184 /1 undetected,output,,N86184,N86184,1,undetected,N86184,N86184,N86184,sa1,1
28590,N51020 /1 undetected,output,,N51020,N51020,1,undetected,N51020,N51020,N51020,sa1,1
28591,N119504 /1 undetected,output,,N119504,N119504,1,undetected,N119504,N119504,N119504,sa1,1
28592,N76415 /1 undetected,output,,N76415,N76415,1,undetected,N76415,N76415,N76415,sa1,1
28593,N51008 /1 undetected,output,,N51008,N51008,1,undetected,N51008,N51008,N51008,sa1,1
28594,N51007 /1 undetected,output,,N51007,N51007,1,undetected,N51007,N51007,N51007,sa1,1
28595,N86043 /1 undetected,output,,N86043,N86043,1,undetected,N86043,N86043,N86043,sa1,1
28596,N51005 /1 undetected,output,,N51005,N51005,1,undetected,N51005,N51005,N51005,sa1,1
28597,N119503 /1 undetected,output,,N119503,N119503,1,undetected,N119503,N119503,N119503,sa1,1
28598,N76256 /1 undetected,output,,N76256,N76256,1,undetected,N76256,N76256,N76256,sa1,1
28599,N20913 /1 undetected,output,,N20913,N20913,1,undetected,N20913,N20913,N20913,sa1,1
28600,N20913 /0 undetected,output,,N20913,N20913,0,undetected,N20913,N20913,N20913,sa0,1
28601,N20851 /0 undetected,output,,N20851,N20851,0,undetected,N20851,N20851,N20851,sa0,1
28602,N104734 /1 undetected,output,,N104734,N104734,1,undetected,N104734,N104734,N104734,sa1,1
28603,N104236 /1 undetected,output,,N104236,N104236,1,undetected,N104236,N104236,N104236,sa1,1
28604,N20155 /1 undetected,output,,N20155,N20155,1,undetected,N20155,N20155,N20155,sa1,1
28605,N20155 /0 undetected,output,,N20155,N20155,0,undetected,N20155,N20155,N20155,sa0,1
28606,N104441 /1 undetected,output,,N104441,N104441,1,undetected,N104441,N104441,N104441,sa1,1
28607,N104391 /1 undetected,output,,N104391,N104391,1,undetected,N104391,N104391,N104391,sa1,1
28608,N20110 /1 undetected,output,,N20110,N20110,1,undetected,N20110,N20110,N20110,sa1,1
28609,N20110 /0 undetected,output,,N20110,N20110,0,undetected,N20110,N20110,N20110,sa0,1
28610,N75103 /1 undetected,output,,N75103,N75103,1,undetected,N75103,N75103,N75103,sa1,1
28611,N17026 /1 undetected,output,,N17026,N17026,1,undetected,N17026,N17026,N17026,sa1,1
28612,N17024 /1 undetected,output,,N17024,N17024,1,undetected,N17024,N17024,N17024,sa1,1
28613,N74646 /1 undetected,output,,N74646,N74646,1,undetected,N74646,N74646,N74646,sa1,1
28614,N17023 /1 undetected,output,,N17023,N17023,1,undetected,N17023,N17023,N17023,sa1,1
28615,N88197 /1 undetected,output,,N88197,N88197,1,undetected,N88197,N88197,N88197,sa1,1
28616,N79304 /1 undetected,output,,N79304,N79304,1,undetected,N79304,N79304,N79304,sa1,1
28617,N94757 /1 undetected,output,,N94757,N94757,1,undetected,N94757,N94757,N94757,sa1,1
28618,N75093 /1 undetected,output,,N75093,N75093,1,undetected,N75093,N75093,N75093,sa1,1
28619,N92496 /1 undetected,output,,N92496,N92496,1,undetected,N92496,N92496,N92496,sa1,1
28620,N14957 /1 undetected,output,,N14957,N14957,1,undetected,N14957,N14957,N14957,sa1,1
28621,N102269 /1 undetected,output,,N102269,N102269,1,undetected,N102269,N102269,N102269,sa1,1
28622,N14949 /1 undetected,output,,N14949,N14949,1,undetected,N14949,N14949,N14949,sa1,1
28623,N86464 /1 undetected,output,,N86464,N86464,1,undetected,N86464,N86464,N86464,sa1,1
28624,N13414 /1 undetected,output,,N13414,N13414,1,undetected,N13414,N13414,N13414,sa1,1
28625,N13414 /0 undetected,output,,N13414,N13414,0,undetected,N13414,N13414,N13414,sa0,1
28626,N101294 /1 undetected,output,,N101294,N101294,1,undetected,N101294,N101294,N101294,sa1,1
28627,N101253 /1 undetected,output,,N101253,N101253,1,undetected,N101253,N101253,N101253,sa1,1
28628,N8180 /1 undetected,output,,N8180,N8180,1,undetected,N8180,N8180,N8180,sa1,1
28629,N98286 /1 undetected,output,,N98286,N98286,1,undetected,N98286,N98286,N98286,sa1,1
28630,N8179 /1 undetected,output,,N8179,N8179,1,undetected,N8179,N8179,N8179,sa1,1
28631,N98335 /1 undetected,output,,N98335,N98335,1,undetected,N98335,N98335,N98335,sa1,1
28632,N85872 /1 undetected,output,,N85872,N85872,1,undetected,N85872,N85872,N85872,sa1,1
28633,N8055 /1 undetected,output,,N8055,N8055,1,undetected,N8055,N8055,N8055,sa1,1
28634,N8055 /0 undetected,output,,N8055,N8055,0,undetected,N8055,N8055,N8055,sa0,1
28635,N85368 /1 undetected,output,,N85368,N85368,1,undetected,N85368,N85368,N85368,sa1,1
28636,N8054 /1 undetected,output,,N8054,N8054,1,undetected,N8054,N8054,N8054,sa1,1
28637,N98246 /1 undetected,output,,N98246,N98246,1,undetected,N98246,N98246,N98246,sa1,1
28638,N8052 /1 undetected,output,,N8052,N8052,1,undetected,N8052,N8052,N8052,sa1,1
28639,N98334 /1 undetected,output,,N98334,N98334,1,undetected,N98334,N98334,N98334,sa1,1
28640,N77114 /1 undetected,output,,N77114,N77114,1,undetected,N77114,N77114,N77114,sa1,1
28641,N98257 /1 undetected,output,,N98257,N98257,1,undetected,N98257,N98257,N98257,sa1,1
28642,N6153 /1 undetected,output,,N6153,N6153,1,undetected,N6153,N6153,N6153,sa1,1
28643,N3463 /0 undetected,output,,N3463,N3463,0,undetected,N3463,N3463,N3463,sa0,1
28644,N31544 /1 undetected,output,,N31544,N31544,1,undetected,N31544,N31544,N31544,sa1,1
28645,N113896 /1 undetected,output,,N113896,N113896,1,undetected,N113896,N113896,N113896,sa1,1
28646,N106215 /1 undetected,output,,N106215,N106215,1,undetected,N106215,N106215,N106215,sa1,1
28647,N30950 /1 undetected,output,,N30950,N30950,1,undetected,N30950,N30950,N30950,sa1,1
28648,N113752 /1 undetected,output,,N113752,N113752,1,undetected,N113752,N113752,N113752,sa1,1
28649,N106213 /1 undetected,output,,N106213,N106213,1,undetected,N106213,N106213,N106213,sa1,1
28650,N19497 /1 undetected,output,,N19497,N19497,1,undetected,N19497,N19497,N19497,sa1,1
28651,N11590 /1 undetected,output,,N11590,N11590,1,undetected,N11590,N11590,N11590,sa1,1
28652,N13141 /1 undetected,output,,N13141,N13141,1,undetected,N13141,N13141,N13141,sa1,1
28653,N101099 /1 undetected,output,,N101099,N101099,1,undetected,N101099,N101099,N101099,sa1,1
28654,N11507 /1 undetected,output,,N11507,N11507,1,undetected,N11507,N11507,N11507,sa1,1
28655,N75030 /1 undetected,output,,N75030,N75030,1,undetected,N75030,N75030,N75030,sa1,1
28656,N11506 /1 undetected,output,,N11506,N11506,1,undetected,N11506,N11506,N11506,sa1,1
28657,N99884 /1 undetected,output,,N99884,N99884,1,undetected,N99884,N99884,N99884,sa1,1
28658,N4254 /0 undetected,output,,N4254,N4254,0,undetected,N4254,N4254,N4254,sa0,1
28659,N96924 /1 undetected,output,,N96924,N96924,1,undetected,N96924,N96924,N96924,sa1,1
28660,N4253 /1 undetected,output,,N4253,N4253,1,undetected,N4253,N4253,N4253,sa1,1
28661,N96710 /1 undetected,output,,N96710,N96710,1,undetected,N96710,N96710,N96710,sa1,1
28662,N4252 /1 undetected,output,,N4252,N4252,1,undetected,N4252,N4252,N4252,sa1,1
28663,N96932 /1 undetected,output,,N96932,N96932,1,undetected,N96932,N96932,N96932,sa1,1
28664,N92345 /1 undetected,output,,N92345,N92345,1,undetected,N92345,N92345,N92345,sa1,1
28665,N4199 /1 undetected,output,,N4199,N4199,1,undetected,N4199,N4199,N4199,sa1,1
28666,N4199 /0 undetected,output,,N4199,N4199,0,undetected,N4199,N4199,N4199,sa0,1
28667,N96851 /1 undetected,output,,N96851,N96851,1,undetected,N96851,N96851,N96851,sa1,1
28668,N4194 /1 undetected,output,,N4194,N4194,1,undetected,N4194,N4194,N4194,sa1,1
28669,N96860 /1 undetected,output,,N96860,N96860,1,undetected,N96860,N96860,N96860,sa1,1
28670,N86583 /1 undetected,output,,N86583,N86583,1,undetected,N86583,N86583,N86583,sa1,1
28671,N2758 /1 undetected,output,,N2758,N2758,1,undetected,N2758,N2758,N2758,sa1,1
28672,N2756 /1 undetected,output,,N2756,N2756,1,undetected,N2756,N2756,N2756,sa1,1
28673,N2754 /1 undetected,output,,N2754,N2754,1,undetected,N2754,N2754,N2754,sa1,1
28674,N94750 /1 undetected,output,,N94750,N94750,1,undetected,N94750,N94750,N94750,sa1,1
28675,N2753 /1 undetected,output,,N2753,N2753,1,undetected,N2753,N2753,N2753,sa1,1
28676,N85043 /1 undetected,output,,N85043,N85043,1,undetected,N85043,N85043,N85043,sa1,1
28677,N2752 /1 undetected,output,,N2752,N2752,1,undetected,N2752,N2752,N2752,sa1,1
28678,N2715 /1 undetected,output,,N2715,N2715,1,undetected,N2715,N2715,N2715,sa1,1
28679,N94675 /1 undetected,output,,N94675,N94675,1,undetected,N94675,N94675,N94675,sa1,1
28680,N94671 /1 undetected,output,,N94671,N94671,1,undetected,N94671,N94671,N94671,sa1,1
28681,N64266 /0 undetected,output,,N64266,N64266,0,undetected,N64266,N64266,N64266,sa0,1
28682,N64265 /1 undetected,output,,N64265,N64265,1,undetected,N64265,N64265,N64265,sa1,1
28683,N125351 /1 undetected,output,,N125351,N125351,1,undetected,N125351,N125351,N125351,sa1,1
28684,N80929 /1 undetected,output,,N80929,N80929,1,undetected,N80929,N80929,N80929,sa1,1
28685,N89341 /1 undetected,output,,N89341,N89341,1,undetected,N89341,N89341,N89341,sa1,1
28686,N80717 /1 undetected,output,,N80717,N80717,1,undetected,N80717,N80717,N80717,sa1,1
28687,N60891 /1 undetected,output,,N60891,N60891,1,undetected,N60891,N60891,N60891,sa1,1
28688,N63639 /1 undetected,output,,N63639,N63639,1,undetected,N63639,N63639,N63639,sa1,1
28689,N125205 /1 undetected,output,,N125205,N125205,1,undetected,N125205,N125205,N125205,sa1,1
28690,N61084 /1 undetected,output,,N61084,N61084,1,undetected,N61084,N61084,N61084,sa1,1
28691,N61084 /0 undetected,output,,N61084,N61084,0,undetected,N61084,N61084,N61084,sa0,1
28692,N124239 /1 undetected,output,,N124239,N124239,1,undetected,N124239,N124239,N124239,sa1,1
28693,N61077 /1 undetected,output,,N61077,N61077,1,undetected,N61077,N61077,N61077,sa1,1
28694,N60998 /1 undetected,output,,N60998,N60998,1,undetected,N60998,N60998,N60998,sa1,1
28695,N89129 /1 undetected,output,,N89129,N89129,1,undetected,N89129,N89129,N89129,sa1,1
28696,N64273 /0 undetected,output,,N64273,N64273,0,undetected,N64273,N64273,N64273,sa0,1
28697,N89137 /1 undetected,output,,N89137,N89137,1,undetected,N89137,N89137,N89137,sa1,1
28698,N60908 /1 undetected,output,,N60908,N60908,1,undetected,N60908,N60908,N60908,sa1,1
28699,N60908 /0 undetected,output,,N60908,N60908,0,undetected,N60908,N60908,N60908,sa0,1
28700,N124139 /1 undetected,output,,N124139,N124139,1,undetected,N124139,N124139,N124139,sa1,1
28701,N124122 /1 undetected,output,,N124122,N124122,1,undetected,N124122,N124122,N124122,sa1,1
28702,N51055 /0 undetected,output,,N51055,N51055,0,undetected,N51055,N51055,N51055,sa0,1
28703,N119529 /1 undetected,output,,N119529,N119529,1,undetected,N119529,N119529,N119529,sa1,1
28704,N93410 /1 undetected,output,,N93410,N93410,1,undetected,N93410,N93410,N93410,sa1,1
28705,N23317 /0 undetected,output,,N23317,N23317,0,undetected,N23317,N23317,N23317,sa0,1
28706,N101033 /1 undetected,output,,N101033,N101033,1,undetected,N101033,N101033,N101033,sa1,1
28707,N23315 /1 undetected,output,,N23315,N23315,1,undetected,N23315,N23315,N23315,sa1,1
28708,N94179 /1 undetected,output,,N94179,N94179,1,undetected,N94179,N94179,N94179,sa1,1
28709,N23313 /1 undetected,output,,N23313,N23313,1,undetected,N23313,N23313,N23313,sa1,1
28710,N101087 /1 undetected,output,,N101087,N101087,1,undetected,N101087,N101087,N101087,sa1,1
28711,N23311 /1 undetected,output,,N23311,N23311,1,undetected,N23311,N23311,N23311,sa1,1
28712,N103345 /1 undetected,output,,N103345,N103345,1,undetected,N103345,N103345,N103345,sa1,1
28713,N93766 /1 undetected,output,,N93766,N93766,1,undetected,N93766,N93766,N93766,sa1,1
28714,N23030 /1 undetected,output,,N23030,N23030,1,undetected,N23030,N23030,N23030,sa1,1
28715,N23028 /1 undetected,output,,N23028,N23028,1,undetected,N23028,N23028,N23028,sa1,1
28716,N94144 /1 undetected,output,,N94144,N94144,1,undetected,N94144,N94144,N94144,sa1,1
28717,N23027 /1 undetected,output,,N23027,N23027,1,undetected,N23027,N23027,N23027,sa1,1
28718,N105261 /1 undetected,output,,N105261,N105261,1,undetected,N105261,N105261,N105261,sa1,1
28719,N104212 /1 undetected,output,,N104212,N104212,1,undetected,N104212,N104212,N104212,sa1,1
28720,N23025 /1 undetected,output,,N23025,N23025,1,undetected,N23025,N23025,N23025,sa1,1
28721,N105265 /1 undetected,output,,N105265,N105265,1,undetected,N105265,N105265,N105265,sa1,1
28722,N104530 /1 undetected,output,,N104530,N104530,1,undetected,N104530,N104530,N104530,sa1,1
28723,N23021 /1 undetected,output,,N23021,N23021,1,undetected,N23021,N23021,N23021,sa1,1
28724,N94190 /1 undetected,output,,N94190,N94190,1,undetected,N94190,N94190,N94190,sa1,1
28725,N105021 /1 undetected,output,,N105021,N105021,1,undetected,N105021,N105021,N105021,sa1,1
28726,N94152 /1 undetected,output,,N94152,N94152,1,undetected,N94152,N94152,N94152,sa1,1
28727,N23015 /1 undetected,output,,N23015,N23015,1,undetected,N23015,N23015,N23015,sa1,1
28728,N23012 /1 undetected,output,,N23012,N23012,1,undetected,N23012,N23012,N23012,sa1,1
28729,N105298 /1 undetected,output,,N105298,N105298,1,undetected,N105298,N105298,N105298,sa1,1
28730,N75396 /1 undetected,output,,N75396,N75396,1,undetected,N75396,N75396,N75396,sa1,1
28731,N23005 /1 undetected,output,,N23005,N23005,1,undetected,N23005,N23005,N23005,sa1,1
28732,N105126 /1 undetected,output,,N105126,N105126,1,undetected,N105126,N105126,N105126,sa1,1
28733,N77451 /1 undetected,output,,N77451,N77451,1,undetected,N77451,N77451,N77451,sa1,1
28734,N23003 /1 undetected,output,,N23003,N23003,1,undetected,N23003,N23003,N23003,sa1,1
28735,N105133 /1 undetected,output,,N105133,N105133,1,undetected,N105133,N105133,N105133,sa1,1
28736,N86914 /1 undetected,output,,N86914,N86914,1,undetected,N86914,N86914,N86914,sa1,1
28737,N21404 /1 undetected,output,,N21404,N21404,1,undetected,N21404,N21404,N21404,sa1,1
28738,N21404 /0 undetected,output,,N21404,N21404,0,undetected,N21404,N21404,N21404,sa0,1
28739,N78700 /1 undetected,output,,N78700,N78700,1,undetected,N78700,N78700,N78700,sa1,1
28740,N21403 /1 undetected,output,,N21403,N21403,1,undetected,N21403,N21403,N21403,sa1,1
28741,N104808 /1 undetected,output,,N104808,N104808,1,undetected,N104808,N104808,N104808,sa1,1
28742,N86263 /1 undetected,output,,N86263,N86263,1,undetected,N86263,N86263,N86263,sa1,1
28743,N5875 /1 undetected,output,,N5875,N5875,1,undetected,N5875,N5875,N5875,sa1,1
28744,N77441 /1 undetected,output,,N77441,N77441,1,undetected,N77441,N77441,N77441,sa1,1
28745,N96629 /1 undetected,output,,N96629,N96629,1,undetected,N96629,N96629,N96629,sa1,1
28746,N92604 /1 undetected,output,,N92604,N92604,1,undetected,N92604,N92604,N92604,sa1,1
28747,N92560 /1 undetected,output,,N92560,N92560,1,undetected,N92560,N92560,N92560,sa1,1
28748,N3710 /1 undetected,output,,N3710,N3710,1,undetected,N3710,N3710,N3710,sa1,1
28749,N3710 /0 undetected,output,,N3710,N3710,0,undetected,N3710,N3710,N3710,sa0,1
28750,N96472 /1 undetected,output,,N96472,N96472,1,undetected,N96472,N96472,N96472,sa1,1
28751,N3708 /1 undetected,output,,N3708,N3708,1,undetected,N3708,N3708,N3708,sa1,1
28752,N96476 /1 undetected,output,,N96476,N96476,1,undetected,N96476,N96476,N96476,sa1,1
28753,N77163 /1 undetected,output,,N77163,N77163,1,undetected,N77163,N77163,N77163,sa1,1
28754,N22158 /1 undetected,output,,N22158,N22158,1,undetected,N22158,N22158,N22158,sa1,1
28755,N105115 /1 undetected,output,,N105115,N105115,1,undetected,N105115,N105115,N105115,sa1,1
28756,N94521 /1 undetected,output,,N94521,N94521,1,undetected,N94521,N94521,N94521,sa1,1
28757,N21501 /1 undetected,output,,N21501,N21501,1,undetected,N21501,N21501,N21501,sa1,1
28758,N21501 /0 undetected,output,,N21501,N21501,0,undetected,N21501,N21501,N21501,sa0,1
28759,N104886 /1 undetected,output,,N104886,N104886,1,undetected,N104886,N104886,N104886,sa1,1
28760,N86267 /1 undetected,output,,N86267,N86267,1,undetected,N86267,N86267,N86267,sa1,1
28761,N21235 /1 undetected,output,,N21235,N21235,1,undetected,N21235,N21235,N21235,sa1,1
28762,N21234 /1 undetected,output,,N21234,N21234,1,undetected,N21234,N21234,N21234,sa1,1
28763,N104532 /1 undetected,output,,N104532,N104532,1,undetected,N104532,N104532,N104532,sa1,1
28764,N21231 /1 undetected,output,,N21231,N21231,1,undetected,N21231,N21231,N21231,sa1,1
28765,N84178 /1 undetected,output,,N84178,N84178,1,undetected,N84178,N84178,N84178,sa1,1
28766,N20812 /1 undetected,output,,N20812,N20812,1,undetected,N20812,N20812,N20812,sa1,1
28767,N104733 /1 undetected,output,,N104733,N104733,1,undetected,N104733,N104733,N104733,sa1,1
28768,N20811 /1 undetected,output,,N20811,N20811,1,undetected,N20811,N20811,N20811,sa1,1
28769,N104655 /1 undetected,output,,N104655,N104655,1,undetected,N104655,N104655,N104655,sa1,1
28770,N104556 /1 undetected,output,,N104556,N104556,1,undetected,N104556,N104556,N104556,sa1,1
28771,N20177 /1 undetected,output,,N20177,N20177,1,undetected,N20177,N20177,N20177,sa1,1
28772,N20177 /0 undetected,output,,N20177,N20177,0,undetected,N20177,N20177,N20177,sa0,1
28773,N104418 /1 undetected,output,,N104418,N104418,1,undetected,N104418,N104418,N104418,sa1,1
28774,N104261 /1 undetected,output,,N104261,N104261,1,undetected,N104261,N104261,N104261,sa1,1
28775,N20126 /1 undetected,output,,N20126,N20126,1,undetected,N20126,N20126,N20126,sa1,1
28776,N20126 /0 undetected,output,,N20126,N20126,0,undetected,N20126,N20126,N20126,sa0,1
28777,N20049 /1 undetected,output,,N20049,N20049,1,undetected,N20049,N20049,N20049,sa1,1
28778,N20049 /0 undetected,output,,N20049,N20049,0,undetected,N20049,N20049,N20049,sa0,1
28779,N20048 /1 undetected,output,,N20048,N20048,1,undetected,N20048,N20048,N20048,sa1,1
28780,N103141 /1 undetected,output,,N103141,N103141,1,undetected,N103141,N103141,N103141,sa1,1
28781,N77840 /1 undetected,output,,N77840,N77840,1,undetected,N77840,N77840,N77840,sa1,1
28782,N20046 /1 undetected,output,,N20046,N20046,1,undetected,N20046,N20046,N20046,sa1,1
28783,N87169 /1 undetected,output,,N87169,N87169,1,undetected,N87169,N87169,N87169,sa1,1
28784,N16577 /1 undetected,output,,N16577,N16577,1,undetected,N16577,N16577,N16577,sa1,1
28785,N18895 /1 undetected,output,,N18895,N18895,1,undetected,N18895,N18895,N18895,sa1,1
28786,N93373 /1 undetected,output,,N93373,N93373,1,undetected,N93373,N93373,N93373,sa1,1
28787,N103289 /1 undetected,output,,N103289,N103289,1,undetected,N103289,N103289,N103289,sa1,1
28788,N100115 /1 undetected,output,,N100115,N100115,1,undetected,N100115,N100115,N100115,sa1,1
28789,N16931 /1 undetected,output,,N16931,N16931,1,undetected,N16931,N16931,N16931,sa1,1
28790,N16931 /0 undetected,output,,N16931,N16931,0,undetected,N16931,N16931,N16931,sa0,1
28791,N103295 /1 undetected,output,,N103295,N103295,1,undetected,N103295,N103295,N103295,sa1,1
28792,N16930 /1 undetected,output,,N16930,N16930,1,undetected,N16930,N16930,N16930,sa1,1
28793,N103288 /1 undetected,output,,N103288,N103288,1,undetected,N103288,N103288,N103288,sa1,1
28794,N93707 /1 undetected,output,,N93707,N93707,1,undetected,N93707,N93707,N93707,sa1,1
28795,N102250 /1 undetected,output,,N102250,N102250,1,undetected,N102250,N102250,N102250,sa1,1
28796,N13445 /1 undetected,output,,N13445,N13445,1,undetected,N13445,N13445,N13445,sa1,1
28797,N13445 /0 undetected,output,,N13445,N13445,0,undetected,N13445,N13445,N13445,sa0,1
28798,N12521 /1 undetected,output,,N12521,N12521,1,undetected,N12521,N12521,N12521,sa1,1
28799,N92337 /1 undetected,output,,N92337,N92337,1,undetected,N92337,N92337,N92337,sa1,1
28800,N100555 /1 undetected,output,,N100555,N100555,1,undetected,N100555,N100555,N100555,sa1,1
28801,N12519 /1 undetected,output,,N12519,N12519,1,undetected,N12519,N12519,N12519,sa1,1
28802,N12517 /1 undetected,output,,N12517,N12517,1,undetected,N12517,N12517,N12517,sa1,1
28803,N87532 /1 undetected,output,,N87532,N87532,1,undetected,N87532,N87532,N87532,sa1,1
28804,N78725 /1 undetected,output,,N78725,N78725,1,undetected,N78725,N78725,N78725,sa1,1
28805,N66600 /1 undetected,output,,N66600,N66600,1,undetected,N66600,N66600,N66600,sa1,1
28806,N125831 /1 undetected,output,,N125831,N125831,1,undetected,N125831,N125831,N125831,sa1,1
28807,N26080 /1 undetected,output,,N26080,N26080,1,undetected,N26080,N26080,N26080,sa1,1
28808,N111563 /1 undetected,output,,N111563,N111563,1,undetected,N111563,N111563,N111563,sa1,1
28809,N26079 /1 undetected,output,,N26079,N26079,1,undetected,N26079,N26079,N26079,sa1,1
28810,N81687 /1 undetected,output,,N81687,N81687,1,undetected,N81687,N81687,N81687,sa1,1
28811,N25129 /1 undetected,output,,N25129,N25129,1,undetected,N25129,N25129,N25129,sa1,1
28812,N25129 /0 undetected,output,,N25129,N25129,0,undetected,N25129,N25129,N25129,sa0,1
28813,N109073 /1 undetected,output,,N109073,N109073,1,undetected,N109073,N109073,N109073,sa1,1
28814,N105595 /1 undetected,output,,N105595,N105595,1,undetected,N105595,N105595,N105595,sa1,1
28815,N25119 /1 undetected,output,,N25119,N25119,1,undetected,N25119,N25119,N25119,sa1,1
28816,N25119 /0 undetected,output,,N25119,N25119,0,undetected,N25119,N25119,N25119,sa0,1
28817,N109058 /1 undetected,output,,N109058,N109058,1,undetected,N109058,N109058,N109058,sa1,1
28818,N105594 /1 undetected,output,,N105594,N105594,1,undetected,N105594,N105594,N105594,sa1,1
28819,N24840 /1 undetected,output,,N24840,N24840,1,undetected,N24840,N24840,N24840,sa1,1
28820,N24840 /0 undetected,output,,N24840,N24840,0,undetected,N24840,N24840,N24840,sa0,1
28821,N108855 /1 undetected,output,,N108855,N108855,1,undetected,N108855,N108855,N108855,sa1,1
28822,N105593 /1 undetected,output,,N105593,N105593,1,undetected,N105593,N105593,N105593,sa1,1
28823,N23673 /0 undetected,output,,N23673,N23673,0,undetected,N23673,N23673,N23673,sa0,1
28824,N105591 /1 undetected,output,,N105591,N105591,1,undetected,N105591,N105591,N105591,sa1,1
28825,N23669 /0 undetected,output,,N23669,N23669,0,undetected,N23669,N23669,N23669,sa0,1
28826,N105590 /1 undetected,output,,N105590,N105590,1,undetected,N105590,N105590,N105590,sa1,1
28827,N23646 /0 undetected,output,,N23646,N23646,0,undetected,N23646,N23646,N23646,sa0,1
28828,N23645 /1 undetected,output,,N23645,N23645,1,undetected,N23645,N23645,N23645,sa1,1
28829,N93986 /1 undetected,output,,N93986,N93986,1,undetected,N93986,N93986,N93986,sa1,1
28830,N88361 /1 undetected,output,,N88361,N88361,1,undetected,N88361,N88361,N88361,sa1,1
28831,N23332 /0 undetected,output,,N23332,N23332,0,undetected,N23332,N23332,N23332,sa0,1
28832,N85518 /1 undetected,output,,N85518,N85518,1,undetected,N85518,N85518,N85518,sa1,1
28833,N16923 /0 undetected,output,,N16923,N16923,0,undetected,N16923,N16923,N16923,sa0,1
28834,N15283 /1 undetected,output,,N15283,N15283,1,undetected,N15283,N15283,N15283,sa1,1
28835,N15283 /0 undetected,output,,N15283,N15283,0,undetected,N15283,N15283,N15283,sa0,1
28836,N86442 /1 undetected,output,,N86442,N86442,1,undetected,N86442,N86442,N86442,sa1,1
28837,N15282 /1 undetected,output,,N15282,N15282,1,undetected,N15282,N15282,N15282,sa1,1
28838,N102219 /1 undetected,output,,N102219,N102219,1,undetected,N102219,N102219,N102219,sa1,1
28839,N76735 /1 undetected,output,,N76735,N76735,1,undetected,N76735,N76735,N76735,sa1,1
28840,N13334 /1 undetected,output,,N13334,N13334,1,undetected,N13334,N13334,N13334,sa1,1
28841,N100036 /1 undetected,output,,N100036,N100036,1,undetected,N100036,N100036,N100036,sa1,1
28842,N13332 /1 undetected,output,,N13332,N13332,1,undetected,N13332,N13332,N13332,sa1,1
28843,N94539 /1 undetected,output,,N94539,N94539,1,undetected,N94539,N94539,N94539,sa1,1
28844,N94475 /1 undetected,output,,N94475,N94475,1,undetected,N94475,N94475,N94475,sa1,1
28845,N13102 /1 undetected,output,,N13102,N13102,1,undetected,N13102,N13102,N13102,sa1,1
28846,N13102 /0 undetected,output,,N13102,N13102,0,undetected,N13102,N13102,N13102,sa0,1
28847,N11683 /1 undetected,output,,N11683,N11683,1,undetected,N11683,N11683,N11683,sa1,1
28848,N11683 /0 undetected,output,,N11683,N11683,0,undetected,N11683,N11683,N11683,sa0,1
28849,N100034 /1 undetected,output,,N100034,N100034,1,undetected,N100034,N100034,N100034,sa1,1
28850,N93705 /1 undetected,output,,N93705,N93705,1,undetected,N93705,N93705,N93705,sa1,1
28851,N11680 /1 undetected,output,,N11680,N11680,1,undetected,N11680,N11680,N11680,sa1,1
28852,N100112 /1 undetected,output,,N100112,N100112,1,undetected,N100112,N100112,N100112,sa1,1
28853,N11578 /0 undetected,output,,N11578,N11578,0,undetected,N11578,N11578,N11578,sa0,1
28854,N5116 /1 undetected,output,,N5116,N5116,1,undetected,N5116,N5116,N5116,sa1,1
28855,N5116 /0 undetected,output,,N5116,N5116,0,undetected,N5116,N5116,N5116,sa0,1
28856,N96848 /1 undetected,output,,N96848,N96848,1,undetected,N96848,N96848,N96848,sa1,1
28857,N85351 /1 undetected,output,,N85351,N85351,1,undetected,N85351,N85351,N85351,sa1,1
28858,N2641 /1 undetected,output,,N2641,N2641,1,undetected,N2641,N2641,N2641,sa1,1
28859,N94507 /1 undetected,output,,N94507,N94507,1,undetected,N94507,N94507,N94507,sa1,1
28860,N2613 /1 undetected,output,,N2613,N2613,1,undetected,N2613,N2613,N2613,sa1,1
28861,N94191 /1 undetected,output,,N94191,N94191,1,undetected,N94191,N94191,N94191,sa1,1
28862,N2612 /1 undetected,output,,N2612,N2612,1,undetected,N2612,N2612,N2612,sa1,1
28863,N2167 /0 undetected,output,,N2167,N2167,0,undetected,N2167,N2167,N2167,sa0,1
28864,N74985 /1 undetected,output,,N74985,N74985,1,undetected,N74985,N74985,N74985,sa1,1
28865,N2162 /1 undetected,output,,N2162,N2162,1,undetected,N2162,N2162,N2162,sa1,1
28866,N79903 /1 undetected,output,,N79903,N79903,1,undetected,N79903,N79903,N79903,sa1,1
28867,N79880 /1 undetected,output,,N79880,N79880,1,undetected,N79880,N79880,N79880,sa1,1
28868,N79876 /1 undetected,output,,N79876,N79876,1,undetected,N79876,N79876,N79876,sa1,1
28869,N79870 /1 undetected,output,,N79870,N79870,1,undetected,N79870,N79870,N79870,sa1,1
28870,N79842 /1 undetected,output,,N79842,N79842,1,undetected,N79842,N79842,N79842,sa1,1
28871,N79834 /1 undetected,output,,N79834,N79834,1,undetected,N79834,N79834,N79834,sa1,1
28872,N79830 /1 undetected,output,,N79830,N79830,1,undetected,N79830,N79830,N79830,sa1,1
28873,N79815 /1 undetected,output,,N79815,N79815,1,undetected,N79815,N79815,N79815,sa1,1
28874,N79808 /1 undetected,output,,N79808,N79808,1,undetected,N79808,N79808,N79808,sa1,1
28875,N79800 /1 undetected,output,,N79800,N79800,1,undetected,N79800,N79800,N79800,sa1,1
28876,N79796 /1 undetected,output,,N79796,N79796,1,undetected,N79796,N79796,N79796,sa1,1
28877,N69471 /0 undetected,output,,N69471,N69471,0,undetected,N69471,N69471,N69471,sa0,1
28878,N87130 /1 undetected,output,,N87130,N87130,1,undetected,N87130,N87130,N87130,sa1,1
28879,N90863 /1 undetected,output,,N90863,N90863,1,undetected,N90863,N90863,N90863,sa1,1
28880,N64837 /1 undetected,output,,N64837,N64837,1,undetected,N64837,N64837,N64837,sa1,1
28881,N125206 /1 undetected,output,,N125206,N125206,1,undetected,N125206,N125206,N125206,sa1,1
28882,N64270 /1 undetected,output,,N64270,N64270,1,undetected,N64270,N64270,N64270,sa1,1
28883,N64270 /0 undetected,output,,N64270,N64270,0,undetected,N64270,N64270,N64270,sa0,1
28884,N125352 /1 undetected,output,,N125352,N125352,1,undetected,N125352,N125352,N125352,sa1,1
28885,N121982 /1 undetected,output,,N121982,N121982,1,undetected,N121982,N121982,N121982,sa1,1
28886,N80715 /1 undetected,output,,N80715,N80715,1,undetected,N80715,N80715,N80715,sa1,1
28887,N63620 /1 undetected,output,,N63620,N63620,1,undetected,N63620,N63620,N63620,sa1,1
28888,N125134 /1 undetected,output,,N125134,N125134,1,undetected,N125134,N125134,N125134,sa1,1
28889,N61118 /1 undetected,output,,N61118,N61118,1,undetected,N61118,N61118,N61118,sa1,1
28890,N61118 /0 undetected,output,,N61118,N61118,0,undetected,N61118,N61118,N61118,sa0,1
28891,N61117 /1 undetected,output,,N61117,N61117,1,undetected,N61117,N61117,N61117,sa1,1
28892,N124285 /1 undetected,output,,N124285,N124285,1,undetected,N124285,N124285,N124285,sa1,1
28893,N90664 /1 undetected,output,,N90664,N90664,1,undetected,N90664,N90664,N90664,sa1,1
28894,N61115 /1 undetected,output,,N61115,N61115,1,undetected,N61115,N61115,N61115,sa1,1
28895,N124250 /1 undetected,output,,N124250,N124250,1,undetected,N124250,N124250,N124250,sa1,1
28896,N82529 /1 undetected,output,,N82529,N82529,1,undetected,N82529,N82529,N82529,sa1,1
28897,N103458 /1 undetected,output,,N103458,N103458,1,undetected,N103458,N103458,N103458,sa1,1
28898,N99328 /1 undetected,output,,N99328,N99328,1,undetected,N99328,N99328,N99328,sa1,1
28899,N17594 /1 undetected,output,,N17594,N17594,1,undetected,N17594,N17594,N17594,sa1,1
28900,N99787 /1 undetected,output,,N99787,N99787,1,undetected,N99787,N99787,N99787,sa1,1
28901,N103517 /1 undetected,output,,N103517,N103517,1,undetected,N103517,N103517,N103517,sa1,1
28902,N92662 /1 undetected,output,,N92662,N92662,1,undetected,N92662,N92662,N92662,sa1,1
28903,N17589 /1 undetected,output,,N17589,N17589,1,undetected,N17589,N17589,N17589,sa1,1
28904,N85021 /1 undetected,output,,N85021,N85021,1,undetected,N85021,N85021,N85021,sa1,1
28905,N17587 /1 undetected,output,,N17587,N17587,1,undetected,N17587,N17587,N17587,sa1,1
28906,N17585 /1 undetected,output,,N17585,N17585,1,undetected,N17585,N17585,N17585,sa1,1
28907,N103472 /1 undetected,output,,N103472,N103472,1,undetected,N103472,N103472,N103472,sa1,1
28908,N17583 /1 undetected,output,,N17583,N17583,1,undetected,N17583,N17583,N17583,sa1,1
28909,N95116 /1 undetected,output,,N95116,N95116,1,undetected,N95116,N95116,N95116,sa1,1
28910,N17581 /1 undetected,output,,N17581,N17581,1,undetected,N17581,N17581,N17581,sa1,1
28911,N103516 /1 undetected,output,,N103516,N103516,1,undetected,N103516,N103516,N103516,sa1,1
28912,N87215 /1 undetected,output,,N87215,N87215,1,undetected,N87215,N87215,N87215,sa1,1
28913,N17578 /1 undetected,output,,N17578,N17578,1,undetected,N17578,N17578,N17578,sa1,1
28914,N77968 /1 undetected,output,,N77968,N77968,1,undetected,N77968,N77968,N77968,sa1,1
28915,N17576 /1 undetected,output,,N17576,N17576,1,undetected,N17576,N17576,N17576,sa1,1
28916,N103485 /1 undetected,output,,N103485,N103485,1,undetected,N103485,N103485,N103485,sa1,1
28917,N103476 /1 undetected,output,,N103476,N103476,1,undetected,N103476,N103476,N103476,sa1,1
28918,N12590 /0 undetected,output,,N12590,N12590,0,undetected,N12590,N12590,N12590,sa0,1
28919,N12589 /1 undetected,output,,N12589,N12589,1,undetected,N12589,N12589,N12589,sa1,1
28920,N83890 /1 undetected,output,,N83890,N83890,1,undetected,N83890,N83890,N83890,sa1,1
28921,N12588 /1 undetected,output,,N12588,N12588,1,undetected,N12588,N12588,N12588,sa1,1
28922,N91336 /1 undetected,output,,N91336,N91336,1,undetected,N91336,N91336,N91336,sa1,1
28923,N2839 /1 undetected,output,,N2839,N2839,1,undetected,N2839,N2839,N2839,sa1,1
28924,N12584 /1 undetected,output,,N12584,N12584,1,undetected,N12584,N12584,N12584,sa1,1
28925,N95182 /1 undetected,output,,N95182,N95182,1,undetected,N95182,N95182,N95182,sa1,1
28926,N12583 /1 undetected,output,,N12583,N12583,1,undetected,N12583,N12583,N12583,sa1,1
28927,N91360 /1 undetected,output,,N91360,N91360,1,undetected,N91360,N91360,N91360,sa1,1
28928,N2391 /1 undetected,output,,N2391,N2391,1,undetected,N2391,N2391,N2391,sa1,1
28929,N12581 /1 undetected,output,,N12581,N12581,1,undetected,N12581,N12581,N12581,sa1,1
28930,N92295 /1 undetected,output,,N92295,N92295,1,undetected,N92295,N92295,N92295,sa1,1
28931,N6595 /1 undetected,output,,N6595,N6595,1,undetected,N6595,N6595,N6595,sa1,1
28932,N77552 /1 undetected,output,,N77552,N77552,1,undetected,N77552,N77552,N77552,sa1,1
28933,N97753 /1 undetected,output,,N97753,N97753,1,undetected,N97753,N97753,N97753,sa1,1
28934,N16385 /1 undetected,output,,N16385,N16385,1,undetected,N16385,N16385,N16385,sa1,1
28935,N16385 /0 undetected,output,,N16385,N16385,0,undetected,N16385,N16385,N16385,sa0,1
28936,N103056 /1 undetected,output,,N103056,N103056,1,undetected,N103056,N103056,N103056,sa1,1
28937,N86707 /1 undetected,output,,N86707,N86707,1,undetected,N86707,N86707,N86707,sa1,1
28938,N16362 /1 undetected,output,,N16362,N16362,1,undetected,N16362,N16362,N16362,sa1,1
28939,N16362 /0 undetected,output,,N16362,N16362,0,undetected,N16362,N16362,N16362,sa0,1
28940,N16361 /1 undetected,output,,N16361,N16361,1,undetected,N16361,N16361,N16361,sa1,1
28941,N103054 /1 undetected,output,,N103054,N103054,1,undetected,N103054,N103054,N103054,sa1,1
28942,N103043 /1 undetected,output,,N103043,N103043,1,undetected,N103043,N103043,N103043,sa1,1
28943,N16359 /1 undetected,output,,N16359,N16359,1,undetected,N16359,N16359,N16359,sa1,1
28944,N103061 /1 undetected,output,,N103061,N103061,1,undetected,N103061,N103061,N103061,sa1,1
28945,N16357 /1 undetected,output,,N16357,N16357,1,undetected,N16357,N16357,N16357,sa1,1
28946,N94594 /1 undetected,output,,N94594,N94594,1,undetected,N94594,N94594,N94594,sa1,1
28947,N11650 /0 undetected,output,,N11650,N11650,0,undetected,N11650,N11650,N11650,sa0,1
28948,N92585 /1 undetected,output,,N92585,N92585,1,undetected,N92585,N92585,N92585,sa1,1
28949,N11648 /1 undetected,output,,N11648,N11648,1,undetected,N11648,N11648,N11648,sa1,1
28950,N99927 /1 undetected,output,,N99927,N99927,1,undetected,N99927,N99927,N99927,sa1,1
28951,N11646 /1 undetected,output,,N11646,N11646,1,undetected,N11646,N11646,N11646,sa1,1
28952,N100083 /1 undetected,output,,N100083,N100083,1,undetected,N100083,N100083,N100083,sa1,1
28953,N11644 /1 undetected,output,,N11644,N11644,1,undetected,N11644,N11644,N11644,sa1,1
28954,N100087 /1 undetected,output,,N100087,N100087,1,undetected,N100087,N100087,N100087,sa1,1
28955,N77962 /1 undetected,output,,N77962,N77962,1,undetected,N77962,N77962,N77962,sa1,1
28956,N11460 /0 undetected,output,,N11460,N11460,0,undetected,N11460,N11460,N11460,sa0,1
28957,N99816 /1 undetected,output,,N99816,N99816,1,undetected,N99816,N99816,N99816,sa1,1
28958,N92212 /1 undetected,output,,N92212,N92212,1,undetected,N92212,N92212,N92212,sa1,1
28959,N7619 /1 undetected,output,,N7619,N7619,1,undetected,N7619,N7619,N7619,sa1,1
28960,N92297 /1 undetected,output,,N92297,N92297,1,undetected,N92297,N92297,N92297,sa1,1
28961,N92550 /1 undetected,output,,N92550,N92550,1,undetected,N92550,N92550,N92550,sa1,1
28962,N86721 /1 undetected,output,,N86721,N86721,1,undetected,N86721,N86721,N86721,sa1,1
28963,N96716 /1 undetected,output,,N96716,N96716,1,undetected,N96716,N96716,N96716,sa1,1
28964,N3408 /1 undetected,output,,N3408,N3408,1,undetected,N3408,N3408,N3408,sa1,1
28965,N3408 /0 undetected,output,,N3408,N3408,0,undetected,N3408,N3408,N3408,sa0,1
28966,N84144 /1 undetected,output,,N84144,N84144,1,undetected,N84144,N84144,N84144,sa1,1
28967,N3406 /1 undetected,output,,N3406,N3406,1,undetected,N3406,N3406,N3406,sa1,1
28968,N96356 /1 undetected,output,,N96356,N96356,1,undetected,N96356,N96356,N96356,sa1,1
28969,N96343 /1 undetected,output,,N96343,N96343,1,undetected,N96343,N96343,N96343,sa1,1
28970,N23634 /1 undetected,output,,N23634,N23634,1,undetected,N23634,N23634,N23634,sa1,1
28971,N23634 /0 undetected,output,,N23634,N23634,0,undetected,N23634,N23634,N23634,sa0,1
28972,N23632 /1 undetected,output,,N23632,N23632,1,undetected,N23632,N23632,N23632,sa1,1
28973,N105585 /1 undetected,output,,N105585,N105585,1,undetected,N105585,N105585,N105585,sa1,1
28974,N15654 /1 undetected,output,,N15654,N15654,1,undetected,N15654,N15654,N15654,sa1,1
28975,N23627 /1 undetected,output,,N23627,N23627,1,undetected,N23627,N23627,N23627,sa1,1
28976,N105583 /1 undetected,output,,N105583,N105583,1,undetected,N105583,N105583,N105583,sa1,1
28977,N85282 /1 undetected,output,,N85282,N85282,1,undetected,N85282,N85282,N85282,sa1,1
28978,N22018 /0 undetected,output,,N22018,N22018,0,undetected,N22018,N22018,N22018,sa0,1
28979,N84374 /1 undetected,output,,N84374,N84374,1,undetected,N84374,N84374,N84374,sa1,1
28980,N21264 /1 undetected,output,,N21264,N21264,1,undetected,N21264,N21264,N21264,sa1,1
28981,N21260 /1 undetected,output,,N21260,N21260,1,undetected,N21260,N21260,N21260,sa1,1
28982,N21260 /0 undetected,output,,N21260,N21260,0,undetected,N21260,N21260,N21260,sa0,1
28983,N20832 /1 undetected,output,,N20832,N20832,1,undetected,N20832,N20832,N20832,sa1,1
28984,N20832 /0 undetected,output,,N20832,N20832,0,undetected,N20832,N20832,N20832,sa0,1
28985,N14341 /1 undetected,output,,N14341,N14341,1,undetected,N14341,N14341,N14341,sa1,1
28986,N14340 /1 undetected,output,,N14340,N14340,1,undetected,N14340,N14340,N14340,sa1,1
28987,N94389 /1 undetected,output,,N94389,N94389,1,undetected,N94389,N94389,N94389,sa1,1
28988,N14338 /1 undetected,output,,N14338,N14338,1,undetected,N14338,N14338,N14338,sa1,1
28989,N85467 /1 undetected,output,,N85467,N85467,1,undetected,N85467,N85467,N85467,sa1,1
28990,N14337 /1 undetected,output,,N14337,N14337,1,undetected,N14337,N14337,N14337,sa1,1
28991,N101730 /1 undetected,output,,N101730,N101730,1,undetected,N101730,N101730,N101730,sa1,1
28992,N94305 /1 undetected,output,,N94305,N94305,1,undetected,N94305,N94305,N94305,sa1,1
28993,N14327 /1 undetected,output,,N14327,N14327,1,undetected,N14327,N14327,N14327,sa1,1
28994,N14326 /1 undetected,output,,N14326,N14326,1,undetected,N14326,N14326,N14326,sa1,1
28995,N93832 /1 undetected,output,,N93832,N93832,1,undetected,N93832,N93832,N93832,sa1,1
28996,N14324 /1 undetected,output,,N14324,N14324,1,undetected,N14324,N14324,N14324,sa1,1
28997,N75521 /1 undetected,output,,N75521,N75521,1,undetected,N75521,N75521,N75521,sa1,1
28998,N14323 /1 undetected,output,,N14323,N14323,1,undetected,N14323,N14323,N14323,sa1,1
28999,N101729 /1 undetected,output,,N101729,N101729,1,undetected,N101729,N101729,N101729,sa1,1
29000,N93759 /1 undetected,output,,N93759,N93759,1,undetected,N93759,N93759,N93759,sa1,1
29001,N12879 /1 undetected,output,,N12879,N12879,1,undetected,N12879,N12879,N12879,sa1,1
29002,N12784 /1 undetected,output,,N12784,N12784,1,undetected,N12784,N12784,N12784,sa1,1
29003,N11777 /0 undetected,output,,N11777,N11777,0,undetected,N11777,N11777,N11777,sa0,1
29004,N75086 /1 undetected,output,,N75086,N75086,1,undetected,N75086,N75086,N75086,sa1,1
29005,N11776 /1 undetected,output,,N11776,N11776,1,undetected,N11776,N11776,N11776,sa1,1
29006,N8628 /0 undetected,output,,N8628,N8628,0,undetected,N8628,N8628,N8628,sa0,1
29007,N92820 /1 undetected,output,,N92820,N92820,1,undetected,N92820,N92820,N92820,sa1,1
29008,N4530 /1 undetected,output,,N4530,N4530,1,undetected,N4530,N4530,N4530,sa1,1
29009,N4530 /0 undetected,output,,N4530,N4530,0,undetected,N4530,N4530,N4530,sa0,1
29010,N97066 /1 undetected,output,,N97066,N97066,1,undetected,N97066,N97066,N97066,sa1,1
29011,N96921 /1 undetected,output,,N96921,N96921,1,undetected,N96921,N96921,N96921,sa1,1
29012,N66592 /0 undetected,output,,N66592,N66592,0,undetected,N66592,N66592,N66592,sa0,1
29013,N90805 /1 undetected,output,,N90805,N90805,1,undetected,N90805,N90805,N90805,sa1,1
29014,N56762 /0 undetected,output,,N56762,N56762,0,undetected,N56762,N56762,N56762,sa0,1
29015,N101642 /1 undetected,output,,N101642,N101642,1,undetected,N101642,N101642,N101642,sa1,1
29016,N28243 /1 undetected,output,,N28243,N28243,1,undetected,N28243,N28243,N28243,sa1,1
29017,N28243 /0 undetected,output,,N28243,N28243,0,undetected,N28243,N28243,N28243,sa0,1
29018,N23935 /0 undetected,output,,N23935,N23935,0,undetected,N23935,N23935,N23935,sa0,1
29019,N23367 /0 undetected,output,,N23367,N23367,0,undetected,N23367,N23367,N23367,sa0,1
29020,N94114 /1 undetected,output,,N94114,N94114,1,undetected,N94114,N94114,N94114,sa1,1
29021,N93711 /1 undetected,output,,N93711,N93711,1,undetected,N93711,N93711,N93711,sa1,1
29022,N21409 /1 undetected,output,,N21409,N21409,1,undetected,N21409,N21409,N21409,sa1,1
29023,N21409 /0 undetected,output,,N21409,N21409,0,undetected,N21409,N21409,N21409,sa0,1
29024,N104823 /1 undetected,output,,N104823,N104823,1,undetected,N104823,N104823,N104823,sa1,1
29025,N86264 /1 undetected,output,,N86264,N86264,1,undetected,N86264,N86264,N86264,sa1,1
29026,N18646 /0 undetected,output,,N18646,N18646,0,undetected,N18646,N18646,N18646,sa0,1
29027,N18645 /1 undetected,output,,N18645,N18645,1,undetected,N18645,N18645,N18645,sa1,1
29028,N86476 /1 undetected,output,,N86476,N86476,1,undetected,N86476,N86476,N86476,sa1,1
29029,N2730 /1 undetected,output,,N2730,N2730,1,undetected,N2730,N2730,N2730,sa1,1
29030,N16282 /0 undetected,output,,N16282,N16282,0,undetected,N16282,N16282,N16282,sa0,1
29031,N98520 /1 undetected,output,,N98520,N98520,1,undetected,N98520,N98520,N98520,sa1,1
29032,N16280 /0 undetected,output,,N16280,N16280,0,undetected,N16280,N16280,N16280,sa0,1
29033,N98502 /1 undetected,output,,N98502,N98502,1,undetected,N98502,N98502,N98502,sa1,1
29034,N16165 /0 undetected,output,,N16165,N16165,0,undetected,N16165,N16165,N16165,sa0,1
29035,N94481 /1 undetected,output,,N94481,N94481,1,undetected,N94481,N94481,N94481,sa1,1
29036,N16158 /0 undetected,output,,N16158,N16158,0,undetected,N16158,N16158,N16158,sa0,1
29037,N93915 /1 undetected,output,,N93915,N93915,1,undetected,N93915,N93915,N93915,sa1,1
29038,N14891 /1 undetected,output,,N14891,N14891,1,undetected,N14891,N14891,N14891,sa1,1
29039,N14891 /0 undetected,output,,N14891,N14891,0,undetected,N14891,N14891,N14891,sa0,1
29040,N102218 /1 undetected,output,,N102218,N102218,1,undetected,N102218,N102218,N102218,sa1,1
29041,N2726 /1 undetected,output,,N2726,N2726,1,undetected,N2726,N2726,N2726,sa1,1
29042,N86432 /1 undetected,output,,N86432,N86432,1,undetected,N86432,N86432,N86432,sa1,1
29043,N2724 /1 undetected,output,,N2724,N2724,1,undetected,N2724,N2724,N2724,sa1,1
29044,N86444 /1 undetected,output,,N86444,N86444,1,undetected,N86444,N86444,N86444,sa1,1
29045,N86438 /1 undetected,output,,N86438,N86438,1,undetected,N86438,N86438,N86438,sa1,1
29046,N13324 /1 undetected,output,,N13324,N13324,1,undetected,N13324,N13324,N13324,sa1,1
29047,N13324 /0 undetected,output,,N13324,N13324,0,undetected,N13324,N13324,N13324,sa0,1
29048,N94474 /1 undetected,output,,N94474,N94474,1,undetected,N94474,N94474,N94474,sa1,1
29049,N94109 /1 undetected,output,,N94109,N94109,1,undetected,N94109,N94109,N94109,sa1,1
29050,N13303 /1 undetected,output,,N13303,N13303,1,undetected,N13303,N13303,N13303,sa1,1
29051,N13303 /0 undetected,output,,N13303,N13303,0,undetected,N13303,N13303,N13303,sa0,1
29052,N94108 /1 undetected,output,,N94108,N94108,1,undetected,N94108,N94108,N94108,sa1,1
29053,N93908 /1 undetected,output,,N93908,N93908,1,undetected,N93908,N93908,N93908,sa1,1
29054,N13300 /1 undetected,output,,N13300,N13300,1,undetected,N13300,N13300,N13300,sa1,1
29055,N13300 /0 undetected,output,,N13300,N13300,0,undetected,N13300,N13300,N13300,sa0,1
29056,N100035 /1 undetected,output,,N100035,N100035,1,undetected,N100035,N100035,N100035,sa1,1
29057,N93907 /1 undetected,output,,N93907,N93907,1,undetected,N93907,N93907,N93907,sa1,1
29058,N11598 /0 undetected,output,,N11598,N11598,0,undetected,N11598,N11598,N11598,sa0,1
29059,N93914 /1 undetected,output,,N93914,N93914,1,undetected,N93914,N93914,N93914,sa1,1
29060,N11591 /0 undetected,output,,N11591,N11591,0,undetected,N11591,N11591,N11591,sa0,1
29061,N94479 /1 undetected,output,,N94479,N94479,1,undetected,N94479,N94479,N94479,sa1,1
29062,N4458 /1 undetected,output,,N4458,N4458,1,undetected,N4458,N4458,N4458,sa1,1
29063,N4192 /1 undetected,output,,N4192,N4192,1,undetected,N4192,N4192,N4192,sa1,1
29064,N4192 /0 undetected,output,,N4192,N4192,0,undetected,N4192,N4192,N4192,sa0,1
29065,N4188 /1 undetected,output,,N4188,N4188,1,undetected,N4188,N4188,N4188,sa1,1
29066,N4188 /0 undetected,output,,N4188,N4188,0,undetected,N4188,N4188,N4188,sa0,1
29067,N4147 /1 undetected,output,,N4147,N4147,1,undetected,N4147,N4147,N4147,sa1,1
29068,N3906 /0 undetected,output,,N3906,N3906,0,undetected,N3906,N3906,N3906,sa0,1
29069,N96587 /1 undetected,output,,N96587,N96587,1,undetected,N96587,N96587,N96587,sa1,1
29070,N95897 /1 undetected,output,,N95897,N95897,1,undetected,N95897,N95897,N95897,sa1,1
29071,N2761 /0 undetected,output,,N2761,N2761,0,undetected,N2761,N2761,N2761,sa0,1
29072,N3304 /1 undetected,output,,N3304,N3304,1,undetected,N3304,N3304,N3304,sa1,1
29073,N96248 /1 undetected,output,,N96248,N96248,1,undetected,N96248,N96248,N96248,sa1,1
29074,N3300 /1 undetected,output,,N3300,N3300,1,undetected,N3300,N3300,N3300,sa1,1
29075,N96250 /1 undetected,output,,N96250,N96250,1,undetected,N96250,N96250,N96250,sa1,1
29076,N96265 /1 undetected,output,,N96265,N96265,1,undetected,N96265,N96265,N96265,sa1,1
29077,N3296 /1 undetected,output,,N3296,N3296,1,undetected,N3296,N3296,N3296,sa1,1
29078,N96272 /1 undetected,output,,N96272,N96272,1,undetected,N96272,N96272,N96272,sa1,1
29079,N3295 /1 undetected,output,,N3295,N3295,1,undetected,N3295,N3295,N3295,sa1,1
29080,N83936 /1 undetected,output,,N83936,N83936,1,undetected,N83936,N83936,N83936,sa1,1
29081,N91983 /1 undetected,output,,N91983,N91983,1,undetected,N91983,N91983,N91983,sa1,1
29082,N3289 /1 undetected,output,,N3289,N3289,1,undetected,N3289,N3289,N3289,sa1,1
29083,N91358 /1 undetected,output,,N91358,N91358,1,undetected,N91358,N91358,N91358,sa1,1
29084,N3282 /1 undetected,output,,N3282,N3282,1,undetected,N3282,N3282,N3282,sa1,1
29085,N2065 /1 undetected,output,,N2065,N2065,1,undetected,N2065,N2065,N2065,sa1,1
29086,N84035 /1 undetected,output,,N84035,N84035,1,undetected,N84035,N84035,N84035,sa1,1
29087,N83923 /1 undetected,output,,N83923,N83923,1,undetected,N83923,N83923,N83923,sa1,1
29088,N3318 /1 undetected,output,,N3318,N3318,1,undetected,N3318,N3318,N3318,sa1,1
29089,N96249 /1 undetected,output,,N96249,N96249,1,undetected,N96249,N96249,N96249,sa1,1
29090,N79897 /1 undetected,output,,N79897,N79897,1,undetected,N79897,N79897,N79897,sa1,1
29091,N79893 /1 undetected,output,,N79893,N79893,1,undetected,N79893,N79893,N79893,sa1,1
29092,N79889 /1 undetected,output,,N79889,N79889,1,undetected,N79889,N79889,N79889,sa1,1
29093,N79885 /1 undetected,output,,N79885,N79885,1,undetected,N79885,N79885,N79885,sa1,1
29094,N79866 /1 undetected,output,,N79866,N79866,1,undetected,N79866,N79866,N79866,sa1,1
29095,N79864 /1 undetected,output,,N79864,N79864,1,undetected,N79864,N79864,N79864,sa1,1
29096,N79858 /1 undetected,output,,N79858,N79858,1,undetected,N79858,N79858,N79858,sa1,1
29097,N79854 /1 undetected,output,,N79854,N79854,1,undetected,N79854,N79854,N79854,sa1,1
29098,N79850 /1 undetected,output,,N79850,N79850,1,undetected,N79850,N79850,N79850,sa1,1
29099,N79846 /1 undetected,output,,N79846,N79846,1,undetected,N79846,N79846,N79846,sa1,1
29100,N79838 /1 undetected,output,,N79838,N79838,1,undetected,N79838,N79838,N79838,sa1,1
29101,N79826 /1 undetected,output,,N79826,N79826,1,undetected,N79826,N79826,N79826,sa1,1
29102,N79819 /1 undetected,output,,N79819,N79819,1,undetected,N79819,N79819,N79819,sa1,1
29103,N110002 /1 undetected,output,,N110002,N110002,1,undetected,N110002,N110002,N110002,sa1,1
29104,N110296 /1 undetected,output,,N110296,N110296,1,undetected,N110296,N110296,N110296,sa1,1
29105,N12680 /1 undetected,output,,N12680,N12680,1,undetected,N12680,N12680,N12680,sa1,1
29106,N12680 /0 undetected,output,,N12680,N12680,0,undetected,N12680,N12680,N12680,sa0,1
29107,N100723 /1 undetected,output,,N100723,N100723,1,undetected,N100723,N100723,N100723,sa1,1
29108,N12678 /1 undetected,output,,N12678,N12678,1,undetected,N12678,N12678,N12678,sa1,1
29109,N100726 /1 undetected,output,,N100726,N100726,1,undetected,N100726,N100726,N100726,sa1,1
29110,N12674 /1 undetected,output,,N12674,N12674,1,undetected,N12674,N12674,N12674,sa1,1
29111,N100721 /1 undetected,output,,N100721,N100721,1,undetected,N100721,N100721,N100721,sa1,1
29112,N92115 /1 undetected,output,,N92115,N92115,1,undetected,N92115,N92115,N92115,sa1,1
29113,N64211 /0 undetected,output,,N64211,N64211,0,undetected,N64211,N64211,N64211,sa0,1
29114,N124221 /1 undetected,output,,N124221,N124221,1,undetected,N124221,N124221,N124221,sa1,1
29115,N63622 /1 undetected,output,,N63622,N63622,1,undetected,N63622,N63622,N63622,sa1,1
29116,N80913 /1 undetected,output,,N80913,N80913,1,undetected,N80913,N80913,N80913,sa1,1
29117,N124251 /1 undetected,output,,N124251,N124251,1,undetected,N124251,N124251,N124251,sa1,1
29118,N63297 /1 undetected,output,,N63297,N63297,1,undetected,N63297,N63297,N63297,sa1,1
29119,N87833 /1 undetected,output,,N87833,N87833,1,undetected,N87833,N87833,N87833,sa1,1
29120,N63296 /1 undetected,output,,N63296,N63296,1,undetected,N63296,N63296,N63296,sa1,1
29121,N80516 /1 undetected,output,,N80516,N80516,1,undetected,N80516,N80516,N80516,sa1,1
29122,N88938 /1 undetected,output,,N88938,N88938,1,undetected,N88938,N88938,N88938,sa1,1
29123,N60977 /1 undetected,output,,N60977,N60977,1,undetected,N60977,N60977,N60977,sa1,1
29124,N60977 /0 undetected,output,,N60977,N60977,0,undetected,N60977,N60977,N60977,sa0,1
29125,N124211 /1 undetected,output,,N124211,N124211,1,undetected,N124211,N124211,N124211,sa1,1
29126,N123924 /1 undetected,output,,N123924,N123924,1,undetected,N123924,N123924,N123924,sa1,1
29127,N60877 /1 undetected,output,,N60877,N60877,1,undetected,N60877,N60877,N60877,sa1,1
29128,N21437 /0 undetected,output,,N21437,N21437,0,undetected,N21437,N21437,N21437,sa0,1
29129,N86144 /1 undetected,output,,N86144,N86144,1,undetected,N86144,N86144,N86144,sa1,1
29130,N21436 /1 undetected,output,,N21436,N21436,1,undetected,N21436,N21436,N21436,sa1,1
29131,N21434 /1 undetected,output,,N21434,N21434,1,undetected,N21434,N21434,N21434,sa1,1
29132,N104976 /1 undetected,output,,N104976,N104976,1,undetected,N104976,N104976,N104976,sa1,1
29133,N104096 /1 undetected,output,,N104096,N104096,1,undetected,N104096,N104096,N104096,sa1,1
29134,N21433 /1 undetected,output,,N21433,N21433,1,undetected,N21433,N21433,N21433,sa1,1
29135,N104832 /1 undetected,output,,N104832,N104832,1,undetected,N104832,N104832,N104832,sa1,1
29136,N86266 /1 undetected,output,,N86266,N86266,1,undetected,N86266,N86266,N86266,sa1,1
29137,N21134 /1 undetected,output,,N21134,N21134,1,undetected,N21134,N21134,N21134,sa1,1
29138,N21134 /0 undetected,output,,N21134,N21134,0,undetected,N21134,N21134,N21134,sa0,1
29139,N104431 /1 undetected,output,,N104431,N104431,1,undetected,N104431,N104431,N104431,sa1,1
29140,N104412 /1 undetected,output,,N104412,N104412,1,undetected,N104412,N104412,N104412,sa1,1
29141,N20929 /0 undetected,output,,N20929,N20929,0,undetected,N20929,N20929,N20929,sa0,1
29142,N20912 /1 undetected,output,,N20912,N20912,1,undetected,N20912,N20912,N20912,sa1,1
29143,N20912 /0 undetected,output,,N20912,N20912,0,undetected,N20912,N20912,N20912,sa0,1
29144,N104759 /1 undetected,output,,N104759,N104759,1,undetected,N104759,N104759,N104759,sa1,1
29145,N104399 /1 undetected,output,,N104399,N104399,1,undetected,N104399,N104399,N104399,sa1,1
29146,N20218 /1 undetected,output,,N20218,N20218,1,undetected,N20218,N20218,N20218,sa1,1
29147,N20218 /0 undetected,output,,N20218,N20218,0,undetected,N20218,N20218,N20218,sa0,1
29148,N104354 /1 undetected,output,,N104354,N104354,1,undetected,N104354,N104354,N104354,sa1,1
29149,N86331 /1 undetected,output,,N86331,N86331,1,undetected,N86331,N86331,N86331,sa1,1
29150,N20122 /1 undetected,output,,N20122,N20122,1,undetected,N20122,N20122,N20122,sa1,1
29151,N20122 /0 undetected,output,,N20122,N20122,0,undetected,N20122,N20122,N20122,sa0,1
29152,N104398 /1 undetected,output,,N104398,N104398,1,undetected,N104398,N104398,N104398,sa1,1
29153,N104353 /1 undetected,output,,N104353,N104353,1,undetected,N104353,N104353,N104353,sa1,1
29154,N20109 /1 undetected,output,,N20109,N20109,1,undetected,N20109,N20109,N20109,sa1,1
29155,N20109 /0 undetected,output,,N20109,N20109,0,undetected,N20109,N20109,N20109,sa0,1
29156,N104376 /1 undetected,output,,N104376,N104376,1,undetected,N104376,N104376,N104376,sa1,1
29157,N104352 /1 undetected,output,,N104352,N104352,1,undetected,N104352,N104352,N104352,sa1,1
29158,N20079 /0 undetected,output,,N20079,N20079,0,undetected,N20079,N20079,N20079,sa0,1
29159,N86299 /1 undetected,output,,N86299,N86299,1,undetected,N86299,N86299,N86299,sa1,1
29160,N19794 /1 undetected,output,,N19794,N19794,1,undetected,N19794,N19794,N19794,sa1,1
29161,N19794 /0 undetected,output,,N19794,N19794,0,undetected,N19794,N19794,N19794,sa0,1
29162,N88354 /1 undetected,output,,N88354,N88354,1,undetected,N88354,N88354,N88354,sa1,1
29163,N19793 /1 undetected,output,,N19793,N19793,1,undetected,N19793,N19793,N19793,sa1,1
29164,N104053 /1 undetected,output,,N104053,N104053,1,undetected,N104053,N104053,N104053,sa1,1
29165,N19791 /1 undetected,output,,N19791,N19791,1,undetected,N19791,N19791,N19791,sa1,1
29166,N104024 /1 undetected,output,,N104024,N104024,1,undetected,N104024,N104024,N104024,sa1,1
29167,N19789 /1 undetected,output,,N19789,N19789,1,undetected,N19789,N19789,N19789,sa1,1
29168,N99856 /1 undetected,output,,N99856,N99856,1,undetected,N99856,N99856,N99856,sa1,1
29169,N75303 /1 undetected,output,,N75303,N75303,1,undetected,N75303,N75303,N75303,sa1,1
29170,N19405 /1 undetected,output,,N19405,N19405,1,undetected,N19405,N19405,N19405,sa1,1
29171,N74589 /1 undetected,output,,N74589,N74589,1,undetected,N74589,N74589,N74589,sa1,1
29172,N19404 /1 undetected,output,,N19404,N19404,1,undetected,N19404,N19404,N19404,sa1,1
29173,N103955 /1 undetected,output,,N103955,N103955,1,undetected,N103955,N103955,N103955,sa1,1
29174,N92273 /1 undetected,output,,N92273,N92273,1,undetected,N92273,N92273,N92273,sa1,1
29175,N19401 /1 undetected,output,,N19401,N19401,1,undetected,N19401,N19401,N19401,sa1,1
29176,N99989 /1 undetected,output,,N99989,N99989,1,undetected,N99989,N99989,N99989,sa1,1
29177,N99895 /1 undetected,output,,N99895,N99895,1,undetected,N99895,N99895,N99895,sa1,1
29178,N16777 /1 undetected,output,,N16777,N16777,1,undetected,N16777,N16777,N16777,sa1,1
29179,N16777 /0 undetected,output,,N16777,N16777,0,undetected,N16777,N16777,N16777,sa0,1
29180,N103200 /1 undetected,output,,N103200,N103200,1,undetected,N103200,N103200,N103200,sa1,1
29181,N16775 /1 undetected,output,,N16775,N16775,1,undetected,N16775,N16775,N16775,sa1,1
29182,N16773 /1 undetected,output,,N16773,N16773,1,undetected,N16773,N16773,N16773,sa1,1
29183,N85975 /1 undetected,output,,N85975,N85975,1,undetected,N85975,N85975,N85975,sa1,1
29184,N16772 /1 undetected,output,,N16772,N16772,1,undetected,N16772,N16772,N16772,sa1,1
29185,N93307 /1 undetected,output,,N93307,N93307,1,undetected,N93307,N93307,N93307,sa1,1
29186,N16771 /1 undetected,output,,N16771,N16771,1,undetected,N16771,N16771,N16771,sa1,1
29187,N103249 /1 undetected,output,,N103249,N103249,1,undetected,N103249,N103249,N103249,sa1,1
29188,N103244 /1 undetected,output,,N103244,N103244,1,undetected,N103244,N103244,N103244,sa1,1
29189,N16767 /1 undetected,output,,N16767,N16767,1,undetected,N16767,N16767,N16767,sa1,1
29190,N103243 /1 undetected,output,,N103243,N103243,1,undetected,N103243,N103243,N103243,sa1,1
29191,N77120 /1 undetected,output,,N77120,N77120,1,undetected,N77120,N77120,N77120,sa1,1
29192,N16376 /1 undetected,output,,N16376,N16376,1,undetected,N16376,N16376,N16376,sa1,1
29193,N16376 /0 undetected,output,,N16376,N16376,0,undetected,N16376,N16376,N16376,sa0,1
29194,N103044 /1 undetected,output,,N103044,N103044,1,undetected,N103044,N103044,N103044,sa1,1
29195,N75320 /1 undetected,output,,N75320,N75320,1,undetected,N75320,N75320,N75320,sa1,1
29196,N102396 /1 undetected,output,,N102396,N102396,1,undetected,N102396,N102396,N102396,sa1,1
29197,N11658 /1 undetected,output,,N11658,N11658,1,undetected,N11658,N11658,N11658,sa1,1
29198,N11658 /0 undetected,output,,N11658,N11658,0,undetected,N11658,N11658,N11658,sa0,1
29199,N99942 /1 undetected,output,,N99942,N99942,1,undetected,N99942,N99942,N99942,sa1,1
29200,N11657 /1 undetected,output,,N11657,N11657,1,undetected,N11657,N11657,N11657,sa1,1
29201,N99235 /1 undetected,output,,N99235,N99235,1,undetected,N99235,N99235,N99235,sa1,1
29202,N92198 /1 undetected,output,,N92198,N92198,1,undetected,N92198,N92198,N92198,sa1,1
29203,N7945 /1 undetected,output,,N7945,N7945,1,undetected,N7945,N7945,N7945,sa1,1
29204,N87124 /1 undetected,output,,N87124,N87124,1,undetected,N87124,N87124,N87124,sa1,1
29205,N97222 /1 undetected,output,,N97222,N97222,1,undetected,N97222,N97222,N97222,sa1,1
29206,N6177 /1 undetected,output,,N6177,N6177,1,undetected,N6177,N6177,N6177,sa1,1
29207,N6151 /1 undetected,output,,N6151,N6151,1,undetected,N6151,N6151,N6151,sa1,1
29208,N4110 /1 undetected,output,,N4110,N4110,1,undetected,N4110,N4110,N4110,sa1,1
29209,N4721 /1 undetected,output,,N4721,N4721,1,undetected,N4721,N4721,N4721,sa1,1
29210,N4014 /1 undetected,output,,N4014,N4014,1,undetected,N4014,N4014,N4014,sa1,1
29211,N3462 /1 undetected,output,,N3462,N3462,1,undetected,N3462,N3462,N3462,sa1,1
29212,N84322 /1 undetected,output,,N84322,N84322,1,undetected,N84322,N84322,N84322,sa1,1
29213,N3461 /1 undetected,output,,N3461,N3461,1,undetected,N3461,N3461,N3461,sa1,1
29214,N3076 /1 undetected,output,,N3076,N3076,1,undetected,N3076,N3076,N3076,sa1,1
29215,N3076 /0 undetected,output,,N3076,N3076,0,undetected,N3076,N3076,N3076,sa0,1
29216,N95910 /1 undetected,output,,N95910,N95910,1,undetected,N95910,N95910,N95910,sa1,1
29217,N3075 /1 undetected,output,,N3075,N3075,1,undetected,N3075,N3075,N3075,sa1,1
29218,N95915 /1 undetected,output,,N95915,N95915,1,undetected,N95915,N95915,N95915,sa1,1
29219,N3073 /1 undetected,output,,N3073,N3073,1,undetected,N3073,N3073,N3073,sa1,1
29220,N95909 /1 undetected,output,,N95909,N95909,1,undetected,N95909,N95909,N95909,sa1,1
29221,N3072 /1 undetected,output,,N3072,N3072,1,undetected,N3072,N3072,N3072,sa1,1
29222,N95919 /1 undetected,output,,N95919,N95919,1,undetected,N95919,N95919,N95919,sa1,1
29223,N95917 /1 undetected,output,,N95917,N95917,1,undetected,N95917,N95917,N95917,sa1,1
29224,N56022 /1 undetected,output,,N56022,N56022,1,undetected,N56022,N56022,N56022,sa1,1
29225,N56022 /0 undetected,output,,N56022,N56022,0,undetected,N56022,N56022,N56022,sa0,1
29226,N56021 /1 undetected,output,,N56021,N56021,1,undetected,N56021,N56021,N56021,sa1,1
29227,N85712 /1 undetected,output,,N85712,N85712,1,undetected,N85712,N85712,N85712,sa1,1
29228,N24839 /1 undetected,output,,N24839,N24839,1,undetected,N24839,N24839,N24839,sa1,1
29229,N56019 /1 undetected,output,,N56019,N56019,1,undetected,N56019,N56019,N56019,sa1,1
29230,N109076 /1 undetected,output,,N109076,N109076,1,undetected,N109076,N109076,N109076,sa1,1
29231,N75779 /1 undetected,output,,N75779,N75779,1,undetected,N75779,N75779,N75779,sa1,1
29232,N74712 /1 undetected,output,,N74712,N74712,1,undetected,N74712,N74712,N74712,sa1,1
29233,N106203 /1 undetected,output,,N106203,N106203,1,undetected,N106203,N106203,N106203,sa1,1
29234,N55113 /1 undetected,output,,N55113,N55113,1,undetected,N55113,N55113,N55113,sa1,1
29235,N55113 /0 undetected,output,,N55113,N55113,0,undetected,N55113,N55113,N55113,sa0,1
29236,N120885 /1 undetected,output,,N120885,N120885,1,undetected,N120885,N120885,N120885,sa1,1
29237,N55112 /1 undetected,output,,N55112,N55112,1,undetected,N55112,N55112,N55112,sa1,1
29238,N109075 /1 undetected,output,,N109075,N109075,1,undetected,N109075,N109075,N109075,sa1,1
29239,N55110 /1 undetected,output,,N55110,N55110,1,undetected,N55110,N55110,N55110,sa1,1
29240,N120823 /1 undetected,output,,N120823,N120823,1,undetected,N120823,N120823,N120823,sa1,1
29241,N108912 /1 undetected,output,,N108912,N108912,1,undetected,N108912,N108912,N108912,sa1,1
29242,N74709 /1 undetected,output,,N74709,N74709,1,undetected,N74709,N74709,N74709,sa1,1
29243,N106202 /1 undetected,output,,N106202,N106202,1,undetected,N106202,N106202,N106202,sa1,1
29244,N112909 /1 undetected,output,,N112909,N112909,1,undetected,N112909,N112909,N112909,sa1,1
29245,N106201 /1 undetected,output,,N106201,N106201,1,undetected,N106201,N106201,N106201,sa1,1
29246,N74707 /1 undetected,output,,N74707,N74707,1,undetected,N74707,N74707,N74707,sa1,1
29247,N106199 /1 undetected,output,,N106199,N106199,1,undetected,N106199,N106199,N106199,sa1,1
29248,N74688 /1 undetected,output,,N74688,N74688,1,undetected,N74688,N74688,N74688,sa1,1
29249,N106176 /1 undetected,output,,N106176,N106176,1,undetected,N106176,N106176,N106176,sa1,1
29250,N74686 /1 undetected,output,,N74686,N74686,1,undetected,N74686,N74686,N74686,sa1,1
29251,N106172 /1 undetected,output,,N106172,N106172,1,undetected,N106172,N106172,N106172,sa1,1
29252,N74685 /1 undetected,output,,N74685,N74685,1,undetected,N74685,N74685,N74685,sa1,1
29253,N106171 /1 undetected,output,,N106171,N106171,1,undetected,N106171,N106171,N106171,sa1,1
29254,N74683 /1 undetected,output,,N74683,N74683,1,undetected,N74683,N74683,N74683,sa1,1
29255,N106169 /1 undetected,output,,N106169,N106169,1,undetected,N106169,N106169,N106169,sa1,1
29256,N74682 /1 undetected,output,,N74682,N74682,1,undetected,N74682,N74682,N74682,sa1,1
29257,N106168 /1 undetected,output,,N106168,N106168,1,undetected,N106168,N106168,N106168,sa1,1
29258,N74681 /1 undetected,output,,N74681,N74681,1,undetected,N74681,N74681,N74681,sa1,1
29259,N106166 /1 undetected,output,,N106166,N106166,1,undetected,N106166,N106166,N106166,sa1,1
29260,N74680 /1 undetected,output,,N74680,N74680,1,undetected,N74680,N74680,N74680,sa1,1
29261,N106165 /1 undetected,output,,N106165,N106165,1,undetected,N106165,N106165,N106165,sa1,1
29262,N74679 /1 undetected,output,,N74679,N74679,1,undetected,N74679,N74679,N74679,sa1,1
29263,N106164 /1 undetected,output,,N106164,N106164,1,undetected,N106164,N106164,N106164,sa1,1
29264,N74678 /1 undetected,output,,N74678,N74678,1,undetected,N74678,N74678,N74678,sa1,1
29265,N106163 /1 undetected,output,,N106163,N106163,1,undetected,N106163,N106163,N106163,sa1,1
29266,N28062 /0 undetected,output,,N28062,N28062,0,undetected,N28062,N28062,N28062,sa0,1
29267,N104531 /1 undetected,output,,N104531,N104531,1,undetected,N104531,N104531,N104531,sa1,1
29268,N13107 /1 undetected,output,,N13107,N13107,1,undetected,N13107,N13107,N13107,sa1,1
29269,N13107 /0 undetected,output,,N13107,N13107,0,undetected,N13107,N13107,N13107,sa0,1
29270,N101065 /1 undetected,output,,N101065,N101065,1,undetected,N101065,N101065,N101065,sa1,1
29271,N13105 /1 undetected,output,,N13105,N13105,1,undetected,N13105,N13105,N13105,sa1,1
29272,N101073 /1 undetected,output,,N101073,N101073,1,undetected,N101073,N101073,N101073,sa1,1
29273,N93831 /1 undetected,output,,N93831,N93831,1,undetected,N93831,N93831,N93831,sa1,1
29274,N4248 /0 undetected,output,,N4248,N4248,0,undetected,N4248,N4248,N4248,sa0,1
29275,N96920 /1 undetected,output,,N96920,N96920,1,undetected,N96920,N96920,N96920,sa1,1
29276,N2798 /0 undetected,output,,N2798,N2798,0,undetected,N2798,N2798,N2798,sa0,1
29277,N91455 /1 undetected,output,,N91455,N91455,1,undetected,N91455,N91455,N91455,sa1,1
29278,N2796 /1 undetected,output,,N2796,N2796,1,undetected,N2796,N2796,N2796,sa1,1
29279,N106435 /1 undetected,output,,N106435,N106435,1,undetected,N106435,N106435,N106435,sa1,1
29280,N110866 /1 undetected,output,,N110866,N110866,1,undetected,N110866,N110866,N110866,sa1,1
29281,N108157 /1 undetected,output,,N108157,N108157,1,undetected,N108157,N108157,N108157,sa1,1
29282,N61036 /1 undetected,output,,N61036,N61036,1,undetected,N61036,N61036,N61036,sa1,1
29283,N61096 /1 undetected,output,,N61096,N61096,1,undetected,N61096,N61096,N61096,sa1,1
29284,N61095 /1 undetected,output,,N61095,N61095,1,undetected,N61095,N61095,N61095,sa1,1
29285,N61093 /1 undetected,output,,N61093,N61093,1,undetected,N61093,N61093,N61093,sa1,1
29286,N61038 /1 undetected,output,,N61038,N61038,1,undetected,N61038,N61038,N61038,sa1,1
29287,N12672 /1 undetected,output,,N12672,N12672,1,undetected,N12672,N12672,N12672,sa1,1
29288,N12672 /0 undetected,output,,N12672,N12672,0,undetected,N12672,N12672,N12672,sa0,1
29289,N64295 /0 undetected,output,,N64295,N64295,0,undetected,N64295,N64295,N64295,sa0,1
29290,N124137 /1 undetected,output,,N124137,N124137,1,undetected,N124137,N124137,N124137,sa1,1
29291,N124175 /1 undetected,output,,N124175,N124175,1,undetected,N124175,N124175,N124175,sa1,1
29292,N61138 /0 undetected,output,,N61138,N61138,0,undetected,N61138,N61138,N61138,sa0,1
29293,N87995 /1 undetected,output,,N87995,N87995,1,undetected,N87995,N87995,N87995,sa1,1
29294,N60949 /1 undetected,output,,N60949,N60949,1,undetected,N60949,N60949,N60949,sa1,1
29295,N60892 /1 undetected,output,,N60892,N60892,1,undetected,N60892,N60892,N60892,sa1,1
29296,N60892 /0 undetected,output,,N60892,N60892,0,undetected,N60892,N60892,N60892,sa0,1
29297,N124113 /1 undetected,output,,N124113,N124113,1,undetected,N124113,N124113,N124113,sa1,1
29298,N90655 /1 undetected,output,,N90655,N90655,1,undetected,N90655,N90655,N90655,sa1,1
29299,N124011 /1 undetected,output,,N124011,N124011,1,undetected,N124011,N124011,N124011,sa1,1
29300,N119536 /1 undetected,output,,N119536,N119536,1,undetected,N119536,N119536,N119536,sa1,1
29301,N17737 /1 undetected,output,,N17737,N17737,1,undetected,N17737,N17737,N17737,sa1,1
29302,N17737 /0 undetected,output,,N17737,N17737,0,undetected,N17737,N17737,N17737,sa0,1
29303,N103553 /1 undetected,output,,N103553,N103553,1,undetected,N103553,N103553,N103553,sa1,1
29304,N17736 /1 undetected,output,,N17736,N17736,1,undetected,N17736,N17736,N17736,sa1,1
29305,N103549 /1 undetected,output,,N103549,N103549,1,undetected,N103549,N103549,N103549,sa1,1
29306,N103489 /1 undetected,output,,N103489,N103489,1,undetected,N103489,N103489,N103489,sa1,1
29307,N92294 /1 undetected,output,,N92294,N92294,1,undetected,N92294,N92294,N92294,sa1,1
29308,N5524 /1 undetected,output,,N5524,N5524,1,undetected,N5524,N5524,N5524,sa1,1
29309,N77385 /1 undetected,output,,N77385,N77385,1,undetected,N77385,N77385,N77385,sa1,1
29310,N4798 /1 undetected,output,,N4798,N4798,1,undetected,N4798,N4798,N4798,sa1,1
29311,N92293 /1 undetected,output,,N92293,N92293,1,undetected,N92293,N92293,N92293,sa1,1
29312,N56350 /1 undetected,output,,N56350,N56350,1,undetected,N56350,N56350,N56350,sa1,1
29313,N121157 /1 undetected,output,,N121157,N121157,1,undetected,N121157,N121157,N121157,sa1,1
29314,N96139 /1 undetected,output,,N96139,N96139,1,undetected,N96139,N96139,N96139,sa1,1
29315,N21196 /1 undetected,output,,N21196,N21196,1,undetected,N21196,N21196,N21196,sa1,1
29316,N21196 /0 undetected,output,,N21196,N21196,0,undetected,N21196,N21196,N21196,sa0,1
29317,N104414 /1 undetected,output,,N104414,N104414,1,undetected,N104414,N104414,N104414,sa1,1
29318,N104094 /1 undetected,output,,N104094,N104094,1,undetected,N104094,N104094,N104094,sa1,1
29319,N21153 /0 undetected,output,,N21153,N21153,0,undetected,N21153,N21153,N21153,sa0,1
29320,N86080 /1 undetected,output,,N86080,N86080,1,undetected,N86080,N86080,N86080,sa1,1
29321,N21117 /1 undetected,output,,N21117,N21117,1,undetected,N21117,N21117,N21117,sa1,1
29322,N21117 /0 undetected,output,,N21117,N21117,0,undetected,N21117,N21117,N21117,sa0,1
29323,N104633 /1 undetected,output,,N104633,N104633,1,undetected,N104633,N104633,N104633,sa1,1
29324,N104409 /1 undetected,output,,N104409,N104409,1,undetected,N104409,N104409,N104409,sa1,1
29325,N21085 /1 undetected,output,,N21085,N21085,1,undetected,N21085,N21085,N21085,sa1,1
29326,N21085 /0 undetected,output,,N21085,N21085,0,undetected,N21085,N21085,N21085,sa0,1
29327,N104639 /1 undetected,output,,N104639,N104639,1,undetected,N104639,N104639,N104639,sa1,1
29328,N104407 /1 undetected,output,,N104407,N104407,1,undetected,N104407,N104407,N104407,sa1,1
29329,N21078 /1 undetected,output,,N21078,N21078,1,undetected,N21078,N21078,N21078,sa1,1
29330,N21078 /0 undetected,output,,N21078,N21078,0,undetected,N21078,N21078,N21078,sa0,1
29331,N104445 /1 undetected,output,,N104445,N104445,1,undetected,N104445,N104445,N104445,sa1,1
29332,N104406 /1 undetected,output,,N104406,N104406,1,undetected,N104406,N104406,N104406,sa1,1
29333,N21074 /1 undetected,output,,N21074,N21074,1,undetected,N21074,N21074,N21074,sa1,1
29334,N21074 /0 undetected,output,,N21074,N21074,0,undetected,N21074,N21074,N21074,sa0,1
29335,N104643 /1 undetected,output,,N104643,N104643,1,undetected,N104643,N104643,N104643,sa1,1
29336,N104405 /1 undetected,output,,N104405,N104405,1,undetected,N104405,N104405,N104405,sa1,1
29337,N20810 /1 undetected,output,,N20810,N20810,1,undetected,N20810,N20810,N20810,sa1,1
29338,N104220 /1 undetected,output,,N104220,N104220,1,undetected,N104220,N104220,N104220,sa1,1
29339,N94517 /1 undetected,output,,N94517,N94517,1,undetected,N94517,N94517,N94517,sa1,1
29340,N20125 /1 undetected,output,,N20125,N20125,1,undetected,N20125,N20125,N20125,sa1,1
29341,N20125 /0 undetected,output,,N20125,N20125,0,undetected,N20125,N20125,N20125,sa0,1
29342,N104404 /1 undetected,output,,N104404,N104404,1,undetected,N104404,N104404,N104404,sa1,1
29343,N104158 /1 undetected,output,,N104158,N104158,1,undetected,N104158,N104158,N104158,sa1,1
29344,N95118 /1 undetected,output,,N95118,N95118,1,undetected,N95118,N95118,N95118,sa1,1
29345,N100089 /1 undetected,output,,N100089,N100089,1,undetected,N100089,N100089,N100089,sa1,1
29346,N92339 /1 undetected,output,,N92339,N92339,1,undetected,N92339,N92339,N92339,sa1,1
29347,N16341 /1 undetected,output,,N16341,N16341,1,undetected,N16341,N16341,N16341,sa1,1
29348,N16341 /0 undetected,output,,N16341,N16341,0,undetected,N16341,N16341,N16341,sa0,1
29349,N103042 /1 undetected,output,,N103042,N103042,1,undetected,N103042,N103042,N103042,sa1,1
29350,N94253 /1 undetected,output,,N94253,N94253,1,undetected,N94253,N94253,N94253,sa1,1
29351,N13444 /1 undetected,output,,N13444,N13444,1,undetected,N13444,N13444,N13444,sa1,1
29352,N13444 /0 undetected,output,,N13444,N13444,0,undetected,N13444,N13444,N13444,sa0,1
29353,N101250 /1 undetected,output,,N101250,N101250,1,undetected,N101250,N101250,N101250,sa1,1
29354,N92917 /1 undetected,output,,N92917,N92917,1,undetected,N92917,N92917,N92917,sa1,1
29355,N13372 /1 undetected,output,,N13372,N13372,1,undetected,N13372,N13372,N13372,sa1,1
29356,N13372 /0 undetected,output,,N13372,N13372,0,undetected,N13372,N13372,N13372,sa0,1
29357,N101249 /1 undetected,output,,N101249,N101249,1,undetected,N101249,N101249,N101249,sa1,1
29358,N93474 /1 undetected,output,,N93474,N93474,1,undetected,N93474,N93474,N93474,sa1,1
29359,N11628 /0 undetected,output,,N11628,N11628,0,undetected,N11628,N11628,N11628,sa0,1
29360,N99885 /1 undetected,output,,N99885,N99885,1,undetected,N99885,N99885,N99885,sa1,1
29361,N11627 /1 undetected,output,,N11627,N11627,1,undetected,N11627,N11627,N11627,sa1,1
29362,N75198 /1 undetected,output,,N75198,N75198,1,undetected,N75198,N75198,N75198,sa1,1
29363,N11625 /1 undetected,output,,N11625,N11625,1,undetected,N11625,N11625,N11625,sa1,1
29364,N100004 /1 undetected,output,,N100004,N100004,1,undetected,N100004,N100004,N100004,sa1,1
29365,N99902 /1 undetected,output,,N99902,N99902,1,undetected,N99902,N99902,N99902,sa1,1
29366,N106198 /1 undetected,output,,N106198,N106198,1,undetected,N106198,N106198,N106198,sa1,1
29367,N106197 /1 undetected,output,,N106197,N106197,1,undetected,N106197,N106197,N106197,sa1,1
29368,N106196 /1 undetected,output,,N106196,N106196,1,undetected,N106196,N106196,N106196,sa1,1
29369,N106195 /1 undetected,output,,N106195,N106195,1,undetected,N106195,N106195,N106195,sa1,1
29370,N106194 /1 undetected,output,,N106194,N106194,1,undetected,N106194,N106194,N106194,sa1,1
29371,N42049 /1 undetected,output,,N42049,N42049,1,undetected,N42049,N42049,N42049,sa1,1
29372,N106190 /1 undetected,output,,N106190,N106190,1,undetected,N106190,N106190,N106190,sa1,1
29373,N41046 /1 undetected,output,,N41046,N41046,1,undetected,N41046,N41046,N41046,sa1,1
29374,N106189 /1 undetected,output,,N106189,N106189,1,undetected,N106189,N106189,N106189,sa1,1
29375,N40613 /1 undetected,output,,N40613,N40613,1,undetected,N40613,N40613,N40613,sa1,1
29376,N106188 /1 undetected,output,,N106188,N106188,1,undetected,N106188,N106188,N106188,sa1,1
29377,N39894 /1 undetected,output,,N39894,N39894,1,undetected,N39894,N39894,N39894,sa1,1
29378,N106187 /1 undetected,output,,N106187,N106187,1,undetected,N106187,N106187,N106187,sa1,1
29379,N106186 /1 undetected,output,,N106186,N106186,1,undetected,N106186,N106186,N106186,sa1,1
29380,N106185 /1 undetected,output,,N106185,N106185,1,undetected,N106185,N106185,N106185,sa1,1
29381,N106184 /1 undetected,output,,N106184,N106184,1,undetected,N106184,N106184,N106184,sa1,1
29382,N37015 /0 undetected,output,,N37015,N37015,0,undetected,N37015,N37015,N37015,sa0,1
29383,N106183 /1 undetected,output,,N106183,N106183,1,undetected,N106183,N106183,N106183,sa1,1
29384,N87579 /1 undetected,output,,N87579,N87579,1,undetected,N87579,N87579,N87579,sa1,1
29385,N36298 /1 undetected,output,,N36298,N36298,1,undetected,N36298,N36298,N36298,sa1,1
29386,N106182 /1 undetected,output,,N106182,N106182,1,undetected,N106182,N106182,N106182,sa1,1
29387,N106181 /1 undetected,output,,N106181,N106181,1,undetected,N106181,N106181,N106181,sa1,1
29388,N106180 /1 undetected,output,,N106180,N106180,1,undetected,N106180,N106180,N106180,sa1,1
29389,N106179 /1 undetected,output,,N106179,N106179,1,undetected,N106179,N106179,N106179,sa1,1
29390,N106178 /1 undetected,output,,N106178,N106178,1,undetected,N106178,N106178,N106178,sa1,1
29391,N106177 /1 undetected,output,,N106177,N106177,1,undetected,N106177,N106177,N106177,sa1,1
29392,N106175 /1 undetected,output,,N106175,N106175,1,undetected,N106175,N106175,N106175,sa1,1
29393,N106174 /1 undetected,output,,N106174,N106174,1,undetected,N106174,N106174,N106174,sa1,1
29394,N106167 /1 undetected,output,,N106167,N106167,1,undetected,N106167,N106167,N106167,sa1,1
29395,N30504 /1 undetected,output,,N30504,N30504,1,undetected,N30504,N30504,N30504,sa1,1
29396,N74676 /1 undetected,output,,N74676,N74676,1,undetected,N74676,N74676,N74676,sa1,1
29397,N30503 /1 undetected,output,,N30503,N30503,1,undetected,N30503,N30503,N30503,sa1,1
29398,N106162 /1 undetected,output,,N106162,N106162,1,undetected,N106162,N106162,N106162,sa1,1
29399,N30336 /1 undetected,output,,N30336,N30336,1,undetected,N30336,N30336,N30336,sa1,1
29400,N85833 /1 undetected,output,,N85833,N85833,1,undetected,N85833,N85833,N85833,sa1,1
29401,N29819 /1 undetected,output,,N29819,N29819,1,undetected,N29819,N29819,N29819,sa1,1
29402,N106161 /1 undetected,output,,N106161,N106161,1,undetected,N106161,N106161,N106161,sa1,1
29403,N106160 /1 undetected,output,,N106160,N106160,1,undetected,N106160,N106160,N106160,sa1,1
29404,N27198 /1 undetected,output,,N27198,N27198,1,undetected,N27198,N27198,N27198,sa1,1
29405,N111900 /1 undetected,output,,N111900,N111900,1,undetected,N111900,N111900,N111900,sa1,1
29406,N92285 /1 undetected,output,,N92285,N92285,1,undetected,N92285,N92285,N92285,sa1,1
29407,N26349 /1 undetected,output,,N26349,N26349,1,undetected,N26349,N26349,N26349,sa1,1
29408,N26349 /0 undetected,output,,N26349,N26349,0,undetected,N26349,N26349,N26349,sa0,1
29409,N74665 /1 undetected,output,,N74665,N74665,1,undetected,N74665,N74665,N74665,sa1,1
29410,N26348 /1 undetected,output,,N26348,N26348,1,undetected,N26348,N26348,N26348,sa1,1
29411,N26077 /1 undetected,output,,N26077,N26077,1,undetected,N26077,N26077,N26077,sa1,1
29412,N106158 /1 undetected,output,,N106158,N106158,1,undetected,N106158,N106158,N106158,sa1,1
29413,N24259 /0 undetected,output,,N24259,N24259,0,undetected,N24259,N24259,N24259,sa0,1
29414,N24255 /1 undetected,output,,N24255,N24255,1,undetected,N24255,N24255,N24255,sa1,1
29415,N106157 /1 undetected,output,,N106157,N106157,1,undetected,N106157,N106157,N106157,sa1,1
29416,N23656 /0 undetected,output,,N23656,N23656,0,undetected,N23656,N23656,N23656,sa0,1
29417,N85212 /1 undetected,output,,N85212,N85212,1,undetected,N85212,N85212,N85212,sa1,1
29418,N23643 /0 undetected,output,,N23643,N23643,0,undetected,N23643,N23643,N23643,sa0,1
29419,N105584 /1 undetected,output,,N105584,N105584,1,undetected,N105584,N105584,N105584,sa1,1
29420,N88360 /1 undetected,output,,N88360,N88360,1,undetected,N88360,N88360,N88360,sa1,1
29421,N14487 /1 undetected,output,,N14487,N14487,1,undetected,N14487,N14487,N14487,sa1,1
29422,N101844 /1 undetected,output,,N101844,N101844,1,undetected,N101844,N101844,N101844,sa1,1
29423,N99904 /1 undetected,output,,N99904,N99904,1,undetected,N99904,N99904,N99904,sa1,1
29424,N13144 /0 undetected,output,,N13144,N13144,0,undetected,N13144,N13144,N13144,sa0,1
29425,N101109 /1 undetected,output,,N101109,N101109,1,undetected,N101109,N101109,N101109,sa1,1
29426,N101066 /1 undetected,output,,N101066,N101066,1,undetected,N101066,N101066,N101066,sa1,1
29427,N13101 /0 undetected,output,,N13101,N13101,0,undetected,N13101,N13101,N13101,sa0,1
29428,N101064 /1 undetected,output,,N101064,N101064,1,undetected,N101064,N101064,N101064,sa1,1
29429,N13100 /1 undetected,output,,N13100,N13100,1,undetected,N13100,N13100,N13100,sa1,1
29430,N100636 /1 undetected,output,,N100636,N100636,1,undetected,N100636,N100636,N100636,sa1,1
29431,N93718 /1 undetected,output,,N93718,N93718,1,undetected,N93718,N93718,N93718,sa1,1
29432,N11577 /1 undetected,output,,N11577,N11577,1,undetected,N11577,N11577,N11577,sa1,1
29433,N100010 /1 undetected,output,,N100010,N100010,1,undetected,N100010,N100010,N100010,sa1,1
29434,N74577 /1 undetected,output,,N74577,N74577,1,undetected,N74577,N74577,N74577,sa1,1
29435,N8782 /1 undetected,output,,N8782,N8782,1,undetected,N8782,N8782,N8782,sa1,1
29436,N8782 /0 undetected,output,,N8782,N8782,0,undetected,N8782,N8782,N8782,sa0,1
29437,N98719 /1 undetected,output,,N98719,N98719,1,undetected,N98719,N98719,N98719,sa1,1
29438,N98605 /1 undetected,output,,N98605,N98605,1,undetected,N98605,N98605,N98605,sa1,1
29439,N84666 /1 undetected,output,,N84666,N84666,1,undetected,N84666,N84666,N84666,sa1,1
29440,N4190 /1 undetected,output,,N4190,N4190,1,undetected,N4190,N4190,N4190,sa1,1
29441,N4190 /0 undetected,output,,N4190,N4190,0,undetected,N4190,N4190,N4190,sa0,1
29442,N96791 /1 undetected,output,,N96791,N96791,1,undetected,N96791,N96791,N96791,sa1,1
29443,N95868 /1 undetected,output,,N95868,N95868,1,undetected,N95868,N95868,N95868,sa1,1
29444,N3673 /1 undetected,output,,N3673,N3673,1,undetected,N3673,N3673,N3673,sa1,1
29445,N3673 /0 undetected,output,,N3673,N3673,0,undetected,N3673,N3673,N3673,sa0,1
29446,N96405 /1 undetected,output,,N96405,N96405,1,undetected,N96405,N96405,N96405,sa1,1
29447,N86700 /1 undetected,output,,N86700,N86700,1,undetected,N86700,N86700,N86700,sa1,1
29448,N3514 /1 undetected,output,,N3514,N3514,1,undetected,N3514,N3514,N3514,sa1,1
29449,N3514 /0 undetected,output,,N3514,N3514,0,undetected,N3514,N3514,N3514,sa0,1
29450,N96404 /1 undetected,output,,N96404,N96404,1,undetected,N96404,N96404,N96404,sa1,1
29451,N77158 /1 undetected,output,,N77158,N77158,1,undetected,N77158,N77158,N77158,sa1,1
29452,N2686 /0 undetected,output,,N2686,N2686,0,undetected,N2686,N2686,N2686,sa0,1
29453,N2591 /1 undetected,output,,N2591,N2591,1,undetected,N2591,N2591,N2591,sa1,1
29454,N85200 /1 undetected,output,,N85200,N85200,1,undetected,N85200,N85200,N85200,sa1,1
29455,N2166 /0 undetected,output,,N2166,N2166,0,undetected,N2166,N2166,N2166,sa0,1
29456,N69458 /0 undetected,output,,N69458,N69458,0,undetected,N69458,N69458,N69458,sa0,1
29457,N87135 /1 undetected,output,,N87135,N87135,1,undetected,N87135,N87135,N87135,sa1,1
29458,N69456 /1 undetected,output,,N69456,N69456,1,undetected,N69456,N69456,N69456,sa1,1
29459,N69444 /0 undetected,output,,N69444,N69444,0,undetected,N69444,N69444,N69444,sa0,1
29460,N77800 /1 undetected,output,,N77800,N77800,1,undetected,N77800,N77800,N77800,sa1,1
29461,N69442 /1 undetected,output,,N69442,N69442,1,undetected,N69442,N69442,N69442,sa1,1
29462,N82981 /1 undetected,output,,N82981,N82981,1,undetected,N82981,N82981,N82981,sa1,1
29463,N82498 /1 undetected,output,,N82498,N82498,1,undetected,N82498,N82498,N82498,sa1,1
29464,N90484 /1 undetected,output,,N90484,N90484,1,undetected,N90484,N90484,N90484,sa1,1
29465,N82341 /1 undetected,output,,N82341,N82341,1,undetected,N82341,N82341,N82341,sa1,1
29466,N82408 /1 undetected,output,,N82408,N82408,1,undetected,N82408,N82408,N82408,sa1,1
29467,N90612 /1 undetected,output,,N90612,N90612,1,undetected,N90612,N90612,N90612,sa1,1
29468,N69867 /0 undetected,output,,N69867,N69867,0,undetected,N69867,N69867,N69867,sa0,1
29469,N83320 /1 undetected,output,,N83320,N83320,1,undetected,N83320,N83320,N83320,sa1,1
29470,N69303 /1 undetected,output,,N69303,N69303,1,undetected,N69303,N69303,N69303,sa1,1
29471,N77263 /1 undetected,output,,N77263,N77263,1,undetected,N77263,N77263,N77263,sa1,1
29472,N69069 /0 undetected,output,,N69069,N69069,0,undetected,N69069,N69069,N69069,sa0,1
29473,N68890 /1 undetected,output,,N68890,N68890,1,undetected,N68890,N68890,N68890,sa1,1
29474,N64264 /1 undetected,output,,N64264,N64264,1,undetected,N64264,N64264,N64264,sa1,1
29475,N64264 /0 undetected,output,,N64264,N64264,0,undetected,N64264,N64264,N64264,sa0,1
29476,N124291 /1 undetected,output,,N124291,N124291,1,undetected,N124291,N124291,N124291,sa1,1
29477,N80718 /1 undetected,output,,N80718,N80718,1,undetected,N80718,N80718,N80718,sa1,1
29478,N63651 /1 undetected,output,,N63651,N63651,1,undetected,N63651,N63651,N63651,sa1,1
29479,N80522 /1 undetected,output,,N80522,N80522,1,undetected,N80522,N80522,N80522,sa1,1
29480,N88943 /1 undetected,output,,N88943,N88943,1,undetected,N88943,N88943,N88943,sa1,1
29481,N88941 /1 undetected,output,,N88941,N88941,1,undetected,N88941,N88941,N88941,sa1,1
29482,N63272 /0 undetected,output,,N63272,N63272,0,undetected,N63272,N63272,N63272,sa0,1
29483,N61045 /1 undetected,output,,N61045,N61045,1,undetected,N61045,N61045,N61045,sa1,1
29484,N124255 /1 undetected,output,,N124255,N124255,1,undetected,N124255,N124255,N124255,sa1,1
29485,N80711 /1 undetected,output,,N80711,N80711,1,undetected,N80711,N80711,N80711,sa1,1
29486,N61007 /1 undetected,output,,N61007,N61007,1,undetected,N61007,N61007,N61007,sa1,1
29487,N61007 /0 undetected,output,,N61007,N61007,0,undetected,N61007,N61007,N61007,sa0,1
29488,N80710 /1 undetected,output,,N80710,N80710,1,undetected,N80710,N80710,N80710,sa1,1
29489,N61006 /1 undetected,output,,N61006,N61006,1,undetected,N61006,N61006,N61006,sa1,1
29490,N124234 /1 undetected,output,,N124234,N124234,1,undetected,N124234,N124234,N124234,sa1,1
29491,N90661 /1 undetected,output,,N90661,N90661,1,undetected,N90661,N90661,N90661,sa1,1
29492,N60960 /1 undetected,output,,N60960,N60960,1,undetected,N60960,N60960,N60960,sa1,1
29493,N89127 /1 undetected,output,,N89127,N89127,1,undetected,N89127,N89127,N89127,sa1,1
29494,N60959 /1 undetected,output,,N60959,N60959,1,undetected,N60959,N60959,N60959,sa1,1
29495,N124193 /1 undetected,output,,N124193,N124193,1,undetected,N124193,N124193,N124193,sa1,1
29496,N60915 /0 undetected,output,,N60915,N60915,0,undetected,N60915,N60915,N60915,sa0,1
29497,N90656 /1 undetected,output,,N90656,N90656,1,undetected,N90656,N90656,N90656,sa1,1
29498,N60913 /1 undetected,output,,N60913,N60913,1,undetected,N60913,N60913,N60913,sa1,1
29499,N51085 /1 undetected,output,,N51085,N51085,1,undetected,N51085,N51085,N51085,sa1,1
29500,N51085 /0 undetected,output,,N51085,N51085,0,undetected,N51085,N51085,N51085,sa0,1
29501,N119545 /1 undetected,output,,N119545,N119545,1,undetected,N119545,N119545,N119545,sa1,1
29502,N119543 /1 undetected,output,,N119543,N119543,1,undetected,N119543,N119543,N119543,sa1,1
29503,N119519 /1 undetected,output,,N119519,N119519,1,undetected,N119519,N119519,N119519,sa1,1
29504,N20939 /1 undetected,output,,N20939,N20939,1,undetected,N20939,N20939,N20939,sa1,1
29505,N20939 /0 undetected,output,,N20939,N20939,0,undetected,N20939,N20939,N20939,sa0,1
29506,N104769 /1 undetected,output,,N104769,N104769,1,undetected,N104769,N104769,N104769,sa1,1
29507,N104457 /1 undetected,output,,N104457,N104457,1,undetected,N104457,N104457,N104457,sa1,1
29508,N16350 /1 undetected,output,,N16350,N16350,1,undetected,N16350,N16350,N16350,sa1,1
29509,N16350 /0 undetected,output,,N16350,N16350,0,undetected,N16350,N16350,N16350,sa0,1
29510,N16349 /1 undetected,output,,N16349,N16349,1,undetected,N16349,N16349,N16349,sa1,1
29511,N103041 /1 undetected,output,,N103041,N103041,1,undetected,N103041,N103041,N103041,sa1,1
29512,N94254 /1 undetected,output,,N94254,N94254,1,undetected,N94254,N94254,N94254,sa1,1
29513,N16347 /1 undetected,output,,N16347,N16347,1,undetected,N16347,N16347,N16347,sa1,1
29514,N103053 /1 undetected,output,,N103053,N103053,1,undetected,N103053,N103053,N103053,sa1,1
29515,N103049 /1 undetected,output,,N103049,N103049,1,undetected,N103049,N103049,N103049,sa1,1
29516,N15645 /0 undetected,output,,N15645,N15645,0,undetected,N15645,N15645,N15645,sa0,1
29517,N95227 /1 undetected,output,,N95227,N95227,1,undetected,N95227,N95227,N95227,sa1,1
29518,N101561 /1 undetected,output,,N101561,N101561,1,undetected,N101561,N101561,N101561,sa1,1
29519,N15642 /1 undetected,output,,N15642,N15642,1,undetected,N15642,N15642,N15642,sa1,1
29520,N92928 /1 undetected,output,,N92928,N92928,1,undetected,N92928,N92928,N92928,sa1,1
29521,N14549 /0 undetected,output,,N14549,N14549,0,undetected,N14549,N14549,N14549,sa0,1
29522,N95217 /1 undetected,output,,N95217,N95217,1,undetected,N95217,N95217,N95217,sa1,1
29523,N14547 /1 undetected,output,,N14547,N14547,1,undetected,N14547,N14547,N14547,sa1,1
29524,N95165 /1 undetected,output,,N95165,N95165,1,undetected,N95165,N95165,N95165,sa1,1
29525,N2869 /1 undetected,output,,N2869,N2869,1,undetected,N2869,N2869,N2869,sa1,1
29526,N14545 /1 undetected,output,,N14545,N14545,1,undetected,N14545,N14545,N14545,sa1,1
29527,N95201 /1 undetected,output,,N95201,N95201,1,undetected,N95201,N95201,N95201,sa1,1
29528,N14543 /1 undetected,output,,N14543,N14543,1,undetected,N14543,N14543,N14543,sa1,1
29529,N95163 /1 undetected,output,,N95163,N95163,1,undetected,N95163,N95163,N95163,sa1,1
29530,N14542 /1 undetected,output,,N14542,N14542,1,undetected,N14542,N14542,N14542,sa1,1
29531,N95171 /1 undetected,output,,N95171,N95171,1,undetected,N95171,N95171,N95171,sa1,1
29532,N14540 /1 undetected,output,,N14540,N14540,1,undetected,N14540,N14540,N14540,sa1,1
29533,N101884 /1 undetected,output,,N101884,N101884,1,undetected,N101884,N101884,N101884,sa1,1
29534,N92980 /1 undetected,output,,N92980,N92980,1,undetected,N92980,N92980,N92980,sa1,1
29535,N11445 /1 undetected,output,,N11445,N11445,1,undetected,N11445,N11445,N11445,sa1,1
29536,N11445 /0 undetected,output,,N11445,N11445,0,undetected,N11445,N11445,N11445,sa0,1
29537,N96169 /1 undetected,output,,N96169,N96169,1,undetected,N96169,N96169,N96169,sa1,1
29538,N11444 /1 undetected,output,,N11444,N11444,1,undetected,N11444,N11444,N11444,sa1,1
29539,N99800 /1 undetected,output,,N99800,N99800,1,undetected,N99800,N99800,N99800,sa1,1
29540,N11442 /1 undetected,output,,N11442,N11442,1,undetected,N11442,N11442,N11442,sa1,1
29541,N99813 /1 undetected,output,,N99813,N99813,1,undetected,N99813,N99813,N99813,sa1,1
29542,N92968 /1 undetected,output,,N92968,N92968,1,undetected,N92968,N92968,N92968,sa1,1
29543,N3582 /1 undetected,output,,N3582,N3582,1,undetected,N3582,N3582,N3582,sa1,1
29544,N3582 /0 undetected,output,,N3582,N3582,0,undetected,N3582,N3582,N3582,sa0,1
29545,N96474 /1 undetected,output,,N96474,N96474,1,undetected,N96474,N96474,N96474,sa1,1
29546,N3580 /1 undetected,output,,N3580,N3580,1,undetected,N3580,N3580,N3580,sa1,1
29547,N96477 /1 undetected,output,,N96477,N96477,1,undetected,N96477,N96477,N96477,sa1,1
29548,N96149 /1 undetected,output,,N96149,N96149,1,undetected,N96149,N96149,N96149,sa1,1
29549,N56355 /1 undetected,output,,N56355,N56355,1,undetected,N56355,N56355,N56355,sa1,1
29550,N56355 /0 undetected,output,,N56355,N56355,0,undetected,N56355,N56355,N56355,sa0,1
29551,N96140 /1 undetected,output,,N96140,N96140,1,undetected,N96140,N96140,N96140,sa1,1
29552,N94252 /1 undetected,output,,N94252,N94252,1,undetected,N94252,N94252,N94252,sa1,1
29553,N51003 /1 undetected,output,,N51003,N51003,1,undetected,N51003,N51003,N51003,sa1,1
29554,N51003 /0 undetected,output,,N51003,N51003,0,undetected,N51003,N51003,N51003,sa0,1
29555,N119500 /1 undetected,output,,N119500,N119500,1,undetected,N119500,N119500,N119500,sa1,1
29556,N50999 /1 undetected,output,,N50999,N50999,1,undetected,N50999,N50999,N50999,sa1,1
29557,N23304 /1 undetected,output,,N23304,N23304,1,undetected,N23304,N23304,N23304,sa1,1
29558,N101086 /1 undetected,output,,N101086,N101086,1,undetected,N101086,N101086,N101086,sa1,1
29559,N17094 /1 undetected,output,,N17094,N17094,1,undetected,N17094,N17094,N17094,sa1,1
29560,N22155 /1 undetected,output,,N22155,N22155,1,undetected,N22155,N22155,N22155,sa1,1
29561,N22155 /0 undetected,output,,N22155,N22155,0,undetected,N22155,N22155,N22155,sa0,1
29562,N104214 /1 undetected,output,,N104214,N104214,1,undetected,N104214,N104214,N104214,sa1,1
29563,N22154 /1 undetected,output,,N22154,N22154,1,undetected,N22154,N22154,N22154,sa1,1
29564,N104526 /1 undetected,output,,N104526,N104526,1,undetected,N104526,N104526,N104526,sa1,1
29565,N93387 /1 undetected,output,,N93387,N93387,1,undetected,N93387,N93387,N93387,sa1,1
29566,N74790 /1 undetected,output,,N74790,N74790,1,undetected,N74790,N74790,N74790,sa1,1
29567,N22136 /1 undetected,output,,N22136,N22136,1,undetected,N22136,N22136,N22136,sa1,1
29568,N86207 /1 undetected,output,,N86207,N86207,1,undetected,N86207,N86207,N86207,sa1,1
29569,N22135 /1 undetected,output,,N22135,N22135,1,undetected,N22135,N22135,N22135,sa1,1
29570,N104702 /1 undetected,output,,N104702,N104702,1,undetected,N104702,N104702,N104702,sa1,1
29571,N21263 /0 undetected,output,,N21263,N21263,0,undetected,N21263,N21263,N21263,sa0,1
29572,N21262 /1 undetected,output,,N21262,N21262,1,undetected,N21262,N21262,N21262,sa1,1
29573,N104550 /1 undetected,output,,N104550,N104550,1,undetected,N104550,N104550,N104550,sa1,1
29574,N94545 /1 undetected,output,,N94545,N94545,1,undetected,N94545,N94545,N94545,sa1,1
29575,N21259 /1 undetected,output,,N21259,N21259,1,undetected,N21259,N21259,N21259,sa1,1
29576,N21259 /0 undetected,output,,N21259,N21259,0,undetected,N21259,N21259,N21259,sa0,1
29577,N104910 /1 undetected,output,,N104910,N104910,1,undetected,N104910,N104910,N104910,sa1,1
29578,N21258 /1 undetected,output,,N21258,N21258,1,undetected,N21258,N21258,N21258,sa1,1
29579,N104890 /1 undetected,output,,N104890,N104890,1,undetected,N104890,N104890,N104890,sa1,1
29580,N14923 /1 undetected,output,,N14923,N14923,1,undetected,N14923,N14923,N14923,sa1,1
29581,N21162 /1 undetected,output,,N21162,N21162,1,undetected,N21162,N21162,N21162,sa1,1
29582,N21162 /0 undetected,output,,N21162,N21162,0,undetected,N21162,N21162,N21162,sa0,1
29583,N104873 /1 undetected,output,,N104873,N104873,1,undetected,N104873,N104873,N104873,sa1,1
29584,N21161 /1 undetected,output,,N21161,N21161,1,undetected,N21161,N21161,N21161,sa1,1
29585,N104295 /1 undetected,output,,N104295,N104295,1,undetected,N104295,N104295,N104295,sa1,1
29586,N86081 /1 undetected,output,,N86081,N86081,1,undetected,N86081,N86081,N86081,sa1,1
29587,N21142 /1 undetected,output,,N21142,N21142,1,undetected,N21142,N21142,N21142,sa1,1
29588,N21142 /0 undetected,output,,N21142,N21142,0,undetected,N21142,N21142,N21142,sa0,1
29589,N20831 /1 undetected,output,,N20831,N20831,1,undetected,N20831,N20831,N20831,sa1,1
29590,N20831 /0 undetected,output,,N20831,N20831,0,undetected,N20831,N20831,N20831,sa0,1
29591,N104744 /1 undetected,output,,N104744,N104744,1,undetected,N104744,N104744,N104744,sa1,1
29592,N20830 /1 undetected,output,,N20830,N20830,1,undetected,N20830,N20830,N20830,sa1,1
29593,N20829 /1 undetected,output,,N20829,N20829,1,undetected,N20829,N20829,N20829,sa1,1
29594,N104160 /1 undetected,output,,N104160,N104160,1,undetected,N104160,N104160,N104160,sa1,1
29595,N94499 /1 undetected,output,,N94499,N94499,1,undetected,N94499,N94499,N94499,sa1,1
29596,N20827 /1 undetected,output,,N20827,N20827,1,undetected,N20827,N20827,N20827,sa1,1
29597,N104718 /1 undetected,output,,N104718,N104718,1,undetected,N104718,N104718,N104718,sa1,1
29598,N76042 /1 undetected,output,,N76042,N76042,1,undetected,N76042,N76042,N76042,sa1,1
29599,N20818 /0 undetected,output,,N20818,N20818,0,undetected,N20818,N20818,N20818,sa0,1
29600,N20817 /1 undetected,output,,N20817,N20817,1,undetected,N20817,N20817,N20817,sa1,1
29601,N104724 /1 undetected,output,,N104724,N104724,1,undetected,N104724,N104724,N104724,sa1,1
29602,N76041 /1 undetected,output,,N76041,N76041,1,undetected,N76041,N76041,N76041,sa1,1
29603,N14925 /1 undetected,output,,N14925,N14925,1,undetected,N14925,N14925,N14925,sa1,1
29604,N86259 /1 undetected,output,,N86259,N86259,1,undetected,N86259,N86259,N86259,sa1,1
29605,N92338 /1 undetected,output,,N92338,N92338,1,undetected,N92338,N92338,N92338,sa1,1
29606,N12878 /0 undetected,output,,N12878,N12878,0,undetected,N12878,N12878,N12878,sa0,1
29607,N12783 /0 undetected,output,,N12783,N12783,0,undetected,N12783,N12783,N12783,sa0,1
29608,N100678 /1 undetected,output,,N100678,N100678,1,undetected,N100678,N100678,N100678,sa1,1
29609,N100781 /1 undetected,output,,N100781,N100781,1,undetected,N100781,N100781,N100781,sa1,1
29610,N93279 /1 undetected,output,,N93279,N93279,1,undetected,N93279,N93279,N93279,sa1,1
29611,N11775 /0 undetected,output,,N11775,N11775,0,undetected,N11775,N11775,N11775,sa0,1
29612,N100088 /1 undetected,output,,N100088,N100088,1,undetected,N100088,N100088,N100088,sa1,1
29613,N95110 /1 undetected,output,,N95110,N95110,1,undetected,N95110,N95110,N95110,sa1,1
29614,N8639 /0 undetected,output,,N8639,N8639,0,undetected,N8639,N8639,N8639,sa0,1
29615,N91439 /1 undetected,output,,N91439,N91439,1,undetected,N91439,N91439,N91439,sa1,1
29616,N74517 /1 undetected,output,,N74517,N74517,1,undetected,N74517,N74517,N74517,sa1,1
29617,N2791 /1 undetected,output,,N2791,N2791,1,undetected,N2791,N2791,N2791,sa1,1
29618,N8545 /1 undetected,output,,N8545,N8545,1,undetected,N8545,N8545,N8545,sa1,1
29619,N96812 /1 undetected,output,,N96812,N96812,1,undetected,N96812,N96812,N96812,sa1,1
29620,N96500 /1 undetected,output,,N96500,N96500,1,undetected,N96500,N96500,N96500,sa1,1
29621,N2158 /0 undetected,output,,N2158,N2158,0,undetected,N2158,N2158,N2158,sa0,1
29622,N74900 /1 undetected,output,,N74900,N74900,1,undetected,N74900,N74900,N74900,sa1,1
29623,N2156 /1 undetected,output,,N2156,N2156,1,undetected,N2156,N2156,N2156,sa1,1
29624,N84901 /1 undetected,output,,N84901,N84901,1,undetected,N84901,N84901,N84901,sa1,1
29625,N30954 /1 undetected,output,,N30954,N30954,1,undetected,N30954,N30954,N30954,sa1,1
29626,N28242 /1 undetected,output,,N28242,N28242,1,undetected,N28242,N28242,N28242,sa1,1
29627,N28242 /0 undetected,output,,N28242,N28242,0,undetected,N28242,N28242,N28242,sa0,1
29628,N107787 /1 undetected,output,,N107787,N107787,1,undetected,N107787,N107787,N107787,sa1,1
29629,N28241 /1 undetected,output,,N28241,N28241,1,undetected,N28241,N28241,N28241,sa1,1
29630,N106508 /1 undetected,output,,N106508,N106508,1,undetected,N106508,N106508,N106508,sa1,1
29631,N106134 /1 undetected,output,,N106134,N106134,1,undetected,N106134,N106134,N106134,sa1,1
29632,N27665 /0 undetected,output,,N27665,N27665,0,undetected,N27665,N27665,N27665,sa0,1
29633,N111752 /1 undetected,output,,N111752,N111752,1,undetected,N111752,N111752,N111752,sa1,1
29634,N91799 /1 undetected,output,,N91799,N91799,1,undetected,N91799,N91799,N91799,sa1,1
29635,N23934 /1 undetected,output,,N23934,N23934,1,undetected,N23934,N23934,N23934,sa1,1
29636,N106156 /1 undetected,output,,N106156,N106156,1,undetected,N106156,N106156,N106156,sa1,1
29637,N74660 /1 undetected,output,,N74660,N74660,1,undetected,N74660,N74660,N74660,sa1,1
29638,N20952 /1 undetected,output,,N20952,N20952,1,undetected,N20952,N20952,N20952,sa1,1
29639,N18501 /0 undetected,output,,N18501,N18501,0,undetected,N18501,N18501,N18501,sa0,1
29640,N18500 /1 undetected,output,,N18500,N18500,1,undetected,N18500,N18500,N18500,sa1,1
29641,N103711 /1 undetected,output,,N103711,N103711,1,undetected,N103711,N103711,N103711,sa1,1
29642,N86458 /1 undetected,output,,N86458,N86458,1,undetected,N86458,N86458,N86458,sa1,1
29643,N16104 /0 undetected,output,,N16104,N16104,0,undetected,N16104,N16104,N16104,sa0,1
29644,N14942 /0 undetected,output,,N14942,N14942,0,undetected,N14942,N14942,N14942,sa0,1
29645,N94700 /1 undetected,output,,N94700,N94700,1,undetected,N94700,N94700,N94700,sa1,1
29646,N14889 /0 undetected,output,,N14889,N14889,0,undetected,N14889,N14889,N14889,sa0,1
29647,N102213 /1 undetected,output,,N102213,N102213,1,undetected,N102213,N102213,N102213,sa1,1
29648,N99998 /1 undetected,output,,N99998,N99998,1,undetected,N99998,N99998,N99998,sa1,1
29649,N14888 /1 undetected,output,,N14888,N14888,1,undetected,N14888,N14888,N14888,sa1,1
29650,N14888 /0 undetected,output,,N14888,N14888,0,undetected,N14888,N14888,N14888,sa0,1
29651,N14485 /1 undetected,output,,N14485,N14485,1,undetected,N14485,N14485,N14485,sa1,1
29652,N13154 /1 undetected,output,,N13154,N13154,1,undetected,N13154,N13154,N13154,sa1,1
29653,N13154 /0 undetected,output,,N13154,N13154,0,undetected,N13154,N13154,N13154,sa0,1
29654,N101110 /1 undetected,output,,N101110,N101110,1,undetected,N101110,N101110,N101110,sa1,1
29655,N101063 /1 undetected,output,,N101063,N101063,1,undetected,N101063,N101063,N101063,sa1,1
29656,N13124 /1 undetected,output,,N13124,N13124,1,undetected,N13124,N13124,N13124,sa1,1
29657,N13124 /0 undetected,output,,N13124,N13124,0,undetected,N13124,N13124,N13124,sa0,1
29658,N101062 /1 undetected,output,,N101062,N101062,1,undetected,N101062,N101062,N101062,sa1,1
29659,N93906 /1 undetected,output,,N93906,N93906,1,undetected,N93906,N93906,N93906,sa1,1
29660,N11589 /0 undetected,output,,N11589,N11589,0,undetected,N11589,N11589,N11589,sa0,1
29661,N100027 /1 undetected,output,,N100027,N100027,1,undetected,N100027,N100027,N100027,sa1,1
29662,N11503 /0 undetected,output,,N11503,N11503,0,undetected,N11503,N11503,N11503,sa0,1
29663,N75314 /1 undetected,output,,N75314,N75314,1,undetected,N75314,N75314,N75314,sa1,1
29664,N9188 /1 undetected,output,,N9188,N9188,1,undetected,N9188,N9188,N9188,sa1,1
29665,N9188 /0 undetected,output,,N9188,N9188,0,undetected,N9188,N9188,N9188,sa0,1
29666,N98722 /1 undetected,output,,N98722,N98722,1,undetected,N98722,N98722,N98722,sa1,1
29667,N93269 /1 undetected,output,,N93269,N93269,1,undetected,N93269,N93269,N93269,sa1,1
29668,N4457 /0 undetected,output,,N4457,N4457,0,undetected,N4457,N4457,N4457,sa0,1
29669,N96793 /1 undetected,output,,N96793,N96793,1,undetected,N96793,N96793,N96793,sa1,1
29670,N4191 /1 undetected,output,,N4191,N4191,1,undetected,N4191,N4191,N4191,sa1,1
29671,N4191 /0 undetected,output,,N4191,N4191,0,undetected,N4191,N4191,N4191,sa0,1
29672,N96792 /1 undetected,output,,N96792,N96792,1,undetected,N96792,N96792,N96792,sa1,1
29673,N96401 /1 undetected,output,,N96401,N96401,1,undetected,N96401,N96401,N96401,sa1,1
29674,N4187 /1 undetected,output,,N4187,N4187,1,undetected,N4187,N4187,N4187,sa1,1
29675,N4187 /0 undetected,output,,N4187,N4187,0,undetected,N4187,N4187,N4187,sa0,1
29676,N96790 /1 undetected,output,,N96790,N96790,1,undetected,N96790,N96790,N96790,sa1,1
29677,N77109 /1 undetected,output,,N77109,N77109,1,undetected,N77109,N77109,N77109,sa1,1
29678,N4146 /0 undetected,output,,N4146,N4146,0,undetected,N4146,N4146,N4146,sa0,1
29679,N95926 /1 undetected,output,,N95926,N95926,1,undetected,N95926,N95926,N95926,sa1,1
29680,N2760 /0 undetected,output,,N2760,N2760,0,undetected,N2760,N2760,N2760,sa0,1
29681,N2580 /0 undetected,output,,N2580,N2580,0,undetected,N2580,N2580,N2580,sa0,1
29682,N94103 /1 undetected,output,,N94103,N94103,1,undetected,N94103,N94103,N94103,sa1,1
29683,N68997 /1 undetected,output,,N68997,N68997,1,undetected,N68997,N68997,N68997,sa1,1
29684,N68997 /0 undetected,output,,N68997,N68997,0,undetected,N68997,N68997,N68997,sa0,1
29685,N68995 /1 undetected,output,,N68995,N68995,1,undetected,N68995,N68995,N68995,sa1,1
29686,N68993 /1 undetected,output,,N68993,N68993,1,undetected,N68993,N68993,N68993,sa1,1
29687,N126312 /1 undetected,output,,N126312,N126312,1,undetected,N126312,N126312,N126312,sa1,1
29688,N83065 /1 undetected,output,,N83065,N83065,1,undetected,N83065,N83065,N83065,sa1,1
29689,N68992 /1 undetected,output,,N68992,N68992,1,undetected,N68992,N68992,N68992,sa1,1
29690,N68990 /1 undetected,output,,N68990,N68990,1,undetected,N68990,N68990,N68990,sa1,1
29691,N77414 /1 undetected,output,,N77414,N77414,1,undetected,N77414,N77414,N77414,sa1,1
29692,N68989 /1 undetected,output,,N68989,N68989,1,undetected,N68989,N68989,N68989,sa1,1
29693,N126360 /1 undetected,output,,N126360,N126360,1,undetected,N126360,N126360,N126360,sa1,1
29694,N90929 /1 undetected,output,,N90929,N90929,1,undetected,N90929,N90929,N90929,sa1,1
29695,N68987 /1 undetected,output,,N68987,N68987,1,undetected,N68987,N68987,N68987,sa1,1
29696,N126358 /1 undetected,output,,N126358,N126358,1,undetected,N126358,N126358,N126358,sa1,1
29697,N83268 /1 undetected,output,,N83268,N83268,1,undetected,N83268,N83268,N83268,sa1,1
29698,N68985 /1 undetected,output,,N68985,N68985,1,undetected,N68985,N68985,N68985,sa1,1
29699,N68983 /1 undetected,output,,N68983,N68983,1,undetected,N68983,N68983,N68983,sa1,1
29700,N126310 /1 undetected,output,,N126310,N126310,1,undetected,N126310,N126310,N126310,sa1,1
29701,N90855 /1 undetected,output,,N90855,N90855,1,undetected,N90855,N90855,N90855,sa1,1
29702,N68982 /1 undetected,output,,N68982,N68982,1,undetected,N68982,N68982,N68982,sa1,1
29703,N68980 /1 undetected,output,,N68980,N68980,1,undetected,N68980,N68980,N68980,sa1,1
29704,N86887 /1 undetected,output,,N86887,N86887,1,undetected,N86887,N86887,N86887,sa1,1
29705,N68979 /1 undetected,output,,N68979,N68979,1,undetected,N68979,N68979,N68979,sa1,1
29706,N126359 /1 undetected,output,,N126359,N126359,1,undetected,N126359,N126359,N126359,sa1,1
29707,N83267 /1 undetected,output,,N83267,N83267,1,undetected,N83267,N83267,N83267,sa1,1
29708,N68976 /1 undetected,output,,N68976,N68976,1,undetected,N68976,N68976,N68976,sa1,1
29709,N126357 /1 undetected,output,,N126357,N126357,1,undetected,N126357,N126357,N126357,sa1,1
29710,N90928 /1 undetected,output,,N90928,N90928,1,undetected,N90928,N90928,N90928,sa1,1
29711,N64845 /1 undetected,output,,N64845,N64845,1,undetected,N64845,N64845,N64845,sa1,1
29712,N80526 /1 undetected,output,,N80526,N80526,1,undetected,N80526,N80526,N80526,sa1,1
29713,N64789 /1 undetected,output,,N64789,N64789,1,undetected,N64789,N64789,N64789,sa1,1
29714,N64235 /0 undetected,output,,N64235,N64235,0,undetected,N64235,N64235,N64235,sa0,1
29715,N124174 /1 undetected,output,,N124174,N124174,1,undetected,N124174,N124174,N124174,sa1,1
29716,N89340 /1 undetected,output,,N89340,N89340,1,undetected,N89340,N89340,N89340,sa1,1
29717,N88952 /1 undetected,output,,N88952,N88952,1,undetected,N88952,N88952,N88952,sa1,1
29718,N63637 /1 undetected,output,,N63637,N63637,1,undetected,N63637,N63637,N63637,sa1,1
29719,N63637 /0 undetected,output,,N63637,N63637,0,undetected,N63637,N63637,N63637,sa0,1
29720,N124194 /1 undetected,output,,N124194,N124194,1,undetected,N124194,N124194,N124194,sa1,1
29721,N88951 /1 undetected,output,,N88951,N88951,1,undetected,N88951,N88951,N88951,sa1,1
29722,N63247 /1 undetected,output,,N63247,N63247,1,undetected,N63247,N63247,N63247,sa1,1
29723,N80514 /1 undetected,output,,N80514,N80514,1,undetected,N80514,N80514,N80514,sa1,1
29724,N60985 /1 undetected,output,,N60985,N60985,1,undetected,N60985,N60985,N60985,sa1,1
29725,N124173 /1 undetected,output,,N124173,N124173,1,undetected,N124173,N124173,N124173,sa1,1
29726,N60876 /0 undetected,output,,N60876,N60876,0,undetected,N60876,N60876,N60876,sa0,1
29727,N124027 /1 undetected,output,,N124027,N124027,1,undetected,N124027,N124027,N124027,sa1,1
29728,N5178 /1 undetected,output,,N5178,N5178,1,undetected,N5178,N5178,N5178,sa1,1
29729,N97344 /1 undetected,output,,N97344,N97344,1,undetected,N97344,N97344,N97344,sa1,1
29730,N5166 /1 undetected,output,,N5166,N5166,1,undetected,N5166,N5166,N5166,sa1,1
29731,N5164 /1 undetected,output,,N5164,N5164,1,undetected,N5164,N5164,N5164,sa1,1
29732,N85352 /1 undetected,output,,N85352,N85352,1,undetected,N85352,N85352,N85352,sa1,1
29733,N77326 /1 undetected,output,,N77326,N77326,1,undetected,N77326,N77326,N77326,sa1,1
29734,N23500 /0 undetected,output,,N23500,N23500,0,undetected,N23500,N23500,N23500,sa0,1
29735,N85270 /1 undetected,output,,N85270,N85270,1,undetected,N85270,N85270,N85270,sa1,1
29736,N23498 /1 undetected,output,,N23498,N23498,1,undetected,N23498,N23498,N23498,sa1,1
29737,N84227 /1 undetected,output,,N84227,N84227,1,undetected,N84227,N84227,N84227,sa1,1
29738,N23494 /1 undetected,output,,N23494,N23494,1,undetected,N23494,N23494,N23494,sa1,1
29739,N23492 /1 undetected,output,,N23492,N23492,1,undetected,N23492,N23492,N23492,sa1,1
29740,N103461 /1 undetected,output,,N103461,N103461,1,undetected,N103461,N103461,N103461,sa1,1
29741,N95224 /1 undetected,output,,N95224,N95224,1,undetected,N95224,N95224,N95224,sa1,1
29742,N86206 /1 undetected,output,,N86206,N86206,1,undetected,N86206,N86206,N86206,sa1,1
29743,N20940 /1 undetected,output,,N20940,N20940,1,undetected,N20940,N20940,N20940,sa1,1
29744,N20940 /0 undetected,output,,N20940,N20940,0,undetected,N20940,N20940,N20940,sa0,1
29745,N104760 /1 undetected,output,,N104760,N104760,1,undetected,N104760,N104760,N104760,sa1,1
29746,N104455 /1 undetected,output,,N104455,N104455,1,undetected,N104455,N104455,N104455,sa1,1
29747,N20928 /1 undetected,output,,N20928,N20928,1,undetected,N20928,N20928,N20928,sa1,1
29748,N104804 /1 undetected,output,,N104804,N104804,1,undetected,N104804,N104804,N104804,sa1,1
29749,N104802 /1 undetected,output,,N104802,N104802,1,undetected,N104802,N104802,N104802,sa1,1
29750,N20919 /1 undetected,output,,N20919,N20919,1,undetected,N20919,N20919,N20919,sa1,1
29751,N20919 /0 undetected,output,,N20919,N20919,0,undetected,N20919,N20919,N20919,sa0,1
29752,N20121 /1 undetected,output,,N20121,N20121,1,undetected,N20121,N20121,N20121,sa1,1
29753,N20121 /0 undetected,output,,N20121,N20121,0,undetected,N20121,N20121,N20121,sa0,1
29754,N20078 /0 undetected,output,,N20078,N20078,0,undetected,N20078,N20078,N20078,sa0,1
29755,N104308 /1 undetected,output,,N104308,N104308,1,undetected,N104308,N104308,N104308,sa1,1
29756,N93379 /1 undetected,output,,N93379,N93379,1,undetected,N93379,N93379,N93379,sa1,1
29757,N16837 /1 undetected,output,,N16837,N16837,1,undetected,N16837,N16837,N16837,sa1,1
29758,N16837 /0 undetected,output,,N16837,N16837,0,undetected,N16837,N16837,N16837,sa0,1
29759,N103193 /1 undetected,output,,N103193,N103193,1,undetected,N103193,N103193,N103193,sa1,1
29760,N86118 /1 undetected,output,,N86118,N86118,1,undetected,N86118,N86118,N86118,sa1,1
29761,N15865 /1 undetected,output,,N15865,N15865,1,undetected,N15865,N15865,N15865,sa1,1
29762,N92687 /1 undetected,output,,N92687,N92687,1,undetected,N92687,N92687,N92687,sa1,1
29763,N11525 /1 undetected,output,,N11525,N11525,1,undetected,N11525,N11525,N11525,sa1,1
29764,N11525 /0 undetected,output,,N11525,N11525,0,undetected,N11525,N11525,N11525,sa0,1
29765,N96177 /1 undetected,output,,N96177,N96177,1,undetected,N96177,N96177,N96177,sa1,1
29766,N11430 /1 undetected,output,,N11430,N11430,1,undetected,N11430,N11430,N11430,sa1,1
29767,N3577 /1 undetected,output,,N3577,N3577,1,undetected,N3577,N3577,N3577,sa1,1
29768,N3577 /0 undetected,output,,N3577,N3577,0,undetected,N3577,N3577,N3577,sa0,1
29769,N3433 /1 undetected,output,,N3433,N3433,1,undetected,N3433,N3433,N3433,sa1,1
29770,N3433 /0 undetected,output,,N3433,N3433,0,undetected,N3433,N3433,N3433,sa0,1
29771,N84119 /1 undetected,output,,N84119,N84119,1,undetected,N84119,N84119,N84119,sa1,1
29772,N3432 /1 undetected,output,,N3432,N3432,1,undetected,N3432,N3432,N3432,sa1,1
29773,N3430 /1 undetected,output,,N3430,N3430,1,undetected,N3430,N3430,N3430,sa1,1
29774,N96374 /1 undetected,output,,N96374,N96374,1,undetected,N96374,N96374,N96374,sa1,1
29775,N3429 /1 undetected,output,,N3429,N3429,1,undetected,N3429,N3429,N3429,sa1,1
29776,N96376 /1 undetected,output,,N96376,N96376,1,undetected,N96376,N96376,N96376,sa1,1
29777,N92849 /1 undetected,output,,N92849,N92849,1,undetected,N92849,N92849,N92849,sa1,1
29778,N3427 /1 undetected,output,,N3427,N3427,1,undetected,N3427,N3427,N3427,sa1,1
29779,N84078 /1 undetected,output,,N84078,N84078,1,undetected,N84078,N84078,N84078,sa1,1
29780,N3353 /1 undetected,output,,N3353,N3353,1,undetected,N3353,N3353,N3353,sa1,1
29781,N77106 /1 undetected,output,,N77106,N77106,1,undetected,N77106,N77106,N77106,sa1,1
29782,N92290 /1 undetected,output,,N92290,N92290,1,undetected,N92290,N92290,N92290,sa1,1
29783,N54745 /1 undetected,output,,N54745,N54745,1,undetected,N54745,N54745,N54745,sa1,1
29784,N84787 /1 undetected,output,,N84787,N84787,1,undetected,N84787,N84787,N84787,sa1,1
29785,N54744 /1 undetected,output,,N54744,N54744,1,undetected,N54744,N54744,N54744,sa1,1
29786,N105577 /1 undetected,output,,N105577,N105577,1,undetected,N105577,N105577,N105577,sa1,1
29787,N84782 /1 undetected,output,,N84782,N84782,1,undetected,N84782,N84782,N84782,sa1,1
29788,N105576 /1 undetected,output,,N105576,N105576,1,undetected,N105576,N105576,N105576,sa1,1
29789,N28296 /0 undetected,output,,N28296,N28296,0,undetected,N28296,N28296,N28296,sa0,1
29790,N74671 /1 undetected,output,,N74671,N74671,1,undetected,N74671,N74671,N74671,sa1,1
29791,N28294 /1 undetected,output,,N28294,N28294,1,undetected,N28294,N28294,N28294,sa1,1
29792,N28061 /1 undetected,output,,N28061,N28061,1,undetected,N28061,N28061,N28061,sa1,1
29793,N74667 /1 undetected,output,,N74667,N74667,1,undetected,N74667,N74667,N74667,sa1,1
29794,N28060 /1 undetected,output,,N28060,N28060,1,undetected,N28060,N28060,N28060,sa1,1
29795,N107718 /1 undetected,output,,N107718,N107718,1,undetected,N107718,N107718,N107718,sa1,1
29796,N22027 /1 undetected,output,,N22027,N22027,1,undetected,N22027,N22027,N22027,sa1,1
29797,N91451 /1 undetected,output,,N91451,N91451,1,undetected,N91451,N91451,N91451,sa1,1
29798,N22026 /1 undetected,output,,N22026,N22026,1,undetected,N22026,N22026,N22026,sa1,1
29799,N20763 /1 undetected,output,,N20763,N20763,1,undetected,N20763,N20763,N20763,sa1,1
29800,N20763 /0 undetected,output,,N20763,N20763,0,undetected,N20763,N20763,N20763,sa0,1
29801,N104708 /1 undetected,output,,N104708,N104708,1,undetected,N104708,N104708,N104708,sa1,1
29802,N104522 /1 undetected,output,,N104522,N104522,1,undetected,N104522,N104522,N104522,sa1,1
29803,N20315 /1 undetected,output,,N20315,N20315,1,undetected,N20315,N20315,N20315,sa1,1
29804,N93333 /1 undetected,output,,N93333,N93333,1,undetected,N93333,N93333,N93333,sa1,1
29805,N16922 /1 undetected,output,,N16922,N16922,1,undetected,N16922,N16922,N16922,sa1,1
29806,N84216 /1 undetected,output,,N84216,N84216,1,undetected,N84216,N84216,N84216,sa1,1
29807,N13094 /1 undetected,output,,N13094,N13094,1,undetected,N13094,N13094,N13094,sa1,1
29808,N101047 /1 undetected,output,,N101047,N101047,1,undetected,N101047,N101047,N101047,sa1,1
29809,N16587 /1 undetected,output,,N16587,N16587,1,undetected,N16587,N16587,N16587,sa1,1
29810,N16587 /0 undetected,output,,N16587,N16587,0,undetected,N16587,N16587,N16587,sa0,1
29811,N102230 /1 undetected,output,,N102230,N102230,1,undetected,N102230,N102230,N102230,sa1,1
29812,N101975 /1 undetected,output,,N101975,N101975,1,undetected,N101975,N101975,N101975,sa1,1
29813,N11991 /1 undetected,output,,N11991,N11991,1,undetected,N11991,N11991,N11991,sa1,1
29814,N11991 /0 undetected,output,,N11991,N11991,0,undetected,N11991,N11991,N11991,sa0,1
29815,N99928 /1 undetected,output,,N99928,N99928,1,undetected,N99928,N99928,N99928,sa1,1
29816,N99286 /1 undetected,output,,N99286,N99286,1,undetected,N99286,N99286,N99286,sa1,1
29817,N98629 /1 undetected,output,,N98629,N98629,1,undetected,N98629,N98629,N98629,sa1,1
29818,N8620 /0 undetected,output,,N8620,N8620,0,undetected,N8620,N8620,N8620,sa0,1
29819,N84974 /1 undetected,output,,N84974,N84974,1,undetected,N84974,N84974,N84974,sa1,1
29820,N4528 /1 undetected,output,,N4528,N4528,1,undetected,N4528,N4528,N4528,sa1,1
29821,N4528 /0 undetected,output,,N4528,N4528,0,undetected,N4528,N4528,N4528,sa0,1
29822,N96919 /1 undetected,output,,N96919,N96919,1,undetected,N96919,N96919,N96919,sa1,1
29823,N86585 /1 undetected,output,,N86585,N86585,1,undetected,N86585,N86585,N86585,sa1,1
29824,N4302 /1 undetected,output,,N4302,N4302,1,undetected,N4302,N4302,N4302,sa1,1
29825,N84378 /1 undetected,output,,N84378,N84378,1,undetected,N84378,N84378,N84378,sa1,1
29826,N4247 /1 undetected,output,,N4247,N4247,1,undetected,N4247,N4247,N4247,sa1,1
29827,N4247 /0 undetected,output,,N4247,N4247,0,undetected,N4247,N4247,N4247,sa0,1
29828,N4245 /1 undetected,output,,N4245,N4245,1,undetected,N4245,N4245,N4245,sa1,1
29829,N94676 /1 undetected,output,,N94676,N94676,1,undetected,N94676,N94676,N94676,sa1,1
29830,N86357 /1 undetected,output,,N86357,N86357,1,undetected,N86357,N86357,N86357,sa1,1
29831,N4244 /1 undetected,output,,N4244,N4244,1,undetected,N4244,N4244,N4244,sa1,1
29832,N4236 /1 undetected,output,,N4236,N4236,1,undetected,N4236,N4236,N4236,sa1,1
29833,N92245 /1 undetected,output,,N92245,N92245,1,undetected,N92245,N92245,N92245,sa1,1
29834,N86320 /1 undetected,output,,N86320,N86320,1,undetected,N86320,N86320,N86320,sa1,1
29835,N2697 /1 undetected,output,,N2697,N2697,1,undetected,N2697,N2697,N2697,sa1,1
29836,N4215 /0 undetected,output,,N4215,N4215,0,undetected,N4215,N4215,N4215,sa0,1
29837,N96761 /1 undetected,output,,N96761,N96761,1,undetected,N96761,N96761,N96761,sa1,1
29838,N96715 /1 undetected,output,,N96715,N96715,1,undetected,N96715,N96715,N96715,sa1,1
29839,N2151 /0 undetected,output,,N2151,N2151,0,undetected,N2151,N2151,N2151,sa0,1
29840,N92772 /1 undetected,output,,N92772,N92772,1,undetected,N92772,N92772,N92772,sa1,1
29841,N3315 /0 undetected,output,,N3315,N3315,0,undetected,N3315,N3315,N3315,sa0,1
29842,N96251 /1 undetected,output,,N96251,N96251,1,undetected,N96251,N96251,N96251,sa1,1
29843,N3312 /1 undetected,output,,N3312,N3312,1,undetected,N3312,N3312,N3312,sa1,1
29844,N3287 /1 undetected,output,,N3287,N3287,1,undetected,N3287,N3287,N3287,sa1,1
29845,N96271 /1 undetected,output,,N96271,N96271,1,undetected,N96271,N96271,N96271,sa1,1
29846,N96264 /1 undetected,output,,N96264,N96264,1,undetected,N96264,N96264,N96264,sa1,1
29847,N90591 /1 undetected,output,,N90591,N90591,1,undetected,N90591,N90591,N90591,sa1,1
29848,N87807 /1 undetected,output,,N87807,N87807,1,undetected,N87807,N87807,N87807,sa1,1
29849,N122063 /1 undetected,output,,N122063,N122063,1,undetected,N122063,N122063,N122063,sa1,1
29850,N70179 /1 undetected,output,,N70179,N70179,1,undetected,N70179,N70179,N70179,sa1,1
29851,N82443 /1 undetected,output,,N82443,N82443,1,undetected,N82443,N82443,N82443,sa1,1
29852,N90566 /1 undetected,output,,N90566,N90566,1,undetected,N90566,N90566,N90566,sa1,1
29853,N82434 /1 undetected,output,,N82434,N82434,1,undetected,N82434,N82434,N82434,sa1,1
29854,N82402 /1 undetected,output,,N82402,N82402,1,undetected,N82402,N82402,N82402,sa1,1
29855,N82363 /1 undetected,output,,N82363,N82363,1,undetected,N82363,N82363,N82363,sa1,1
29856,N82361 /1 undetected,output,,N82361,N82361,1,undetected,N82361,N82361,N82361,sa1,1
29857,N12671 /1 undetected,output,,N12671,N12671,1,undetected,N12671,N12671,N12671,sa1,1
29858,N12671 /0 undetected,output,,N12671,N12671,0,undetected,N12671,N12671,N12671,sa0,1
29859,N12670 /1 undetected,output,,N12670,N12670,1,undetected,N12670,N12670,N12670,sa1,1
29860,N100720 /1 undetected,output,,N100720,N100720,1,undetected,N100720,N100720,N100720,sa1,1
29861,N12668 /1 undetected,output,,N12668,N12668,1,undetected,N12668,N12668,N12668,sa1,1
29862,N12666 /1 undetected,output,,N12666,N12666,1,undetected,N12666,N12666,N12666,sa1,1
29863,N92895 /1 undetected,output,,N92895,N92895,1,undetected,N92895,N92895,N92895,sa1,1
29864,N12663 /1 undetected,output,,N12663,N12663,1,undetected,N12663,N12663,N12663,sa1,1
29865,N12662 /1 undetected,output,,N12662,N12662,1,undetected,N12662,N12662,N12662,sa1,1
29866,N92114 /1 undetected,output,,N92114,N92114,1,undetected,N92114,N92114,N92114,sa1,1
29867,N12660 /1 undetected,output,,N12660,N12660,1,undetected,N12660,N12660,N12660,sa1,1
29868,N100628 /1 undetected,output,,N100628,N100628,1,undetected,N100628,N100628,N100628,sa1,1
29869,N91341 /1 undetected,output,,N91341,N91341,1,undetected,N91341,N91341,N91341,sa1,1
29870,N12658 /1 undetected,output,,N12658,N12658,1,undetected,N12658,N12658,N12658,sa1,1
29871,N100600 /1 undetected,output,,N100600,N100600,1,undetected,N100600,N100600,N100600,sa1,1
29872,N84134 /1 undetected,output,,N84134,N84134,1,undetected,N84134,N84134,N84134,sa1,1
29873,N12665 /1 undetected,output,,N12665,N12665,1,undetected,N12665,N12665,N12665,sa1,1
29874,N91361 /1 undetected,output,,N91361,N91361,1,undetected,N91361,N91361,N91361,sa1,1
29875,N74430 /1 undetected,output,,N74430,N74430,1,undetected,N74430,N74430,N74430,sa1,1
29876,N12653 /1 undetected,output,,N12653,N12653,1,undetected,N12653,N12653,N12653,sa1,1
29877,N100647 /1 undetected,output,,N100647,N100647,1,undetected,N100647,N100647,N100647,sa1,1
29878,N2102 /1 undetected,output,,N2102,N2102,1,undetected,N2102,N2102,N2102,sa1,1
29879,N63801 /0 undetected,output,,N63801,N63801,0,undetected,N63801,N63801,N63801,sa0,1
29880,N124092 /1 undetected,output,,N124092,N124092,1,undetected,N124092,N124092,N124092,sa1,1
29881,N124066 /1 undetected,output,,N124066,N124066,1,undetected,N124066,N124066,N124066,sa1,1
29882,N124111 /1 undetected,output,,N124111,N124111,1,undetected,N124111,N124111,N124111,sa1,1
29883,N61137 /0 undetected,output,,N61137,N61137,0,undetected,N61137,N61137,N61137,sa0,1
29884,N89132 /1 undetected,output,,N89132,N89132,1,undetected,N89132,N89132,N89132,sa1,1
29885,N61076 /1 undetected,output,,N61076,N61076,1,undetected,N61076,N61076,N61076,sa1,1
29886,N61076 /0 undetected,output,,N61076,N61076,0,undetected,N61076,N61076,N61076,sa0,1
29887,N124206 /1 undetected,output,,N124206,N124206,1,undetected,N124206,N124206,N124206,sa1,1
29888,N82526 /1 undetected,output,,N82526,N82526,1,undetected,N82526,N82526,N82526,sa1,1
29889,N60974 /0 undetected,output,,N60974,N60974,0,undetected,N60974,N60974,N60974,sa0,1
29890,N124205 /1 undetected,output,,N124205,N124205,1,undetected,N124205,N124205,N124205,sa1,1
29891,N89128 /1 undetected,output,,N89128,N89128,1,undetected,N89128,N89128,N89128,sa1,1
29892,N60948 /0 undetected,output,,N60948,N60948,0,undetected,N60948,N60948,N60948,sa0,1
29893,N123995 /1 undetected,output,,N123995,N123995,1,undetected,N123995,N123995,N123995,sa1,1
29894,N20234 /1 undetected,output,,N20234,N20234,1,undetected,N20234,N20234,N20234,sa1,1
29895,N20234 /0 undetected,output,,N20234,N20234,0,undetected,N20234,N20234,N20234,sa0,1
29896,N20233 /1 undetected,output,,N20233,N20233,1,undetected,N20233,N20233,N20233,sa1,1
29897,N104430 /1 undetected,output,,N104430,N104430,1,undetected,N104430,N104430,N104430,sa1,1
29898,N76640 /1 undetected,output,,N76640,N76640,1,undetected,N76640,N76640,N76640,sa1,1
29899,N20231 /1 undetected,output,,N20231,N20231,1,undetected,N20231,N20231,N20231,sa1,1
29900,N104424 /1 undetected,output,,N104424,N104424,1,undetected,N104424,N104424,N104424,sa1,1
29901,N86332 /1 undetected,output,,N86332,N86332,1,undetected,N86332,N86332,N86332,sa1,1
29902,N20138 /1 undetected,output,,N20138,N20138,1,undetected,N20138,N20138,N20138,sa1,1
29903,N20138 /0 undetected,output,,N20138,N20138,0,undetected,N20138,N20138,N20138,sa0,1
29904,N20137 /1 undetected,output,,N20137,N20137,1,undetected,N20137,N20137,N20137,sa1,1
29905,N104429 /1 undetected,output,,N104429,N104429,1,undetected,N104429,N104429,N104429,sa1,1
29906,N76593 /1 undetected,output,,N76593,N76593,1,undetected,N76593,N76593,N76593,sa1,1
29907,N20129 /1 undetected,output,,N20129,N20129,1,undetected,N20129,N20129,N20129,sa1,1
29908,N104423 /1 undetected,output,,N104423,N104423,1,undetected,N104423,N104423,N104423,sa1,1
29909,N86301 /1 undetected,output,,N86301,N86301,1,undetected,N86301,N86301,N86301,sa1,1
29910,N50997 /0 undetected,output,,N50997,N50997,0,undetected,N50997,N50997,N50997,sa0,1
29911,N119489 /1 undetected,output,,N119489,N119489,1,undetected,N119489,N119489,N119489,sa1,1
29912,N50995 /1 undetected,output,,N50995,N50995,1,undetected,N50995,N50995,N50995,sa1,1
29913,N96354 /1 undetected,output,,N96354,N96354,1,undetected,N96354,N96354,N96354,sa1,1
29914,N50993 /1 undetected,output,,N50993,N50993,1,undetected,N50993,N50993,N50993,sa1,1
29915,N119493 /1 undetected,output,,N119493,N119493,1,undetected,N119493,N119493,N119493,sa1,1
29916,N83883 /1 undetected,output,,N83883,N83883,1,undetected,N83883,N83883,N83883,sa1,1
29917,N22071 /1 undetected,output,,N22071,N22071,1,undetected,N22071,N22071,N22071,sa1,1
29918,N104907 /1 undetected,output,,N104907,N104907,1,undetected,N104907,N104907,N104907,sa1,1
29919,N20564 /1 undetected,output,,N20564,N20564,1,undetected,N20564,N20564,N20564,sa1,1
29920,N94543 /1 undetected,output,,N94543,N94543,1,undetected,N94543,N94543,N94543,sa1,1
29921,N19148 /1 undetected,output,,N19148,N19148,1,undetected,N19148,N19148,N19148,sa1,1
29922,N19148 /0 undetected,output,,N19148,N19148,0,undetected,N19148,N19148,N19148,sa0,1
29923,N101292 /1 undetected,output,,N101292,N101292,1,undetected,N101292,N101292,N101292,sa1,1
29924,N86779 /1 undetected,output,,N86779,N86779,1,undetected,N86779,N86779,N86779,sa1,1
29925,N19093 /1 undetected,output,,N19093,N19093,1,undetected,N19093,N19093,N19093,sa1,1
29926,N19093 /0 undetected,output,,N19093,N19093,0,undetected,N19093,N19093,N19093,sa0,1
29927,N101291 /1 undetected,output,,N101291,N101291,1,undetected,N101291,N101291,N101291,sa1,1
29928,N88313 /1 undetected,output,,N88313,N88313,1,undetected,N88313,N88313,N88313,sa1,1
29929,N16340 /1 undetected,output,,N16340,N16340,1,undetected,N16340,N16340,N16340,sa1,1
29930,N16340 /0 undetected,output,,N16340,N16340,0,undetected,N16340,N16340,N16340,sa0,1
29931,N6953 /1 undetected,output,,N6953,N6953,1,undetected,N6953,N6953,N6953,sa1,1
29932,N6951 /1 undetected,output,,N6951,N6951,1,undetected,N6951,N6951,N6951,sa1,1
29933,N97937 /1 undetected,output,,N97937,N97937,1,undetected,N97937,N97937,N97937,sa1,1
29934,N77608 /1 undetected,output,,N77608,N77608,1,undetected,N77608,N77608,N77608,sa1,1
29935,N6947 /1 undetected,output,,N6947,N6947,1,undetected,N6947,N6947,N6947,sa1,1
29936,N97947 /1 undetected,output,,N97947,N97947,1,undetected,N97947,N97947,N97947,sa1,1
29937,N5113 /1 undetected,output,,N5113,N5113,1,undetected,N5113,N5113,N5113,sa1,1
29938,N5113 /0 undetected,output,,N5113,N5113,0,undetected,N5113,N5113,N5113,sa0,1
29939,N85350 /1 undetected,output,,N85350,N85350,1,undetected,N85350,N85350,N85350,sa1,1
29940,N5112 /1 undetected,output,,N5112,N5112,1,undetected,N5112,N5112,N5112,sa1,1
29941,N5110 /1 undetected,output,,N5110,N5110,1,undetected,N5110,N5110,N5110,sa1,1
29942,N97318 /1 undetected,output,,N97318,N97318,1,undetected,N97318,N97318,N97318,sa1,1
29943,N77068 /1 undetected,output,,N77068,N77068,1,undetected,N77068,N77068,N77068,sa1,1
29944,N5107 /1 undetected,output,,N5107,N5107,1,undetected,N5107,N5107,N5107,sa1,1
29945,N97317 /1 undetected,output,,N97317,N97317,1,undetected,N97317,N97317,N97317,sa1,1
29946,N96783 /1 undetected,output,,N96783,N96783,1,undetected,N96783,N96783,N96783,sa1,1
29947,N4177 /0 undetected,output,,N4177,N4177,0,undetected,N4177,N4177,N4177,sa0,1
29948,N84294 /1 undetected,output,,N84294,N84294,1,undetected,N84294,N84294,N84294,sa1,1
29949,N4175 /1 undetected,output,,N4175,N4175,1,undetected,N4175,N4175,N4175,sa1,1
29950,N29193 /1 undetected,output,,N29193,N29193,1,undetected,N29193,N29193,N29193,sa1,1
29951,N112428 /1 undetected,output,,N112428,N112428,1,undetected,N112428,N112428,N112428,sa1,1
29952,N74672 /1 undetected,output,,N74672,N74672,1,undetected,N74672,N74672,N74672,sa1,1
29953,N28268 /1 undetected,output,,N28268,N28268,1,undetected,N28268,N28268,N28268,sa1,1
29954,N105032 /1 undetected,output,,N105032,N105032,1,undetected,N105032,N105032,N105032,sa1,1
29955,N28068 /1 undetected,output,,N28068,N28068,1,undetected,N28068,N28068,N28068,sa1,1
29956,N28068 /0 undetected,output,,N28068,N28068,0,undetected,N28068,N28068,N28068,sa0,1
29957,N107784 /1 undetected,output,,N107784,N107784,1,undetected,N107784,N107784,N107784,sa1,1
29958,N74668 /1 undetected,output,,N74668,N74668,1,undetected,N74668,N74668,N74668,sa1,1
29959,N24258 /1 undetected,output,,N24258,N24258,1,undetected,N24258,N24258,N24258,sa1,1
29960,N74661 /1 undetected,output,,N74661,N74661,1,undetected,N74661,N74661,N74661,sa1,1
29961,N24257 /1 undetected,output,,N24257,N24257,1,undetected,N24257,N24257,N24257,sa1,1
29962,N23623 /0 undetected,output,,N23623,N23623,0,undetected,N23623,N23623,N23623,sa0,1
29963,N105573 /1 undetected,output,,N105573,N105573,1,undetected,N105573,N105573,N105573,sa1,1
29964,N79411 /1 undetected,output,,N79411,N79411,1,undetected,N79411,N79411,N79411,sa1,1
29965,N22147 /1 undetected,output,,N22147,N22147,1,undetected,N22147,N22147,N22147,sa1,1
29966,N20944 /1 undetected,output,,N20944,N20944,1,undetected,N20944,N20944,N20944,sa1,1
29967,N20791 /1 undetected,output,,N20791,N20791,1,undetected,N20791,N20791,N20791,sa1,1
29968,N20791 /0 undetected,output,,N20791,N20791,0,undetected,N20791,N20791,N20791,sa0,1
29969,N20328 /0 undetected,output,,N20328,N20328,0,undetected,N20328,N20328,N20328,sa0,1
29970,N19274 /1 undetected,output,,N19274,N19274,1,undetected,N19274,N19274,N19274,sa1,1
29971,N99163 /1 undetected,output,,N99163,N99163,1,undetected,N99163,N99163,N99163,sa1,1
29972,N74983 /1 undetected,output,,N74983,N74983,1,undetected,N74983,N74983,N74983,sa1,1
29973,N13098 /1 undetected,output,,N13098,N13098,1,undetected,N13098,N13098,N13098,sa1,1
29974,N101048 /1 undetected,output,,N101048,N101048,1,undetected,N101048,N101048,N101048,sa1,1
29975,N11576 /1 undetected,output,,N11576,N11576,1,undetected,N11576,N11576,N11576,sa1,1
29976,N10173 /1 undetected,output,,N10173,N10173,1,undetected,N10173,N10173,N10173,sa1,1
29977,N84405 /1 undetected,output,,N84405,N84405,1,undetected,N84405,N84405,N84405,sa1,1
29978,N97223 /1 undetected,output,,N97223,N97223,1,undetected,N97223,N97223,N97223,sa1,1
29979,N8050 /1 undetected,output,,N8050,N8050,1,undetected,N8050,N8050,N8050,sa1,1
29980,N96788 /1 undetected,output,,N96788,N96788,1,undetected,N96788,N96788,N96788,sa1,1
29981,N3513 /0 undetected,output,,N3513,N3513,0,undetected,N3513,N3513,N3513,sa0,1
29982,N96397 /1 undetected,output,,N96397,N96397,1,undetected,N96397,N96397,N96397,sa1,1
29983,N77157 /1 undetected,output,,N77157,N77157,1,undetected,N77157,N77157,N77157,sa1,1
29984,N3478 /0 undetected,output,,N3478,N3478,0,undetected,N3478,N3478,N3478,sa0,1
29985,N93216 /1 undetected,output,,N93216,N93216,1,undetected,N93216,N93216,N93216,sa1,1
29986,N2685 /1 undetected,output,,N2685,N2685,1,undetected,N2685,N2685,N2685,sa1,1
29987,N85042 /1 undetected,output,,N85042,N85042,1,undetected,N85042,N85042,N85042,sa1,1
29988,N2682 /1 undetected,output,,N2682,N2682,1,undetected,N2682,N2682,N2682,sa1,1
29989,N2489 /1 undetected,output,,N2489,N2489,1,undetected,N2489,N2489,N2489,sa1,1
29990,N86157 /1 undetected,output,,N86157,N86157,1,undetected,N86157,N86157,N86157,sa1,1
29991,N2193 /1 undetected,output,,N2193,N2193,1,undetected,N2193,N2193,N2193,sa1,1
29992,N86016 /1 undetected,output,,N86016,N86016,1,undetected,N86016,N86016,N86016,sa1,1
29993,N2165 /1 undetected,output,,N2165,N2165,1,undetected,N2165,N2165,N2165,sa1,1
29994,N91593 /1 undetected,output,,N91593,N91593,1,undetected,N91593,N91593,N91593,sa1,1
29995,N2154 /1 undetected,output,,N2154,N2154,1,undetected,N2154,N2154,N2154,sa1,1
29996,N70137 /0 undetected,output,,N70137,N70137,0,undetected,N70137,N70137,N70137,sa0,1
29997,N70135 /1 undetected,output,,N70135,N70135,1,undetected,N70135,N70135,N70135,sa1,1
29998,N70130 /1 undetected,output,,N70130,N70130,1,undetected,N70130,N70130,N70130,sa1,1
29999,N87078 /1 undetected,output,,N87078,N87078,1,undetected,N87078,N87078,N87078,sa1,1
30000,N70129 /1 undetected,output,,N70129,N70129,1,undetected,N70129,N70129,N70129,sa1,1
30001,N83296 /1 undetected,output,,N83296,N83296,1,undetected,N83296,N83296,N83296,sa1,1
30002,N70127 /1 undetected,output,,N70127,N70127,1,undetected,N70127,N70127,N70127,sa1,1
30003,N90936 /1 undetected,output,,N90936,N90936,1,undetected,N90936,N90936,N90936,sa1,1
30004,N70125 /1 undetected,output,,N70125,N70125,1,undetected,N70125,N70125,N70125,sa1,1
30005,N83337 /1 undetected,output,,N83337,N83337,1,undetected,N83337,N83337,N83337,sa1,1
30006,N70120 /1 undetected,output,,N70120,N70120,1,undetected,N70120,N70120,N70120,sa1,1
30007,N77693 /1 undetected,output,,N77693,N77693,1,undetected,N77693,N77693,N77693,sa1,1
30008,N70119 /1 undetected,output,,N70119,N70119,1,undetected,N70119,N70119,N70119,sa1,1
30009,N90935 /1 undetected,output,,N90935,N90935,1,undetected,N90935,N90935,N90935,sa1,1
30010,N70116 /1 undetected,output,,N70116,N70116,1,undetected,N70116,N70116,N70116,sa1,1
30011,N83295 /1 undetected,output,,N83295,N83295,1,undetected,N83295,N83295,N83295,sa1,1
30012,N110947 /1 undetected,output,,N110947,N110947,1,undetected,N110947,N110947,N110947,sa1,1
30013,N77802 /1 undetected,output,,N77802,N77802,1,undetected,N77802,N77802,N77802,sa1,1
30014,N83192 /1 undetected,output,,N83192,N83192,1,undetected,N83192,N83192,N83192,sa1,1
30015,N69666 /1 undetected,output,,N69666,N69666,1,undetected,N69666,N69666,N69666,sa1,1
30016,N90905 /1 undetected,output,,N90905,N90905,1,undetected,N90905,N90905,N90905,sa1,1
30017,N77773 /1 undetected,output,,N77773,N77773,1,undetected,N77773,N77773,N77773,sa1,1
30018,N69840 /0 undetected,output,,N69840,N69840,0,undetected,N69840,N69840,N69840,sa0,1
30019,N87120 /1 undetected,output,,N87120,N87120,1,undetected,N87120,N87120,N87120,sa1,1
30020,N69838 /1 undetected,output,,N69838,N69838,1,undetected,N69838,N69838,N69838,sa1,1
30021,N90954 /1 undetected,output,,N90954,N90954,1,undetected,N90954,N90954,N90954,sa1,1
30022,N69299 /1 undetected,output,,N69299,N69299,1,undetected,N69299,N69299,N69299,sa1,1
30023,N87133 /1 undetected,output,,N87133,N87133,1,undetected,N87133,N87133,N87133,sa1,1
30024,N90940 /1 undetected,output,,N90940,N90940,1,undetected,N90940,N90940,N90940,sa1,1
30025,N69056 /0 undetected,output,,N69056,N69056,0,undetected,N69056,N69056,N69056,sa0,1
30026,N77217 /1 undetected,output,,N77217,N77217,1,undetected,N77217,N77217,N77217,sa1,1
30027,N69054 /1 undetected,output,,N69054,N69054,1,undetected,N69054,N69054,N69054,sa1,1
30028,N90900 /1 undetected,output,,N90900,N90900,1,undetected,N90900,N90900,N90900,sa1,1
30029,N69042 /0 undetected,output,,N69042,N69042,0,undetected,N69042,N69042,N69042,sa0,1
30030,N86757 /1 undetected,output,,N86757,N86757,1,undetected,N86757,N86757,N86757,sa1,1
30031,N69040 /1 undetected,output,,N69040,N69040,1,undetected,N69040,N69040,N69040,sa1,1
30032,N83174 /1 undetected,output,,N83174,N83174,1,undetected,N83174,N83174,N83174,sa1,1
30033,N63276 /1 undetected,output,,N63276,N63276,1,undetected,N63276,N63276,N63276,sa1,1
30034,N123999 /1 undetected,output,,N123999,N123999,1,undetected,N123999,N123999,N123999,sa1,1
30035,N61071 /1 undetected,output,,N61071,N61071,1,undetected,N61071,N61071,N61071,sa1,1
30036,N51082 /1 undetected,output,,N51082,N51082,1,undetected,N51082,N51082,N51082,sa1,1
30037,N51082 /0 undetected,output,,N51082,N51082,0,undetected,N51082,N51082,N51082,sa0,1
30038,N85792 /1 undetected,output,,N85792,N85792,1,undetected,N85792,N85792,N85792,sa1,1
30039,N51080 /1 undetected,output,,N51080,N51080,1,undetected,N51080,N51080,N51080,sa1,1
30040,N51078 /1 undetected,output,,N51078,N51078,1,undetected,N51078,N51078,N51078,sa1,1
30041,N119525 /1 undetected,output,,N119525,N119525,1,undetected,N119525,N119525,N119525,sa1,1
30042,N86185 /1 undetected,output,,N86185,N86185,1,undetected,N86185,N86185,N86185,sa1,1
30043,N51076 /1 undetected,output,,N51076,N51076,1,undetected,N51076,N51076,N51076,sa1,1
30044,N119523 /1 undetected,output,,N119523,N119523,1,undetected,N119523,N119523,N119523,sa1,1
30045,N76416 /1 undetected,output,,N76416,N76416,1,undetected,N76416,N76416,N76416,sa1,1
30046,N86044 /1 undetected,output,,N86044,N86044,1,undetected,N86044,N86044,N86044,sa1,1
30047,N119522 /1 undetected,output,,N119522,N119522,1,undetected,N119522,N119522,N119522,sa1,1
30048,N20166 /1 undetected,output,,N20166,N20166,1,undetected,N20166,N20166,N20166,sa1,1
30049,N20162 /1 undetected,output,,N20162,N20162,1,undetected,N20162,N20162,N20162,sa1,1
30050,N12724 /1 undetected,output,,N12724,N12724,1,undetected,N12724,N12724,N12724,sa1,1
30051,N12724 /0 undetected,output,,N12724,N12724,0,undetected,N12724,N12724,N12724,sa0,1
30052,N91342 /1 undetected,output,,N91342,N91342,1,undetected,N91342,N91342,N91342,sa1,1
30053,N12722 /1 undetected,output,,N12722,N12722,1,undetected,N12722,N12722,N12722,sa1,1
30054,N100606 /1 undetected,output,,N100606,N100606,1,undetected,N100606,N100606,N100606,sa1,1
30055,N96346 /1 undetected,output,,N96346,N96346,1,undetected,N96346,N96346,N96346,sa1,1
30056,N12580 /0 undetected,output,,N12580,N12580,0,undetected,N12580,N12580,N12580,sa0,1
30057,N93187 /1 undetected,output,,N93187,N93187,1,undetected,N93187,N93187,N93187,sa1,1
30058,N12577 /1 undetected,output,,N12577,N12577,1,undetected,N12577,N12577,N12577,sa1,1
30059,N91335 /1 undetected,output,,N91335,N91335,1,undetected,N91335,N91335,N91335,sa1,1
30060,N12571 /1 undetected,output,,N12571,N12571,1,undetected,N12571,N12571,N12571,sa1,1
30061,N92045 /1 undetected,output,,N92045,N92045,1,undetected,N92045,N92045,N92045,sa1,1
30062,N12558 /1 undetected,output,,N12558,N12558,1,undetected,N12558,N12558,N12558,sa1,1
30063,N6882 /1 undetected,output,,N6882,N6882,1,undetected,N6882,N6882,N6882,sa1,1
30064,N6878 /1 undetected,output,,N6878,N6878,1,undetected,N6878,N6878,N6878,sa1,1
30065,N97923 /1 undetected,output,,N97923,N97923,1,undetected,N97923,N97923,N97923,sa1,1
30066,N6533 /1 undetected,output,,N6533,N6533,1,undetected,N6533,N6533,N6533,sa1,1
30067,N85397 /1 undetected,output,,N85397,N85397,1,undetected,N85397,N85397,N85397,sa1,1
30068,N6532 /1 undetected,output,,N6532,N6532,1,undetected,N6532,N6532,N6532,sa1,1
30069,N6528 /1 undetected,output,,N6528,N6528,1,undetected,N6528,N6528,N6528,sa1,1
30070,N97819 /1 undetected,output,,N97819,N97819,1,undetected,N97819,N97819,N97819,sa1,1
30071,N96778 /1 undetected,output,,N96778,N96778,1,undetected,N96778,N96778,N96778,sa1,1
30072,N85392 /1 undetected,output,,N85392,N85392,1,undetected,N85392,N85392,N85392,sa1,1
30073,N5808 /1 undetected,output,,N5808,N5808,1,undetected,N5808,N5808,N5808,sa1,1
30074,N97518 /1 undetected,output,,N97518,N97518,1,undetected,N97518,N97518,N97518,sa1,1
30075,N5457 /1 undetected,output,,N5457,N5457,1,undetected,N5457,N5457,N5457,sa1,1
30076,N97416 /1 undetected,output,,N97416,N97416,1,undetected,N97416,N97416,N97416,sa1,1
30077,N96776 /1 undetected,output,,N96776,N96776,1,undetected,N96776,N96776,N96776,sa1,1
30078,N2288 /1 undetected,output,,N2288,N2288,1,undetected,N2288,N2288,N2288,sa1,1
30079,N84054 /1 undetected,output,,N84054,N84054,1,undetected,N84054,N84054,N84054,sa1,1
30080,N2287 /1 undetected,output,,N2287,N2287,1,undetected,N2287,N2287,N2287,sa1,1
30081,N93046 /1 undetected,output,,N93046,N93046,1,undetected,N93046,N93046,N93046,sa1,1
30082,N93076 /1 undetected,output,,N93076,N93076,1,undetected,N93076,N93076,N93076,sa1,1
30083,N93090 /1 undetected,output,,N93090,N93090,1,undetected,N93090,N93090,N93090,sa1,1
30084,N93100 /1 undetected,output,,N93100,N93100,1,undetected,N93100,N93100,N93100,sa1,1
30085,N93106 /1 undetected,output,,N93106,N93106,1,undetected,N93106,N93106,N93106,sa1,1
30086,N55123 /1 undetected,output,,N55123,N55123,1,undetected,N55123,N55123,N55123,sa1,1
30087,N55123 /0 undetected,output,,N55123,N55123,0,undetected,N55123,N55123,N55123,sa0,1
30088,N76149 /1 undetected,output,,N76149,N76149,1,undetected,N76149,N76149,N76149,sa1,1
30089,N55121 /1 undetected,output,,N55121,N55121,1,undetected,N55121,N55121,N55121,sa1,1
30090,N105571 /1 undetected,output,,N105571,N105571,1,undetected,N105571,N105571,N105571,sa1,1
30091,N55119 /1 undetected,output,,N55119,N55119,1,undetected,N55119,N55119,N55119,sa1,1
30092,N120886 /1 undetected,output,,N120886,N120886,1,undetected,N120886,N120886,N120886,sa1,1
30093,N55118 /1 undetected,output,,N55118,N55118,1,undetected,N55118,N55118,N55118,sa1,1
30094,N120870 /1 undetected,output,,N120870,N120870,1,undetected,N120870,N120870,N120870,sa1,1
30095,N120824 /1 undetected,output,,N120824,N120824,1,undetected,N120824,N120824,N120824,sa1,1
30096,N74789 /1 undetected,output,,N74789,N74789,1,undetected,N74789,N74789,N74789,sa1,1
30097,N21254 /1 undetected,output,,N21254,N21254,1,undetected,N21254,N21254,N21254,sa1,1
30098,N21254 /0 undetected,output,,N21254,N21254,0,undetected,N21254,N21254,N21254,sa0,1
30099,N104906 /1 undetected,output,,N104906,N104906,1,undetected,N104906,N104906,N104906,sa1,1
30100,N104896 /1 undetected,output,,N104896,N104896,1,undetected,N104896,N104896,N104896,sa1,1
30101,N21141 /1 undetected,output,,N21141,N21141,1,undetected,N21141,N21141,N21141,sa1,1
30102,N21141 /0 undetected,output,,N21141,N21141,0,undetected,N21141,N21141,N21141,sa0,1
30103,N104870 /1 undetected,output,,N104870,N104870,1,undetected,N104870,N104870,N104870,sa1,1
30104,N104275 /1 undetected,output,,N104275,N104275,1,undetected,N104275,N104275,N104275,sa1,1
30105,N20825 /1 undetected,output,,N20825,N20825,1,undetected,N20825,N20825,N20825,sa1,1
30106,N20825 /0 undetected,output,,N20825,N20825,0,undetected,N20825,N20825,N20825,sa0,1
30107,N104217 /1 undetected,output,,N104217,N104217,1,undetected,N104217,N104217,N104217,sa1,1
30108,N94519 /1 undetected,output,,N94519,N94519,1,undetected,N94519,N94519,N94519,sa1,1
30109,N74788 /1 undetected,output,,N74788,N74788,1,undetected,N74788,N74788,N74788,sa1,1
30110,N20288 /1 undetected,output,,N20288,N20288,1,undetected,N20288,N20288,N20288,sa1,1
30111,N20288 /0 undetected,output,,N20288,N20288,0,undetected,N20288,N20288,N20288,sa0,1
30112,N19984 /0 undetected,output,,N19984,N19984,0,undetected,N19984,N19984,N19984,sa0,1
30113,N19983 /1 undetected,output,,N19983,N19983,1,undetected,N19983,N19983,N19983,sa1,1
30114,N19787 /1 undetected,output,,N19787,N19787,1,undetected,N19787,N19787,N19787,sa1,1
30115,N19785 /1 undetected,output,,N19785,N19785,1,undetected,N19785,N19785,N19785,sa1,1
30116,N99952 /1 undetected,output,,N99952,N99952,1,undetected,N99952,N99952,N99952,sa1,1
30117,N99855 /1 undetected,output,,N99855,N99855,1,undetected,N99855,N99855,N99855,sa1,1
30118,N19735 /1 undetected,output,,N19735,N19735,1,undetected,N19735,N19735,N19735,sa1,1
30119,N19735 /0 undetected,output,,N19735,N19735,0,undetected,N19735,N19735,N19735,sa0,1
30120,N104029 /1 undetected,output,,N104029,N104029,1,undetected,N104029,N104029,N104029,sa1,1
30121,N19733 /1 undetected,output,,N19733,N19733,1,undetected,N19733,N19733,N19733,sa1,1
30122,N104033 /1 undetected,output,,N104033,N104033,1,undetected,N104033,N104033,N104033,sa1,1
30123,N99854 /1 undetected,output,,N99854,N99854,1,undetected,N99854,N99854,N99854,sa1,1
30124,N19400 /0 undetected,output,,N19400,N19400,0,undetected,N19400,N19400,N19400,sa0,1
30125,N103952 /1 undetected,output,,N103952,N103952,1,undetected,N103952,N103952,N103952,sa1,1
30126,N11574 /1 undetected,output,,N11574,N11574,1,undetected,N11574,N11574,N11574,sa1,1
30127,N17223 /1 undetected,output,,N17223,N17223,1,undetected,N17223,N17223,N17223,sa1,1
30128,N84223 /1 undetected,output,,N84223,N84223,1,undetected,N84223,N84223,N84223,sa1,1
30129,N17221 /1 undetected,output,,N17221,N17221,1,undetected,N17221,N17221,N17221,sa1,1
30130,N76345 /1 undetected,output,,N76345,N76345,1,undetected,N76345,N76345,N76345,sa1,1
30131,N17152 /1 undetected,output,,N17152,N17152,1,undetected,N17152,N17152,N17152,sa1,1
30132,N17152 /0 undetected,output,,N17152,N17152,0,undetected,N17152,N17152,N17152,sa0,1
30133,N101284 /1 undetected,output,,N101284,N101284,1,undetected,N101284,N101284,N101284,sa1,1
30134,N77123 /1 undetected,output,,N77123,N77123,1,undetected,N77123,N77123,N77123,sa1,1
30135,N102285 /1 undetected,output,,N102285,N102285,1,undetected,N102285,N102285,N102285,sa1,1
30136,N98894 /1 undetected,output,,N98894,N98894,1,undetected,N98894,N98894,N98894,sa1,1
30137,N15089 /1 undetected,output,,N15089,N15089,1,undetected,N15089,N15089,N15089,sa1,1
30138,N101776 /1 undetected,output,,N101776,N101776,1,undetected,N101776,N101776,N101776,sa1,1
30139,N14600 /0 undetected,output,,N14600,N14600,0,undetected,N14600,N14600,N14600,sa0,1
30140,N83704 /1 undetected,output,,N83704,N83704,1,undetected,N83704,N83704,N83704,sa1,1
30141,N13425 /0 undetected,output,,N13425,N13425,0,undetected,N13425,N13425,N13425,sa0,1
30142,N84209 /1 undetected,output,,N84209,N84209,1,undetected,N84209,N84209,N84209,sa1,1
30143,N13405 /1 undetected,output,,N13405,N13405,1,undetected,N13405,N13405,N13405,sa1,1
30144,N13163 /0 undetected,output,,N13163,N13163,0,undetected,N13163,N13163,N13163,sa0,1
30145,N92586 /1 undetected,output,,N92586,N92586,1,undetected,N92586,N92586,N92586,sa1,1
30146,N99923 /1 undetected,output,,N99923,N99923,1,undetected,N99923,N99923,N99923,sa1,1
30147,N92561 /1 undetected,output,,N92561,N92561,1,undetected,N92561,N92561,N92561,sa1,1
30148,N4637 /1 undetected,output,,N4637,N4637,1,undetected,N4637,N4637,N4637,sa1,1
30149,N4608 /1 undetected,output,,N4608,N4608,1,undetected,N4608,N4608,N4608,sa1,1
30150,N4159 /1 undetected,output,,N4159,N4159,1,undetected,N4159,N4159,N4159,sa1,1
30151,N96175 /1 undetected,output,,N96175,N96175,1,undetected,N96175,N96175,N96175,sa1,1
30152,N3404 /0 undetected,output,,N3404,N3404,0,undetected,N3404,N3404,N3404,sa0,1
30153,N84118 /1 undetected,output,,N84118,N84118,1,undetected,N84118,N84118,N84118,sa1,1
30154,N3402 /1 undetected,output,,N3402,N3402,1,undetected,N3402,N3402,N3402,sa1,1
30155,N3179 /0 undetected,output,,N3179,N3179,0,undetected,N3179,N3179,N3179,sa0,1
30156,N84279 /1 undetected,output,,N84279,N84279,1,undetected,N84279,N84279,N84279,sa1,1
30157,N31004 /0 undetected,output,,N31004,N31004,0,undetected,N31004,N31004,N31004,sa0,1
30158,N113780 /1 undetected,output,,N113780,N113780,1,undetected,N113780,N113780,N113780,sa1,1
30159,N30953 /0 undetected,output,,N30953,N30953,0,undetected,N30953,N30953,N30953,sa0,1
30160,N113296 /1 undetected,output,,N113296,N113296,1,undetected,N113296,N113296,N113296,sa1,1
30161,N30502 /0 undetected,output,,N30502,N30502,0,undetected,N30502,N30502,N30502,sa0,1
30162,N93751 /1 undetected,output,,N93751,N93751,1,undetected,N93751,N93751,N93751,sa1,1
30163,N30306 /0 undetected,output,,N30306,N30306,0,undetected,N30306,N30306,N30306,sa0,1
30164,N74675 /1 undetected,output,,N74675,N74675,1,undetected,N74675,N74675,N74675,sa1,1
30165,N105575 /1 undetected,output,,N105575,N105575,1,undetected,N105575,N105575,N105575,sa1,1
30166,N26347 /1 undetected,output,,N26347,N26347,1,undetected,N26347,N26347,N26347,sa1,1
30167,N26347 /0 undetected,output,,N26347,N26347,0,undetected,N26347,N26347,N26347,sa0,1
30168,N108939 /1 undetected,output,,N108939,N108939,1,undetected,N108939,N108939,N108939,sa1,1
30169,N106205 /1 undetected,output,,N106205,N106205,1,undetected,N106205,N106205,N106205,sa1,1
30170,N25422 /1 undetected,output,,N25422,N25422,1,undetected,N25422,N25422,N25422,sa1,1
30171,N25422 /0 undetected,output,,N25422,N25422,0,undetected,N25422,N25422,N25422,sa0,1
30172,N25409 /1 undetected,output,,N25409,N25409,1,undetected,N25409,N25409,N25409,sa1,1
30173,N25128 /1 undetected,output,,N25128,N25128,1,undetected,N25128,N25128,N25128,sa1,1
30174,N25128 /0 undetected,output,,N25128,N25128,0,undetected,N25128,N25128,N25128,sa0,1
30175,N24404 /1 undetected,output,,N24404,N24404,1,undetected,N24404,N24404,N24404,sa1,1
30176,N24404 /0 undetected,output,,N24404,N24404,0,undetected,N24404,N24404,N24404,sa0,1
30177,N23932 /1 undetected,output,,N23932,N23932,1,undetected,N23932,N23932,N23932,sa1,1
30178,N23625 /1 undetected,output,,N23625,N23625,1,undetected,N23625,N23625,N23625,sa1,1
30179,N20951 /0 undetected,output,,N20951,N20951,0,undetected,N20951,N20951,N20951,sa0,1
30180,N104468 /1 undetected,output,,N104468,N104468,1,undetected,N104468,N104468,N104468,sa1,1
30181,N18168 /0 undetected,output,,N18168,N18168,0,undetected,N18168,N18168,N18168,sa0,1
30182,N101838 /1 undetected,output,,N101838,N101838,1,undetected,N101838,N101838,N101838,sa1,1
30183,N94728 /1 undetected,output,,N94728,N94728,1,undetected,N94728,N94728,N94728,sa1,1
30184,N14940 /0 undetected,output,,N14940,N14940,0,undetected,N14940,N14940,N14940,sa0,1
30185,N77080 /1 undetected,output,,N77080,N77080,1,undetected,N77080,N77080,N77080,sa1,1
30186,N14887 /0 undetected,output,,N14887,N14887,0,undetected,N14887,N14887,N14887,sa0,1
30187,N102210 /1 undetected,output,,N102210,N102210,1,undetected,N102210,N102210,N102210,sa1,1
30188,N94693 /1 undetected,output,,N94693,N94693,1,undetected,N94693,N94693,N94693,sa1,1
30189,N14484 /0 undetected,output,,N14484,N14484,0,undetected,N14484,N14484,N14484,sa0,1
30190,N101842 /1 undetected,output,,N101842,N101842,1,undetected,N101842,N101842,N101842,sa1,1
30191,N99995 /1 undetected,output,,N99995,N99995,1,undetected,N99995,N99995,N99995,sa1,1
30192,N14480 /0 undetected,output,,N14480,N14480,0,undetected,N14480,N14480,N14480,sa0,1
30193,N101837 /1 undetected,output,,N101837,N101837,1,undetected,N101837,N101837,N101837,sa1,1
30194,N99903 /1 undetected,output,,N99903,N99903,1,undetected,N99903,N99903,N99903,sa1,1
30195,N14321 /0 undetected,output,,N14321,N14321,0,undetected,N14321,N14321,N14321,sa0,1
30196,N14320 /1 undetected,output,,N14320,N14320,1,undetected,N14320,N14320,N14320,sa1,1
30197,N101727 /1 undetected,output,,N101727,N101727,1,undetected,N101727,N101727,N101727,sa1,1
30198,N100114 /1 undetected,output,,N100114,N100114,1,undetected,N100114,N100114,N100114,sa1,1
30199,N14318 /1 undetected,output,,N14318,N14318,1,undetected,N14318,N14318,N14318,sa1,1
30200,N14318 /0 undetected,output,,N14318,N14318,0,undetected,N14318,N14318,N14318,sa0,1
30201,N101722 /1 undetected,output,,N101722,N101722,1,undetected,N101722,N101722,N101722,sa1,1
30202,N14317 /1 undetected,output,,N14317,N14317,1,undetected,N14317,N14317,N14317,sa1,1
30203,N101726 /1 undetected,output,,N101726,N101726,1,undetected,N101726,N101726,N101726,sa1,1
30204,N93706 /1 undetected,output,,N93706,N93706,1,undetected,N93706,N93706,N93706,sa1,1
30205,N14228 /0 undetected,output,,N14228,N14228,0,undetected,N14228,N14228,N14228,sa0,1
30206,N92790 /1 undetected,output,,N92790,N92790,1,undetected,N92790,N92790,N92790,sa1,1
30207,N13096 /1 undetected,output,,N13096,N13096,1,undetected,N13096,N13096,N13096,sa1,1
30208,N13096 /0 undetected,output,,N13096,N13096,0,undetected,N13096,N13096,N13096,sa0,1
30209,N12516 /0 undetected,output,,N12516,N12516,0,undetected,N12516,N12516,N12516,sa0,1
30210,N92336 /1 undetected,output,,N92336,N92336,1,undetected,N92336,N92336,N92336,sa1,1
30211,N11585 /0 undetected,output,,N11585,N11585,0,undetected,N11585,N11585,N11585,sa0,1
30212,N94083 /1 undetected,output,,N94083,N94083,1,undetected,N94083,N94083,N94083,sa1,1
30213,N11584 /1 undetected,output,,N11584,N11584,1,undetected,N11584,N11584,N11584,sa1,1
30214,N94243 /1 undetected,output,,N94243,N94243,1,undetected,N94243,N94243,N94243,sa1,1
30215,N94097 /1 undetected,output,,N94097,N94097,1,undetected,N94097,N94097,N94097,sa1,1
30216,N11501 /0 undetected,output,,N11501,N11501,0,undetected,N11501,N11501,N11501,sa0,1
30217,N99894 /1 undetected,output,,N99894,N99894,1,undetected,N99894,N99894,N99894,sa1,1
30218,N10165 /1 undetected,output,,N10165,N10165,1,undetected,N10165,N10165,N10165,sa1,1
30219,N9781 /0 undetected,output,,N9781,N9781,0,undetected,N9781,N9781,N9781,sa0,1
30220,N92746 /1 undetected,output,,N92746,N92746,1,undetected,N92746,N92746,N92746,sa1,1
30221,N9620 /0 undetected,output,,N9620,N9620,0,undetected,N9620,N9620,N9620,sa0,1
30222,N92745 /1 undetected,output,,N92745,N92745,1,undetected,N92745,N92745,N92745,sa1,1
30223,N9458 /0 undetected,output,,N9458,N9458,0,undetected,N9458,N9458,N9458,sa0,1
30224,N92744 /1 undetected,output,,N92744,N92744,1,undetected,N92744,N92744,N92744,sa1,1
30225,N9296 /0 undetected,output,,N9296,N9296,0,undetected,N9296,N9296,N9296,sa0,1
30226,N92743 /1 undetected,output,,N92743,N92743,1,undetected,N92743,N92743,N92743,sa1,1
30227,N9082 /0 undetected,output,,N9082,N9082,0,undetected,N9082,N9082,N9082,sa0,1
30228,N92742 /1 undetected,output,,N92742,N92742,1,undetected,N92742,N92742,N92742,sa1,1
30229,N8780 /1 undetected,output,,N8780,N8780,1,undetected,N8780,N8780,N8780,sa1,1
30230,N8780 /0 undetected,output,,N8780,N8780,0,undetected,N8780,N8780,N8780,sa0,1
30231,N98717 /1 undetected,output,,N98717,N98717,1,undetected,N98717,N98717,N98717,sa1,1
30232,N94737 /1 undetected,output,,N94737,N94737,1,undetected,N94737,N94737,N94737,sa1,1
30233,N6152 /1 undetected,output,,N6152,N6152,1,undetected,N6152,N6152,N6152,sa1,1
30234,N97221 /1 undetected,output,,N97221,N97221,1,undetected,N97221,N97221,N97221,sa1,1
30235,N96810 /1 undetected,output,,N96810,N96810,1,undetected,N96810,N96810,N96810,sa1,1
30236,N4145 /0 undetected,output,,N4145,N4145,0,undetected,N4145,N4145,N4145,sa0,1
30237,N4091 /1 undetected,output,,N4091,N4091,1,undetected,N4091,N4091,N4091,sa1,1
30238,N96557 /1 undetected,output,,N96557,N96557,1,undetected,N96557,N96557,N96557,sa1,1
30239,N2795 /0 undetected,output,,N2795,N2795,0,undetected,N2795,N2795,N2795,sa0,1
30240,N94785 /1 undetected,output,,N94785,N94785,1,undetected,N94785,N94785,N94785,sa1,1
30241,N2759 /1 undetected,output,,N2759,N2759,1,undetected,N2759,N2759,N2759,sa1,1
30242,N92335 /1 undetected,output,,N92335,N92335,1,undetected,N92335,N92335,N92335,sa1,1
30243,N74596 /1 undetected,output,,N74596,N74596,1,undetected,N74596,N74596,N74596,sa1,1
30244,N2611 /0 undetected,output,,N2611,N2611,0,undetected,N2611,N2611,N2611,sa0,1
30245,N94081 /1 undetected,output,,N94081,N94081,1,undetected,N94081,N94081,N94081,sa1,1
30246,N2610 /1 undetected,output,,N2610,N2610,1,undetected,N2610,N2610,N2610,sa1,1
30247,N94282 /1 undetected,output,,N94282,N94282,1,undetected,N94282,N94282,N94282,sa1,1
30248,N75191 /1 undetected,output,,N75191,N75191,1,undetected,N75191,N75191,N75191,sa1,1
30249,N2573 /0 undetected,output,,N2573,N2573,0,undetected,N2573,N2573,N2573,sa0,1
30250,N94080 /1 undetected,output,,N94080,N94080,1,undetected,N94080,N94080,N94080,sa1,1
30251,N94055 /1 undetected,output,,N94055,N94055,1,undetected,N94055,N94055,N94055,sa1,1
30252,N63762 /0 undetected,output,,N63762,N63762,0,undetected,N63762,N63762,N63762,sa0,1
30253,N61073 /1 undetected,output,,N61073,N61073,1,undetected,N61073,N61073,N61073,sa1,1
30254,N89131 /1 undetected,output,,N89131,N89131,1,undetected,N89131,N89131,N89131,sa1,1
30255,N13371 /1 undetected,output,,N13371,N13371,1,undetected,N13371,N13371,N13371,sa1,1
30256,N13371 /0 undetected,output,,N13371,N13371,0,undetected,N13371,N13371,N13371,sa0,1
30257,N101235 /1 undetected,output,,N101235,N101235,1,undetected,N101235,N101235,N101235,sa1,1
30258,N13369 /1 undetected,output,,N13369,N13369,1,undetected,N13369,N13369,N13369,sa1,1
30259,N83880 /1 undetected,output,,N83880,N83880,1,undetected,N83880,N83880,N83880,sa1,1
30260,N13367 /1 undetected,output,,N13367,N13367,1,undetected,N13367,N13367,N13367,sa1,1
30261,N101240 /1 undetected,output,,N101240,N101240,1,undetected,N101240,N101240,N101240,sa1,1
30262,N100604 /1 undetected,output,,N100604,N100604,1,undetected,N100604,N100604,N100604,sa1,1
30263,N20927 /1 undetected,output,,N20927,N20927,1,undetected,N20927,N20927,N20927,sa1,1
30264,N93338 /1 undetected,output,,N93338,N93338,1,undetected,N93338,N93338,N93338,sa1,1
30265,N20918 /1 undetected,output,,N20918,N20918,1,undetected,N20918,N20918,N20918,sa1,1
30266,N20918 /0 undetected,output,,N20918,N20918,0,undetected,N20918,N20918,N20918,sa0,1
30267,N104795 /1 undetected,output,,N104795,N104795,1,undetected,N104795,N104795,N104795,sa1,1
30268,N104767 /1 undetected,output,,N104767,N104767,1,undetected,N104767,N104767,N104767,sa1,1
30269,N20164 /1 undetected,output,,N20164,N20164,1,undetected,N20164,N20164,N20164,sa1,1
30270,N20164 /0 undetected,output,,N20164,N20164,0,undetected,N20164,N20164,N20164,sa0,1
30271,N104450 /1 undetected,output,,N104450,N104450,1,undetected,N104450,N104450,N104450,sa1,1
30272,N93330 /1 undetected,output,,N93330,N93330,1,undetected,N93330,N93330,N93330,sa1,1
30273,N20120 /1 undetected,output,,N20120,N20120,1,undetected,N20120,N20120,N20120,sa1,1
30274,N20120 /0 undetected,output,,N20120,N20120,0,undetected,N20120,N20120,N20120,sa0,1
30275,N98836 /1 undetected,output,,N98836,N98836,1,undetected,N98836,N98836,N98836,sa1,1
30276,N20029 /1 undetected,output,,N20029,N20029,1,undetected,N20029,N20029,N20029,sa1,1
30277,N20044 /1 undetected,output,,N20044,N20044,1,undetected,N20044,N20044,N20044,sa1,1
30278,N93378 /1 undetected,output,,N93378,N93378,1,undetected,N93378,N93378,N93378,sa1,1
30279,N17683 /1 undetected,output,,N17683,N17683,1,undetected,N17683,N17683,N17683,sa1,1
30280,N17683 /0 undetected,output,,N17683,N17683,0,undetected,N17683,N17683,N17683,sa0,1
30281,N17682 /1 undetected,output,,N17682,N17682,1,undetected,N17682,N17682,N17682,sa1,1
30282,N17680 /1 undetected,output,,N17680,N17680,1,undetected,N17680,N17680,N17680,sa1,1
30283,N17678 /1 undetected,output,,N17678,N17678,1,undetected,N17678,N17678,N17678,sa1,1
30284,N103469 /1 undetected,output,,N103469,N103469,1,undetected,N103469,N103469,N103469,sa1,1
30285,N99936 /1 undetected,output,,N99936,N99936,1,undetected,N99936,N99936,N99936,sa1,1
30286,N17475 /1 undetected,output,,N17475,N17475,1,undetected,N17475,N17475,N17475,sa1,1
30287,N3576 /1 undetected,output,,N3576,N3576,1,undetected,N3576,N3576,N3576,sa1,1
30288,N3576 /0 undetected,output,,N3576,N3576,0,undetected,N3576,N3576,N3576,sa0,1
30289,N84324 /1 undetected,output,,N84324,N84324,1,undetected,N84324,N84324,N84324,sa1,1
30290,N3575 /1 undetected,output,,N3575,N3575,1,undetected,N3575,N3575,N3575,sa1,1
30291,N3573 /1 undetected,output,,N3573,N3573,1,undetected,N3573,N3573,N3573,sa1,1
30292,N93024 /1 undetected,output,,N93024,N93024,1,undetected,N93024,N93024,N93024,sa1,1
30293,N92159 /1 undetected,output,,N92159,N92159,1,undetected,N92159,N92159,N92159,sa1,1
30294,N3395 /1 undetected,output,,N3395,N3395,1,undetected,N3395,N3395,N3395,sa1,1
30295,N96189 /1 undetected,output,,N96189,N96189,1,undetected,N96189,N96189,N96189,sa1,1
30296,N83874 /1 undetected,output,,N83874,N83874,1,undetected,N83874,N83874,N83874,sa1,1
30297,N85377 /1 undetected,output,,N85377,N85377,1,undetected,N85377,N85377,N85377,sa1,1
30298,N3107 /1 undetected,output,,N3107,N3107,1,undetected,N3107,N3107,N3107,sa1,1
30299,N92240 /1 undetected,output,,N92240,N92240,1,undetected,N92240,N92240,N92240,sa1,1
30300,N3105 /1 undetected,output,,N3105,N3105,1,undetected,N3105,N3105,N3105,sa1,1
30301,N96020 /1 undetected,output,,N96020,N96020,1,undetected,N96020,N96020,N96020,sa1,1
30302,N3104 /1 undetected,output,,N3104,N3104,1,undetected,N3104,N3104,N3104,sa1,1
30303,N86691 /1 undetected,output,,N86691,N86691,1,undetected,N86691,N86691,N86691,sa1,1
30304,N3102 /1 undetected,output,,N3102,N3102,1,undetected,N3102,N3102,N3102,sa1,1
30305,N3100 /1 undetected,output,,N3100,N3100,1,undetected,N3100,N3100,N3100,sa1,1
30306,N95920 /1 undetected,output,,N95920,N95920,1,undetected,N95920,N95920,N95920,sa1,1
30307,N76380 /1 undetected,output,,N76380,N76380,1,undetected,N76380,N76380,N76380,sa1,1
30308,N3098 /1 undetected,output,,N3098,N3098,1,undetected,N3098,N3098,N3098,sa1,1
30309,N96035 /1 undetected,output,,N96035,N96035,1,undetected,N96035,N96035,N96035,sa1,1
30310,N3096 /1 undetected,output,,N3096,N3096,1,undetected,N3096,N3096,N3096,sa1,1
30311,N86158 /1 undetected,output,,N86158,N86158,1,undetected,N86158,N86158,N86158,sa1,1
30312,N76579 /1 undetected,output,,N76579,N76579,1,undetected,N76579,N76579,N76579,sa1,1
30313,N56601 /0 undetected,output,,N56601,N56601,0,undetected,N56601,N56601,N56601,sa0,1
30314,N121196 /1 undetected,output,,N121196,N121196,1,undetected,N121196,N121196,N121196,sa1,1
30315,N21899 /1 undetected,output,,N21899,N21899,1,undetected,N21899,N21899,N21899,sa1,1
30316,N21899 /0 undetected,output,,N21899,N21899,0,undetected,N21899,N21899,N21899,sa0,1
30317,N96308 /1 undetected,output,,N96308,N96308,1,undetected,N96308,N96308,N96308,sa1,1
30318,N93043 /1 undetected,output,,N93043,N93043,1,undetected,N93043,N93043,N93043,sa1,1
30319,N16586 /0 undetected,output,,N16586,N16586,0,undetected,N16586,N16586,N16586,sa0,1
30320,N92944 /1 undetected,output,,N92944,N92944,1,undetected,N92944,N92944,N92944,sa1,1
30321,N15841 /1 undetected,output,,N15841,N15841,1,undetected,N15841,N15841,N15841,sa1,1
30322,N102229 /1 undetected,output,,N102229,N102229,1,undetected,N102229,N102229,N102229,sa1,1
30323,N15839 /1 undetected,output,,N15839,N15839,1,undetected,N15839,N15839,N15839,sa1,1
30324,N102774 /1 undetected,output,,N102774,N102774,1,undetected,N102774,N102774,N102774,sa1,1
30325,N100000 /1 undetected,output,,N100000,N100000,1,undetected,N100000,N100000,N100000,sa1,1
30326,N14900 /1 undetected,output,,N14900,N14900,1,undetected,N14900,N14900,N14900,sa1,1
30327,N14898 /1 undetected,output,,N14898,N14898,1,undetected,N14898,N14898,N14898,sa1,1
30328,N101974 /1 undetected,output,,N101974,N101974,1,undetected,N101974,N101974,N101974,sa1,1
30329,N14678 /1 undetected,output,,N14678,N14678,1,undetected,N14678,N14678,N14678,sa1,1
30330,N13113 /1 undetected,output,,N13113,N13113,1,undetected,N13113,N13113,N13113,sa1,1
30331,N13113 /0 undetected,output,,N13113,N13113,0,undetected,N13113,N13113,N13113,sa0,1
30332,N11513 /0 undetected,output,,N11513,N11513,0,undetected,N11513,N11513,N11513,sa0,1
30333,N99922 /1 undetected,output,,N99922,N99922,1,undetected,N99922,N99922,N99922,sa1,1
30334,N75193 /1 undetected,output,,N75193,N75193,1,undetected,N75193,N75193,N75193,sa1,1
30335,N8619 /0 undetected,output,,N8619,N8619,0,undetected,N8619,N8619,N8619,sa0,1
30336,N75075 /1 undetected,output,,N75075,N75075,1,undetected,N75075,N75075,N75075,sa1,1
30337,N2160 /1 undetected,output,,N2160,N2160,1,undetected,N2160,N2160,N2160,sa1,1
30338,N4242 /0 undetected,output,,N4242,N4242,0,undetected,N4242,N4242,N4242,sa0,1
30339,N76670 /1 undetected,output,,N76670,N76670,1,undetected,N76670,N76670,N76670,sa1,1
30340,N4240 /1 undetected,output,,N4240,N4240,1,undetected,N4240,N4240,N4240,sa1,1
30341,N3589 /1 undetected,output,,N3589,N3589,1,undetected,N3589,N3589,N3589,sa1,1
30342,N3589 /0 undetected,output,,N3589,N3589,0,undetected,N3589,N3589,N3589,sa0,1
30343,N96174 /1 undetected,output,,N96174,N96174,1,undetected,N96174,N96174,N96174,sa1,1
30344,N93019 /1 undetected,output,,N93019,N93019,1,undetected,N93019,N93019,N93019,sa1,1
30345,N3339 /1 undetected,output,,N3339,N3339,1,undetected,N3339,N3339,N3339,sa1,1
30346,N3339 /0 undetected,output,,N3339,N3339,0,undetected,N3339,N3339,N3339,sa0,1
30347,N96301 /1 undetected,output,,N96301,N96301,1,undetected,N96301,N96301,N96301,sa1,1
30348,N96293 /1 undetected,output,,N96293,N96293,1,undetected,N96293,N96293,N96293,sa1,1
30349,N3197 /1 undetected,output,,N3197,N3197,1,undetected,N3197,N3197,N3197,sa1,1
30350,N3197 /0 undetected,output,,N3197,N3197,0,undetected,N3197,N3197,N3197,sa0,1
30351,N96173 /1 undetected,output,,N96173,N96173,1,undetected,N96173,N96173,N96173,sa1,1
30352,N83873 /1 undetected,output,,N83873,N83873,1,undetected,N83873,N83873,N83873,sa1,1
30353,N2145 /0 undetected,output,,N2145,N2145,0,undetected,N2145,N2145,N2145,sa0,1
30354,N74868 /1 undetected,output,,N74868,N74868,1,undetected,N74868,N74868,N74868,sa1,1
30355,N2143 /1 undetected,output,,N2143,N2143,1,undetected,N2143,N2143,N2143,sa1,1
30356,N69767 /0 undetected,output,,N69767,N69767,0,undetected,N69767,N69767,N69767,sa0,1
30357,N69765 /1 undetected,output,,N69765,N69765,1,undetected,N69765,N69765,N69765,sa1,1
30358,N90878 /1 undetected,output,,N90878,N90878,1,undetected,N90878,N90878,N90878,sa1,1
30359,N69760 /1 undetected,output,,N69760,N69760,1,undetected,N69760,N69760,N69760,sa1,1
30360,N77222 /1 undetected,output,,N77222,N77222,1,undetected,N77222,N77222,N77222,sa1,1
30361,N69759 /1 undetected,output,,N69759,N69759,1,undetected,N69759,N69759,N69759,sa1,1
30362,N126566 /1 undetected,output,,N126566,N126566,1,undetected,N126566,N126566,N126566,sa1,1
30363,N83033 /1 undetected,output,,N83033,N83033,1,undetected,N83033,N83033,N83033,sa1,1
30364,N69757 /1 undetected,output,,N69757,N69757,1,undetected,N69757,N69757,N69757,sa1,1
30365,N90846 /1 undetected,output,,N90846,N90846,1,undetected,N90846,N90846,N90846,sa1,1
30366,N69755 /1 undetected,output,,N69755,N69755,1,undetected,N69755,N69755,N69755,sa1,1
30367,N83117 /1 undetected,output,,N83117,N83117,1,undetected,N83117,N83117,N83117,sa1,1
30368,N69750 /1 undetected,output,,N69750,N69750,1,undetected,N69750,N69750,N69750,sa1,1
30369,N86763 /1 undetected,output,,N86763,N86763,1,undetected,N86763,N86763,N86763,sa1,1
30370,N69749 /1 undetected,output,,N69749,N69749,1,undetected,N69749,N69749,N69749,sa1,1
30371,N126565 /1 undetected,output,,N126565,N126565,1,undetected,N126565,N126565,N126565,sa1,1
30372,N90845 /1 undetected,output,,N90845,N90845,1,undetected,N90845,N90845,N90845,sa1,1
30373,N69747 /1 undetected,output,,N69747,N69747,1,undetected,N69747,N69747,N69747,sa1,1
30374,N83032 /1 undetected,output,,N83032,N83032,1,undetected,N83032,N83032,N83032,sa1,1
30375,N69399 /1 undetected,output,,N69399,N69399,1,undetected,N69399,N69399,N69399,sa1,1
30376,N69399 /0 undetected,output,,N69399,N69399,0,undetected,N69399,N69399,N69399,sa0,1
30377,N69398 /1 undetected,output,,N69398,N69398,1,undetected,N69398,N69398,N69398,sa1,1
30378,N69396 /1 undetected,output,,N69396,N69396,1,undetected,N69396,N69396,N69396,sa1,1
30379,N69394 /1 undetected,output,,N69394,N69394,1,undetected,N69394,N69394,N69394,sa1,1
30380,N90835 /1 undetected,output,,N90835,N90835,1,undetected,N90835,N90835,N90835,sa1,1
30381,N69393 /1 undetected,output,,N69393,N69393,1,undetected,N69393,N69393,N69393,sa1,1
30382,N126469 /1 undetected,output,,N126469,N126469,1,undetected,N126469,N126469,N126469,sa1,1
30383,N83158 /1 undetected,output,,N83158,N83158,1,undetected,N83158,N83158,N83158,sa1,1
30384,N69391 /1 undetected,output,,N69391,N69391,1,undetected,N69391,N69391,N69391,sa1,1
30385,N126467 /1 undetected,output,,N126467,N126467,1,undetected,N126467,N126467,N126467,sa1,1
30386,N90892 /1 undetected,output,,N90892,N90892,1,undetected,N90892,N90892,N90892,sa1,1
30387,N69389 /1 undetected,output,,N69389,N69389,1,undetected,N69389,N69389,N69389,sa1,1
30388,N126470 /1 undetected,output,,N126470,N126470,1,undetected,N126470,N126470,N126470,sa1,1
30389,N126432 /1 undetected,output,,N126432,N126432,1,undetected,N126432,N126432,N126432,sa1,1
30390,N69385 /1 undetected,output,,N69385,N69385,1,undetected,N69385,N69385,N69385,sa1,1
30391,N69383 /1 undetected,output,,N69383,N69383,1,undetected,N69383,N69383,N69383,sa1,1
30392,N69381 /1 undetected,output,,N69381,N69381,1,undetected,N69381,N69381,N69381,sa1,1
30393,N83011 /1 undetected,output,,N83011,N83011,1,undetected,N83011,N83011,N83011,sa1,1
30394,N69380 /1 undetected,output,,N69380,N69380,1,undetected,N69380,N69380,N69380,sa1,1
30395,N126468 /1 undetected,output,,N126468,N126468,1,undetected,N126468,N126468,N126468,sa1,1
30396,N90891 /1 undetected,output,,N90891,N90891,1,undetected,N90891,N90891,N90891,sa1,1
30397,N69370 /1 undetected,output,,N69370,N69370,1,undetected,N69370,N69370,N69370,sa1,1
30398,N126466 /1 undetected,output,,N126466,N126466,1,undetected,N126466,N126466,N126466,sa1,1
30399,N83157 /1 undetected,output,,N83157,N83157,1,undetected,N83157,N83157,N83157,sa1,1
30400,N69332 /1 undetected,output,,N69332,N69332,1,undetected,N69332,N69332,N69332,sa1,1
30401,N126454 /1 undetected,output,,N126454,N126454,1,undetected,N126454,N126454,N126454,sa1,1
30402,N126430 /1 undetected,output,,N126430,N126430,1,undetected,N126430,N126430,N126430,sa1,1
30403,N124060 /1 undetected,output,,N124060,N124060,1,undetected,N124060,N124060,N124060,sa1,1
30404,N124059 /1 undetected,output,,N124059,N124059,1,undetected,N124059,N124059,N124059,sa1,1
30405,N61092 /0 undetected,output,,N61092,N61092,0,undetected,N61092,N61092,N61092,sa0,1
30406,N123997 /1 undetected,output,,N123997,N123997,1,undetected,N123997,N123997,N123997,sa1,1
30407,N61055 /0 undetected,output,,N61055,N61055,0,undetected,N61055,N61055,N61055,sa0,1
30408,N124029 /1 undetected,output,,N124029,N124029,1,undetected,N124029,N124029,N124029,sa1,1
30409,N61037 /0 undetected,output,,N61037,N61037,0,undetected,N61037,N61037,N61037,sa0,1
30410,N90662 /1 undetected,output,,N90662,N90662,1,undetected,N90662,N90662,N90662,sa1,1
30411,N60946 /0 undetected,output,,N60946,N60946,0,undetected,N60946,N60946,N60946,sa0,1
30412,N21191 /1 undetected,output,,N21191,N21191,1,undetected,N21191,N21191,N21191,sa1,1
30413,N21191 /0 undetected,output,,N21191,N21191,0,undetected,N21191,N21191,N21191,sa0,1
30414,N86249 /1 undetected,output,,N86249,N86249,1,undetected,N86249,N86249,N86249,sa1,1
30415,N21189 /1 undetected,output,,N21189,N21189,1,undetected,N21189,N21189,N21189,sa1,1
30416,N104439 /1 undetected,output,,N104439,N104439,1,undetected,N104439,N104439,N104439,sa1,1
30417,N86082 /1 undetected,output,,N86082,N86082,1,undetected,N86082,N86082,N86082,sa1,1
30418,N20462 /1 undetected,output,,N20462,N20462,1,undetected,N20462,N20462,N20462,sa1,1
30419,N20462 /0 undetected,output,,N20462,N20462,0,undetected,N20462,N20462,N20462,sa0,1
30420,N104302 /1 undetected,output,,N104302,N104302,1,undetected,N104302,N104302,N104302,sa1,1
30421,N93334 /1 undetected,output,,N93334,N93334,1,undetected,N93334,N93334,N93334,sa1,1
30422,N104301 /1 undetected,output,,N104301,N104301,1,undetected,N104301,N104301,N104301,sa1,1
30423,N100673 /1 undetected,output,,N100673,N100673,1,undetected,N100673,N100673,N100673,sa1,1
30424,N12630 /1 undetected,output,,N12630,N12630,1,undetected,N12630,N12630,N12630,sa1,1
30425,N93231 /1 undetected,output,,N93231,N93231,1,undetected,N93231,N93231,N93231,sa1,1
30426,N16339 /1 undetected,output,,N16339,N16339,1,undetected,N16339,N16339,N16339,sa1,1
30427,N16339 /0 undetected,output,,N16339,N16339,0,undetected,N16339,N16339,N16339,sa0,1
30428,N16338 /1 undetected,output,,N16338,N16338,1,undetected,N16338,N16338,N16338,sa1,1
30429,N95233 /1 undetected,output,,N95233,N95233,1,undetected,N95233,N95233,N95233,sa1,1
30430,N16337 /1 undetected,output,,N16337,N16337,1,undetected,N16337,N16337,N16337,sa1,1
30431,N84087 /1 undetected,output,,N84087,N84087,1,undetected,N84087,N84087,N84087,sa1,1
30432,N12348 /1 undetected,output,,N12348,N12348,1,undetected,N12348,N12348,N12348,sa1,1
30433,N16335 /1 undetected,output,,N16335,N16335,1,undetected,N16335,N16335,N16335,sa1,1
30434,N101886 /1 undetected,output,,N101886,N101886,1,undetected,N101886,N101886,N101886,sa1,1
30435,N12346 /1 undetected,output,,N12346,N12346,1,undetected,N12346,N12346,N12346,sa1,1
30436,N11429 /1 undetected,output,,N11429,N11429,1,undetected,N11429,N11429,N11429,sa1,1
30437,N11429 /0 undetected,output,,N11429,N11429,0,undetected,N11429,N11429,N11429,sa0,1
30438,N84160 /1 undetected,output,,N84160,N84160,1,undetected,N84160,N84160,N84160,sa1,1
30439,N11428 /1 undetected,output,,N11428,N11428,1,undetected,N11428,N11428,N11428,sa1,1
30440,N99790 /1 undetected,output,,N99790,N99790,1,undetected,N99790,N99790,N99790,sa1,1
30441,N11426 /1 undetected,output,,N11426,N11426,1,undetected,N11426,N11426,N11426,sa1,1
30442,N99797 /1 undetected,output,,N99797,N99797,1,undetected,N99797,N99797,N99797,sa1,1
30443,N84132 /1 undetected,output,,N84132,N84132,1,undetected,N84132,N84132,N84132,sa1,1
30444,N2859 /1 undetected,output,,N2859,N2859,1,undetected,N2859,N2859,N2859,sa1,1
30445,N2859 /0 undetected,output,,N2859,N2859,0,undetected,N2859,N2859,N2859,sa0,1
30446,N2857 /1 undetected,output,,N2857,N2857,1,undetected,N2857,N2857,N2857,sa1,1
30447,N95198 /1 undetected,output,,N95198,N95198,1,undetected,N95198,N95198,N95198,sa1,1
30448,N95191 /1 undetected,output,,N95191,N95191,1,undetected,N95191,N95191,N95191,sa1,1
30449,N2850 /1 undetected,output,,N2850,N2850,1,undetected,N2850,N2850,N2850,sa1,1
30450,N84061 /1 undetected,output,,N84061,N84061,1,undetected,N84061,N84061,N84061,sa1,1
30451,N2846 /1 undetected,output,,N2846,N2846,1,undetected,N2846,N2846,N2846,sa1,1
30452,N95177 /1 undetected,output,,N95177,N95177,1,undetected,N95177,N95177,N95177,sa1,1
30453,N95174 /1 undetected,output,,N95174,N95174,1,undetected,N95174,N95174,N95174,sa1,1
30454,N50998 /0 undetected,output,,N50998,N50998,0,undetected,N50998,N50998,N50998,sa0,1
30455,N102722 /1 undetected,output,,N102722,N102722,1,undetected,N102722,N102722,N102722,sa1,1
30456,N96355 /1 undetected,output,,N96355,N96355,1,undetected,N96355,N96355,N96355,sa1,1
30457,N28248 /1 undetected,output,,N28248,N28248,1,undetected,N28248,N28248,N28248,sa1,1
30458,N106511 /1 undetected,output,,N106511,N106511,1,undetected,N106511,N106511,N106511,sa1,1
30459,N23630 /1 undetected,output,,N23630,N23630,1,undetected,N23630,N23630,N23630,sa1,1
30460,N23630 /0 undetected,output,,N23630,N23630,0,undetected,N23630,N23630,N23630,sa0,1
30461,N94062 /1 undetected,output,,N94062,N94062,1,undetected,N94062,N94062,N94062,sa1,1
30462,N23628 /1 undetected,output,,N23628,N23628,1,undetected,N23628,N23628,N23628,sa1,1
30463,N101725 /1 undetected,output,,N101725,N101725,1,undetected,N101725,N101725,N101725,sa1,1
30464,N83693 /1 undetected,output,,N83693,N83693,1,undetected,N83693,N83693,N83693,sa1,1
30465,N22178 /1 undetected,output,,N22178,N22178,1,undetected,N22178,N22178,N22178,sa1,1
30466,N22178 /0 undetected,output,,N22178,N22178,0,undetected,N22178,N22178,N22178,sa0,1
30467,N104647 /1 undetected,output,,N104647,N104647,1,undetected,N104647,N104647,N104647,sa1,1
30468,N84190 /1 undetected,output,,N84190,N84190,1,undetected,N84190,N84190,N84190,sa1,1
30469,N22146 /0 undetected,output,,N22146,N22146,0,undetected,N22146,N22146,N22146,sa0,1
30470,N20855 /1 undetected,output,,N20855,N20855,1,undetected,N20855,N20855,N20855,sa1,1
30471,N21953 /1 undetected,output,,N21953,N21953,1,undetected,N21953,N21953,N21953,sa1,1
30472,N84945 /1 undetected,output,,N84945,N84945,1,undetected,N84945,N84945,N84945,sa1,1
30473,N21950 /1 undetected,output,,N21950,N21950,1,undetected,N21950,N21950,N21950,sa1,1
30474,N20992 /1 undetected,output,,N20992,N20992,1,undetected,N20992,N20992,N20992,sa1,1
30475,N20992 /0 undetected,output,,N20992,N20992,0,undetected,N20992,N20992,N20992,sa0,1
30476,N104444 /1 undetected,output,,N104444,N104444,1,undetected,N104444,N104444,N104444,sa1,1
30477,N20790 /1 undetected,output,,N20790,N20790,1,undetected,N20790,N20790,N20790,sa1,1
30478,N20790 /0 undetected,output,,N20790,N20790,0,undetected,N20790,N20790,N20790,sa0,1
30479,N104646 /1 undetected,output,,N104646,N104646,1,undetected,N104646,N104646,N104646,sa1,1
30480,N104091 /1 undetected,output,,N104091,N104091,1,undetected,N104091,N104091,N104091,sa1,1
30481,N20327 /1 undetected,output,,N20327,N20327,1,undetected,N20327,N20327,N20327,sa1,1
30482,N104512 /1 undetected,output,,N104512,N104512,1,undetected,N104512,N104512,N104512,sa1,1
30483,N9078 /1 undetected,output,,N9078,N9078,1,undetected,N9078,N9078,N9078,sa1,1
30484,N98832 /1 undetected,output,,N98832,N98832,1,undetected,N98832,N98832,N98832,sa1,1
30485,N20103 /1 undetected,output,,N20103,N20103,1,undetected,N20103,N20103,N20103,sa1,1
30486,N20103 /0 undetected,output,,N20103,N20103,0,undetected,N20103,N20103,N20103,sa0,1
30487,N104373 /1 undetected,output,,N104373,N104373,1,undetected,N104373,N104373,N104373,sa1,1
30488,N93327 /1 undetected,output,,N93327,N93327,1,undetected,N93327,N93327,N93327,sa1,1
30489,N16493 /0 undetected,output,,N16493,N16493,0,undetected,N16493,N16493,N16493,sa0,1
30490,N86709 /1 undetected,output,,N86709,N86709,1,undetected,N86709,N86709,N86709,sa1,1
30491,N16478 /1 undetected,output,,N16478,N16478,1,undetected,N16478,N16478,N16478,sa1,1
30492,N16478 /0 undetected,output,,N16478,N16478,0,undetected,N16478,N16478,N16478,sa0,1
30493,N103050 /1 undetected,output,,N103050,N103050,1,undetected,N103050,N103050,N103050,sa1,1
30494,N87211 /1 undetected,output,,N87211,N87211,1,undetected,N87211,N87211,N87211,sa1,1
30495,N16091 /1 undetected,output,,N16091,N16091,1,undetected,N16091,N16091,N16091,sa1,1
30496,N16088 /1 undetected,output,,N16088,N16088,1,undetected,N16088,N16088,N16088,sa1,1
30497,N94071 /1 undetected,output,,N94071,N94071,1,undetected,N94071,N94071,N94071,sa1,1
30498,N94067 /1 undetected,output,,N94067,N94067,1,undetected,N94067,N94067,N94067,sa1,1
30499,N13394 /0 undetected,output,,N13394,N13394,0,undetected,N13394,N13394,N13394,sa0,1
30500,N101274 /1 undetected,output,,N101274,N101274,1,undetected,N101274,N101274,N101274,sa1,1
30501,N101257 /1 undetected,output,,N101257,N101257,1,undetected,N101257,N101257,N101257,sa1,1
30502,N13393 /1 undetected,output,,N13393,N13393,1,undetected,N13393,N13393,N13393,sa1,1
30503,N13393 /0 undetected,output,,N13393,N13393,0,undetected,N13393,N13393,N13393,sa0,1
30504,N11575 /0 undetected,output,,N11575,N11575,0,undetected,N11575,N11575,N11575,sa0,1
30505,N99988 /1 undetected,output,,N99988,N99988,1,undetected,N99988,N99988,N99988,sa1,1
30506,N11514 /1 undetected,output,,N11514,N11514,1,undetected,N11514,N11514,N11514,sa1,1
30507,N11514 /0 undetected,output,,N11514,N11514,0,undetected,N11514,N11514,N11514,sa0,1
30508,N99853 /1 undetected,output,,N99853,N99853,1,undetected,N99853,N99853,N99853,sa1,1
30509,N85205 /1 undetected,output,,N85205,N85205,1,undetected,N85205,N85205,N85205,sa1,1
30510,N10142 /1 undetected,output,,N10142,N10142,1,undetected,N10142,N10142,N10142,sa1,1
30511,N92583 /1 undetected,output,,N92583,N92583,1,undetected,N92583,N92583,N92583,sa1,1
30512,N10110 /1 undetected,output,,N10110,N10110,1,undetected,N10110,N10110,N10110,sa1,1
30513,N86637 /1 undetected,output,,N86637,N86637,1,undetected,N86637,N86637,N86637,sa1,1
30514,N10108 /1 undetected,output,,N10108,N10108,1,undetected,N10108,N10108,N10108,sa1,1
30515,N92523 /1 undetected,output,,N92523,N92523,1,undetected,N92523,N92523,N92523,sa1,1
30516,N10068 /0 undetected,output,,N10068,N10068,0,undetected,N10068,N10068,N10068,sa0,1
30517,N99147 /1 undetected,output,,N99147,N99147,1,undetected,N99147,N99147,N99147,sa1,1
30518,N92747 /1 undetected,output,,N92747,N92747,1,undetected,N92747,N92747,N92747,sa1,1
30519,N8777 /1 undetected,output,,N8777,N8777,1,undetected,N8777,N8777,N8777,sa1,1
30520,N98604 /1 undetected,output,,N98604,N98604,1,undetected,N98604,N98604,N98604,sa1,1
30521,N8664 /1 undetected,output,,N8664,N8664,1,undetected,N8664,N8664,N8664,sa1,1
30522,N92741 /1 undetected,output,,N92741,N92741,1,undetected,N92741,N92741,N92741,sa1,1
30523,N8634 /1 undetected,output,,N8634,N8634,1,undetected,N8634,N8634,N8634,sa1,1
30524,N98560 /1 undetected,output,,N98560,N98560,1,undetected,N98560,N98560,N98560,sa1,1
30525,N84366 /1 undetected,output,,N84366,N84366,1,undetected,N84366,N84366,N84366,sa1,1
30526,N8507 /1 undetected,output,,N8507,N8507,1,undetected,N8507,N8507,N8507,sa1,1
30527,N96120 /1 undetected,output,,N96120,N96120,1,undetected,N96120,N96120,N96120,sa1,1
30528,N84665 /1 undetected,output,,N84665,N84665,1,undetected,N84665,N84665,N84665,sa1,1
30529,N4332 /0 undetected,output,,N4332,N4332,0,undetected,N4332,N4332,N4332,sa0,1
30530,N92292 /1 undetected,output,,N92292,N92292,1,undetected,N92292,N92292,N92292,sa1,1
30531,N74717 /1 undetected,output,,N74717,N74717,1,undetected,N74717,N74717,N74717,sa1,1
30532,N4292 /1 undetected,output,,N4292,N4292,1,undetected,N4292,N4292,N4292,sa1,1
30533,N96711 /1 undetected,output,,N96711,N96711,1,undetected,N96711,N96711,N96711,sa1,1
30534,N3588 /1 undetected,output,,N3588,N3588,1,undetected,N3588,N3588,N3588,sa1,1
30535,N3588 /0 undetected,output,,N3588,N3588,0,undetected,N3588,N3588,N3588,sa0,1
30536,N96118 /1 undetected,output,,N96118,N96118,1,undetected,N96118,N96118,N96118,sa1,1
30537,N86698 /1 undetected,output,,N86698,N86698,1,undetected,N86698,N86698,N86698,sa1,1
30538,N3477 /0 undetected,output,,N3477,N3477,0,undetected,N3477,N3477,N3477,sa0,1
30539,N3459 /0 undetected,output,,N3459,N3459,0,undetected,N3459,N3459,N3459,sa0,1
30540,N96194 /1 undetected,output,,N96194,N96194,1,undetected,N96194,N96194,N96194,sa1,1
30541,N92875 /1 undetected,output,,N92875,N92875,1,undetected,N92875,N92875,N92875,sa1,1
30542,N3397 /1 undetected,output,,N3397,N3397,1,undetected,N3397,N3397,N3397,sa1,1
30543,N3397 /0 undetected,output,,N3397,N3397,0,undetected,N3397,N3397,N3397,sa0,1
30544,N96193 /1 undetected,output,,N96193,N96193,1,undetected,N96193,N96193,N96193,sa1,1
30545,N92865 /1 undetected,output,,N92865,N92865,1,undetected,N92865,N92865,N92865,sa1,1
30546,N3168 /1 undetected,output,,N3168,N3168,1,undetected,N3168,N3168,N3168,sa1,1
30547,N96117 /1 undetected,output,,N96117,N96117,1,undetected,N96117,N96117,N96117,sa1,1
30548,N77155 /1 undetected,output,,N77155,N77155,1,undetected,N77155,N77155,N77155,sa1,1
30549,N70168 /0 undetected,output,,N70168,N70168,0,undetected,N70168,N70168,N70168,sa0,1
30550,N77532 /1 undetected,output,,N77532,N77532,1,undetected,N77532,N77532,N77532,sa1,1
30551,N70166 /1 undetected,output,,N70166,N70166,1,undetected,N70166,N70166,N70166,sa1,1
30552,N83242 /1 undetected,output,,N83242,N83242,1,undetected,N83242,N83242,N83242,sa1,1
30553,N86958 /1 undetected,output,,N86958,N86958,1,undetected,N86958,N86958,N86958,sa1,1
30554,N90920 /1 undetected,output,,N90920,N90920,1,undetected,N90920,N90920,N90920,sa1,1
30555,N78969 /1 undetected,output,,N78969,N78969,1,undetected,N78969,N78969,N78969,sa1,1
30556,N69440 /0 undetected,output,,N69440,N69440,0,undetected,N69440,N69440,N69440,sa0,1
30557,N69293 /1 undetected,output,,N69293,N69293,1,undetected,N69293,N69293,N69293,sa1,1
30558,N83134 /1 undetected,output,,N83134,N83134,1,undetected,N83134,N83134,N83134,sa1,1
30559,N86759 /1 undetected,output,,N86759,N86759,1,undetected,N86759,N86759,N86759,sa1,1
30560,N90871 /1 undetected,output,,N90871,N90871,1,undetected,N90871,N90871,N90871,sa1,1
30561,N83101 /1 undetected,output,,N83101,N83101,1,undetected,N83101,N83101,N83101,sa1,1
30562,N60930 /1 undetected,output,,N60930,N60930,1,undetected,N60930,N60930,N60930,sa1,1
30563,N60930 /0 undetected,output,,N60930,N60930,0,undetected,N60930,N60930,N60930,sa0,1
30564,N124088 /1 undetected,output,,N124088,N124088,1,undetected,N124088,N124088,N124088,sa1,1
30565,N82520 /1 undetected,output,,N82520,N82520,1,undetected,N82520,N82520,N82520,sa1,1
30566,N56356 /1 undetected,output,,N56356,N56356,1,undetected,N56356,N56356,N56356,sa1,1
30567,N56356 /0 undetected,output,,N56356,N56356,0,undetected,N56356,N56356,N56356,sa0,1
30568,N99829 /1 undetected,output,,N99829,N99829,1,undetected,N99829,N99829,N99829,sa1,1
30569,N92161 /1 undetected,output,,N92161,N92161,1,undetected,N92161,N92161,N92161,sa1,1
30570,N23528 /0 undetected,output,,N23528,N23528,0,undetected,N23528,N23528,N23528,sa0,1
30571,N23527 /1 undetected,output,,N23527,N23527,1,undetected,N23527,N23527,N23527,sa1,1
30572,N91387 /1 undetected,output,,N91387,N91387,1,undetected,N91387,N91387,N91387,sa1,1
30573,N84312 /1 undetected,output,,N84312,N84312,1,undetected,N84312,N84312,N84312,sa1,1
30574,N23526 /1 undetected,output,,N23526,N23526,1,undetected,N23526,N23526,N23526,sa1,1
30575,N74489 /1 undetected,output,,N74489,N74489,1,undetected,N74489,N74489,N74489,sa1,1
30576,N2188 /1 undetected,output,,N2188,N2188,1,undetected,N2188,N2188,N2188,sa1,1
30577,N92797 /1 undetected,output,,N92797,N92797,1,undetected,N92797,N92797,N92797,sa1,1
30578,N74895 /1 undetected,output,,N74895,N74895,1,undetected,N74895,N74895,N74895,sa1,1
30579,N19073 /1 undetected,output,,N19073,N19073,1,undetected,N19073,N19073,N19073,sa1,1
30580,N21253 /1 undetected,output,,N21253,N21253,1,undetected,N21253,N21253,N21253,sa1,1
30581,N21253 /0 undetected,output,,N21253,N21253,0,undetected,N21253,N21253,N21253,sa0,1
30582,N104902 /1 undetected,output,,N104902,N104902,1,undetected,N104902,N104902,N104902,sa1,1
30583,N93340 /1 undetected,output,,N93340,N93340,1,undetected,N93340,N93340,N93340,sa1,1
30584,N21139 /1 undetected,output,,N21139,N21139,1,undetected,N21139,N21139,N21139,sa1,1
30585,N21139 /0 undetected,output,,N21139,N21139,0,undetected,N21139,N21139,N21139,sa0,1
30586,N104866 /1 undetected,output,,N104866,N104866,1,undetected,N104866,N104866,N104866,sa1,1
30587,N104161 /1 undetected,output,,N104161,N104161,1,undetected,N104161,N104161,N104161,sa1,1
30588,N20756 /1 undetected,output,,N20756,N20756,1,undetected,N20756,N20756,N20756,sa1,1
30589,N20754 /1 undetected,output,,N20754,N20754,1,undetected,N20754,N20754,N20754,sa1,1
30590,N20287 /0 undetected,output,,N20287,N20287,0,undetected,N20287,N20287,N20287,sa0,1
30591,N20286 /1 undetected,output,,N20286,N20286,1,undetected,N20286,N20286,N20286,sa1,1
30592,N104497 /1 undetected,output,,N104497,N104497,1,undetected,N104497,N104497,N104497,sa1,1
30593,N85261 /1 undetected,output,,N85261,N85261,1,undetected,N85261,N85261,N85261,sa1,1
30594,N104493 /1 undetected,output,,N104493,N104493,1,undetected,N104493,N104493,N104493,sa1,1
30595,N104235 /1 undetected,output,,N104235,N104235,1,undetected,N104235,N104235,N104235,sa1,1
30596,N17159 /1 undetected,output,,N17159,N17159,1,undetected,N17159,N17159,N17159,sa1,1
30597,N17159 /0 undetected,output,,N17159,N17159,0,undetected,N17159,N17159,N17159,sa0,1
30598,N15862 /0 undetected,output,,N15862,N15862,0,undetected,N15862,N15862,N15862,sa0,1
30599,N102775 /1 undetected,output,,N102775,N102775,1,undetected,N102775,N102775,N102775,sa1,1
30600,N102283 /1 undetected,output,,N102283,N102283,1,undetected,N102283,N102283,N102283,sa1,1
30601,N14981 /1 undetected,output,,N14981,N14981,1,undetected,N14981,N14981,N14981,sa1,1
30602,N13424 /0 undetected,output,,N13424,N13424,0,undetected,N13424,N13424,N13424,sa0,1
30603,N101305 /1 undetected,output,,N101305,N101305,1,undetected,N101305,N101305,N101305,sa1,1
30604,N101285 /1 undetected,output,,N101285,N101285,1,undetected,N101285,N101285,N101285,sa1,1
30605,N13404 /0 undetected,output,,N13404,N13404,0,undetected,N13404,N13404,N13404,sa0,1
30606,N101270 /1 undetected,output,,N101270,N101270,1,undetected,N101270,N101270,N101270,sa1,1
30607,N101237 /1 undetected,output,,N101237,N101237,1,undetected,N101237,N101237,N101237,sa1,1
30608,N92095 /1 undetected,output,,N92095,N92095,1,undetected,N92095,N92095,N92095,sa1,1
30609,N12633 /1 undetected,output,,N12633,N12633,1,undetected,N12633,N12633,N12633,sa1,1
30610,N93230 /1 undetected,output,,N93230,N93230,1,undetected,N93230,N93230,N93230,sa1,1
30611,N11474 /0 undetected,output,,N11474,N11474,0,undetected,N11474,N11474,N11474,sa0,1
30612,N99828 /1 undetected,output,,N99828,N99828,1,undetected,N99828,N99828,N99828,sa1,1
30613,N92197 /1 undetected,output,,N92197,N92197,1,undetected,N92197,N92197,N92197,sa1,1
30614,N11455 /0 undetected,output,,N11455,N11455,0,undetected,N11455,N11455,N11455,sa0,1
30615,N99827 /1 undetected,output,,N99827,N99827,1,undetected,N99827,N99827,N99827,sa1,1
30616,N92183 /1 undetected,output,,N92183,N92183,1,undetected,N92183,N92183,N92183,sa1,1
30617,N8566 /0 undetected,output,,N8566,N8566,0,undetected,N8566,N8566,N8566,sa0,1
30618,N8564 /1 undetected,output,,N8564,N8564,1,undetected,N8564,N8564,N8564,sa1,1
30619,N98473 /1 undetected,output,,N98473,N98473,1,undetected,N98473,N98473,N98473,sa1,1
30620,N8562 /1 undetected,output,,N8562,N8562,1,undetected,N8562,N8562,N8562,sa1,1
30621,N74485 /1 undetected,output,,N74485,N74485,1,undetected,N74485,N74485,N74485,sa1,1
30622,N8561 /1 undetected,output,,N8561,N8561,1,undetected,N8561,N8561,N8561,sa1,1
30623,N98467 /1 undetected,output,,N98467,N98467,1,undetected,N98467,N98467,N98467,sa1,1
30624,N4485 /1 undetected,output,,N4485,N4485,1,undetected,N4485,N4485,N4485,sa1,1
30625,N97023 /1 undetected,output,,N97023,N97023,1,undetected,N97023,N97023,N97023,sa1,1
30626,N4482 /1 undetected,output,,N4482,N4482,1,undetected,N4482,N4482,N4482,sa1,1
30627,N96535 /1 undetected,output,,N96535,N96535,1,undetected,N96535,N96535,N96535,sa1,1
30628,N86773 /1 undetected,output,,N86773,N86773,1,undetected,N86773,N86773,N86773,sa1,1
30629,N3307 /1 undetected,output,,N3307,N3307,1,undetected,N3307,N3307,N3307,sa1,1
30630,N96275 /1 undetected,output,,N96275,N96275,1,undetected,N96275,N96275,N96275,sa1,1
30631,N93141 /1 undetected,output,,N93141,N93141,1,undetected,N93141,N93141,N93141,sa1,1
30632,N3178 /0 undetected,output,,N3178,N3178,0,undetected,N3178,N3178,N3178,sa0,1
30633,N74481 /1 undetected,output,,N74481,N74481,1,undetected,N74481,N74481,N74481,sa1,1
30634,N3176 /1 undetected,output,,N3176,N3176,1,undetected,N3176,N3176,N3176,sa1,1
30635,N96127 /1 undetected,output,,N96127,N96127,1,undetected,N96127,N96127,N96127,sa1,1
30636,N3174 /1 undetected,output,,N3174,N3174,1,undetected,N3174,N3174,N3174,sa1,1
30637,N92867 /1 undetected,output,,N92867,N92867,1,undetected,N92867,N92867,N92867,sa1,1
30638,N3173 /1 undetected,output,,N3173,N3173,1,undetected,N3173,N3173,N3173,sa1,1
30639,N77177 /1 undetected,output,,N77177,N77177,1,undetected,N77177,N77177,N77177,sa1,1
30640,N3172 /1 undetected,output,,N3172,N3172,1,undetected,N3172,N3172,N3172,sa1,1
30641,N84202 /1 undetected,output,,N84202,N84202,1,undetected,N84202,N84202,N84202,sa1,1
30642,N84116 /1 undetected,output,,N84116,N84116,1,undetected,N84116,N84116,N84116,sa1,1
30643,N56706 /0 undetected,output,,N56706,N56706,0,undetected,N56706,N56706,N56706,sa0,1
30644,N94063 /1 undetected,output,,N94063,N94063,1,undetected,N94063,N94063,N94063,sa1,1
30645,N56705 /1 undetected,output,,N56705,N56705,1,undetected,N56705,N56705,N56705,sa1,1
30646,N56704 /1 undetected,output,,N56704,N56704,1,undetected,N56704,N56704,N56704,sa1,1
30647,N98527 /1 undetected,output,,N98527,N98527,1,undetected,N98527,N98527,N98527,sa1,1
30648,N56703 /1 undetected,output,,N56703,N56703,1,undetected,N56703,N56703,N56703,sa1,1
30649,N85213 /1 undetected,output,,N85213,N85213,1,undetected,N85213,N85213,N85213,sa1,1
30650,N2561 /1 undetected,output,,N2561,N2561,1,undetected,N2561,N2561,N2561,sa1,1
30651,N56701 /1 undetected,output,,N56701,N56701,1,undetected,N56701,N56701,N56701,sa1,1
30652,N75205 /1 undetected,output,,N75205,N75205,1,undetected,N75205,N75205,N75205,sa1,1
30653,N11548 /1 undetected,output,,N11548,N11548,1,undetected,N11548,N11548,N11548,sa1,1
30654,N56491 /0 undetected,output,,N56491,N56491,0,undetected,N56491,N56491,N56491,sa0,1
30655,N95271 /1 undetected,output,,N95271,N95271,1,undetected,N95271,N95271,N95271,sa1,1
30656,N56468 /0 undetected,output,,N56468,N56468,0,undetected,N56468,N56468,N56468,sa0,1
30657,N77175 /1 undetected,output,,N77175,N77175,1,undetected,N77175,N77175,N77175,sa1,1
30658,N54646 /0 undetected,output,,N54646,N54646,0,undetected,N54646,N54646,N54646,sa0,1
30659,N120722 /1 undetected,output,,N120722,N120722,1,undetected,N120722,N120722,N120722,sa1,1
30660,N51372 /0 undetected,output,,N51372,N51372,0,undetected,N51372,N51372,N51372,sa0,1
30661,N98614 /1 undetected,output,,N98614,N98614,1,undetected,N98614,N98614,N98614,sa1,1
30662,N31871 /0 undetected,output,,N31871,N31871,0,undetected,N31871,N31871,N31871,sa0,1
30663,N113948 /1 undetected,output,,N113948,N113948,1,undetected,N113948,N113948,N113948,sa1,1
30664,N28293 /0 undetected,output,,N28293,N28293,0,undetected,N28293,N28293,N28293,sa0,1
30665,N109021 /1 undetected,output,,N109021,N109021,1,undetected,N109021,N109021,N109021,sa1,1
30666,N28071 /0 undetected,output,,N28071,N28071,0,undetected,N28071,N28071,N28071,sa0,1
30667,N105031 /1 undetected,output,,N105031,N105031,1,undetected,N105031,N105031,N105031,sa1,1
30668,N25421 /0 undetected,output,,N25421,N25421,0,undetected,N25421,N25421,N25421,sa0,1
30669,N84748 /1 undetected,output,,N84748,N84748,1,undetected,N84748,N84748,N84748,sa1,1
30670,N25408 /0 undetected,output,,N25408,N25408,0,undetected,N25408,N25408,N25408,sa0,1
30671,N108938 /1 undetected,output,,N108938,N108938,1,undetected,N108938,N108938,N108938,sa1,1
30672,N25127 /1 undetected,output,,N25127,N25127,1,undetected,N25127,N25127,N25127,sa1,1
30673,N25127 /0 undetected,output,,N25127,N25127,0,undetected,N25127,N25127,N25127,sa0,1
30674,N109000 /1 undetected,output,,N109000,N109000,1,undetected,N109000,N109000,N109000,sa1,1
30675,N105565 /1 undetected,output,,N105565,N105565,1,undetected,N105565,N105565,N105565,sa1,1
30676,N25118 /1 undetected,output,,N25118,N25118,1,undetected,N25118,N25118,N25118,sa1,1
30677,N25118 /0 undetected,output,,N25118,N25118,0,undetected,N25118,N25118,N25118,sa0,1
30678,N24838 /1 undetected,output,,N24838,N24838,1,undetected,N24838,N24838,N24838,sa1,1
30679,N24838 /0 undetected,output,,N24838,N24838,0,undetected,N24838,N24838,N24838,sa0,1
30680,N108848 /1 undetected,output,,N108848,N108848,1,undetected,N108848,N108848,N108848,sa1,1
30681,N105564 /1 undetected,output,,N105564,N105564,1,undetected,N105564,N105564,N105564,sa1,1
30682,N24403 /0 undetected,output,,N24403,N24403,0,undetected,N24403,N24403,N24403,sa0,1
30683,N107750 /1 undetected,output,,N107750,N107750,1,undetected,N107750,N107750,N107750,sa1,1
30684,N92306 /1 undetected,output,,N92306,N92306,1,undetected,N92306,N92306,N92306,sa1,1
30685,N24256 /0 undetected,output,,N24256,N24256,0,undetected,N24256,N24256,N24256,sa0,1
30686,N106603 /1 undetected,output,,N106603,N106603,1,undetected,N106603,N106603,N106603,sa1,1
30687,N23933 /0 undetected,output,,N23933,N23933,0,undetected,N23933,N23933,N23933,sa0,1
30688,N84742 /1 undetected,output,,N84742,N84742,1,undetected,N84742,N84742,N84742,sa1,1
30689,N23931 /0 undetected,output,,N23931,N23931,0,undetected,N23931,N23931,N23931,sa0,1
30690,N93932 /1 undetected,output,,N93932,N93932,1,undetected,N93932,N93932,N93932,sa1,1
30691,N23624 /0 undetected,output,,N23624,N23624,0,undetected,N23624,N23624,N23624,sa0,1
30692,N2570 /1 undetected,output,,N2570,N2570,1,undetected,N2570,N2570,N2570,sa1,1
30693,N23621 /1 undetected,output,,N23621,N23621,1,undetected,N23621,N23621,N23621,sa1,1
30694,N21975 /0 undetected,output,,N21975,N21975,0,undetected,N21975,N21975,N21975,sa0,1
30695,N96677 /1 undetected,output,,N96677,N96677,1,undetected,N96677,N96677,N96677,sa1,1
30696,N104093 /1 undetected,output,,N104093,N104093,1,undetected,N104093,N104093,N104093,sa1,1
30697,N20856 /0 undetected,output,,N20856,N20856,0,undetected,N20856,N20856,N20856,sa0,1
30698,N104753 /1 undetected,output,,N104753,N104753,1,undetected,N104753,N104753,N104753,sa1,1
30699,N84176 /1 undetected,output,,N84176,N84176,1,undetected,N84176,N84176,N84176,sa1,1
30700,N20543 /1 undetected,output,,N20543,N20543,1,undetected,N20543,N20543,N20543,sa1,1
30701,N20543 /0 undetected,output,,N20543,N20543,0,undetected,N20543,N20543,N20543,sa0,1
30702,N17998 /0 undetected,output,,N17998,N17998,0,undetected,N17998,N17998,N17998,sa0,1
30703,N95313 /1 undetected,output,,N95313,N95313,1,undetected,N95313,N95313,N95313,sa1,1
30704,N15489 /0 undetected,output,,N15489,N15489,0,undetected,N15489,N15489,N15489,sa0,1
30705,N102623 /1 undetected,output,,N102623,N102623,1,undetected,N102623,N102623,N102623,sa1,1
30706,N14946 /0 undetected,output,,N14946,N14946,0,undetected,N14946,N14946,N14946,sa0,1
30707,N94701 /1 undetected,output,,N94701,N94701,1,undetected,N94701,N94701,N94701,sa1,1
30708,N14922 /0 undetected,output,,N14922,N14922,0,undetected,N14922,N14922,N14922,sa0,1
30709,N75266 /1 undetected,output,,N75266,N75266,1,undetected,N75266,N75266,N75266,sa1,1
30710,N14886 /0 undetected,output,,N14886,N14886,0,undetected,N14886,N14886,N14886,sa0,1
30711,N94723 /1 undetected,output,,N94723,N94723,1,undetected,N94723,N94723,N94723,sa1,1
30712,N14482 /0 undetected,output,,N14482,N14482,0,undetected,N14482,N14482,N14482,sa0,1
30713,N86425 /1 undetected,output,,N86425,N86425,1,undetected,N86425,N86425,N86425,sa1,1
30714,N14478 /0 undetected,output,,N14478,N14478,0,undetected,N14478,N14478,N14478,sa0,1
30715,N101832 /1 undetected,output,,N101832,N101832,1,undetected,N101832,N101832,N101832,sa1,1
30716,N99994 /1 undetected,output,,N99994,N99994,1,undetected,N99994,N99994,N99994,sa1,1
30717,N14312 /0 undetected,output,,N14312,N14312,0,undetected,N14312,N14312,N14312,sa0,1
30718,N94075 /1 undetected,output,,N94075,N94075,1,undetected,N94075,N94075,N94075,sa1,1
30719,N14227 /0 undetected,output,,N14227,N14227,0,undetected,N14227,N14227,N14227,sa0,1
30720,N87162 /1 undetected,output,,N87162,N87162,1,undetected,N87162,N87162,N87162,sa1,1
30721,N14144 /0 undetected,output,,N14144,N14144,0,undetected,N14144,N14144,N14144,sa0,1
30722,N100445 /1 undetected,output,,N100445,N100445,1,undetected,N100445,N100445,N100445,sa1,1
30723,N13436 /0 undetected,output,,N13436,N13436,0,undetected,N13436,N13436,N13436,sa0,1
30724,N93423 /1 undetected,output,,N93423,N93423,1,undetected,N93423,N93423,N93423,sa1,1
30725,N93294 /1 undetected,output,,N93294,N93294,1,undetected,N93294,N93294,N93294,sa1,1
30726,N13433 /1 undetected,output,,N13433,N13433,1,undetected,N13433,N13433,N13433,sa1,1
30727,N13433 /0 undetected,output,,N13433,N13433,0,undetected,N13433,N13433,N13433,sa0,1
30728,N93293 /1 undetected,output,,N93293,N93293,1,undetected,N93293,N93293,N93293,sa1,1
30729,N93243 /1 undetected,output,,N93243,N93243,1,undetected,N93243,N93243,N93243,sa1,1
30730,N13095 /0 undetected,output,,N13095,N13095,0,undetected,N13095,N13095,N13095,sa0,1
30731,N101056 /1 undetected,output,,N101056,N101056,1,undetected,N101056,N101056,N101056,sa1,1
30732,N13089 /0 undetected,output,,N13089,N13089,0,undetected,N13089,N13089,N13089,sa0,1
30733,N101055 /1 undetected,output,,N101055,N101055,1,undetected,N101055,N101055,N101055,sa1,1
30734,N12391 /0 undetected,output,,N12391,N12391,0,undetected,N12391,N12391,N12391,sa0,1
30735,N94672 /1 undetected,output,,N94672,N94672,1,undetected,N94672,N94672,N94672,sa1,1
30736,N12384 /0 undetected,output,,N12384,N12384,0,undetected,N12384,N12384,N12384,sa0,1
30737,N98716 /1 undetected,output,,N98716,N98716,1,undetected,N98716,N98716,N98716,sa1,1
30738,N94753 /1 undetected,output,,N94753,N94753,1,undetected,N94753,N94753,N94753,sa1,1
30739,N11642 /1 undetected,output,,N11642,N11642,1,undetected,N11642,N11642,N11642,sa1,1
30740,N11500 /0 undetected,output,,N11500,N11500,0,undetected,N11500,N11500,N11500,sa0,1
30741,N99897 /1 undetected,output,,N99897,N99897,1,undetected,N99897,N99897,N99897,sa1,1
30742,N75281 /1 undetected,output,,N75281,N75281,1,undetected,N75281,N75281,N75281,sa1,1
30743,N10164 /0 undetected,output,,N10164,N10164,0,undetected,N10164,N10164,N10164,sa0,1
30744,N96675 /1 undetected,output,,N96675,N96675,1,undetected,N96675,N96675,N96675,sa1,1
30745,N9779 /0 undetected,output,,N9779,N9779,0,undetected,N9779,N9779,N9779,sa0,1
30746,N99090 /1 undetected,output,,N99090,N99090,1,undetected,N99090,N99090,N99090,sa1,1
30747,N9618 /0 undetected,output,,N9618,N9618,0,undetected,N9618,N9618,N9618,sa0,1
30748,N99052 /1 undetected,output,,N99052,N99052,1,undetected,N99052,N99052,N99052,sa1,1
30749,N9456 /0 undetected,output,,N9456,N9456,0,undetected,N9456,N9456,N9456,sa0,1
30750,N99011 /1 undetected,output,,N99011,N99011,1,undetected,N99011,N99011,N99011,sa1,1
30751,N9294 /0 undetected,output,,N9294,N9294,0,undetected,N9294,N9294,N9294,sa0,1
30752,N98973 /1 undetected,output,,N98973,N98973,1,undetected,N98973,N98973,N98973,sa1,1
30753,N9192 /0 undetected,output,,N9192,N9192,0,undetected,N9192,N9192,N9192,sa0,1
30754,N93270 /1 undetected,output,,N93270,N93270,1,undetected,N93270,N93270,N93270,sa1,1
30755,N9080 /0 undetected,output,,N9080,N9080,0,undetected,N9080,N9080,N9080,sa0,1
30756,N98848 /1 undetected,output,,N98848,N98848,1,undetected,N98848,N98848,N98848,sa1,1
30757,N8779 /0 undetected,output,,N8779,N8779,0,undetected,N8779,N8779,N8779,sa0,1
30758,N76771 /1 undetected,output,,N76771,N76771,1,undetected,N76771,N76771,N76771,sa1,1
30759,N7618 /0 undetected,output,,N7618,N7618,0,undetected,N7618,N7618,N7618,sa0,1
30760,N77749 /1 undetected,output,,N77749,N77749,1,undetected,N77749,N77749,N77749,sa1,1
30761,N7310 /0 undetected,output,,N7310,N7310,0,undetected,N7310,N7310,N7310,sa0,1
30762,N97209 /1 undetected,output,,N97209,N97209,1,undetected,N97209,N97209,N97209,sa1,1
30763,N77669 /1 undetected,output,,N77669,N77669,1,undetected,N77669,N77669,N77669,sa1,1
30764,N4804 /1 undetected,output,,N4804,N4804,1,undetected,N4804,N4804,N4804,sa1,1
30765,N4144 /1 undetected,output,,N4144,N4144,1,undetected,N4144,N4144,N4144,sa1,1
30766,N96782 /1 undetected,output,,N96782,N96782,1,undetected,N96782,N96782,N96782,sa1,1
30767,N93217 /1 undetected,output,,N93217,N93217,1,undetected,N93217,N93217,N93217,sa1,1
30768,N4090 /0 undetected,output,,N4090,N4090,0,undetected,N4090,N4090,N4090,sa0,1
30769,N96649 /1 undetected,output,,N96649,N96649,1,undetected,N96649,N96649,N96649,sa1,1
30770,N4089 /1 undetected,output,,N4089,N4089,1,undetected,N4089,N4089,N4089,sa1,1
30771,N4013 /1 undetected,output,,N4013,N4013,1,undetected,N4013,N4013,N4013,sa1,1
30772,N92291 /1 undetected,output,,N92291,N92291,1,undetected,N92291,N92291,N92291,sa1,1
30773,N86581 /1 undetected,output,,N86581,N86581,1,undetected,N86581,N86581,N86581,sa1,1
30774,N3863 /1 undetected,output,,N3863,N3863,1,undetected,N3863,N3863,N3863,sa1,1
30775,N3612 /1 undetected,output,,N3612,N3612,1,undetected,N3612,N3612,N3612,sa1,1
30776,N3612 /0 undetected,output,,N3612,N3612,0,undetected,N3612,N3612,N3612,sa0,1
30777,N96391 /1 undetected,output,,N96391,N96391,1,undetected,N96391,N96391,N96391,sa1,1
30778,N96157 /1 undetected,output,,N96157,N96157,1,undetected,N96157,N96157,N96157,sa1,1
30779,N3191 /1 undetected,output,,N3191,N3191,1,undetected,N3191,N3191,N3191,sa1,1
30780,N96156 /1 undetected,output,,N96156,N96156,1,undetected,N96156,N96156,N96156,sa1,1
30781,N84319 /1 undetected,output,,N84319,N84319,1,undetected,N84319,N84319,N84319,sa1,1
30782,N2790 /0 undetected,output,,N2790,N2790,0,undetected,N2790,N2790,N2790,sa0,1
30783,N92818 /1 undetected,output,,N92818,N92818,1,undetected,N92818,N92818,N92818,sa1,1
30784,N2776 /1 undetected,output,,N2776,N2776,1,undetected,N2776,N2776,N2776,sa1,1
30785,N2713 /1 undetected,output,,N2713,N2713,1,undetected,N2713,N2713,N2713,sa1,1
30786,N2713 /0 undetected,output,,N2713,N2713,0,undetected,N2713,N2713,N2713,sa0,1
30787,N2681 /0 undetected,output,,N2681,N2681,0,undetected,N2681,N2681,N2681,sa0,1
30788,N2572 /1 undetected,output,,N2572,N2572,1,undetected,N2572,N2572,N2572,sa1,1
30789,N2572 /0 undetected,output,,N2572,N2572,0,undetected,N2572,N2572,N2572,sa0,1
30790,N94077 /1 undetected,output,,N94077,N94077,1,undetected,N94077,N94077,N94077,sa1,1
30791,N94057 /1 undetected,output,,N94057,N94057,1,undetected,N94057,N94057,N94057,sa1,1
30792,N2457 /1 undetected,output,,N2457,N2457,1,undetected,N2457,N2457,N2457,sa1,1
30793,N2425 /1 undetected,output,,N2425,N2425,1,undetected,N2425,N2425,N2425,sa1,1
30794,N2190 /0 undetected,output,,N2190,N2190,0,undetected,N2190,N2190,N2190,sa0,1
30795,N84278 /1 undetected,output,,N84278,N84278,1,undetected,N84278,N84278,N84278,sa1,1
30796,N2153 /0 undetected,output,,N2153,N2153,0,undetected,N2153,N2153,N2153,sa0,1
30797,N84875 /1 undetected,output,,N84875,N84875,1,undetected,N84875,N84875,N84875,sa1,1
30798,N2120 /1 undetected,output,,N2120,N2120,1,undetected,N2120,N2120,N2120,sa1,1
30799,N2116 /1 undetected,output,,N2116,N2116,1,undetected,N2116,N2116,N2116,sa1,1
30800,N84838 /1 undetected,output,,N84838,N84838,1,undetected,N84838,N84838,N84838,sa1,1
30801,N91636 /1 undetected,output,,N91636,N91636,1,undetected,N91636,N91636,N91636,sa1,1
30802,N13211 /1 undetected,output,,N13211,N13211,1,undetected,N13211,N13211,N13211,sa1,1
30803,N84730 /1 undetected,output,,N84730,N84730,1,undetected,N84730,N84730,N84730,sa1,1
30804,N20917 /1 undetected,output,,N20917,N20917,1,undetected,N20917,N20917,N20917,sa1,1
30805,N20917 /0 undetected,output,,N20917,N20917,0,undetected,N20917,N20917,N20917,sa0,1
30806,N104465 /1 undetected,output,,N104465,N104465,1,undetected,N104465,N104465,N104465,sa1,1
30807,N104278 /1 undetected,output,,N104278,N104278,1,undetected,N104278,N104278,N104278,sa1,1
30808,N20127 /1 undetected,output,,N20127,N20127,1,undetected,N20127,N20127,N20127,sa1,1
30809,N20127 /0 undetected,output,,N20127,N20127,0,undetected,N20127,N20127,N20127,sa0,1
30810,N93329 /1 undetected,output,,N93329,N93329,1,undetected,N93329,N93329,N93329,sa1,1
30811,N20027 /1 undetected,output,,N20027,N20027,1,undetected,N20027,N20027,N20027,sa1,1
30812,N66747 /0 undetected,output,,N66747,N66747,0,undetected,N66747,N66747,N66747,sa0,1
30813,N18452 /1 undetected,output,,N18452,N18452,1,undetected,N18452,N18452,N18452,sa1,1
30814,N2867 /1 undetected,output,,N2867,N2867,1,undetected,N2867,N2867,N2867,sa1,1
30815,N23508 /1 undetected,output,,N23508,N23508,1,undetected,N23508,N23508,N23508,sa1,1
30816,N23508 /0 undetected,output,,N23508,N23508,0,undetected,N23508,N23508,N23508,sa0,1
30817,N101753 /1 undetected,output,,N101753,N101753,1,undetected,N101753,N101753,N101753,sa1,1
30818,N76283 /1 undetected,output,,N76283,N76283,1,undetected,N76283,N76283,N76283,sa1,1
30819,N21912 /1 undetected,output,,N21912,N21912,1,undetected,N21912,N21912,N21912,sa1,1
30820,N21912 /0 undetected,output,,N21912,N21912,0,undetected,N21912,N21912,N21912,sa0,1
30821,N98461 /1 undetected,output,,N98461,N98461,1,undetected,N98461,N98461,N98461,sa1,1
30822,N96490 /1 undetected,output,,N96490,N96490,1,undetected,N96490,N96490,N96490,sa1,1
30823,N20478 /1 undetected,output,,N20478,N20478,1,undetected,N20478,N20478,N20478,sa1,1
30824,N20478 /0 undetected,output,,N20478,N20478,0,undetected,N20478,N20478,N20478,sa0,1
30825,N19982 /1 undetected,output,,N19982,N19982,1,undetected,N19982,N19982,N19982,sa1,1
30826,N19982 /0 undetected,output,,N19982,N19982,0,undetected,N19982,N19982,N19982,sa0,1
30827,N104213 /1 undetected,output,,N104213,N104213,1,undetected,N104213,N104213,N104213,sa1,1
30828,N19981 /1 undetected,output,,N19981,N19981,1,undetected,N19981,N19981,N19981,sa1,1
30829,N93377 /1 undetected,output,,N93377,N93377,1,undetected,N93377,N93377,N93377,sa1,1
30830,N92274 /1 undetected,output,,N92274,N92274,1,undetected,N92274,N92274,N92274,sa1,1
30831,N17509 /1 undetected,output,,N17509,N17509,1,undetected,N17509,N17509,N17509,sa1,1
30832,N17509 /0 undetected,output,,N17509,N17509,0,undetected,N17509,N17509,N17509,sa0,1
30833,N103484 /1 undetected,output,,N103484,N103484,1,undetected,N103484,N103484,N103484,sa1,1
30834,N17508 /1 undetected,output,,N17508,N17508,1,undetected,N17508,N17508,N17508,sa1,1
30835,N103505 /1 undetected,output,,N103505,N103505,1,undetected,N103505,N103505,N103505,sa1,1
30836,N103482 /1 undetected,output,,N103482,N103482,1,undetected,N103482,N103482,N103482,sa1,1
30837,N16585 /0 undetected,output,,N16585,N16585,0,undetected,N16585,N16585,N16585,sa0,1
30838,N93092 /1 undetected,output,,N93092,N93092,1,undetected,N93092,N93092,N93092,sa1,1
30839,N16300 /0 undetected,output,,N16300,N16300,0,undetected,N16300,N16300,N16300,sa0,1
30840,N84149 /1 undetected,output,,N84149,N84149,1,undetected,N84149,N84149,N84149,sa1,1
30841,N16298 /1 undetected,output,,N16298,N16298,1,undetected,N16298,N16298,N16298,sa1,1
30842,N15640 /0 undetected,output,,N15640,N15640,0,undetected,N15640,N15640,N15640,sa0,1
30843,N102674 /1 undetected,output,,N102674,N102674,1,undetected,N102674,N102674,N102674,sa1,1
30844,N14420 /0 undetected,output,,N14420,N14420,0,undetected,N14420,N14420,N14420,sa0,1
30845,N92146 /1 undetected,output,,N92146,N92146,1,undetected,N92146,N92146,N92146,sa1,1
30846,N14388 /1 undetected,output,,N14388,N14388,1,undetected,N14388,N14388,N14388,sa1,1
30847,N14388 /0 undetected,output,,N14388,N14388,0,undetected,N14388,N14388,N14388,sa0,1
30848,N96300 /1 undetected,output,,N96300,N96300,1,undetected,N96300,N96300,N96300,sa1,1
30849,N92068 /1 undetected,output,,N92068,N92068,1,undetected,N92068,N92068,N92068,sa1,1
30850,N14253 /1 undetected,output,,N14253,N14253,1,undetected,N14253,N14253,N14253,sa1,1
30851,N14253 /0 undetected,output,,N14253,N14253,0,undetected,N14253,N14253,N14253,sa0,1
30852,N101573 /1 undetected,output,,N101573,N101573,1,undetected,N101573,N101573,N101573,sa1,1
30853,N101560 /1 undetected,output,,N101560,N101560,1,undetected,N101560,N101560,N101560,sa1,1
30854,N13399 /1 undetected,output,,N13399,N13399,1,undetected,N13399,N13399,N13399,sa1,1
30855,N13399 /0 undetected,output,,N13399,N13399,0,undetected,N13399,N13399,N13399,sa0,1
30856,N101236 /1 undetected,output,,N101236,N101236,1,undetected,N101236,N101236,N101236,sa1,1
30857,N13398 /1 undetected,output,,N13398,N13398,1,undetected,N13398,N13398,N13398,sa1,1
30858,N98454 /1 undetected,output,,N98454,N98454,1,undetected,N98454,N98454,N98454,sa1,1
30859,N13397 /1 undetected,output,,N13397,N13397,1,undetected,N13397,N13397,N13397,sa1,1
30860,N101269 /1 undetected,output,,N101269,N101269,1,undetected,N101269,N101269,N101269,sa1,1
30861,N92094 /1 undetected,output,,N92094,N92094,1,undetected,N92094,N92094,N92094,sa1,1
30862,N13161 /1 undetected,output,,N13161,N13161,1,undetected,N13161,N13161,N13161,sa1,1
30863,N13160 /1 undetected,output,,N13160,N13160,1,undetected,N13160,N13160,N13160,sa1,1
30864,N100640 /1 undetected,output,,N100640,N100640,1,undetected,N100640,N100640,N100640,sa1,1
30865,N94536 /1 undetected,output,,N94536,N94536,1,undetected,N94536,N94536,N94536,sa1,1
30866,N13159 /1 undetected,output,,N13159,N13159,1,undetected,N13159,N13159,N13159,sa1,1
30867,N101043 /1 undetected,output,,N101043,N101043,1,undetected,N101043,N101043,N101043,sa1,1
30868,N94472 /1 undetected,output,,N94472,N94472,1,undetected,N94472,N94472,N94472,sa1,1
30869,N13112 /1 undetected,output,,N13112,N13112,1,undetected,N13112,N13112,N13112,sa1,1
30870,N13112 /0 undetected,output,,N13112,N13112,0,undetected,N13112,N13112,N13112,sa0,1
30871,N100638 /1 undetected,output,,N100638,N100638,1,undetected,N100638,N100638,N100638,sa1,1
30872,N13111 /1 undetected,output,,N13111,N13111,1,undetected,N13111,N13111,N13111,sa1,1
30873,N101042 /1 undetected,output,,N101042,N101042,1,undetected,N101042,N101042,N101042,sa1,1
30874,N100113 /1 undetected,output,,N100113,N100113,1,undetected,N100113,N100113,N100113,sa1,1
30875,N11536 /1 undetected,output,,N11536,N11536,1,undetected,N11536,N11536,N11536,sa1,1
30876,N11536 /0 undetected,output,,N11536,N11536,0,undetected,N11536,N11536,N11536,sa0,1
30877,N99791 /1 undetected,output,,N99791,N99791,1,undetected,N99791,N99791,N99791,sa1,1
30878,N92104 /1 undetected,output,,N92104,N92104,1,undetected,N92104,N92104,N92104,sa1,1
30879,N4174 /0 undetected,output,,N4174,N4174,0,undetected,N4174,N4174,N4174,sa0,1
30880,N3655 /1 undetected,output,,N3655,N3655,1,undetected,N3655,N3655,N3655,sa1,1
30881,N3655 /0 undetected,output,,N3655,N3655,0,undetected,N3655,N3655,N3655,sa0,1
30882,N96464 /1 undetected,output,,N96464,N96464,1,undetected,N96464,N96464,N96464,sa1,1
30883,N3654 /1 undetected,output,,N3654,N3654,1,undetected,N3654,N3654,N3654,sa1,1
30884,N84287 /1 undetected,output,,N84287,N84287,1,undetected,N84287,N84287,N84287,sa1,1
30885,N77161 /1 undetected,output,,N77161,N77161,1,undetected,N77161,N77161,N77161,sa1,1
30886,N3572 /1 undetected,output,,N3572,N3572,1,undetected,N3572,N3572,N3572,sa1,1
30887,N3572 /0 undetected,output,,N3572,N3572,0,undetected,N3572,N3572,N3572,sa0,1
30888,N96466 /1 undetected,output,,N96466,N96466,1,undetected,N96466,N96466,N96466,sa1,1
30889,N84285 /1 undetected,output,,N84285,N84285,1,undetected,N84285,N84285,N84285,sa1,1
30890,N3530 /0 undetected,output,,N3530,N3530,0,undetected,N3530,N3530,N3530,sa0,1
30891,N96442 /1 undetected,output,,N96442,N96442,1,undetected,N96442,N96442,N96442,sa1,1
30892,N3528 /1 undetected,output,,N3528,N3528,1,undetected,N3528,N3528,N3528,sa1,1
30893,N86696 /1 undetected,output,,N86696,N86696,1,undetected,N86696,N86696,N86696,sa1,1
30894,N84282 /1 undetected,output,,N84282,N84282,1,undetected,N84282,N84282,N84282,sa1,1
30895,N3425 /1 undetected,output,,N3425,N3425,1,undetected,N3425,N3425,N3425,sa1,1
30896,N3425 /0 undetected,output,,N3425,N3425,0,undetected,N3425,N3425,N3425,sa0,1
30897,N96305 /1 undetected,output,,N96305,N96305,1,undetected,N96305,N96305,N96305,sa1,1
30898,N84062 /1 undetected,output,,N84062,N84062,1,undetected,N84062,N84062,N84062,sa1,1
30899,N3344 /1 undetected,output,,N3344,N3344,1,undetected,N3344,N3344,N3344,sa1,1
30900,N3344 /0 undetected,output,,N3344,N3344,0,undetected,N3344,N3344,N3344,sa0,1
30901,N96299 /1 undetected,output,,N96299,N96299,1,undetected,N96299,N96299,N96299,sa1,1
30902,N3343 /1 undetected,output,,N3343,N3343,1,undetected,N3343,N3343,N3343,sa1,1
30903,N96295 /1 undetected,output,,N96295,N96295,1,undetected,N96295,N96295,N96295,sa1,1
30904,N84108 /1 undetected,output,,N84108,N84108,1,undetected,N84108,N84108,N84108,sa1,1
30905,N3338 /1 undetected,output,,N3338,N3338,1,undetected,N3338,N3338,N3338,sa1,1
30906,N3338 /0 undetected,output,,N3338,N3338,0,undetected,N3338,N3338,N3338,sa0,1
30907,N96298 /1 undetected,output,,N96298,N96298,1,undetected,N96298,N96298,N96298,sa1,1
30908,N92062 /1 undetected,output,,N92062,N92062,1,undetected,N92062,N92062,N92062,sa1,1
30909,N3196 /1 undetected,output,,N3196,N3196,1,undetected,N3196,N3196,N3196,sa1,1
30910,N3196 /0 undetected,output,,N3196,N3196,0,undetected,N3196,N3196,N3196,sa0,1
30911,N96168 /1 undetected,output,,N96168,N96168,1,undetected,N96168,N96168,N96168,sa1,1
30912,N84143 /1 undetected,output,,N84143,N84143,1,undetected,N84143,N84143,N84143,sa1,1
30913,N2295 /1 undetected,output,,N2295,N2295,1,undetected,N2295,N2295,N2295,sa1,1
30914,N84099 /1 undetected,output,,N84099,N84099,1,undetected,N84099,N84099,N84099,sa1,1
30915,N2294 /1 undetected,output,,N2294,N2294,1,undetected,N2294,N2294,N2294,sa1,1
30916,N3280 /1 undetected,output,,N3280,N3280,1,undetected,N3280,N3280,N3280,sa1,1
30917,N3276 /1 undetected,output,,N3276,N3276,1,undetected,N3276,N3276,N3276,sa1,1
30918,N83934 /1 undetected,output,,N83934,N83934,1,undetected,N83934,N83934,N83934,sa1,1
30919,N2281 /1 undetected,output,,N2281,N2281,1,undetected,N2281,N2281,N2281,sa1,1
30920,N3275 /1 undetected,output,,N3275,N3275,1,undetected,N3275,N3275,N3275,sa1,1
30921,N93150 /1 undetected,output,,N93150,N93150,1,undetected,N93150,N93150,N93150,sa1,1
30922,N93119 /1 undetected,output,,N93119,N93119,1,undetected,N93119,N93119,N93119,sa1,1
30923,N3271 /1 undetected,output,,N3271,N3271,1,undetected,N3271,N3271,N3271,sa1,1
30924,N3269 /1 undetected,output,,N3269,N3269,1,undetected,N3269,N3269,N3269,sa1,1
30925,N96262 /1 undetected,output,,N96262,N96262,1,undetected,N96262,N96262,N96262,sa1,1
30926,N96260 /1 undetected,output,,N96260,N96260,1,undetected,N96260,N96260,N96260,sa1,1
30927,N3260 /1 undetected,output,,N3260,N3260,1,undetected,N3260,N3260,N3260,sa1,1
30928,N93179 /1 undetected,output,,N93179,N93179,1,undetected,N93179,N93179,N93179,sa1,1
30929,N93154 /1 undetected,output,,N93154,N93154,1,undetected,N93154,N93154,N93154,sa1,1
30930,N3259 /1 undetected,output,,N3259,N3259,1,undetected,N3259,N3259,N3259,sa1,1
30931,N3257 /1 undetected,output,,N3257,N3257,1,undetected,N3257,N3257,N3257,sa1,1
30932,N96256 /1 undetected,output,,N96256,N96256,1,undetected,N96256,N96256,N96256,sa1,1
30933,N93170 /1 undetected,output,,N93170,N93170,1,undetected,N93170,N93170,N93170,sa1,1
30934,N93174 /1 undetected,output,,N93174,N93174,1,undetected,N93174,N93174,N93174,sa1,1
30935,N3249 /1 undetected,output,,N3249,N3249,1,undetected,N3249,N3249,N3249,sa1,1
30936,N93165 /1 undetected,output,,N93165,N93165,1,undetected,N93165,N93165,N93165,sa1,1
30937,N84004 /1 undetected,output,,N84004,N84004,1,undetected,N84004,N84004,N84004,sa1,1
30938,N3245 /1 undetected,output,,N3245,N3245,1,undetected,N3245,N3245,N3245,sa1,1
30939,N93163 /1 undetected,output,,N93163,N93163,1,undetected,N93163,N93163,N93163,sa1,1
30940,N91952 /1 undetected,output,,N91952,N91952,1,undetected,N91952,N91952,N91952,sa1,1
30941,N2337 /1 undetected,output,,N2337,N2337,1,undetected,N2337,N2337,N2337,sa1,1
30942,N2271 /1 undetected,output,,N2271,N2271,1,undetected,N2271,N2271,N2271,sa1,1
30943,N93103 /1 undetected,output,,N93103,N93103,1,undetected,N93103,N93103,N93103,sa1,1
30944,N91330 /1 undetected,output,,N91330,N91330,1,undetected,N91330,N91330,N91330,sa1,1
30945,N79802 /1 undetected,output,,N79802,N79802,1,undetected,N79802,N79802,N79802,sa1,1
30946,N123438 /1 undetected,output,,N123438,N123438,1,undetected,N123438,N123438,N123438,sa1,1
30947,N123403 /1 undetected,output,,N123403,N123403,1,undetected,N123403,N123403,N123403,sa1,1
30948,N80036 /1 undetected,output,,N80036,N80036,1,undetected,N80036,N80036,N80036,sa1,1
30949,N80014 /1 undetected,output,,N80014,N80014,1,undetected,N80014,N80014,N80014,sa1,1
30950,N80010 /1 undetected,output,,N80010,N80010,1,undetected,N80010,N80010,N80010,sa1,1
30951,N80004 /1 undetected,output,,N80004,N80004,1,undetected,N80004,N80004,N80004,sa1,1
30952,N79976 /1 undetected,output,,N79976,N79976,1,undetected,N79976,N79976,N79976,sa1,1
30953,N79968 /1 undetected,output,,N79968,N79968,1,undetected,N79968,N79968,N79968,sa1,1
30954,N79964 /1 undetected,output,,N79964,N79964,1,undetected,N79964,N79964,N79964,sa1,1
30955,N79948 /1 undetected,output,,N79948,N79948,1,undetected,N79948,N79948,N79948,sa1,1
30956,N79941 /1 undetected,output,,N79941,N79941,1,undetected,N79941,N79941,N79941,sa1,1
30957,N79933 /1 undetected,output,,N79933,N79933,1,undetected,N79933,N79933,N79933,sa1,1
30958,N79929 /1 undetected,output,,N79929,N79929,1,undetected,N79929,N79929,N79929,sa1,1
30959,N90541 /1 undetected,output,,N90541,N90541,1,undetected,N90541,N90541,N90541,sa1,1
30960,N61070 /0 undetected,output,,N61070,N61070,0,undetected,N61070,N61070,N61070,sa0,1
30961,N56609 /1 undetected,output,,N56609,N56609,1,undetected,N56609,N56609,N56609,sa1,1
30962,N84275 /1 undetected,output,,N84275,N84275,1,undetected,N84275,N84275,N84275,sa1,1
30963,N56608 /1 undetected,output,,N56608,N56608,1,undetected,N56608,N56608,N56608,sa1,1
30964,N121197 /1 undetected,output,,N121197,N121197,1,undetected,N121197,N121197,N121197,sa1,1
30965,N96220 /1 undetected,output,,N96220,N96220,1,undetected,N96220,N96220,N96220,sa1,1
30966,N84058 /1 undetected,output,,N84058,N84058,1,undetected,N84058,N84058,N84058,sa1,1
30967,N20161 /0 undetected,output,,N20161,N20161,0,undetected,N20161,N20161,N20161,sa0,1
30968,N20160 /1 undetected,output,,N20160,N20160,1,undetected,N20160,N20160,N20160,sa1,1
30969,N84274 /1 undetected,output,,N84274,N84274,1,undetected,N84274,N84274,N84274,sa1,1
30970,N20152 /1 undetected,output,,N20152,N20152,1,undetected,N20152,N20152,N20152,sa1,1
30971,N104260 /1 undetected,output,,N104260,N104260,1,undetected,N104260,N104260,N104260,sa1,1
30972,N20040 /1 undetected,output,,N20040,N20040,1,undetected,N20040,N20040,N20040,sa1,1
30973,N20028 /1 undetected,output,,N20028,N20028,1,undetected,N20028,N20028,N20028,sa1,1
30974,N20028 /0 undetected,output,,N20028,N20028,0,undetected,N20028,N20028,N20028,sa0,1
30975,N104277 /1 undetected,output,,N104277,N104277,1,undetected,N104277,N104277,N104277,sa1,1
30976,N104259 /1 undetected,output,,N104259,N104259,1,undetected,N104259,N104259,N104259,sa1,1
30977,N20991 /1 undetected,output,,N20991,N20991,1,undetected,N20991,N20991,N20991,sa1,1
30978,N20991 /0 undetected,output,,N20991,N20991,0,undetected,N20991,N20991,N20991,sa0,1
30979,N104761 /1 undetected,output,,N104761,N104761,1,undetected,N104761,N104761,N104761,sa1,1
30980,N104476 /1 undetected,output,,N104476,N104476,1,undetected,N104476,N104476,N104476,sa1,1
30981,N20541 /1 undetected,output,,N20541,N20541,1,undetected,N20541,N20541,N20541,sa1,1
30982,N20541 /0 undetected,output,,N20541,N20541,0,undetected,N20541,N20541,N20541,sa0,1
30983,N104484 /1 undetected,output,,N104484,N104484,1,undetected,N104484,N104484,N104484,sa1,1
30984,N98827 /1 undetected,output,,N98827,N98827,1,undetected,N98827,N98827,N98827,sa1,1
30985,N20154 /1 undetected,output,,N20154,N20154,1,undetected,N20154,N20154,N20154,sa1,1
30986,N17203 /0 undetected,output,,N17203,N17203,0,undetected,N17203,N17203,N17203,sa0,1
30987,N93311 /1 undetected,output,,N93311,N93311,1,undetected,N93311,N93311,N93311,sa1,1
30988,N17157 /1 undetected,output,,N17157,N17157,1,undetected,N17157,N17157,N17157,sa1,1
30989,N93240 /1 undetected,output,,N93240,N93240,1,undetected,N93240,N93240,N93240,sa1,1
30990,N84330 /1 undetected,output,,N84330,N84330,1,undetected,N84330,N84330,N84330,sa1,1
30991,N16343 /0 undetected,output,,N16343,N16343,0,undetected,N16343,N16343,N16343,sa0,1
30992,N92200 /1 undetected,output,,N92200,N92200,1,undetected,N92200,N92200,N92200,sa1,1
30993,N14676 /1 undetected,output,,N14676,N14676,1,undetected,N14676,N14676,N14676,sa1,1
30994,N14331 /0 undetected,output,,N14331,N14331,0,undetected,N14331,N14331,N14331,sa0,1
30995,N14330 /1 undetected,output,,N14330,N14330,1,undetected,N14330,N14330,N14330,sa1,1
30996,N101728 /1 undetected,output,,N101728,N101728,1,undetected,N101728,N101728,N101728,sa1,1
30997,N75318 /1 undetected,output,,N75318,N75318,1,undetected,N75318,N75318,N75318,sa1,1
30998,N94577 /1 undetected,output,,N94577,N94577,1,undetected,N94577,N94577,N94577,sa1,1
30999,N13392 /0 undetected,output,,N13392,N13392,0,undetected,N13392,N13392,N13392,sa0,1
31000,N98453 /1 undetected,output,,N98453,N98453,1,undetected,N98453,N98453,N98453,sa1,1
31001,N11573 /0 undetected,output,,N11573,N11573,0,undetected,N11573,N11573,N11573,sa0,1
31002,N75195 /1 undetected,output,,N75195,N75195,1,undetected,N75195,N75195,N75195,sa1,1
31003,N100003 /1 undetected,output,,N100003,N100003,1,undetected,N100003,N100003,N100003,sa1,1
31004,N92261 /1 undetected,output,,N92261,N92261,1,undetected,N92261,N92261,N92261,sa1,1
31005,N11511 /1 undetected,output,,N11511,N11511,1,undetected,N11511,N11511,N11511,sa1,1
31006,N11509 /1 undetected,output,,N11509,N11509,1,undetected,N11509,N11509,N11509,sa1,1
31007,N95129 /1 undetected,output,,N95129,N95129,1,undetected,N95129,N95129,N95129,sa1,1
31008,N91394 /1 undetected,output,,N91394,N91394,1,undetected,N91394,N91394,N91394,sa1,1
31009,N11478 /1 undetected,output,,N11478,N11478,1,undetected,N11478,N11478,N11478,sa1,1
31010,N11478 /0 undetected,output,,N11478,N11478,0,undetected,N11478,N11478,N11478,sa0,1
31011,N92257 /1 undetected,output,,N92257,N92257,1,undetected,N92257,N92257,N92257,sa1,1
31012,N91399 /1 undetected,output,,N91399,N91399,1,undetected,N91399,N91399,N91399,sa1,1
31013,N8633 /1 undetected,output,,N8633,N8633,1,undetected,N8633,N8633,N8633,sa1,1
31014,N96674 /1 undetected,output,,N96674,N96674,1,undetected,N96674,N96674,N96674,sa1,1
31015,N8068 /1 undetected,output,,N8068,N8068,1,undetected,N8068,N8068,N8068,sa1,1
31016,N98288 /1 undetected,output,,N98288,N98288,1,undetected,N98288,N98288,N98288,sa1,1
31017,N3476 /1 undetected,output,,N3476,N3476,1,undetected,N3476,N3476,N3476,sa1,1
31018,N74473 /1 undetected,output,,N74473,N74473,1,undetected,N74473,N74473,N74473,sa1,1
31019,N2455 /1 undetected,output,,N2455,N2455,1,undetected,N2455,N2455,N2455,sa1,1
31020,N3401 /0 undetected,output,,N3401,N3401,0,undetected,N3401,N3401,N3401,sa0,1
31021,N3400 /1 undetected,output,,N3400,N3400,1,undetected,N3400,N3400,N3400,sa1,1
31022,N96348 /1 undetected,output,,N96348,N96348,1,undetected,N96348,N96348,N96348,sa1,1
31023,N92113 /1 undetected,output,,N92113,N92113,1,undetected,N92113,N92113,N92113,sa1,1
31024,N3396 /1 undetected,output,,N3396,N3396,1,undetected,N3396,N3396,N3396,sa1,1
31025,N3396 /0 undetected,output,,N3396,N3396,0,undetected,N3396,N3396,N3396,sa0,1
31026,N96190 /1 undetected,output,,N96190,N96190,1,undetected,N96190,N96190,N96190,sa1,1
31027,N92864 /1 undetected,output,,N92864,N92864,1,undetected,N92864,N92864,N92864,sa1,1
31028,N3375 /1 undetected,output,,N3375,N3375,1,undetected,N3375,N3375,N3375,sa1,1
31029,N96233 /1 undetected,output,,N96233,N96233,1,undetected,N96233,N96233,N96233,sa1,1
31030,N3369 /1 undetected,output,,N3369,N3369,1,undetected,N3369,N3369,N3369,sa1,1
31031,N3205 /1 undetected,output,,N3205,N3205,1,undetected,N3205,N3205,N3205,sa1,1
31032,N3205 /0 undetected,output,,N3205,N3205,0,undetected,N3205,N3205,N3205,sa0,1
31033,N96188 /1 undetected,output,,N96188,N96188,1,undetected,N96188,N96188,N96188,sa1,1
31034,N96183 /1 undetected,output,,N96183,N96183,1,undetected,N96183,N96183,N96183,sa1,1
31035,N3167 /1 undetected,output,,N3167,N3167,1,undetected,N3167,N3167,N3167,sa1,1
31036,N90461 /1 undetected,output,,N90461,N90461,1,undetected,N90461,N90461,N90461,sa1,1
31037,N87761 /1 undetected,output,,N87761,N87761,1,undetected,N87761,N87761,N87761,sa1,1
31038,N121323 /1 undetected,output,,N121323,N121323,1,undetected,N121323,N121323,N121323,sa1,1
31039,N78968 /1 undetected,output,,N78968,N78968,1,undetected,N78968,N78968,N78968,sa1,1
31040,N102051 /1 undetected,output,,N102051,N102051,1,undetected,N102051,N102051,N102051,sa1,1
31041,N87734 /1 undetected,output,,N87734,N87734,1,undetected,N87734,N87734,N87734,sa1,1
31042,N79197 /1 undetected,output,,N79197,N79197,1,undetected,N79197,N79197,N79197,sa1,1
31043,N83165 /1 undetected,output,,N83165,N83165,1,undetected,N83165,N83165,N83165,sa1,1
31044,N70184 /1 undetected,output,,N70184,N70184,1,undetected,N70184,N70184,N70184,sa1,1
31045,N77533 /1 undetected,output,,N77533,N77533,1,undetected,N77533,N77533,N77533,sa1,1
31046,N69427 /0 undetected,output,,N69427,N69427,0,undetected,N69427,N69427,N69427,sa0,1
31047,N77220 /1 undetected,output,,N77220,N77220,1,undetected,N77220,N77220,N77220,sa1,1
31048,N69425 /1 undetected,output,,N69425,N69425,1,undetected,N69425,N69425,N69425,sa1,1
31049,N69413 /0 undetected,output,,N69413,N69413,0,undetected,N69413,N69413,N69413,sa0,1
31050,N86760 /1 undetected,output,,N86760,N86760,1,undetected,N86760,N86760,N86760,sa1,1
31051,N69411 /1 undetected,output,,N69411,N69411,1,undetected,N69411,N69411,N69411,sa1,1
31052,N83019 /1 undetected,output,,N83019,N83019,1,undetected,N83019,N83019,N83019,sa1,1
31053,N79495 /1 undetected,output,,N79495,N79495,1,undetected,N79495,N79495,N79495,sa1,1
31054,N79485 /1 undetected,output,,N79485,N79485,1,undetected,N79485,N79485,N79485,sa1,1
31055,N79482 /1 undetected,output,,N79482,N79482,1,undetected,N79482,N79482,N79482,sa1,1
31056,N69835 /1 undetected,output,,N69835,N69835,1,undetected,N69835,N69835,N69835,sa1,1
31057,N69834 /1 undetected,output,,N69834,N69834,1,undetected,N69834,N69834,N69834,sa1,1
31058,N86797 /1 undetected,output,,N86797,N86797,1,undetected,N86797,N86797,N86797,sa1,1
31059,N69832 /1 undetected,output,,N69832,N69832,1,undetected,N69832,N69832,N69832,sa1,1
31060,N90949 /1 undetected,output,,N90949,N90949,1,undetected,N90949,N90949,N90949,sa1,1
31061,N69038 /0 undetected,output,,N69038,N69038,0,undetected,N69038,N69038,N69038,sa0,1
31062,N69036 /1 undetected,output,,N69036,N69036,1,undetected,N69036,N69036,N69036,sa1,1
31063,N87023 /1 undetected,output,,N87023,N87023,1,undetected,N87023,N87023,N87023,sa1,1
31064,N83179 /1 undetected,output,,N83179,N83179,1,undetected,N83179,N83179,N83179,sa1,1
31065,N90902 /1 undetected,output,,N90902,N90902,1,undetected,N90902,N90902,N90902,sa1,1
31066,N77644 /1 undetected,output,,N77644,N77644,1,undetected,N77644,N77644,N77644,sa1,1
31067,N20461 /1 undetected,output,,N20461,N20461,1,undetected,N20461,N20461,N20461,sa1,1
31068,N20461 /0 undetected,output,,N20461,N20461,0,undetected,N20461,N20461,N20461,sa0,1
31069,N21138 /0 undetected,output,,N21138,N21138,0,undetected,N21138,N21138,N21138,sa0,1
31070,N104294 /1 undetected,output,,N104294,N104294,1,undetected,N104294,N104294,N104294,sa1,1
31071,N93385 /1 undetected,output,,N93385,N93385,1,undetected,N93385,N93385,N93385,sa1,1
31072,N20680 /1 undetected,output,,N20680,N20680,1,undetected,N20680,N20680,N20680,sa1,1
31073,N20680 /0 undetected,output,,N20680,N20680,0,undetected,N20680,N20680,N20680,sa0,1
31074,N103697 /1 undetected,output,,N103697,N103697,1,undetected,N103697,N103697,N103697,sa1,1
31075,N20679 /1 undetected,output,,N20679,N20679,1,undetected,N20679,N20679,N20679,sa1,1
31076,N74301 /1 undetected,output,,N74301,N74301,1,undetected,N74301,N74301,N74301,sa1,1
31077,N2865 /1 undetected,output,,N2865,N2865,1,undetected,N2865,N2865,N2865,sa1,1
31078,N17158 /0 undetected,output,,N17158,N17158,0,undetected,N17158,N17158,N17158,sa0,1
31079,N2430 /1 undetected,output,,N2430,N2430,1,undetected,N2430,N2430,N2430,sa1,1
31080,N93206 /1 undetected,output,,N93206,N93206,1,undetected,N93206,N93206,N93206,sa1,1
31081,N2428 /1 undetected,output,,N2428,N2428,1,undetected,N2428,N2428,N2428,sa1,1
31082,N93234 /1 undetected,output,,N93234,N93234,1,undetected,N93234,N93234,N93234,sa1,1
31083,N84318 /1 undetected,output,,N84318,N84318,1,undetected,N84318,N84318,N84318,sa1,1
31084,N17054 /1 undetected,output,,N17054,N17054,1,undetected,N17054,N17054,N17054,sa1,1
31085,N13082 /1 undetected,output,,N13082,N13082,1,undetected,N13082,N13082,N13082,sa1,1
31086,N14980 /0 undetected,output,,N14980,N14980,0,undetected,N14980,N14980,N14980,sa0,1
31087,N102280 /1 undetected,output,,N102280,N102280,1,undetected,N102280,N102280,N102280,sa1,1
31088,N94696 /1 undetected,output,,N94696,N94696,1,undetected,N94696,N94696,N94696,sa1,1
31089,N14409 /1 undetected,output,,N14409,N14409,1,undetected,N14409,N14409,N14409,sa1,1
31090,N14409 /0 undetected,output,,N14409,N14409,0,undetected,N14409,N14409,N14409,sa0,1
31091,N92900 /1 undetected,output,,N92900,N92900,1,undetected,N92900,N92900,N92900,sa1,1
31092,N14407 /1 undetected,output,,N14407,N14407,1,undetected,N14407,N14407,N14407,sa1,1
31093,N92874 /1 undetected,output,,N92874,N92874,1,undetected,N92874,N92874,N92874,sa1,1
31094,N92861 /1 undetected,output,,N92861,N92861,1,undetected,N92861,N92861,N92861,sa1,1
31095,N13423 /0 undetected,output,,N13423,N13423,0,undetected,N13423,N13423,N13423,sa0,1
31096,N13422 /1 undetected,output,,N13422,N13422,1,undetected,N13422,N13422,N13422,sa1,1
31097,N98452 /1 undetected,output,,N98452,N98452,1,undetected,N98452,N98452,N98452,sa1,1
31098,N13381 /1 undetected,output,,N13381,N13381,1,undetected,N13381,N13381,N13381,sa1,1
31099,N12557 /0 undetected,output,,N12557,N12557,0,undetected,N12557,N12557,N12557,sa0,1
31100,N12556 /1 undetected,output,,N12556,N12556,1,undetected,N12556,N12556,N12556,sa1,1
31101,N74413 /1 undetected,output,,N74413,N74413,1,undetected,N74413,N74413,N74413,sa1,1
31102,N2240 /1 undetected,output,,N2240,N2240,1,undetected,N2240,N2240,N2240,sa1,1
31103,N11454 /1 undetected,output,,N11454,N11454,1,undetected,N11454,N11454,N11454,sa1,1
31104,N11454 /0 undetected,output,,N11454,N11454,0,undetected,N11454,N11454,N11454,sa0,1
31105,N74435 /1 undetected,output,,N74435,N74435,1,undetected,N74435,N74435,N74435,sa1,1
31106,N2186 /1 undetected,output,,N2186,N2186,1,undetected,N2186,N2186,N2186,sa1,1
31107,N92884 /1 undetected,output,,N92884,N92884,1,undetected,N92884,N92884,N92884,sa1,1
31108,N92859 /1 undetected,output,,N92859,N92859,1,undetected,N92859,N92859,N92859,sa1,1
31109,N3306 /1 undetected,output,,N3306,N3306,1,undetected,N3306,N3306,N3306,sa1,1
31110,N96244 /1 undetected,output,,N96244,N96244,1,undetected,N96244,N96244,N96244,sa1,1
31111,N3223 /1 undetected,output,,N3223,N3223,1,undetected,N3223,N3223,N3223,sa1,1
31112,N3223 /0 undetected,output,,N3223,N3223,0,undetected,N3223,N3223,N3223,sa0,1
31113,N95196 /1 undetected,output,,N95196,N95196,1,undetected,N95196,N95196,N95196,sa1,1
31114,N3222 /1 undetected,output,,N3222,N3222,1,undetected,N3222,N3222,N3222,sa1,1
31115,N96221 /1 undetected,output,,N96221,N96221,1,undetected,N96221,N96221,N96221,sa1,1
31116,N84055 /1 undetected,output,,N84055,N84055,1,undetected,N84055,N84055,N84055,sa1,1
31117,N56348 /1 undetected,output,,N56348,N56348,1,undetected,N56348,N56348,N56348,sa1,1
31118,N56348 /0 undetected,output,,N56348,N56348,0,undetected,N56348,N56348,N56348,sa0,1
31119,N102920 /1 undetected,output,,N102920,N102920,1,undetected,N102920,N102920,N102920,sa1,1
31120,N92160 /1 undetected,output,,N92160,N92160,1,undetected,N92160,N92160,N92160,sa1,1
31121,N51194 /0 undetected,output,,N51194,N51194,0,undetected,N51194,N51194,N51194,sa0,1
31122,N25117 /0 undetected,output,,N25117,N25117,0,undetected,N25117,N25117,N25117,sa0,1
31123,N92283 /1 undetected,output,,N92283,N92283,1,undetected,N92283,N92283,N92283,sa1,1
31124,N25116 /1 undetected,output,,N25116,N25116,1,undetected,N25116,N25116,N25116,sa1,1
31125,N107940 /1 undetected,output,,N107940,N107940,1,undetected,N107940,N107940,N107940,sa1,1
31126,N106506 /1 undetected,output,,N106506,N106506,1,undetected,N106506,N106506,N106506,sa1,1
31127,N23620 /0 undetected,output,,N23620,N23620,0,undetected,N23620,N23620,N23620,sa0,1
31128,N93929 /1 undetected,output,,N93929,N93929,1,undetected,N93929,N93929,N93929,sa1,1
31129,N21949 /0 undetected,output,,N21949,N21949,0,undetected,N21949,N21949,N21949,sa0,1
31130,N20854 /1 undetected,output,,N20854,N20854,1,undetected,N20854,N20854,N20854,sa1,1
31131,N20854 /0 undetected,output,,N20854,N20854,0,undetected,N20854,N20854,N20854,sa0,1
31132,N98830 /1 undetected,output,,N98830,N98830,1,undetected,N98830,N98830,N98830,sa1,1
31133,N94520 /1 undetected,output,,N94520,N94520,1,undetected,N94520,N94520,N94520,sa1,1
31134,N20807 /0 undetected,output,,N20807,N20807,0,undetected,N20807,N20807,N20807,sa0,1
31135,N20806 /1 undetected,output,,N20806,N20806,1,undetected,N20806,N20806,N20806,sa1,1
31136,N94526 /1 undetected,output,,N94526,N94526,1,undetected,N94526,N94526,N94526,sa1,1
31137,N20557 /1 undetected,output,,N20557,N20557,1,undetected,N20557,N20557,N20557,sa1,1
31138,N20542 /1 undetected,output,,N20542,N20542,1,undetected,N20542,N20542,N20542,sa1,1
31139,N20542 /0 undetected,output,,N20542,N20542,0,undetected,N20542,N20542,N20542,sa0,1
31140,N104540 /1 undetected,output,,N104540,N104540,1,undetected,N104540,N104540,N104540,sa1,1
31141,N98828 /1 undetected,output,,N98828,N98828,1,undetected,N98828,N98828,N98828,sa1,1
31142,N20101 /1 undetected,output,,N20101,N20101,1,undetected,N20101,N20101,N20101,sa1,1
31143,N20101 /0 undetected,output,,N20101,N20101,0,undetected,N20101,N20101,N20101,sa0,1
31144,N18788 /0 undetected,output,,N18788,N18788,0,undetected,N18788,N18788,N18788,sa0,1
31145,N17996 /0 undetected,output,,N17996,N17996,0,undetected,N17996,N17996,N17996,sa0,1
31146,N16071 /0 undetected,output,,N16071,N16071,0,undetected,N16071,N16071,N16071,sa0,1
31147,N101543 /1 undetected,output,,N101543,N101543,1,undetected,N101543,N101543,N101543,sa1,1
31148,N16059 /0 undetected,output,,N16059,N16059,0,undetected,N16059,N16059,N16059,sa0,1
31149,N102834 /1 undetected,output,,N102834,N102834,1,undetected,N102834,N102834,N102834,sa1,1
31150,N16053 /0 undetected,output,,N16053,N16053,0,undetected,N16053,N16053,N16053,sa0,1
31151,N102833 /1 undetected,output,,N102833,N102833,1,undetected,N102833,N102833,N102833,sa1,1
31152,N15844 /0 undetected,output,,N15844,N15844,0,undetected,N15844,N15844,N15844,sa0,1
31153,N102777 /1 undetected,output,,N102777,N102777,1,undetected,N102777,N102777,N102777,sa1,1
31154,N94726 /1 undetected,output,,N94726,N94726,1,undetected,N94726,N94726,N94726,sa1,1
31155,N14944 /0 undetected,output,,N14944,N14944,0,undetected,N14944,N14944,N14944,sa0,1
31156,N77081 /1 undetected,output,,N77081,N77081,1,undetected,N77081,N77081,N77081,sa1,1
31157,N14897 /1 undetected,output,,N14897,N14897,1,undetected,N14897,N14897,N14897,sa1,1
31158,N14897 /0 undetected,output,,N14897,N14897,0,undetected,N14897,N14897,N14897,sa0,1
31159,N102226 /1 undetected,output,,N102226,N102226,1,undetected,N102226,N102226,N102226,sa1,1
31160,N94694 /1 undetected,output,,N94694,N94694,1,undetected,N94694,N94694,N94694,sa1,1
31161,N14529 /0 undetected,output,,N14529,N14529,0,undetected,N14529,N14529,N14529,sa0,1
31162,N75265 /1 undetected,output,,N75265,N75265,1,undetected,N75265,N75265,N75265,sa1,1
31163,N14505 /0 undetected,output,,N14505,N14505,0,undetected,N14505,N14505,N14505,sa0,1
31164,N101864 /1 undetected,output,,N101864,N101864,1,undetected,N101864,N101864,N101864,sa1,1
31165,N14477 /0 undetected,output,,N14477,N14477,0,undetected,N14477,N14477,N14477,sa0,1
31166,N86407 /1 undetected,output,,N86407,N86407,1,undetected,N86407,N86407,N86407,sa1,1
31167,N13088 /1 undetected,output,,N13088,N13088,1,undetected,N13088,N13088,N13088,sa1,1
31168,N13088 /0 undetected,output,,N13088,N13088,0,undetected,N13088,N13088,N13088,sa0,1
31169,N13084 /1 undetected,output,,N13084,N13084,1,undetected,N13084,N13084,N13084,sa1,1
31170,N13084 /0 undetected,output,,N13084,N13084,0,undetected,N13084,N13084,N13084,sa0,1
31171,N12390 /0 undetected,output,,N12390,N12390,0,undetected,N12390,N12390,N12390,sa0,1
31172,N76775 /1 undetected,output,,N76775,N76775,1,undetected,N76775,N76775,N76775,sa1,1
31173,N11641 /0 undetected,output,,N11641,N11641,0,undetected,N11641,N11641,N11641,sa0,1
31174,N99234 /1 undetected,output,,N99234,N99234,1,undetected,N99234,N99234,N99234,sa1,1
31175,N92262 /1 undetected,output,,N92262,N92262,1,undetected,N92262,N92262,N92262,sa1,1
31176,N11498 /0 undetected,output,,N11498,N11498,0,undetected,N11498,N11498,N11498,sa0,1
31177,N87155 /1 undetected,output,,N87155,N87155,1,undetected,N87155,N87155,N87155,sa1,1
31178,N11479 /1 undetected,output,,N11479,N11479,1,undetected,N11479,N11479,N11479,sa1,1
31179,N11479 /0 undetected,output,,N11479,N11479,0,undetected,N11479,N11479,N11479,sa0,1
31180,N92258 /1 undetected,output,,N92258,N92258,1,undetected,N92258,N92258,N92258,sa1,1
31181,N83703 /1 undetected,output,,N83703,N83703,1,undetected,N83703,N83703,N83703,sa1,1
31182,N9077 /0 undetected,output,,N9077,N9077,0,undetected,N9077,N9077,N9077,sa0,1
31183,N98834 /1 undetected,output,,N98834,N98834,1,undetected,N98834,N98834,N98834,sa1,1
31184,N9075 /1 undetected,output,,N9075,N9075,1,undetected,N9075,N9075,N9075,sa1,1
31185,N8778 /0 undetected,output,,N8778,N8778,0,undetected,N8778,N8778,N8778,sa0,1
31186,N2721 /1 undetected,output,,N2721,N2721,1,undetected,N2721,N2721,N2721,sa1,1
31187,N8775 /0 undetected,output,,N8775,N8775,0,undetected,N8775,N8775,N8775,sa0,1
31188,N75279 /1 undetected,output,,N75279,N75279,1,undetected,N75279,N75279,N75279,sa1,1
31189,N4803 /0 undetected,output,,N4803,N4803,0,undetected,N4803,N4803,N4803,sa0,1
31190,N86587 /1 undetected,output,,N86587,N86587,1,undetected,N86587,N86587,N86587,sa1,1
31191,N4797 /0 undetected,output,,N4797,N4797,0,undetected,N4797,N4797,N4797,sa0,1
31192,N86809 /1 undetected,output,,N86809,N86809,1,undetected,N86809,N86809,N86809,sa1,1
31193,N4607 /0 undetected,output,,N4607,N4607,0,undetected,N4607,N4607,N4607,sa0,1
31194,N97095 /1 undetected,output,,N97095,N97095,1,undetected,N97095,N97095,N97095,sa1,1
31195,N92248 /1 undetected,output,,N92248,N92248,1,undetected,N92248,N92248,N92248,sa1,1
31196,N4239 /0 undetected,output,,N4239,N4239,0,undetected,N4239,N4239,N4239,sa0,1
31197,N4238 /1 undetected,output,,N4238,N4238,1,undetected,N4238,N4238,N4238,sa1,1
31198,N76631 /1 undetected,output,,N76631,N76631,1,undetected,N76631,N76631,N76631,sa1,1
31199,N75274 /1 undetected,output,,N75274,N75274,1,undetected,N75274,N75274,N75274,sa1,1
31200,N4143 /1 undetected,output,,N4143,N4143,1,undetected,N4143,N4143,N4143,sa1,1
31201,N4088 /0 undetected,output,,N4088,N4088,0,undetected,N4088,N4088,N4088,sa0,1
31202,N96709 /1 undetected,output,,N96709,N96709,1,undetected,N96709,N96709,N96709,sa1,1
31203,N3877 /0 undetected,output,,N3877,N3877,0,undetected,N3877,N3877,N3877,sa0,1
31204,N92242 /1 undetected,output,,N92242,N92242,1,undetected,N92242,N92242,N92242,sa1,1
31205,N3876 /1 undetected,output,,N3876,N3876,1,undetected,N3876,N3876,N3876,sa1,1
31206,N95918 /1 undetected,output,,N95918,N95918,1,undetected,N95918,N95918,N95918,sa1,1
31207,N86664 /1 undetected,output,,N86664,N86664,1,undetected,N86664,N86664,N86664,sa1,1
31208,N3862 /0 undetected,output,,N3862,N3862,0,undetected,N3862,N3862,N3862,sa0,1
31209,N77166 /1 undetected,output,,N77166,N77166,1,undetected,N77166,N77166,N77166,sa1,1
31210,N3328 /1 undetected,output,,N3328,N3328,1,undetected,N3328,N3328,N3328,sa1,1
31211,N95175 /1 undetected,output,,N95175,N95175,1,undetected,N95175,N95175,N95175,sa1,1
31212,N92056 /1 undetected,output,,N92056,N92056,1,undetected,N92056,N92056,N92056,sa1,1
31213,N3190 /1 undetected,output,,N3190,N3190,1,undetected,N3190,N3190,N3190,sa1,1
31214,N2883 /0 undetected,output,,N2883,N2883,0,undetected,N2883,N2883,N2883,sa0,1
31215,N95225 /1 undetected,output,,N95225,N95225,1,undetected,N95225,N95225,N95225,sa1,1
31216,N2868 /0 undetected,output,,N2868,N2868,0,undetected,N2868,N2868,N2868,sa0,1
31217,N95207 /1 undetected,output,,N95207,N95207,1,undetected,N95207,N95207,N95207,sa1,1
31218,N95192 /1 undetected,output,,N95192,N95192,1,undetected,N95192,N95192,N95192,sa1,1
31219,N2777 /0 undetected,output,,N2777,N2777,0,undetected,N2777,N2777,N2777,sa0,1
31220,N92671 /1 undetected,output,,N92671,N92671,1,undetected,N92671,N92671,N92671,sa1,1
31221,N2775 /0 undetected,output,,N2775,N2775,0,undetected,N2775,N2775,N2775,sa0,1
31222,N2712 /1 undetected,output,,N2712,N2712,1,undetected,N2712,N2712,N2712,sa1,1
31223,N2712 /0 undetected,output,,N2712,N2712,0,undetected,N2712,N2712,N2712,sa0,1
31224,N92237 /1 undetected,output,,N92237,N92237,1,undetected,N92237,N92237,N92237,sa1,1
31225,N85265 /1 undetected,output,,N85265,N85265,1,undetected,N85265,N85265,N85265,sa1,1
31226,N2563 /0 undetected,output,,N2563,N2563,0,undetected,N2563,N2563,N2563,sa0,1
31227,N85256 /1 undetected,output,,N85256,N85256,1,undetected,N85256,N85256,N85256,sa1,1
31228,N2456 /0 undetected,output,,N2456,N2456,0,undetected,N2456,N2456,N2456,sa0,1
31229,N93420 /1 undetected,output,,N93420,N93420,1,undetected,N93420,N93420,N93420,sa1,1
31230,N93207 /1 undetected,output,,N93207,N93207,1,undetected,N93207,N93207,N93207,sa1,1
31231,N2424 /0 undetected,output,,N2424,N2424,0,undetected,N2424,N2424,N2424,sa0,1
31232,N92167 /1 undetected,output,,N92167,N92167,1,undetected,N92167,N92167,N92167,sa1,1
31233,N2398 /1 undetected,output,,N2398,N2398,1,undetected,N2398,N2398,N2398,sa1,1
31234,N93198 /1 undetected,output,,N93198,N93198,1,undetected,N93198,N93198,N93198,sa1,1
31235,N84068 /1 undetected,output,,N84068,N84068,1,undetected,N84068,N84068,N84068,sa1,1
31236,N2189 /0 undetected,output,,N2189,N2189,0,undetected,N2189,N2189,N2189,sa0,1
31237,N2161 /0 undetected,output,,N2161,N2161,0,undetected,N2161,N2161,N2161,sa0,1
31238,N92521 /1 undetected,output,,N92521,N92521,1,undetected,N92521,N92521,N92521,sa1,1
31239,N2159 /0 undetected,output,,N2159,N2159,0,undetected,N2159,N2159,N2159,sa0,1
31240,N92556 /1 undetected,output,,N92556,N92556,1,undetected,N92556,N92556,N92556,sa1,1
31241,N2152 /0 undetected,output,,N2152,N2152,0,undetected,N2152,N2152,N2152,sa0,1
31242,N92664 /1 undetected,output,,N92664,N92664,1,undetected,N92664,N92664,N92664,sa1,1
31243,N2142 /0 undetected,output,,N2142,N2142,0,undetected,N2142,N2142,N2142,sa0,1
31244,N92728 /1 undetected,output,,N92728,N92728,1,undetected,N92728,N92728,N92728,sa1,1
31245,N2119 /0 undetected,output,,N2119,N2119,0,undetected,N2119,N2119,N2119,sa0,1
31246,N92341 /1 undetected,output,,N92341,N92341,1,undetected,N92341,N92341,N92341,sa1,1
31247,N2115 /0 undetected,output,,N2115,N2115,0,undetected,N2115,N2115,N2115,sa0,1
31248,N84639 /1 undetected,output,,N84639,N84639,1,undetected,N84639,N84639,N84639,sa1,1
31249,N2114 /1 undetected,output,,N2114,N2114,1,undetected,N2114,N2114,N2114,sa1,1
31250,N88648 /1 undetected,output,,N88648,N88648,1,undetected,N88648,N88648,N88648,sa1,1
31251,N88646 /1 undetected,output,,N88646,N88646,1,undetected,N88646,N88646,N88646,sa1,1
31252,N88644 /1 undetected,output,,N88644,N88644,1,undetected,N88644,N88644,N88644,sa1,1
31253,N88642 /1 undetected,output,,N88642,N88642,1,undetected,N88642,N88642,N88642,sa1,1
31254,N88633 /1 undetected,output,,N88633,N88633,1,undetected,N88633,N88633,N88633,sa1,1
31255,N88632 /1 undetected,output,,N88632,N88632,1,undetected,N88632,N88632,N88632,sa1,1
31256,N88629 /1 undetected,output,,N88629,N88629,1,undetected,N88629,N88629,N88629,sa1,1
31257,N88627 /1 undetected,output,,N88627,N88627,1,undetected,N88627,N88627,N88627,sa1,1
31258,N88625 /1 undetected,output,,N88625,N88625,1,undetected,N88625,N88625,N88625,sa1,1
31259,N88623 /1 undetected,output,,N88623,N88623,1,undetected,N88623,N88623,N88623,sa1,1
31260,N88619 /1 undetected,output,,N88619,N88619,1,undetected,N88619,N88619,N88619,sa1,1
31261,N88613 /1 undetected,output,,N88613,N88613,1,undetected,N88613,N88613,N88613,sa1,1
31262,N88610 /1 undetected,output,,N88610,N88610,1,undetected,N88610,N88610,N88610,sa1,1
31263,N90474 /1 undetected,output,,N90474,N90474,1,undetected,N90474,N90474,N90474,sa1,1
31264,N20484 /1 undetected,output,,N20484,N20484,1,undetected,N20484,N20484,N20484,sa1,1
31265,N20484 /0 undetected,output,,N20484,N20484,0,undetected,N20484,N20484,N20484,sa0,1
31266,N23536 /1 undetected,output,,N23536,N23536,1,undetected,N23536,N23536,N23536,sa1,1
31267,N23536 /0 undetected,output,,N23536,N23536,0,undetected,N23536,N23536,N23536,sa0,1
31268,N102673 /1 undetected,output,,N102673,N102673,1,undetected,N102673,N102673,N102673,sa1,1
31269,N23535 /1 undetected,output,,N23535,N23535,1,undetected,N23535,N23535,N23535,sa1,1
31270,N83907 /1 undetected,output,,N83907,N83907,1,undetected,N83907,N83907,N83907,sa1,1
31271,N23491 /1 undetected,output,,N23491,N23491,1,undetected,N23491,N23491,N23491,sa1,1
31272,N12823 /1 undetected,output,,N12823,N12823,1,undetected,N12823,N12823,N12823,sa1,1
31273,N12823 /0 undetected,output,,N12823,N12823,0,undetected,N12823,N12823,N12823,sa0,1
31274,N84304 /1 undetected,output,,N84304,N84304,1,undetected,N84304,N84304,N84304,sa1,1
31275,N12822 /1 undetected,output,,N12822,N12822,1,undetected,N12822,N12822,N12822,sa1,1
31276,N100805 /1 undetected,output,,N100805,N100805,1,undetected,N100805,N100805,N100805,sa1,1
31277,N12640 /1 undetected,output,,N12640,N12640,1,undetected,N12640,N12640,N12640,sa1,1
31278,N23501 /1 undetected,output,,N23501,N23501,1,undetected,N23501,N23501,N23501,sa1,1
31279,N23501 /0 undetected,output,,N23501,N23501,0,undetected,N23501,N23501,N23501,sa0,1
31280,N96223 /1 undetected,output,,N96223,N96223,1,undetected,N96223,N96223,N96223,sa1,1
31281,N96142 /1 undetected,output,,N96142,N96142,1,undetected,N96142,N96142,N96142,sa1,1
31282,N21251 /1 undetected,output,,N21251,N21251,1,undetected,N21251,N21251,N21251,sa1,1
31283,N21251 /0 undetected,output,,N21251,N21251,0,undetected,N21251,N21251,N21251,sa0,1
31284,N104563 /1 undetected,output,,N104563,N104563,1,undetected,N104563,N104563,N104563,sa1,1
31285,N84179 /1 undetected,output,,N84179,N84179,1,undetected,N84179,N84179,N84179,sa1,1
31286,N21232 /0 undetected,output,,N21232,N21232,0,undetected,N21232,N21232,N21232,sa0,1
31287,N94544 /1 undetected,output,,N94544,N94544,1,undetected,N94544,N94544,N94544,sa1,1
31288,N20684 /0 undetected,output,,N20684,N20684,0,undetected,N20684,N20684,N20684,sa0,1
31289,N18456 /1 undetected,output,,N18456,N18456,1,undetected,N18456,N18456,N18456,sa1,1
31290,N20477 /1 undetected,output,,N20477,N20477,1,undetected,N20477,N20477,N20477,sa1,1
31291,N20477 /0 undetected,output,,N20477,N20477,0,undetected,N20477,N20477,N20477,sa0,1
31292,N104293 /1 undetected,output,,N104293,N104293,1,undetected,N104293,N104293,N104293,sa1,1
31293,N93335 /1 undetected,output,,N93335,N93335,1,undetected,N93335,N93335,N93335,sa1,1
31294,N17679 /1 undetected,output,,N17679,N17679,1,undetected,N17679,N17679,N17679,sa1,1
31295,N17679 /0 undetected,output,,N17679,N17679,0,undetected,N17679,N17679,N17679,sa0,1
31296,N92529 /1 undetected,output,,N92529,N92529,1,undetected,N92529,N92529,N92529,sa1,1
31297,N17456 /1 undetected,output,,N17456,N17456,1,undetected,N17456,N17456,N17456,sa1,1
31298,N17459 /1 undetected,output,,N17459,N17459,1,undetected,N17459,N17459,N17459,sa1,1
31299,N17459 /0 undetected,output,,N17459,N17459,0,undetected,N17459,N17459,N17459,sa0,1
31300,N103481 /1 undetected,output,,N103481,N103481,1,undetected,N103481,N103481,N103481,sa1,1
31301,N103480 /1 undetected,output,,N103480,N103480,1,undetected,N103480,N103480,N103480,sa1,1
31302,N17093 /1 undetected,output,,N17093,N17093,1,undetected,N17093,N17093,N17093,sa1,1
31303,N17093 /0 undetected,output,,N17093,N17093,0,undetected,N17093,N17093,N17093,sa0,1
31304,N100643 /1 undetected,output,,N100643,N100643,1,undetected,N100643,N100643,N100643,sa1,1
31305,N17092 /1 undetected,output,,N17092,N17092,1,undetected,N17092,N17092,N17092,sa1,1
31306,N101040 /1 undetected,output,,N101040,N101040,1,undetected,N101040,N101040,N101040,sa1,1
31307,N93371 /1 undetected,output,,N93371,N93371,1,undetected,N93371,N93371,N93371,sa1,1
31308,N15657 /1 undetected,output,,N15657,N15657,1,undetected,N15657,N15657,N15657,sa1,1
31309,N15657 /0 undetected,output,,N15657,N15657,0,undetected,N15657,N15657,N15657,sa0,1
31310,N102672 /1 undetected,output,,N102672,N102672,1,undetected,N102672,N102672,N102672,sa1,1
31311,N101679 /1 undetected,output,,N101679,N101679,1,undetected,N101679,N101679,N101679,sa1,1
31312,N15639 /1 undetected,output,,N15639,N15639,1,undetected,N15639,N15639,N15639,sa1,1
31313,N15639 /0 undetected,output,,N15639,N15639,0,undetected,N15639,N15639,N15639,sa0,1
31314,N102671 /1 undetected,output,,N102671,N102671,1,undetected,N102671,N102671,N102671,sa1,1
31315,N92081 /1 undetected,output,,N92081,N92081,1,undetected,N92081,N92081,N92081,sa1,1
31316,N14539 /1 undetected,output,,N14539,N14539,1,undetected,N14539,N14539,N14539,sa1,1
31317,N14539 /0 undetected,output,,N14539,N14539,0,undetected,N14539,N14539,N14539,sa0,1
31318,N13353 /0 undetected,output,,N13353,N13353,0,undetected,N13353,N13353,N13353,sa0,1
31319,N93020 /1 undetected,output,,N93020,N93020,1,undetected,N93020,N93020,N93020,sa1,1
31320,N92224 /1 undetected,output,,N92224,N92224,1,undetected,N92224,N92224,N92224,sa1,1
31321,N11420 /1 undetected,output,,N11420,N11420,1,undetected,N11420,N11420,N11420,sa1,1
31322,N11420 /0 undetected,output,,N11420,N11420,0,undetected,N11420,N11420,N11420,sa0,1
31323,N96489 /1 undetected,output,,N96489,N96489,1,undetected,N96489,N96489,N96489,sa1,1
31324,N11419 /1 undetected,output,,N11419,N11419,1,undetected,N11419,N11419,N11419,sa1,1
31325,N92880 /1 undetected,output,,N92880,N92880,1,undetected,N92880,N92880,N92880,sa1,1
31326,N11418 /1 undetected,output,,N11418,N11418,1,undetected,N11418,N11418,N11418,sa1,1
31327,N8541 /1 undetected,output,,N8541,N8541,1,undetected,N8541,N8541,N8541,sa1,1
31328,N8541 /0 undetected,output,,N8541,N8541,0,undetected,N8541,N8541,N8541,sa0,1
31329,N96185 /1 undetected,output,,N96185,N96185,1,undetected,N96185,N96185,N96185,sa1,1
31330,N83876 /1 undetected,output,,N83876,N83876,1,undetected,N83876,N83876,N83876,sa1,1
31331,N8538 /1 undetected,output,,N8538,N8538,1,undetected,N8538,N8538,N8538,sa1,1
31332,N84121 /1 undetected,output,,N84121,N84121,1,undetected,N84121,N84121,N84121,sa1,1
31333,N8537 /1 undetected,output,,N8537,N8537,1,undetected,N8537,N8537,N8537,sa1,1
31334,N86004 /1 undetected,output,,N86004,N86004,1,undetected,N86004,N86004,N86004,sa1,1
31335,N8512 /1 undetected,output,,N8512,N8512,1,undetected,N8512,N8512,N8512,sa1,1
31336,N8512 /0 undetected,output,,N8512,N8512,0,undetected,N8512,N8512,N8512,sa0,1
31337,N96222 /1 undetected,output,,N96222,N96222,1,undetected,N96222,N96222,N96222,sa1,1
31338,N92926 /1 undetected,output,,N92926,N92926,1,undetected,N92926,N92926,N92926,sa1,1
31339,N4173 /0 undetected,output,,N4173,N4173,0,undetected,N4173,N4173,N4173,sa0,1
31340,N74455 /1 undetected,output,,N74455,N74455,1,undetected,N74455,N74455,N74455,sa1,1
31341,N2422 /1 undetected,output,,N2422,N2422,1,undetected,N2422,N2422,N2422,sa1,1
31342,N3592 /1 undetected,output,,N3592,N3592,1,undetected,N3592,N3592,N3592,sa1,1
31343,N3592 /0 undetected,output,,N3592,N3592,0,undetected,N3592,N3592,N3592,sa0,1
31344,N96488 /1 undetected,output,,N96488,N96488,1,undetected,N96488,N96488,N96488,sa1,1
31345,N84120 /1 undetected,output,,N84120,N84120,1,undetected,N84120,N84120,N84120,sa1,1
31346,N3571 /1 undetected,output,,N3571,N3571,1,undetected,N3571,N3571,N3571,sa1,1
31347,N3571 /0 undetected,output,,N3571,N3571,0,undetected,N3571,N3571,N3571,sa0,1
31348,N96439 /1 undetected,output,,N96439,N96439,1,undetected,N96439,N96439,N96439,sa1,1
31349,N3570 /1 undetected,output,,N3570,N3570,1,undetected,N3570,N3570,N3570,sa1,1
31350,N96462 /1 undetected,output,,N96462,N96462,1,undetected,N96462,N96462,N96462,sa1,1
31351,N76225 /1 undetected,output,,N76225,N76225,1,undetected,N76225,N76225,N76225,sa1,1
31352,N3568 /1 undetected,output,,N3568,N3568,1,undetected,N3568,N3568,N3568,sa1,1
31353,N3568 /0 undetected,output,,N3568,N3568,0,undetected,N3568,N3568,N3568,sa0,1
31354,N96438 /1 undetected,output,,N96438,N96438,1,undetected,N96438,N96438,N96438,sa1,1
31355,N3567 /1 undetected,output,,N3567,N3567,1,undetected,N3567,N3567,N3567,sa1,1
31356,N3521 /0 undetected,output,,N3521,N3521,0,undetected,N3521,N3521,N3521,sa0,1
31357,N3520 /1 undetected,output,,N3520,N3520,1,undetected,N3520,N3520,N3520,sa1,1
31358,N86715 /1 undetected,output,,N86715,N86715,1,undetected,N86715,N86715,N86715,sa1,1
31359,N74483 /1 undetected,output,,N74483,N74483,1,undetected,N74483,N74483,N74483,sa1,1
31360,N3411 /1 undetected,output,,N3411,N3411,1,undetected,N3411,N3411,N3411,sa1,1
31361,N3411 /0 undetected,output,,N3411,N3411,0,undetected,N3411,N3411,N3411,sa0,1
31362,N96360 /1 undetected,output,,N96360,N96360,1,undetected,N96360,N96360,N96360,sa1,1
31363,N92157 /1 undetected,output,,N92157,N92157,1,undetected,N92157,N92157,N92157,sa1,1
31364,N3342 /1 undetected,output,,N3342,N3342,1,undetected,N3342,N3342,N3342,sa1,1
31365,N3342 /0 undetected,output,,N3342,N3342,0,undetected,N3342,N3342,N3342,sa0,1
31366,N96294 /1 undetected,output,,N96294,N96294,1,undetected,N96294,N96294,N96294,sa1,1
31367,N84073 /1 undetected,output,,N84073,N84073,1,undetected,N84073,N84073,N84073,sa1,1
31368,N3337 /1 undetected,output,,N3337,N3337,1,undetected,N3337,N3337,N3337,sa1,1
31369,N3337 /0 undetected,output,,N3337,N3337,0,undetected,N3337,N3337,N3337,sa0,1
31370,N74403 /1 undetected,output,,N74403,N74403,1,undetected,N74403,N74403,N74403,sa1,1
31371,N3335 /1 undetected,output,,N3335,N3335,1,undetected,N3335,N3335,N3335,sa1,1
31372,N3239 /1 undetected,output,,N3239,N3239,1,undetected,N3239,N3239,N3239,sa1,1
31373,N3239 /0 undetected,output,,N3239,N3239,0,undetected,N3239,N3239,N3239,sa0,1
31374,N96243 /1 undetected,output,,N96243,N96243,1,undetected,N96243,N96243,N96243,sa1,1
31375,N3238 /1 undetected,output,,N3238,N3238,1,undetected,N3238,N3238,N3238,sa1,1
31376,N96246 /1 undetected,output,,N96246,N96246,1,undetected,N96246,N96246,N96246,sa1,1
31377,N93097 /1 undetected,output,,N93097,N93097,1,undetected,N93097,N93097,N93097,sa1,1
31378,N3227 /1 undetected,output,,N3227,N3227,1,undetected,N3227,N3227,N3227,sa1,1
31379,N3227 /0 undetected,output,,N3227,N3227,0,undetected,N3227,N3227,N3227,sa0,1
31380,N93089 /1 undetected,output,,N93089,N93089,1,undetected,N93089,N93089,N93089,sa1,1
31381,N84084 /1 undetected,output,,N84084,N84084,1,undetected,N84084,N84084,N84084,sa1,1
31382,N3195 /1 undetected,output,,N3195,N3195,1,undetected,N3195,N3195,N3195,sa1,1
31383,N3195 /0 undetected,output,,N3195,N3195,0,undetected,N3195,N3195,N3195,sa0,1
31384,N74441 /1 undetected,output,,N74441,N74441,1,undetected,N74441,N74441,N74441,sa1,1
31385,N3193 /1 undetected,output,,N3193,N3193,1,undetected,N3193,N3193,N3193,sa1,1
31386,N2856 /1 undetected,output,,N2856,N2856,1,undetected,N2856,N2856,N2856,sa1,1
31387,N2856 /0 undetected,output,,N2856,N2856,0,undetected,N2856,N2856,N2856,sa0,1
31388,N95195 /1 undetected,output,,N95195,N95195,1,undetected,N95195,N95195,N95195,sa1,1
31389,N92938 /1 undetected,output,,N92938,N92938,1,undetected,N92938,N92938,N92938,sa1,1
31390,N2261 /1 undetected,output,,N2261,N2261,1,undetected,N2261,N2261,N2261,sa1,1
31391,N2261 /0 undetected,output,,N2261,N2261,0,undetected,N2261,N2261,N2261,sa0,1
31392,N93088 /1 undetected,output,,N93088,N93088,1,undetected,N93088,N93088,N93088,sa1,1
31393,N92919 /1 undetected,output,,N92919,N92919,1,undetected,N92919,N92919,N92919,sa1,1
31394,N2237 /1 undetected,output,,N2237,N2237,1,undetected,N2237,N2237,N2237,sa1,1
31395,N2237 /0 undetected,output,,N2237,N2237,0,undetected,N2237,N2237,N2237,sa0,1
31396,N93044 /1 undetected,output,,N93044,N93044,1,undetected,N93044,N93044,N93044,sa1,1
31397,N86050 /1 undetected,output,,N86050,N86050,1,undetected,N86050,N86050,N86050,sa1,1
31398,N2218 /1 undetected,output,,N2218,N2218,1,undetected,N2218,N2218,N2218,sa1,1
31399,N2218 /0 undetected,output,,N2218,N2218,0,undetected,N2218,N2218,N2218,sa0,1
31400,N93018 /1 undetected,output,,N93018,N93018,1,undetected,N93018,N93018,N93018,sa1,1
31401,N92218 /1 undetected,output,,N92218,N92218,1,undetected,N92218,N92218,N92218,sa1,1
31402,N68974 /1 undetected,output,,N68974,N68974,1,undetected,N68974,N68974,N68974,sa1,1
31403,N68974 /0 undetected,output,,N68974,N68974,0,undetected,N68974,N68974,N68974,sa0,1
31404,N68972 /1 undetected,output,,N68972,N68972,1,undetected,N68972,N68972,N68972,sa1,1
31405,N68970 /1 undetected,output,,N68970,N68970,1,undetected,N68970,N68970,N68970,sa1,1
31406,N126355 /1 undetected,output,,N126355,N126355,1,undetected,N126355,N126355,N126355,sa1,1
31407,N82974 /1 undetected,output,,N82974,N82974,1,undetected,N82974,N82974,N82974,sa1,1
31408,N68965 /1 undetected,output,,N68965,N68965,1,undetected,N68965,N68965,N68965,sa1,1
31409,N68963 /1 undetected,output,,N68963,N68963,1,undetected,N68963,N68963,N68963,sa1,1
31410,N126306 /1 undetected,output,,N126306,N126306,1,undetected,N126306,N126306,N126306,sa1,1
31411,N77472 /1 undetected,output,,N77472,N77472,1,undetected,N77472,N77472,N77472,sa1,1
31412,N68962 /1 undetected,output,,N68962,N68962,1,undetected,N68962,N68962,N68962,sa1,1
31413,N126352 /1 undetected,output,,N126352,N126352,1,undetected,N126352,N126352,N126352,sa1,1
31414,N83186 /1 undetected,output,,N83186,N83186,1,undetected,N83186,N83186,N83186,sa1,1
31415,N68960 /1 undetected,output,,N68960,N68960,1,undetected,N68960,N68960,N68960,sa1,1
31416,N68958 /1 undetected,output,,N68958,N68958,1,undetected,N68958,N68958,N68958,sa1,1
31417,N126353 /1 undetected,output,,N126353,N126353,1,undetected,N126353,N126353,N126353,sa1,1
31418,N90828 /1 undetected,output,,N90828,N90828,1,undetected,N90828,N90828,N90828,sa1,1
31419,N68953 /1 undetected,output,,N68953,N68953,1,undetected,N68953,N68953,N68953,sa1,1
31420,N68951 /1 undetected,output,,N68951,N68951,1,undetected,N68951,N68951,N68951,sa1,1
31421,N126305 /1 undetected,output,,N126305,N126305,1,undetected,N126305,N126305,N126305,sa1,1
31422,N86924 /1 undetected,output,,N86924,N86924,1,undetected,N86924,N86924,N86924,sa1,1
31423,N68950 /1 undetected,output,,N68950,N68950,1,undetected,N68950,N68950,N68950,sa1,1
31424,N126351 /1 undetected,output,,N126351,N126351,1,undetected,N126351,N126351,N126351,sa1,1
31425,N90903 /1 undetected,output,,N90903,N90903,1,undetected,N90903,N90903,N90903,sa1,1
31426,N79583 /1 undetected,output,,N79583,N79583,1,undetected,N79583,N79583,N79583,sa1,1
31427,N79577 /1 undetected,output,,N79577,N79577,1,undetected,N79577,N79577,N79577,sa1,1
31428,N79574 /1 undetected,output,,N79574,N79574,1,undetected,N79574,N79574,N79574,sa1,1
31429,N79571 /1 undetected,output,,N79571,N79571,1,undetected,N79571,N79571,N79571,sa1,1
31430,N79568 /1 undetected,output,,N79568,N79568,1,undetected,N79568,N79568,N79568,sa1,1
31431,N79562 /1 undetected,output,,N79562,N79562,1,undetected,N79562,N79562,N79562,sa1,1
31432,N79557 /1 undetected,output,,N79557,N79557,1,undetected,N79557,N79557,N79557,sa1,1
31433,N79548 /1 undetected,output,,N79548,N79548,1,undetected,N79548,N79548,N79548,sa1,1
31434,N79546 /1 undetected,output,,N79546,N79546,1,undetected,N79546,N79546,N79546,sa1,1
31435,N79544 /1 undetected,output,,N79544,N79544,1,undetected,N79544,N79544,N79544,sa1,1
31436,N79539 /1 undetected,output,,N79539,N79539,1,undetected,N79539,N79539,N79539,sa1,1
31437,N79536 /1 undetected,output,,N79536,N79536,1,undetected,N79536,N79536,N79536,sa1,1
31438,N79534 /1 undetected,output,,N79534,N79534,1,undetected,N79534,N79534,N79534,sa1,1
31439,N79530 /1 undetected,output,,N79530,N79530,1,undetected,N79530,N79530,N79530,sa1,1
31440,N79526 /1 undetected,output,,N79526,N79526,1,undetected,N79526,N79526,N79526,sa1,1
31441,N79523 /1 undetected,output,,N79523,N79523,1,undetected,N79523,N79523,N79523,sa1,1
31442,N79518 /1 undetected,output,,N79518,N79518,1,undetected,N79518,N79518,N79518,sa1,1
31443,N79515 /1 undetected,output,,N79515,N79515,1,undetected,N79515,N79515,N79515,sa1,1
31444,N79510 /1 undetected,output,,N79510,N79510,1,undetected,N79510,N79510,N79510,sa1,1
31445,N79503 /1 undetected,output,,N79503,N79503,1,undetected,N79503,N79503,N79503,sa1,1
31446,N79500 /1 undetected,output,,N79500,N79500,1,undetected,N79500,N79500,N79500,sa1,1
31447,N20135 /1 undetected,output,,N20135,N20135,1,undetected,N20135,N20135,N20135,sa1,1
31448,N20135 /0 undetected,output,,N20135,N20135,0,undetected,N20135,N20135,N20135,sa0,1
31449,N23505 /1 undetected,output,,N23505,N23505,1,undetected,N23505,N23505,N23505,sa1,1
31450,N23505 /0 undetected,output,,N23505,N23505,0,undetected,N23505,N23505,N23505,sa0,1
31451,N84050 /1 undetected,output,,N84050,N84050,1,undetected,N84050,N84050,N84050,sa1,1
31452,N23504 /1 undetected,output,,N23504,N23504,1,undetected,N23504,N23504,N23504,sa1,1
31453,N105410 /1 undetected,output,,N105410,N105410,1,undetected,N105410,N105410,N105410,sa1,1
31454,N23502 /1 undetected,output,,N23502,N23502,1,undetected,N23502,N23502,N23502,sa1,1
31455,N99806 /1 undetected,output,,N99806,N99806,1,undetected,N99806,N99806,N99806,sa1,1
31456,N92071 /1 undetected,output,,N92071,N92071,1,undetected,N92071,N92071,N92071,sa1,1
31457,N104274 /1 undetected,output,,N104274,N104274,1,undetected,N104274,N104274,N104274,sa1,1
31458,N20026 /1 undetected,output,,N20026,N20026,1,undetected,N20026,N20026,N20026,sa1,1
31459,N20026 /0 undetected,output,,N20026,N20026,0,undetected,N20026,N20026,N20026,sa0,1
31460,N104273 /1 undetected,output,,N104273,N104273,1,undetected,N104273,N104273,N104273,sa1,1
31461,N104134 /1 undetected,output,,N104134,N104134,1,undetected,N104134,N104134,N104134,sa1,1
31462,N12643 /1 undetected,output,,N12643,N12643,1,undetected,N12643,N12643,N12643,sa1,1
31463,N12643 /0 undetected,output,,N12643,N12643,0,undetected,N12643,N12643,N12643,sa0,1
31464,N84299 /1 undetected,output,,N84299,N84299,1,undetected,N84299,N84299,N84299,sa1,1
31465,N12642 /1 undetected,output,,N12642,N12642,1,undetected,N12642,N12642,N12642,sa1,1
31466,N100688 /1 undetected,output,,N100688,N100688,1,undetected,N100688,N100688,N100688,sa1,1
31467,N74487 /1 undetected,output,,N74487,N74487,1,undetected,N74487,N74487,N74487,sa1,1
31468,N12550 /1 undetected,output,,N12550,N12550,1,undetected,N12550,N12550,N12550,sa1,1
31469,N92093 /1 undetected,output,,N92093,N92093,1,undetected,N92093,N92093,N92093,sa1,1
31470,N12549 /1 undetected,output,,N12549,N12549,1,undetected,N12549,N12549,N12549,sa1,1
31471,N51040 /1 undetected,output,,N51040,N51040,1,undetected,N51040,N51040,N51040,sa1,1
31472,N119501 /1 undetected,output,,N119501,N119501,1,undetected,N119501,N119501,N119501,sa1,1
31473,N2112 /1 undetected,output,,N2112,N2112,1,undetected,N2112,N2112,N2112,sa1,1
31474,N104900 /1 undetected,output,,N104900,N104900,1,undetected,N104900,N104900,N104900,sa1,1
31475,N21915 /1 undetected,output,,N21915,N21915,1,undetected,N21915,N21915,N21915,sa1,1
31476,N84182 /1 undetected,output,,N84182,N84182,1,undetected,N84182,N84182,N84182,sa1,1
31477,N16190 /1 undetected,output,,N16190,N16190,1,undetected,N16190,N16190,N16190,sa1,1
31478,N104898 /1 undetected,output,,N104898,N104898,1,undetected,N104898,N104898,N104898,sa1,1
31479,N85502 /1 undetected,output,,N85502,N85502,1,undetected,N85502,N85502,N85502,sa1,1
31480,N21265 /0 undetected,output,,N21265,N21265,0,undetected,N21265,N21265,N21265,sa0,1
31481,N104897 /1 undetected,output,,N104897,N104897,1,undetected,N104897,N104897,N104897,sa1,1
31482,N20355 /0 undetected,output,,N20355,N20355,0,undetected,N20355,N20355,N20355,sa0,1
31483,N20300 /1 undetected,output,,N20300,N20300,1,undetected,N20300,N20300,N20300,sa1,1
31484,N20300 /0 undetected,output,,N20300,N20300,0,undetected,N20300,N20300,N20300,sa0,1
31485,N20284 /1 undetected,output,,N20284,N20284,1,undetected,N20284,N20284,N20284,sa1,1
31486,N20284 /0 undetected,output,,N20284,N20284,0,undetected,N20284,N20284,N20284,sa0,1
31487,N20217 /1 undetected,output,,N20217,N20217,1,undetected,N20217,N20217,N20217,sa1,1
31488,N20217 /0 undetected,output,,N20217,N20217,0,undetected,N20217,N20217,N20217,sa0,1
31489,N20153 /0 undetected,output,,N20153,N20153,0,undetected,N20153,N20153,N20153,sa0,1
31490,N104436 /1 undetected,output,,N104436,N104436,1,undetected,N104436,N104436,N104436,sa1,1
31491,N104379 /1 undetected,output,,N104379,N104379,1,undetected,N104379,N104379,N104379,sa1,1
31492,N14385 /1 undetected,output,,N14385,N14385,1,undetected,N14385,N14385,N14385,sa1,1
31493,N14385 /0 undetected,output,,N14385,N14385,0,undetected,N14385,N14385,N14385,sa0,1
31494,N92067 /1 undetected,output,,N92067,N92067,1,undetected,N92067,N92067,N92067,sa1,1
31495,N14384 /1 undetected,output,,N14384,N14384,1,undetected,N14384,N14384,N14384,sa1,1
31496,N96297 /1 undetected,output,,N96297,N96297,1,undetected,N96297,N96297,N96297,sa1,1
31497,N74404 /1 undetected,output,,N74404,N74404,1,undetected,N74404,N74404,N74404,sa1,1
31498,N14238 /1 undetected,output,,N14238,N14238,1,undetected,N14238,N14238,N14238,sa1,1
31499,N83891 /1 undetected,output,,N83891,N83891,1,undetected,N83891,N83891,N83891,sa1,1
31500,N12629 /0 undetected,output,,N12629,N12629,0,undetected,N12629,N12629,N12629,sa0,1
31501,N12628 /1 undetected,output,,N12628,N12628,1,undetected,N12628,N12628,N12628,sa1,1
31502,N12370 /1 undetected,output,,N12370,N12370,1,undetected,N12370,N12370,N12370,sa1,1
31503,N12370 /0 undetected,output,,N12370,N12370,0,undetected,N12370,N12370,N12370,sa0,1
31504,N84133 /1 undetected,output,,N84133,N84133,1,undetected,N84133,N84133,N84133,sa1,1
31505,N12369 /1 undetected,output,,N12369,N12369,1,undetected,N12369,N12369,N12369,sa1,1
31506,N100400 /1 undetected,output,,N100400,N100400,1,undetected,N100400,N100400,N100400,sa1,1
31507,N100383 /1 undetected,output,,N100383,N100383,1,undetected,N100383,N100383,N100383,sa1,1
31508,N8511 /0 undetected,output,,N8511,N8511,0,undetected,N8511,N8511,N8511,sa0,1
31509,N3603 /1 undetected,output,,N3603,N3603,1,undetected,N3603,N3603,N3603,sa1,1
31510,N84239 /1 undetected,output,,N84239,N84239,1,undetected,N84239,N84239,N84239,sa1,1
31511,N3185 /1 undetected,output,,N3185,N3185,1,undetected,N3185,N3185,N3185,sa1,1
31512,N3352 /0 undetected,output,,N3352,N3352,0,undetected,N3352,N3352,N3352,sa0,1
31513,N96311 /1 undetected,output,,N96311,N96311,1,undetected,N96311,N96311,N96311,sa1,1
31514,N3204 /1 undetected,output,,N3204,N3204,1,undetected,N3204,N3204,N3204,sa1,1
31515,N3204 /0 undetected,output,,N3204,N3204,0,undetected,N3204,N3204,N3204,sa0,1
31516,N96187 /1 undetected,output,,N96187,N96187,1,undetected,N96187,N96187,N96187,sa1,1
31517,N86714 /1 undetected,output,,N86714,N86714,1,undetected,N86714,N86714,N86714,sa1,1
31518,N3188 /1 undetected,output,,N3188,N3188,1,undetected,N3188,N3188,N3188,sa1,1
31519,N96148 /1 undetected,output,,N96148,N96148,1,undetected,N96148,N96148,N96148,sa1,1
31520,N3186 /1 undetected,output,,N3186,N3186,1,undetected,N3186,N3186,N3186,sa1,1
31521,N92138 /1 undetected,output,,N92138,N92138,1,undetected,N92138,N92138,N92138,sa1,1
31522,N2109 /1 undetected,output,,N2109,N2109,1,undetected,N2109,N2109,N2109,sa1,1
31523,N92220 /1 undetected,output,,N92220,N92220,1,undetected,N92220,N92220,N92220,sa1,1
31524,N84199 /1 undetected,output,,N84199,N84199,1,undetected,N84199,N84199,N84199,sa1,1
31525,N2842 /0 undetected,output,,N2842,N2842,0,undetected,N2842,N2842,N2842,sa0,1
31526,N92978 /1 undetected,output,,N92978,N92978,1,undetected,N92978,N92978,N92978,sa1,1
31527,N95183 /1 undetected,output,,N95183,N95183,1,undetected,N95183,N95183,N95183,sa1,1
31528,N2293 /0 undetected,output,,N2293,N2293,0,undetected,N2293,N2293,N2293,sa0,1
31529,N93054 /1 undetected,output,,N93054,N93054,1,undetected,N93054,N93054,N93054,sa1,1
31530,N70148 /1 undetected,output,,N70148,N70148,1,undetected,N70148,N70148,N70148,sa1,1
31531,N83338 /1 undetected,output,,N83338,N83338,1,undetected,N83338,N83338,N83338,sa1,1
31532,N77694 /1 undetected,output,,N77694,N77694,1,undetected,N77694,N77694,N77694,sa1,1
31533,N86762 /1 undetected,output,,N86762,N86762,1,undetected,N86762,N86762,N86762,sa1,1
31534,N69657 /1 undetected,output,,N69657,N69657,1,undetected,N69657,N69657,N69657,sa1,1
31535,N90844 /1 undetected,output,,N90844,N90844,1,undetected,N90844,N90844,N90844,sa1,1
31536,N87024 /1 undetected,output,,N87024,N87024,1,undetected,N87024,N87024,N87024,sa1,1
31537,N90890 /1 undetected,output,,N90890,N90890,1,undetected,N90890,N90890,N90890,sa1,1
31538,N69282 /1 undetected,output,,N69282,N69282,1,undetected,N69282,N69282,N69282,sa1,1
31539,N69802 /1 undetected,output,,N69802,N69802,1,undetected,N69802,N69802,N69802,sa1,1
31540,N69801 /1 undetected,output,,N69801,N69801,1,undetected,N69801,N69801,N69801,sa1,1
31541,N87138 /1 undetected,output,,N87138,N87138,1,undetected,N87138,N87138,N87138,sa1,1
31542,N69799 /1 undetected,output,,N69799,N69799,1,undetected,N69799,N69799,N69799,sa1,1
31543,N90957 /1 undetected,output,,N90957,N90957,1,undetected,N90957,N90957,N90957,sa1,1
31544,N69005 /0 undetected,output,,N69005,N69005,0,undetected,N69005,N69005,N69005,sa0,1
31545,N69004 /1 undetected,output,,N69004,N69004,1,undetected,N69004,N69004,N69004,sa1,1
31546,N69003 /1 undetected,output,,N69003,N69003,1,undetected,N69003,N69003,N69003,sa1,1
31547,N86888 /1 undetected,output,,N86888,N86888,1,undetected,N86888,N86888,N86888,sa1,1
31548,N83066 /1 undetected,output,,N83066,N83066,1,undetected,N83066,N83066,N83066,sa1,1
31549,N69001 /1 undetected,output,,N69001,N69001,1,undetected,N69001,N69001,N69001,sa1,1
31550,N90856 /1 undetected,output,,N90856,N90856,1,undetected,N90856,N90856,N90856,sa1,1
31551,N77415 /1 undetected,output,,N77415,N77415,1,undetected,N77415,N77415,N77415,sa1,1
31552,N20460 /1 undetected,output,,N20460,N20460,1,undetected,N20460,N20460,N20460,sa1,1
31553,N20460 /0 undetected,output,,N20460,N20460,0,undetected,N20460,N20460,N20460,sa0,1
31554,N104426 /1 undetected,output,,N104426,N104426,1,undetected,N104426,N104426,N104426,sa1,1
31555,N20459 /1 undetected,output,,N20459,N20459,1,undetected,N20459,N20459,N20459,sa1,1
31556,N92208 /1 undetected,output,,N92208,N92208,1,undetected,N92208,N92208,N92208,sa1,1
31557,N20457 /1 undetected,output,,N20457,N20457,1,undetected,N20457,N20457,N20457,sa1,1
31558,N104268 /1 undetected,output,,N104268,N104268,1,undetected,N104268,N104268,N104268,sa1,1
31559,N20455 /1 undetected,output,,N20455,N20455,1,undetected,N20455,N20455,N20455,sa1,1
31560,N104629 /1 undetected,output,,N104629,N104629,1,undetected,N104629,N104629,N104629,sa1,1
31561,N20453 /1 undetected,output,,N20453,N20453,1,undetected,N20453,N20453,N20453,sa1,1
31562,N104266 /1 undetected,output,,N104266,N104266,1,undetected,N104266,N104266,N104266,sa1,1
31563,N92975 /1 undetected,output,,N92975,N92975,1,undetected,N92975,N92975,N92975,sa1,1
31564,N17989 /1 undetected,output,,N17989,N17989,1,undetected,N17989,N17989,N17989,sa1,1
31565,N17989 /0 undetected,output,,N17989,N17989,0,undetected,N17989,N17989,N17989,sa0,1
31566,N101574 /1 undetected,output,,N101574,N101574,1,undetected,N101574,N101574,N101574,sa1,1
31567,N15669 /1 undetected,output,,N15669,N15669,1,undetected,N15669,N15669,N15669,sa1,1
31568,N96211 /1 undetected,output,,N96211,N96211,1,undetected,N96211,N96211,N96211,sa1,1
31569,N83892 /1 undetected,output,,N83892,N83892,1,undetected,N83892,N83892,N83892,sa1,1
31570,N17441 /1 undetected,output,,N17441,N17441,1,undetected,N17441,N17441,N17441,sa1,1
31571,N17441 /0 undetected,output,,N17441,N17441,0,undetected,N17441,N17441,N17441,sa0,1
31572,N103466 /1 undetected,output,,N103466,N103466,1,undetected,N103466,N103466,N103466,sa1,1
31573,N99935 /1 undetected,output,,N99935,N99935,1,undetected,N99935,N99935,N99935,sa1,1
31574,N14978 /0 undetected,output,,N14978,N14978,0,undetected,N14978,N14978,N14978,sa0,1
31575,N94725 /1 undetected,output,,N94725,N94725,1,undetected,N94725,N94725,N94725,sa1,1
31576,N14511 /1 undetected,output,,N14511,N14511,1,undetected,N14511,N14511,N14511,sa1,1
31577,N86409 /1 undetected,output,,N86409,N86409,1,undetected,N86409,N86409,N86409,sa1,1
31578,N14510 /1 undetected,output,,N14510,N14510,1,undetected,N14510,N14510,N14510,sa1,1
31579,N95214 /1 undetected,output,,N95214,N95214,1,undetected,N95214,N95214,N95214,sa1,1
31580,N14509 /1 undetected,output,,N14509,N14509,1,undetected,N14509,N14509,N14509,sa1,1
31581,N101870 /1 undetected,output,,N101870,N101870,1,undetected,N101870,N101870,N101870,sa1,1
31582,N99997 /1 undetected,output,,N99997,N99997,1,undetected,N99997,N99997,N99997,sa1,1
31583,N12798 /1 undetected,output,,N12798,N12798,1,undetected,N12798,N12798,N12798,sa1,1
31584,N12798 /0 undetected,output,,N12798,N12798,0,undetected,N12798,N12798,N12798,sa0,1
31585,N84163 /1 undetected,output,,N84163,N84163,1,undetected,N84163,N84163,N84163,sa1,1
31586,N12797 /1 undetected,output,,N12797,N12797,1,undetected,N12797,N12797,N12797,sa1,1
31587,N100592 /1 undetected,output,,N100592,N100592,1,undetected,N100592,N100592,N100592,sa1,1
31588,N74286 /1 undetected,output,,N74286,N74286,1,undetected,N74286,N74286,N74286,sa1,1
31589,N12554 /0 undetected,output,,N12554,N12554,0,undetected,N12554,N12554,N12554,sa0,1
31590,N93129 /1 undetected,output,,N93129,N93129,1,undetected,N93129,N93129,N93129,sa1,1
31591,N12552 /1 undetected,output,,N12552,N12552,1,undetected,N12552,N12552,N12552,sa1,1
31592,N84096 /1 undetected,output,,N84096,N84096,1,undetected,N84096,N84096,N84096,sa1,1
31593,N12539 /1 undetected,output,,N12539,N12539,1,undetected,N12539,N12539,N12539,sa1,1
31594,N12537 /1 undetected,output,,N12537,N12537,1,undetected,N12537,N12537,N12537,sa1,1
31595,N2255 /1 undetected,output,,N2255,N2255,1,undetected,N2255,N2255,N2255,sa1,1
31596,N2255 /0 undetected,output,,N2255,N2255,0,undetected,N2255,N2255,N2255,sa0,1
31597,N93074 /1 undetected,output,,N93074,N93074,1,undetected,N93074,N93074,N93074,sa1,1
31598,N93053 /1 undetected,output,,N93053,N93053,1,undetected,N93053,N93053,N93053,sa1,1
31599,N2223 /1 undetected,output,,N2223,N2223,1,undetected,N2223,N2223,N2223,sa1,1
31600,N2223 /0 undetected,output,,N2223,N2223,0,undetected,N2223,N2223,N2223,sa0,1
31601,N92098 /1 undetected,output,,N92098,N92098,1,undetected,N92098,N92098,N92098,sa1,1
31602,N2221 /1 undetected,output,,N2221,N2221,1,undetected,N2221,N2221,N2221,sa1,1
31603,N92132 /1 undetected,output,,N92132,N92132,1,undetected,N92132,N92132,N92132,sa1,1
31604,N2219 /1 undetected,output,,N2219,N2219,1,undetected,N2219,N2219,N2219,sa1,1
31605,N84115 /1 undetected,output,,N84115,N84115,1,undetected,N84115,N84115,N84115,sa1,1
31606,N76223 /1 undetected,output,,N76223,N76223,1,undetected,N76223,N76223,N76223,sa1,1
31607,N103013 /1 undetected,output,,N103013,N103013,1,undetected,N103013,N103013,N103013,sa1,1
31608,N103012 /1 undetected,output,,N103012,N103012,1,undetected,N103012,N103012,N103012,sa1,1
31609,N19072 /0 undetected,output,,N19072,N19072,0,undetected,N19072,N19072,N19072,sa0,1
31610,N84943 /1 undetected,output,,N84943,N84943,1,undetected,N84943,N84943,N84943,sa1,1
31611,N17272 /0 undetected,output,,N17272,N17272,0,undetected,N17272,N17272,N17272,sa0,1
31612,N101287 /1 undetected,output,,N101287,N101287,1,undetected,N101287,N101287,N101287,sa1,1
31613,N93237 /1 undetected,output,,N93237,N93237,1,undetected,N93237,N93237,N93237,sa1,1
31614,N16297 /0 undetected,output,,N16297,N16297,0,undetected,N16297,N16297,N16297,sa0,1
31615,N96144 /1 undetected,output,,N96144,N96144,1,undetected,N96144,N96144,N96144,sa1,1
31616,N16191 /1 undetected,output,,N16191,N16191,1,undetected,N16191,N16191,N16191,sa1,1
31617,N16191 /0 undetected,output,,N16191,N16191,0,undetected,N16191,N16191,N16191,sa0,1
31618,N102917 /1 undetected,output,,N102917,N102917,1,undetected,N102917,N102917,N102917,sa1,1
31619,N92219 /1 undetected,output,,N92219,N92219,1,undetected,N92219,N92219,N92219,sa1,1
31620,N16070 /0 undetected,output,,N16070,N16070,0,undetected,N16070,N16070,N16070,sa0,1
31621,N98549 /1 undetected,output,,N98549,N98549,1,undetected,N98549,N98549,N98549,sa1,1
31622,N15842 /0 undetected,output,,N15842,N15842,0,undetected,N15842,N15842,N15842,sa0,1
31623,N102641 /1 undetected,output,,N102641,N102641,1,undetected,N102641,N102641,N102641,sa1,1
31624,N86413 /1 undetected,output,,N86413,N86413,1,undetected,N86413,N86413,N86413,sa1,1
31625,N15613 /0 undetected,output,,N15613,N15613,0,undetected,N15613,N15613,N15613,sa0,1
31626,N92943 /1 undetected,output,,N92943,N92943,1,undetected,N92943,N92943,N92943,sa1,1
31627,N14896 /0 undetected,output,,N14896,N14896,0,undetected,N14896,N14896,N14896,sa0,1
31628,N101968 /1 undetected,output,,N101968,N101968,1,undetected,N101968,N101968,N101968,sa1,1
31629,N94724 /1 undetected,output,,N94724,N94724,1,undetected,N94724,N94724,N94724,sa1,1
31630,N14675 /0 undetected,output,,N14675,N14675,0,undetected,N14675,N14675,N14675,sa0,1
31631,N101868 /1 undetected,output,,N101868,N101868,1,undetected,N101868,N101868,N101868,sa1,1
31632,N14503 /0 undetected,output,,N14503,N14503,0,undetected,N14503,N14503,N14503,sa0,1
31633,N86408 /1 undetected,output,,N86408,N86408,1,undetected,N86408,N86408,N86408,sa1,1
31634,N13087 /1 undetected,output,,N13087,N13087,1,undetected,N13087,N13087,N13087,sa1,1
31635,N13087 /0 undetected,output,,N13087,N13087,0,undetected,N13087,N13087,N13087,sa0,1
31636,N101049 /1 undetected,output,,N101049,N101049,1,undetected,N101049,N101049,N101049,sa1,1
31637,N101039 /1 undetected,output,,N101039,N101039,1,undetected,N101039,N101039,N101039,sa1,1
31638,N13083 /1 undetected,output,,N13083,N13083,1,undetected,N13083,N13083,N13083,sa1,1
31639,N13083 /0 undetected,output,,N13083,N13083,0,undetected,N13083,N13083,N13083,sa0,1
31640,N101038 /1 undetected,output,,N101038,N101038,1,undetected,N101038,N101038,N101038,sa1,1
31641,N98492 /1 undetected,output,,N98492,N98492,1,undetected,N98492,N98492,N98492,sa1,1
31642,N11533 /1 undetected,output,,N11533,N11533,1,undetected,N11533,N11533,N11533,sa1,1
31643,N11533 /0 undetected,output,,N11533,N11533,0,undetected,N11533,N11533,N11533,sa0,1
31644,N9074 /0 undetected,output,,N9074,N9074,0,undetected,N9074,N9074,N9074,sa0,1
31645,N96167 /1 undetected,output,,N96167,N96167,1,undetected,N96167,N96167,N96167,sa1,1
31646,N92211 /1 undetected,output,,N92211,N92211,1,undetected,N92211,N92211,N92211,sa1,1
31647,N8558 /0 undetected,output,,N8558,N8558,0,undetected,N8558,N8558,N8558,sa0,1
31648,N96126 /1 undetected,output,,N96126,N96126,1,undetected,N96126,N96126,N96126,sa1,1
31649,N92902 /1 undetected,output,,N92902,N92902,1,undetected,N92902,N92902,N92902,sa1,1
31650,N4142 /0 undetected,output,,N4142,N4142,0,undetected,N4142,N4142,N4142,sa0,1
31651,N92196 /1 undetected,output,,N92196,N92196,1,undetected,N92196,N92196,N92196,sa1,1
31652,N3368 /0 undetected,output,,N3368,N3368,0,undetected,N3368,N3368,N3368,sa0,1
31653,N84070 /1 undetected,output,,N84070,N84070,1,undetected,N84070,N84070,N84070,sa1,1
31654,N3362 /1 undetected,output,,N3362,N3362,1,undetected,N3362,N3362,N3362,sa1,1
31655,N3189 /0 undetected,output,,N3189,N3189,0,undetected,N3189,N3189,N3189,sa0,1
31656,N3171 /0 undetected,output,,N3171,N3171,0,undetected,N3171,N3171,N3171,sa0,1
31657,N96125 /1 undetected,output,,N96125,N96125,1,undetected,N96125,N96125,N96125,sa1,1
31658,N92221 /1 undetected,output,,N92221,N92221,1,undetected,N92221,N92221,N92221,sa1,1
31659,N2866 /0 undetected,output,,N2866,N2866,0,undetected,N2866,N2866,N2866,sa0,1
31660,N95203 /1 undetected,output,,N95203,N95203,1,undetected,N95203,N95203,N95203,sa1,1
31661,N2835 /1 undetected,output,,N2835,N2835,1,undetected,N2835,N2835,N2835,sa1,1
31662,N2454 /0 undetected,output,,N2454,N2454,0,undetected,N2454,N2454,N2454,sa0,1
31663,N92168 /1 undetected,output,,N92168,N92168,1,undetected,N92168,N92168,N92168,sa1,1
31664,N2423 /0 undetected,output,,N2423,N2423,0,undetected,N2423,N2423,N2423,sa0,1
31665,N2397 /1 undetected,output,,N2397,N2397,1,undetected,N2397,N2397,N2397,sa1,1
31666,N2187 /0 undetected,output,,N2187,N2187,0,undetected,N2187,N2187,N2187,sa0,1
31667,N92901 /1 undetected,output,,N92901,N92901,1,undetected,N92901,N92901,N92901,sa1,1
31668,N92860 /1 undetected,output,,N92860,N92860,1,undetected,N92860,N92860,N92860,sa1,1
31669,N2113 /0 undetected,output,,N2113,N2113,0,undetected,N2113,N2113,N2113,sa0,1
31670,N83867 /1 undetected,output,,N83867,N83867,1,undetected,N83867,N83867,N83867,sa1,1
31671,N20483 /1 undetected,output,,N20483,N20483,1,undetected,N20483,N20483,N20483,sa1,1
31672,N20483 /0 undetected,output,,N20483,N20483,0,undetected,N20483,N20483,N20483,sa0,1
31673,N104427 /1 undetected,output,,N104427,N104427,1,undetected,N104427,N104427,N104427,sa1,1
31674,N20482 /1 undetected,output,,N20482,N20482,1,undetected,N20482,N20482,N20482,sa1,1
31675,N92209 /1 undetected,output,,N92209,N92209,1,undetected,N92209,N92209,N92209,sa1,1
31676,N20480 /1 undetected,output,,N20480,N20480,1,undetected,N20480,N20480,N20480,sa1,1
31677,N84174 /1 undetected,output,,N84174,N84174,1,undetected,N84174,N84174,N84174,sa1,1
31678,N20452 /1 undetected,output,,N20452,N20452,1,undetected,N20452,N20452,N20452,sa1,1
31679,N56600 /1 undetected,output,,N56600,N56600,1,undetected,N56600,N56600,N56600,sa1,1
31680,N56600 /0 undetected,output,,N56600,N56600,0,undetected,N56600,N56600,N56600,sa0,1
31681,N93034 /1 undetected,output,,N93034,N93034,1,undetected,N93034,N93034,N93034,sa1,1
31682,N56599 /1 undetected,output,,N56599,N56599,1,undetected,N56599,N56599,N56599,sa1,1
31683,N92985 /1 undetected,output,,N92985,N92985,1,undetected,N92985,N92985,N92985,sa1,1
31684,N83893 /1 undetected,output,,N83893,N83893,1,undetected,N83893,N83893,N83893,sa1,1
31685,N51044 /1 undetected,output,,N51044,N51044,1,undetected,N51044,N51044,N51044,sa1,1
31686,N119494 /1 undetected,output,,N119494,N119494,1,undetected,N119494,N119494,N119494,sa1,1
31687,N92858 /1 undetected,output,,N92858,N92858,1,undetected,N92858,N92858,N92858,sa1,1
31688,N20875 /1 undetected,output,,N20875,N20875,1,undetected,N20875,N20875,N20875,sa1,1
31689,N84729 /1 undetected,output,,N84729,N84729,1,undetected,N84729,N84729,N84729,sa1,1
31690,N104203 /1 undetected,output,,N104203,N104203,1,undetected,N104203,N104203,N104203,sa1,1
31691,N20199 /1 undetected,output,,N20199,N20199,1,undetected,N20199,N20199,N20199,sa1,1
31692,N20199 /0 undetected,output,,N20199,N20199,0,undetected,N20199,N20199,N20199,sa0,1
31693,N104464 /1 undetected,output,,N104464,N104464,1,undetected,N104464,N104464,N104464,sa1,1
31694,N104288 /1 undetected,output,,N104288,N104288,1,undetected,N104288,N104288,N104288,sa1,1
31695,N20038 /1 undetected,output,,N20038,N20038,1,undetected,N20038,N20038,N20038,sa1,1
31696,N19979 /1 undetected,output,,N19979,N19979,1,undetected,N19979,N19979,N19979,sa1,1
31697,N19979 /0 undetected,output,,N19979,N19979,0,undetected,N19979,N19979,N19979,sa0,1
31698,N104201 /1 undetected,output,,N104201,N104201,1,undetected,N104201,N104201,N104201,sa1,1
31699,N93323 /1 undetected,output,,N93323,N93323,1,undetected,N93323,N93323,N93323,sa1,1
31700,N18404 /0 undetected,output,,N18404,N18404,0,undetected,N18404,N18404,N18404,sa0,1
31701,N96312 /1 undetected,output,,N96312,N96312,1,undetected,N96312,N96312,N96312,sa1,1
31702,N84092 /1 undetected,output,,N84092,N84092,1,undetected,N84092,N84092,N84092,sa1,1
31703,N16021 /1 undetected,output,,N16021,N16021,1,undetected,N16021,N16021,N16021,sa1,1
31704,N17437 /1 undetected,output,,N17437,N17437,1,undetected,N17437,N17437,N17437,sa1,1
31705,N17437 /0 undetected,output,,N17437,N17437,0,undetected,N17437,N17437,N17437,sa0,1
31706,N16242 /1 undetected,output,,N16242,N16242,1,undetected,N16242,N16242,N16242,sa1,1
31707,N16242 /0 undetected,output,,N16242,N16242,0,undetected,N16242,N16242,N16242,sa0,1
31708,N102989 /1 undetected,output,,N102989,N102989,1,undetected,N102989,N102989,N102989,sa1,1
31709,N93102 /1 undetected,output,,N93102,N93102,1,undetected,N93102,N93102,N93102,sa1,1
31710,N15638 /1 undetected,output,,N15638,N15638,1,undetected,N15638,N15638,N15638,sa1,1
31711,N15638 /0 undetected,output,,N15638,N15638,0,undetected,N15638,N15638,N15638,sa0,1
31712,N96242 /1 undetected,output,,N96242,N96242,1,undetected,N96242,N96242,N96242,sa1,1
31713,N92016 /1 undetected,output,,N92016,N92016,1,undetected,N92016,N92016,N92016,sa1,1
31714,N14538 /1 undetected,output,,N14538,N14538,1,undetected,N14538,N14538,N14538,sa1,1
31715,N14538 /0 undetected,output,,N14538,N14538,0,undetected,N14538,N14538,N14538,sa0,1
31716,N95186 /1 undetected,output,,N95186,N95186,1,undetected,N95186,N95186,N95186,sa1,1
31717,N2848 /1 undetected,output,,N2848,N2848,1,undetected,N2848,N2848,N2848,sa1,1
31718,N84102 /1 undetected,output,,N84102,N84102,1,undetected,N84102,N84102,N84102,sa1,1
31719,N2847 /1 undetected,output,,N2847,N2847,1,undetected,N2847,N2847,N2847,sa1,1
31720,N93086 /1 undetected,output,,N93086,N93086,1,undetected,N93086,N93086,N93086,sa1,1
31721,N74410 /1 undetected,output,,N74410,N74410,1,undetected,N74410,N74410,N74410,sa1,1
31722,N13391 /0 undetected,output,,N13391,N13391,0,undetected,N13391,N13391,N13391,sa0,1
31723,N101268 /1 undetected,output,,N101268,N101268,1,undetected,N101268,N101268,N101268,sa1,1
31724,N2880 /1 undetected,output,,N2880,N2880,1,undetected,N2880,N2880,N2880,sa1,1
31725,N92892 /1 undetected,output,,N92892,N92892,1,undetected,N92892,N92892,N92892,sa1,1
31726,N84128 /1 undetected,output,,N84128,N84128,1,undetected,N84128,N84128,N84128,sa1,1
31727,N11440 /1 undetected,output,,N11440,N11440,1,undetected,N11440,N11440,N11440,sa1,1
31728,N11440 /0 undetected,output,,N11440,N11440,0,undetected,N11440,N11440,N11440,sa0,1
31729,N99811 /1 undetected,output,,N99811,N99811,1,undetected,N99811,N99811,N99811,sa1,1
31730,N95185 /1 undetected,output,,N95185,N95185,1,undetected,N95185,N95185,N95185,sa1,1
31731,N3591 /1 undetected,output,,N3591,N3591,1,undetected,N3591,N3591,N3591,sa1,1
31732,N3591 /0 undetected,output,,N3591,N3591,0,undetected,N3591,N3591,N3591,sa0,1
31733,N74428 /1 undetected,output,,N74428,N74428,1,undetected,N74428,N74428,N74428,sa1,1
31734,N2091 /1 undetected,output,,N2091,N2091,1,undetected,N2091,N2091,N2091,sa1,1
31735,N3518 /0 undetected,output,,N3518,N3518,0,undetected,N3518,N3518,N3518,sa0,1
31736,N74482 /1 undetected,output,,N74482,N74482,1,undetected,N74482,N74482,N74482,sa1,1
31737,N3516 /1 undetected,output,,N3516,N3516,1,undetected,N3516,N3516,N3516,sa1,1
31738,N3410 /1 undetected,output,,N3410,N3410,1,undetected,N3410,N3410,N3410,sa1,1
31739,N3410 /0 undetected,output,,N3410,N3410,0,undetected,N3410,N3410,N3410,sa0,1
31740,N74434 /1 undetected,output,,N74434,N74434,1,undetected,N74434,N74434,N74434,sa1,1
31741,N3183 /1 undetected,output,,N3183,N3183,1,undetected,N3183,N3183,N3183,sa1,1
31742,N3333 /1 undetected,output,,N3333,N3333,1,undetected,N3333,N3333,N3333,sa1,1
31743,N3333 /0 undetected,output,,N3333,N3333,0,undetected,N3333,N3333,N3333,sa0,1
31744,N74406 /1 undetected,output,,N74406,N74406,1,undetected,N74406,N74406,N74406,sa1,1
31745,N2394 /1 undetected,output,,N2394,N2394,1,undetected,N2394,N2394,N2394,sa1,1
31746,N3235 /1 undetected,output,,N3235,N3235,1,undetected,N3235,N3235,N3235,sa1,1
31747,N3235 /0 undetected,output,,N3235,N3235,0,undetected,N3235,N3235,N3235,sa0,1
31748,N96241 /1 undetected,output,,N96241,N96241,1,undetected,N96241,N96241,N96241,sa1,1
31749,N3234 /1 undetected,output,,N3234,N3234,1,undetected,N3234,N3234,N3234,sa1,1
31750,N83916 /1 undetected,output,,N83916,N83916,1,undetected,N83916,N83916,N83916,sa1,1
31751,N3233 /1 undetected,output,,N3233,N3233,1,undetected,N3233,N3233,N3233,sa1,1
31752,N74306 /1 undetected,output,,N74306,N74306,1,undetected,N74306,N74306,N74306,sa1,1
31753,N2249 /1 undetected,output,,N2249,N2249,1,undetected,N2249,N2249,N2249,sa1,1
31754,N3221 /1 undetected,output,,N3221,N3221,1,undetected,N3221,N3221,N3221,sa1,1
31755,N3221 /0 undetected,output,,N3221,N3221,0,undetected,N3221,N3221,N3221,sa0,1
31756,N96219 /1 undetected,output,,N96219,N96219,1,undetected,N96219,N96219,N96219,sa1,1
31757,N74390 /1 undetected,output,,N74390,N74390,1,undetected,N74390,N74390,N74390,sa1,1
31758,N3212 /1 undetected,output,,N3212,N3212,1,undetected,N3212,N3212,N3212,sa1,1
31759,N3212 /0 undetected,output,,N3212,N3212,0,undetected,N3212,N3212,N3212,sa0,1
31760,N96200 /1 undetected,output,,N96200,N96200,1,undetected,N96200,N96200,N96200,sa1,1
31761,N96196 /1 undetected,output,,N96196,N96196,1,undetected,N96196,N96196,N96196,sa1,1
31762,N3211 /1 undetected,output,,N3211,N3211,1,undetected,N3211,N3211,N3211,sa1,1
31763,N3211 /0 undetected,output,,N3211,N3211,0,undetected,N3211,N3211,N3211,sa0,1
31764,N96198 /1 undetected,output,,N96198,N96198,1,undetected,N96198,N96198,N96198,sa1,1
31765,N96195 /1 undetected,output,,N96195,N96195,1,undetected,N96195,N96195,N96195,sa1,1
31766,N3200 /1 undetected,output,,N3200,N3200,1,undetected,N3200,N3200,N3200,sa1,1
31767,N3200 /0 undetected,output,,N3200,N3200,0,undetected,N3200,N3200,N3200,sa0,1
31768,N74423 /1 undetected,output,,N74423,N74423,1,undetected,N74423,N74423,N74423,sa1,1
31769,N2172 /1 undetected,output,,N2172,N2172,1,undetected,N2172,N2172,N2172,sa1,1
31770,N2855 /1 undetected,output,,N2855,N2855,1,undetected,N2855,N2855,N2855,sa1,1
31771,N2855 /0 undetected,output,,N2855,N2855,0,undetected,N2855,N2855,N2855,sa0,1
31772,N74395 /1 undetected,output,,N74395,N74395,1,undetected,N74395,N74395,N74395,sa1,1
31773,N2853 /1 undetected,output,,N2853,N2853,1,undetected,N2853,N2853,N2853,sa1,1
31774,N2260 /1 undetected,output,,N2260,N2260,1,undetected,N2260,N2260,N2260,sa1,1
31775,N2260 /0 undetected,output,,N2260,N2260,0,undetected,N2260,N2260,N2260,sa0,1
31776,N74418 /1 undetected,output,,N74418,N74418,1,undetected,N74418,N74418,N74418,sa1,1
31777,N2258 /1 undetected,output,,N2258,N2258,1,undetected,N2258,N2258,N2258,sa1,1
31778,N2236 /1 undetected,output,,N2236,N2236,1,undetected,N2236,N2236,N2236,sa1,1
31779,N2236 /0 undetected,output,,N2236,N2236,0,undetected,N2236,N2236,N2236,sa0,1
31780,N93041 /1 undetected,output,,N93041,N93041,1,undetected,N93041,N93041,N93041,sa1,1
31781,N92931 /1 undetected,output,,N92931,N92931,1,undetected,N92931,N92931,N92931,sa1,1
31782,N2231 /1 undetected,output,,N2231,N2231,1,undetected,N2231,N2231,N2231,sa1,1
31783,N2231 /0 undetected,output,,N2231,N2231,0,undetected,N2231,N2231,N2231,sa0,1
31784,N93032 /1 undetected,output,,N93032,N93032,1,undetected,N93032,N93032,N93032,sa1,1
31785,N92102 /1 undetected,output,,N92102,N92102,1,undetected,N92102,N92102,N92102,sa1,1
31786,N2217 /1 undetected,output,,N2217,N2217,1,undetected,N2217,N2217,N2217,sa1,1
31787,N2217 /0 undetected,output,,N2217,N2217,0,undetected,N2217,N2217,N2217,sa0,1
31788,N74284 /1 undetected,output,,N74284,N74284,1,undetected,N74284,N74284,N74284,sa1,1
31789,N2093 /1 undetected,output,,N2093,N2093,1,undetected,N2093,N2093,N2093,sa1,1
31790,N2215 /0 undetected,output,,N2215,N2215,0,undetected,N2215,N2215,N2215,sa0,1
31791,N92179 /1 undetected,output,,N92179,N92179,1,undetected,N92179,N92179,N92179,sa1,1
31792,N2214 /0 undetected,output,,N2214,N2214,0,undetected,N2214,N2214,N2214,sa0,1
31793,N84201 /1 undetected,output,,N84201,N84201,1,undetected,N84201,N84201,N84201,sa1,1
31794,N70114 /0 undetected,output,,N70114,N70114,0,undetected,N70114,N70114,N70114,sa0,1
31795,N126658 /1 undetected,output,,N126658,N126658,1,undetected,N126658,N126658,N126658,sa1,1
31796,N70008 /1 undetected,output,,N70008,N70008,1,undetected,N70008,N70008,N70008,sa1,1
31797,N83290 /1 undetected,output,,N83290,N83290,1,undetected,N83290,N83290,N83290,sa1,1
31798,N126656 /1 undetected,output,,N126656,N126656,1,undetected,N126656,N126656,N126656,sa1,1
31799,N70010 /1 undetected,output,,N70010,N70010,1,undetected,N70010,N70010,N70010,sa1,1
31800,N90932 /1 undetected,output,,N90932,N90932,1,undetected,N90932,N90932,N90932,sa1,1
31801,N20134 /1 undetected,output,,N20134,N20134,1,undetected,N20134,N20134,N20134,sa1,1
31802,N20134 /0 undetected,output,,N20134,N20134,0,undetected,N20134,N20134,N20134,sa0,1
31803,N104425 /1 undetected,output,,N104425,N104425,1,undetected,N104425,N104425,N104425,sa1,1
31804,N20133 /1 undetected,output,,N20133,N20133,1,undetected,N20133,N20133,N20133,sa1,1
31805,N92207 /1 undetected,output,,N92207,N92207,1,undetected,N92207,N92207,N92207,sa1,1
31806,N20023 /1 undetected,output,,N20023,N20023,1,undetected,N20023,N20023,N20023,sa1,1
31807,N20025 /1 undetected,output,,N20025,N20025,1,undetected,N20025,N20025,N20025,sa1,1
31808,N21245 /1 undetected,output,,N21245,N21245,1,undetected,N21245,N21245,N21245,sa1,1
31809,N104207 /1 undetected,output,,N104207,N104207,1,undetected,N104207,N104207,N104207,sa1,1
31810,N21244 /1 undetected,output,,N21244,N21244,1,undetected,N21244,N21244,N21244,sa1,1
31811,N94551 /1 undetected,output,,N94551,N94551,1,undetected,N94551,N94551,N94551,sa1,1
31812,N20879 /1 undetected,output,,N20879,N20879,1,undetected,N20879,N20879,N20879,sa1,1
31813,N20879 /0 undetected,output,,N20879,N20879,0,undetected,N20879,N20879,N20879,sa0,1
31814,N103010 /1 undetected,output,,N103010,N103010,1,undetected,N103010,N103010,N103010,sa1,1
31815,N93383 /1 undetected,output,,N93383,N93383,1,undetected,N93383,N93383,N93383,sa1,1
31816,N20354 /1 undetected,output,,N20354,N20354,1,undetected,N20354,N20354,N20354,sa1,1
31817,N104205 /1 undetected,output,,N104205,N104205,1,undetected,N104205,N104205,N104205,sa1,1
31818,N20353 /1 undetected,output,,N20353,N20353,1,undetected,N20353,N20353,N20353,sa1,1
31819,N20299 /1 undetected,output,,N20299,N20299,1,undetected,N20299,N20299,N20299,sa1,1
31820,N20299 /0 undetected,output,,N20299,N20299,0,undetected,N20299,N20299,N20299,sa0,1
31821,N104204 /1 undetected,output,,N104204,N104204,1,undetected,N104204,N104204,N104204,sa1,1
31822,N104090 /1 undetected,output,,N104090,N104090,1,undetected,N104090,N104090,N104090,sa1,1
31823,N20283 /1 undetected,output,,N20283,N20283,1,undetected,N20283,N20283,N20283,sa1,1
31824,N20283 /0 undetected,output,,N20283,N20283,0,undetected,N20283,N20283,N20283,sa0,1
31825,N104202 /1 undetected,output,,N104202,N104202,1,undetected,N104202,N104202,N104202,sa1,1
31826,N84171 /1 undetected,output,,N84171,N84171,1,undetected,N84171,N84171,N84171,sa1,1
31827,N20216 /1 undetected,output,,N20216,N20216,1,undetected,N20216,N20216,N20216,sa1,1
31828,N20216 /0 undetected,output,,N20216,N20216,0,undetected,N20216,N20216,N20216,sa0,1
31829,N104462 /1 undetected,output,,N104462,N104462,1,undetected,N104462,N104462,N104462,sa1,1
31830,N98838 /1 undetected,output,,N98838,N98838,1,undetected,N98838,N98838,N98838,sa1,1
31831,N20151 /1 undetected,output,,N20151,N20151,1,undetected,N20151,N20151,N20151,sa1,1
31832,N20151 /0 undetected,output,,N20151,N20151,0,undetected,N20151,N20151,N20151,sa0,1
31833,N104282 /1 undetected,output,,N104282,N104282,1,undetected,N104282,N104282,N104282,sa1,1
31834,N20150 /1 undetected,output,,N20150,N20150,1,undetected,N20150,N20150,N20150,sa1,1
31835,N103691 /1 undetected,output,,N103691,N103691,1,undetected,N103691,N103691,N103691,sa1,1
31836,N84170 /1 undetected,output,,N84170,N84170,1,undetected,N84170,N84170,N84170,sa1,1
31837,N17455 /1 undetected,output,,N17455,N17455,1,undetected,N17455,N17455,N17455,sa1,1
31838,N17455 /0 undetected,output,,N17455,N17455,0,undetected,N17455,N17455,N17455,sa0,1
31839,N103395 /1 undetected,output,,N103395,N103395,1,undetected,N103395,N103395,N103395,sa1,1
31840,N17454 /1 undetected,output,,N17454,N17454,1,undetected,N17454,N17454,N17454,sa1,1
31841,N15525 /1 undetected,output,,N15525,N15525,1,undetected,N15525,N15525,N15525,sa1,1
31842,N75267 /1 undetected,output,,N75267,N75267,1,undetected,N75267,N75267,N75267,sa1,1
31843,N8510 /1 undetected,output,,N8510,N8510,1,undetected,N8510,N8510,N8510,sa1,1
31844,N98448 /1 undetected,output,,N98448,N98448,1,undetected,N98448,N98448,N98448,sa1,1
31845,N83896 /1 undetected,output,,N83896,N83896,1,undetected,N83896,N83896,N83896,sa1,1
31846,N3226 /1 undetected,output,,N3226,N3226,1,undetected,N3226,N3226,N3226,sa1,1
31847,N92932 /1 undetected,output,,N92932,N92932,1,undetected,N92932,N92932,N92932,sa1,1
31848,N3225 /1 undetected,output,,N3225,N3225,1,undetected,N3225,N3225,N3225,sa1,1
31849,N3215 /1 undetected,output,,N3215,N3215,1,undetected,N3215,N3215,N3215,sa1,1
31850,N92103 /1 undetected,output,,N92103,N92103,1,undetected,N92103,N92103,N92103,sa1,1
31851,N3214 /1 undetected,output,,N3214,N3214,1,undetected,N3214,N3214,N3214,sa1,1
31852,N2292 /0 undetected,output,,N2292,N2292,0,undetected,N2292,N2292,N2292,sa0,1
31853,N69773 /1 undetected,output,,N69773,N69773,1,undetected,N69773,N69773,N69773,sa1,1
31854,N83118 /1 undetected,output,,N83118,N83118,1,undetected,N83118,N83118,N83118,sa1,1
31855,N86764 /1 undetected,output,,N86764,N86764,1,undetected,N86764,N86764,N86764,sa1,1
31856,N69409 /0 undetected,output,,N69409,N69409,0,undetected,N69409,N69409,N69409,sa0,1
31857,N69408 /1 undetected,output,,N69408,N69408,1,undetected,N69408,N69408,N69408,sa1,1
31858,N126471 /1 undetected,output,,N126471,N126471,1,undetected,N126471,N126471,N126471,sa1,1
31859,N126455 /1 undetected,output,,N126455,N126455,1,undetected,N126455,N126455,N126455,sa1,1
31860,N126465 /1 undetected,output,,N126465,N126465,1,undetected,N126465,N126465,N126465,sa1,1
31861,N86891 /1 undetected,output,,N86891,N86891,1,undetected,N86891,N86891,N86891,sa1,1
31862,N126460 /1 undetected,output,,N126460,N126460,1,undetected,N126460,N126460,N126460,sa1,1
31863,N77417 /1 undetected,output,,N77417,N77417,1,undetected,N77417,N77417,N77417,sa1,1
31864,N69368 /1 undetected,output,,N69368,N69368,1,undetected,N69368,N69368,N69368,sa1,1
31865,N69368 /0 undetected,output,,N69368,N69368,0,undetected,N69368,N69368,N69368,sa0,1
31866,N69366 /1 undetected,output,,N69366,N69366,1,undetected,N69366,N69366,N69366,sa1,1
31867,N126464 /1 undetected,output,,N126464,N126464,1,undetected,N126464,N126464,N126464,sa1,1
31868,N126424 /1 undetected,output,,N126424,N126424,1,undetected,N126424,N126424,N126424,sa1,1
31869,N69362 /1 undetected,output,,N69362,N69362,1,undetected,N69362,N69362,N69362,sa1,1
31870,N126461 /1 undetected,output,,N126461,N126461,1,undetected,N126461,N126461,N126461,sa1,1
31871,N126426 /1 undetected,output,,N126426,N126426,1,undetected,N126426,N126426,N126426,sa1,1
31872,N68977 /0 undetected,output,,N68977,N68977,0,undetected,N68977,N68977,N68977,sa0,1
31873,N86886 /1 undetected,output,,N86886,N86886,1,undetected,N86886,N86886,N86886,sa1,1
31874,N90927 /1 undetected,output,,N90927,N90927,1,undetected,N90927,N90927,N90927,sa1,1
31875,N68872 /1 undetected,output,,N68872,N68872,1,undetected,N68872,N68872,N68872,sa1,1
31876,N75548 /1 undetected,output,,N75548,N75548,1,undetected,N75548,N75548,N75548,sa1,1
31877,N21292 /1 undetected,output,,N21292,N21292,1,undetected,N21292,N21292,N21292,sa1,1
31878,N12595 /1 undetected,output,,N12595,N12595,1,undetected,N12595,N12595,N12595,sa1,1
31879,N12548 /0 undetected,output,,N12548,N12548,0,undetected,N12548,N12548,N12548,sa0,1
31880,N12547 /1 undetected,output,,N12547,N12547,1,undetected,N12547,N12547,N12547,sa1,1
31881,N91334 /1 undetected,output,,N91334,N91334,1,undetected,N91334,N91334,N91334,sa1,1
31882,N12545 /1 undetected,output,,N12545,N12545,1,undetected,N12545,N12545,N12545,sa1,1
31883,N2254 /1 undetected,output,,N2254,N2254,1,undetected,N2254,N2254,N2254,sa1,1
31884,N2254 /0 undetected,output,,N2254,N2254,0,undetected,N2254,N2254,N2254,sa0,1
31885,N84095 /1 undetected,output,,N84095,N84095,1,undetected,N84095,N84095,N84095,sa1,1
31886,N2253 /1 undetected,output,,N2253,N2253,1,undetected,N2253,N2253,N2253,sa1,1
31887,N74316 /1 undetected,output,,N74316,N74316,1,undetected,N74316,N74316,N74316,sa1,1
31888,N2251 /1 undetected,output,,N2251,N2251,1,undetected,N2251,N2251,N2251,sa1,1
31889,N16576 /1 undetected,output,,N16576,N16576,1,undetected,N16576,N16576,N16576,sa1,1
31890,N16576 /0 undetected,output,,N16576,N16576,0,undetected,N16576,N16576,N16576,sa0,1
31891,N103127 /1 undetected,output,,N103127,N103127,1,undetected,N103127,N103127,N103127,sa1,1
31892,N93087 /1 undetected,output,,N93087,N93087,1,undetected,N93087,N93087,N93087,sa1,1
31893,N16276 /1 undetected,output,,N16276,N16276,1,undetected,N16276,N16276,N16276,sa1,1
31894,N16189 /0 undetected,output,,N16189,N16189,0,undetected,N16189,N16189,N16189,sa0,1
31895,N92139 /1 undetected,output,,N92139,N92139,1,undetected,N92139,N92139,N92139,sa1,1
31896,N16039 /0 undetected,output,,N16039,N16039,0,undetected,N16039,N16039,N16039,sa0,1
31897,N92689 /1 undetected,output,,N92689,N92689,1,undetected,N92689,N92689,N92689,sa1,1
31898,N15534 /0 undetected,output,,N15534,N15534,0,undetected,N15534,N15534,N15534,sa0,1
31899,N101966 /1 undetected,output,,N101966,N101966,1,undetected,N101966,N101966,N101966,sa1,1
31900,N99999 /1 undetected,output,,N99999,N99999,1,undetected,N99999,N99999,N99999,sa1,1
31901,N14674 /0 undetected,output,,N14674,N14674,0,undetected,N14674,N14674,N14674,sa0,1
31902,N86412 /1 undetected,output,,N86412,N86412,1,undetected,N86412,N86412,N86412,sa1,1
31903,N14501 /0 undetected,output,,N14501,N14501,0,undetected,N14501,N14501,N14501,sa0,1
31904,N101869 /1 undetected,output,,N101869,N101869,1,undetected,N101869,N101869,N101869,sa1,1
31905,N14500 /1 undetected,output,,N14500,N14500,1,undetected,N14500,N14500,N14500,sa1,1
31906,N99996 /1 undetected,output,,N99996,N99996,1,undetected,N99996,N99996,N99996,sa1,1
31907,N95213 /1 undetected,output,,N95213,N95213,1,undetected,N95213,N95213,N95213,sa1,1
31908,N13210 /0 undetected,output,,N13210,N13210,0,undetected,N13210,N13210,N13210,sa0,1
31909,N101152 /1 undetected,output,,N101152,N101152,1,undetected,N101152,N101152,N101152,sa1,1
31910,N13081 /0 undetected,output,,N13081,N13081,0,undetected,N13081,N13081,N13081,sa0,1
31911,N100666 /1 undetected,output,,N100666,N100666,1,undetected,N100666,N100666,N100666,sa1,1
31912,N92142 /1 undetected,output,,N92142,N92142,1,undetected,N92142,N92142,N92142,sa1,1
31913,N12627 /0 undetected,output,,N12627,N12627,0,undetected,N12627,N12627,N12627,sa0,1
31914,N84326 /1 undetected,output,,N84326,N84326,1,undetected,N84326,N84326,N84326,sa1,1
31915,N12367 /1 undetected,output,,N12367,N12367,1,undetected,N12367,N12367,N12367,sa1,1
31916,N12367 /0 undetected,output,,N12367,N12367,0,undetected,N12367,N12367,N12367,sa0,1
31917,N100351 /1 undetected,output,,N100351,N100351,1,undetected,N100351,N100351,N100351,sa1,1
31918,N92051 /1 undetected,output,,N92051,N92051,1,undetected,N92051,N92051,N92051,sa1,1
31919,N11532 /0 undetected,output,,N11532,N11532,0,undetected,N11532,N11532,N11532,sa0,1
31920,N87156 /1 undetected,output,,N87156,N87156,1,undetected,N87156,N87156,N87156,sa1,1
31921,N11529 /0 undetected,output,,N11529,N11529,0,undetected,N11529,N11529,N11529,sa0,1
31922,N93194 /1 undetected,output,,N93194,N93194,1,undetected,N93194,N93194,N93194,sa1,1
31923,N92066 /1 undetected,output,,N92066,N92066,1,undetected,N92066,N92066,N92066,sa1,1
31924,N84047 /1 undetected,output,,N84047,N84047,1,undetected,N84047,N84047,N84047,sa1,1
31925,N11424 /1 undetected,output,,N11424,N11424,1,undetected,N11424,N11424,N11424,sa1,1
31926,N11424 /0 undetected,output,,N11424,N11424,0,undetected,N11424,N11424,N11424,sa0,1
31927,N3361 /0 undetected,output,,N3361,N3361,0,undetected,N3361,N3361,N3361,sa0,1
31928,N92133 /1 undetected,output,,N92133,N92133,1,undetected,N92133,N92133,N92133,sa1,1
31929,N3334 /1 undetected,output,,N3334,N3334,1,undetected,N3334,N3334,N3334,sa1,1
31930,N3334 /0 undetected,output,,N3334,N3334,0,undetected,N3334,N3334,N3334,sa0,1
31931,N93193 /1 undetected,output,,N93193,N93193,1,undetected,N93193,N93193,N93193,sa1,1
31932,N84077 /1 undetected,output,,N84077,N84077,1,undetected,N84077,N84077,N84077,sa1,1
31933,N3201 /0 undetected,output,,N3201,N3201,0,undetected,N3201,N3201,N3201,sa0,1
31934,N92857 /1 undetected,output,,N92857,N92857,1,undetected,N92857,N92857,N92857,sa1,1
31935,N3192 /1 undetected,output,,N3192,N3192,1,undetected,N3192,N3192,N3192,sa1,1
31936,N3192 /0 undetected,output,,N3192,N3192,0,undetected,N3192,N3192,N3192,sa0,1
31937,N92879 /1 undetected,output,,N92879,N92879,1,undetected,N92879,N92879,N92879,sa1,1
31938,N92856 /1 undetected,output,,N92856,N92856,1,undetected,N92856,N92856,N92856,sa1,1
31939,N3184 /0 undetected,output,,N3184,N3184,0,undetected,N3184,N3184,N3184,sa0,1
31940,N96146 /1 undetected,output,,N96146,N96146,1,undetected,N96146,N96146,N96146,sa1,1
31941,N3169 /1 undetected,output,,N3169,N3169,1,undetected,N3169,N3169,N3169,sa1,1
31942,N3169 /0 undetected,output,,N3169,N3169,0,undetected,N3169,N3169,N3169,sa0,1
31943,N92855 /1 undetected,output,,N92855,N92855,1,undetected,N92855,N92855,N92855,sa1,1
31944,N76224 /1 undetected,output,,N76224,N76224,1,undetected,N76224,N76224,N76224,sa1,1
31945,N2864 /1 undetected,output,,N2864,N2864,1,undetected,N2864,N2864,N2864,sa1,1
31946,N2864 /0 undetected,output,,N2864,N2864,0,undetected,N2864,N2864,N2864,sa0,1
31947,N95194 /1 undetected,output,,N95194,N95194,1,undetected,N95194,N95194,N95194,sa1,1
31948,N92939 /1 undetected,output,,N92939,N92939,1,undetected,N92939,N92939,N92939,sa1,1
31949,N2834 /0 undetected,output,,N2834,N2834,0,undetected,N2834,N2834,N2834,sa0,1
31950,N93085 /1 undetected,output,,N93085,N93085,1,undetected,N93085,N93085,N93085,sa1,1
31951,N84101 /1 undetected,output,,N84101,N84101,1,undetected,N84101,N84101,N84101,sa1,1
31952,N2421 /0 undetected,output,,N2421,N2421,0,undetected,N2421,N2421,N2421,sa0,1
31953,N92871 /1 undetected,output,,N92871,N92871,1,undetected,N92871,N92871,N92871,sa1,1
31954,N2396 /0 undetected,output,,N2396,N2396,0,undetected,N2396,N2396,N2396,sa0,1
31955,N93192 /1 undetected,output,,N93192,N93192,1,undetected,N93192,N93192,N93192,sa1,1
31956,N92053 /1 undetected,output,,N92053,N92053,1,undetected,N92053,N92053,N92053,sa1,1
31957,N2173 /1 undetected,output,,N2173,N2173,1,undetected,N2173,N2173,N2173,sa1,1
31958,N2173 /0 undetected,output,,N2173,N2173,0,undetected,N2173,N2173,N2173,sa0,1
31959,N92854 /1 undetected,output,,N92854,N92854,1,undetected,N92854,N92854,N92854,sa1,1
31960,N86003 /1 undetected,output,,N86003,N86003,1,undetected,N86003,N86003,N86003,sa1,1
31961,N2111 /0 undetected,output,,N2111,N2111,0,undetected,N2111,N2111,N2111,sa0,1
31962,N92223 /1 undetected,output,,N92223,N92223,1,undetected,N92223,N92223,N92223,sa1,1
31963,N99218 /1 undetected,output,,N99218,N99218,1,undetected,N99218,N99218,N99218,sa1,1
31964,N121251 /1 undetected,output,,N121251,N121251,1,undetected,N121251,N121251,N121251,sa1,1
31965,N77692 /1 undetected,output,,N77692,N77692,1,undetected,N77692,N77692,N77692,sa1,1
31966,N70040 /1 undetected,output,,N70040,N70040,1,undetected,N70040,N70040,N70040,sa1,1
31967,N90934 /1 undetected,output,,N90934,N90934,1,undetected,N90934,N90934,N90934,sa1,1
31968,N121253 /1 undetected,output,,N121253,N121253,1,undetected,N121253,N121253,N121253,sa1,1
31969,N23490 /0 undetected,output,,N23490,N23490,0,undetected,N23490,N23490,N23490,sa0,1
31970,N105406 /1 undetected,output,,N105406,N105406,1,undetected,N105406,N105406,N105406,sa1,1
31971,N83929 /1 undetected,output,,N83929,N83929,1,undetected,N83929,N83929,N83929,sa1,1
31972,N16036 /1 undetected,output,,N16036,N16036,1,undetected,N16036,N16036,N16036,sa1,1
31973,N104710 /1 undetected,output,,N104710,N104710,1,undetected,N104710,N104710,N104710,sa1,1
31974,N21429 /1 undetected,output,,N21429,N21429,1,undetected,N21429,N21429,N21429,sa1,1
31975,N21429 /0 undetected,output,,N21429,N21429,0,undetected,N21429,N21429,N21429,sa0,1
31976,N87571 /1 undetected,output,,N87571,N87571,1,undetected,N87571,N87571,N87571,sa1,1
31977,N21428 /1 undetected,output,,N21428,N21428,1,undetected,N21428,N21428,N21428,sa1,1
31978,N103006 /1 undetected,output,,N103006,N103006,1,undetected,N103006,N103006,N103006,sa1,1
31979,N76554 /1 undetected,output,,N76554,N76554,1,undetected,N76554,N76554,N76554,sa1,1
31980,N20785 /1 undetected,output,,N20785,N20785,1,undetected,N20785,N20785,N20785,sa1,1
31981,N20785 /0 undetected,output,,N20785,N20785,0,undetected,N20785,N20785,N20785,sa0,1
31982,N104287 /1 undetected,output,,N104287,N104287,1,undetected,N104287,N104287,N104287,sa1,1
31983,N17436 /1 undetected,output,,N17436,N17436,1,undetected,N17436,N17436,N17436,sa1,1
31984,N17436 /0 undetected,output,,N17436,N17436,0,undetected,N17436,N17436,N17436,sa0,1
31985,N103394 /1 undetected,output,,N103394,N103394,1,undetected,N103394,N103394,N103394,sa1,1
31986,N17435 /1 undetected,output,,N17435,N17435,1,undetected,N17435,N17435,N17435,sa1,1
31987,N103463 /1 undetected,output,,N103463,N103463,1,undetected,N103463,N103463,N103463,sa1,1
31988,N17433 /1 undetected,output,,N17433,N17433,1,undetected,N17433,N17433,N17433,sa1,1
31989,N92969 /1 undetected,output,,N92969,N92969,1,undetected,N92969,N92969,N92969,sa1,1
31990,N17432 /1 undetected,output,,N17432,N17432,1,undetected,N17432,N17432,N17432,sa1,1
31991,N84165 /1 undetected,output,,N84165,N84165,1,undetected,N84165,N84165,N84165,sa1,1
31992,N83689 /1 undetected,output,,N83689,N83689,1,undetected,N83689,N83689,N83689,sa1,1
31993,N16583 /1 undetected,output,,N16583,N16583,1,undetected,N16583,N16583,N16583,sa1,1
31994,N84104 /1 undetected,output,,N84104,N84104,1,undetected,N84104,N84104,N84104,sa1,1
31995,N16582 /1 undetected,output,,N16582,N16582,1,undetected,N16582,N16582,N16582,sa1,1
31996,N93082 /1 undetected,output,,N93082,N93082,1,undetected,N93082,N93082,N93082,sa1,1
31997,N13390 /1 undetected,output,,N13390,N13390,1,undetected,N13390,N13390,N13390,sa1,1
31998,N13390 /0 undetected,output,,N13390,N13390,0,undetected,N13390,N13390,N13390,sa0,1
31999,N74299 /1 undetected,output,,N74299,N74299,1,undetected,N74299,N74299,N74299,sa1,1
32000,N11422 /1 undetected,output,,N11422,N11422,1,undetected,N11422,N11422,N11422,sa1,1
32001,N13355 /1 undetected,output,,N13355,N13355,1,undetected,N13355,N13355,N13355,sa1,1
32002,N13355 /0 undetected,output,,N13355,N13355,0,undetected,N13355,N13355,N13355,sa0,1
32003,N93056 /1 undetected,output,,N93056,N93056,1,undetected,N93056,N93056,N93056,sa1,1
32004,N13354 /1 undetected,output,,N13354,N13354,1,undetected,N13354,N13354,N13354,sa1,1
32005,N96347 /1 undetected,output,,N96347,N96347,1,undetected,N96347,N96347,N96347,sa1,1
32006,N92129 /1 undetected,output,,N92129,N92129,1,undetected,N92129,N92129,N92129,sa1,1
32007,N12639 /1 undetected,output,,N12639,N12639,1,undetected,N12639,N12639,N12639,sa1,1
32008,N12639 /0 undetected,output,,N12639,N12639,0,undetected,N12639,N12639,N12639,sa0,1
32009,N100632 /1 undetected,output,,N100632,N100632,1,undetected,N100632,N100632,N100632,sa1,1
32010,N12638 /1 undetected,output,,N12638,N12638,1,undetected,N12638,N12638,N12638,sa1,1
32011,N100598 /1 undetected,output,,N100598,N100598,1,undetected,N100598,N100598,N100598,sa1,1
32012,N95220 /1 undetected,output,,N95220,N95220,1,undetected,N95220,N95220,N95220,sa1,1
32013,N11439 /1 undetected,output,,N11439,N11439,1,undetected,N11439,N11439,N11439,sa1,1
32014,N11439 /0 undetected,output,,N11439,N11439,0,undetected,N11439,N11439,N11439,sa0,1
32015,N99809 /1 undetected,output,,N99809,N99809,1,undetected,N99809,N99809,N99809,sa1,1
32016,N84079 /1 undetected,output,,N84079,N84079,1,undetected,N84079,N84079,N84079,sa1,1
32017,N3351 /1 undetected,output,,N3351,N3351,1,undetected,N3351,N3351,N3351,sa1,1
32018,N3351 /0 undetected,output,,N3351,N3351,0,undetected,N3351,N3351,N3351,sa0,1
32019,N93184 /1 undetected,output,,N93184,N93184,1,undetected,N93184,N93184,N93184,sa1,1
32020,N93055 /1 undetected,output,,N93055,N93055,1,undetected,N93055,N93055,N93055,sa1,1
32021,N3231 /1 undetected,output,,N3231,N3231,1,undetected,N3231,N3231,N3231,sa1,1
32022,N3231 /0 undetected,output,,N3231,N3231,0,undetected,N3231,N3231,N3231,sa0,1
32023,N74303 /1 undetected,output,,N74303,N74303,1,undetected,N74303,N74303,N74303,sa1,1
32024,N3229 /1 undetected,output,,N3229,N3229,1,undetected,N3229,N3229,N3229,sa1,1
32025,N3210 /1 undetected,output,,N3210,N3210,1,undetected,N3210,N3210,N3210,sa1,1
32026,N3210 /0 undetected,output,,N3210,N3210,0,undetected,N3210,N3210,N3210,sa0,1
32027,N96197 /1 undetected,output,,N96197,N96197,1,undetected,N96197,N96197,N96197,sa1,1
32028,N84129 /1 undetected,output,,N84129,N84129,1,undetected,N84129,N84129,N84129,sa1,1
32029,N3207 /1 undetected,output,,N3207,N3207,1,undetected,N3207,N3207,N3207,sa1,1
32030,N3207 /0 undetected,output,,N3207,N3207,0,undetected,N3207,N3207,N3207,sa0,1
32031,N74291 /1 undetected,output,,N74291,N74291,1,undetected,N74291,N74291,N74291,sa1,1
32032,N2081 /1 undetected,output,,N2081,N2081,1,undetected,N2081,N2081,N2081,sa1,1
32033,N2267 /1 undetected,output,,N2267,N2267,1,undetected,N2267,N2267,N2267,sa1,1
32034,N2267 /0 undetected,output,,N2267,N2267,0,undetected,N2267,N2267,N2267,sa0,1
32035,N93098 /1 undetected,output,,N93098,N93098,1,undetected,N93098,N93098,N93098,sa1,1
32036,N92010 /1 undetected,output,,N92010,N92010,1,undetected,N92010,N92010,N92010,sa1,1
32037,N2235 /1 undetected,output,,N2235,N2235,1,undetected,N2235,N2235,N2235,sa1,1
32038,N2235 /0 undetected,output,,N2235,N2235,0,undetected,N2235,N2235,N2235,sa0,1
32039,N74399 /1 undetected,output,,N74399,N74399,1,undetected,N74399,N74399,N74399,sa1,1
32040,N2233 /1 undetected,output,,N2233,N2233,1,undetected,N2233,N2233,N2233,sa1,1
32041,N2230 /1 undetected,output,,N2230,N2230,1,undetected,N2230,N2230,N2230,sa1,1
32042,N2230 /0 undetected,output,,N2230,N2230,0,undetected,N2230,N2230,N2230,sa0,1
32043,N74392 /1 undetected,output,,N74392,N74392,1,undetected,N74392,N74392,N74392,sa1,1
32044,N2228 /1 undetected,output,,N2228,N2228,1,undetected,N2228,N2228,N2228,sa1,1
32045,N2213 /0 undetected,output,,N2213,N2213,0,undetected,N2213,N2213,N2213,sa0,1
32046,N74460 /1 undetected,output,,N74460,N74460,1,undetected,N74460,N74460,N74460,sa1,1
32047,N2211 /1 undetected,output,,N2211,N2211,1,undetected,N2211,N2211,N2211,sa1,1
32048,N17544 /1 undetected,output,,N17544,N17544,1,undetected,N17544,N17544,N17544,sa1,1
32049,N99220 /1 undetected,output,,N99220,N99220,1,undetected,N99220,N99220,N99220,sa1,1
32050,N87232 /1 undetected,output,,N87232,N87232,1,undetected,N87232,N87232,N87232,sa1,1
32051,N77958 /1 undetected,output,,N77958,N77958,1,undetected,N77958,N77958,N77958,sa1,1
32052,N69745 /0 undetected,output,,N69745,N69745,0,undetected,N69745,N69745,N69745,sa0,1
32053,N126564 /1 undetected,output,,N126564,N126564,1,undetected,N126564,N126564,N126564,sa1,1
32054,N126528 /1 undetected,output,,N126528,N126528,1,undetected,N126528,N126528,N126528,sa1,1
32055,N126562 /1 undetected,output,,N126562,N126562,1,undetected,N126562,N126562,N126562,sa1,1
32056,N126526 /1 undetected,output,,N126526,N126526,1,undetected,N126526,N126526,N126526,sa1,1
32057,N20024 /0 undetected,output,,N20024,N20024,0,undetected,N20024,N20024,N20024,sa0,1
32058,N92204 /1 undetected,output,,N92204,N92204,1,undetected,N92204,N92204,N92204,sa1,1
32059,N20197 /1 undetected,output,,N20197,N20197,1,undetected,N20197,N20197,N20197,sa1,1
32060,N20197 /0 undetected,output,,N20197,N20197,0,undetected,N20197,N20197,N20197,sa0,1
32061,N104461 /1 undetected,output,,N104461,N104461,1,undetected,N104461,N104461,N104461,sa1,1
32062,N98837 /1 undetected,output,,N98837,N98837,1,undetected,N98837,N98837,N98837,sa1,1
32063,N20196 /1 undetected,output,,N20196,N20196,1,undetected,N20196,N20196,N20196,sa1,1
32064,N20196 /0 undetected,output,,N20196,N20196,0,undetected,N20196,N20196,N20196,sa0,1
32065,N19977 /1 undetected,output,,N19977,N19977,1,undetected,N19977,N19977,N19977,sa1,1
32066,N12536 /1 undetected,output,,N12536,N12536,1,undetected,N12536,N12536,N12536,sa1,1
32067,N12536 /0 undetected,output,,N12536,N12536,0,undetected,N12536,N12536,N12536,sa0,1
32068,N91332 /1 undetected,output,,N91332,N91332,1,undetected,N91332,N91332,N91332,sa1,1
32069,N12535 /1 undetected,output,,N12535,N12535,1,undetected,N12535,N12535,N12535,sa1,1
32070,N8509 /1 undetected,output,,N8509,N8509,1,undetected,N8509,N8509,N8509,sa1,1
32071,N92090 /1 undetected,output,,N92090,N92090,1,undetected,N92090,N92090,N92090,sa1,1
32072,N3219 /1 undetected,output,,N3219,N3219,1,undetected,N3219,N3219,N3219,sa1,1
32073,N92074 /1 undetected,output,,N92074,N92074,1,undetected,N92074,N92074,N92074,sa1,1
32074,N2299 /1 undetected,output,,N2299,N2299,1,undetected,N2299,N2299,N2299,sa1,1
32075,N83920 /1 undetected,output,,N83920,N83920,1,undetected,N83920,N83920,N83920,sa1,1
32076,N2298 /1 undetected,output,,N2298,N2298,1,undetected,N2298,N2298,N2298,sa1,1
32077,N2291 /1 undetected,output,,N2291,N2291,1,undetected,N2291,N2291,N2291,sa1,1
32078,N84089 /1 undetected,output,,N84089,N84089,1,undetected,N84089,N84089,N84089,sa1,1
32079,N2290 /1 undetected,output,,N2290,N2290,1,undetected,N2290,N2290,N2290,sa1,1
32080,N89641 /1 undetected,output,,N89641,N89641,1,undetected,N89641,N89641,N89641,sa1,1
32081,N80909 /1 undetected,output,,N80909,N80909,1,undetected,N80909,N80909,N80909,sa1,1
32082,N11889 /1 undetected,output,,N11889,N11889,1,undetected,N11889,N11889,N11889,sa1,1
32083,N99217 /1 undetected,output,,N99217,N99217,1,undetected,N99217,N99217,N99217,sa1,1
32084,N11887 /1 undetected,output,,N11887,N11887,1,undetected,N11887,N11887,N11887,sa1,1
32085,N100229 /1 undetected,output,,N100229,N100229,1,undetected,N100229,N100229,N100229,sa1,1
32086,N10390 /1 undetected,output,,N10390,N10390,1,undetected,N10390,N10390,N10390,sa1,1
32087,N99394 /1 undetected,output,,N99394,N99394,1,undetected,N99394,N99394,N99394,sa1,1
32088,N99252 /1 undetected,output,,N99252,N99252,1,undetected,N99252,N99252,N99252,sa1,1
32089,N121232 /1 undetected,output,,N121232,N121232,1,undetected,N121232,N121232,N121232,sa1,1
32090,N91682 /1 undetected,output,,N91682,N91682,1,undetected,N91682,N91682,N91682,sa1,1
32091,N126525 /1 undetected,output,,N126525,N126525,1,undetected,N126525,N126525,N126525,sa1,1
32092,N87026 /1 undetected,output,,N87026,N87026,1,undetected,N87026,N87026,N87026,sa1,1
32093,N68969 /0 undetected,output,,N68969,N68969,0,undetected,N68969,N68969,N68969,sa0,1
32094,N86925 /1 undetected,output,,N86925,N86925,1,undetected,N86925,N86925,N86925,sa1,1
32095,N68967 /1 undetected,output,,N68967,N68967,1,undetected,N68967,N68967,N68967,sa1,1
32096,N68957 /0 undetected,output,,N68957,N68957,0,undetected,N68957,N68957,N68957,sa0,1
32097,N77471 /1 undetected,output,,N77471,N77471,1,undetected,N77471,N77471,N77471,sa1,1
32098,N68955 /1 undetected,output,,N68955,N68955,1,undetected,N68955,N68955,N68955,sa1,1
32099,N83185 /1 undetected,output,,N83185,N83185,1,undetected,N83185,N83185,N83185,sa1,1
32100,N89764 /1 undetected,output,,N89764,N89764,1,undetected,N89764,N89764,N89764,sa1,1
32101,N89761 /1 undetected,output,,N89761,N89761,1,undetected,N89761,N89761,N89761,sa1,1
32102,N89760 /1 undetected,output,,N89760,N89760,1,undetected,N89760,N89760,N89760,sa1,1
32103,N89759 /1 undetected,output,,N89759,N89759,1,undetected,N89759,N89759,N89759,sa1,1
32104,N89758 /1 undetected,output,,N89758,N89758,1,undetected,N89758,N89758,N89758,sa1,1
32105,N89757 /1 undetected,output,,N89757,N89757,1,undetected,N89757,N89757,N89757,sa1,1
32106,N89756 /1 undetected,output,,N89756,N89756,1,undetected,N89756,N89756,N89756,sa1,1
32107,N89755 /1 undetected,output,,N89755,N89755,1,undetected,N89755,N89755,N89755,sa1,1
32108,N89752 /1 undetected,output,,N89752,N89752,1,undetected,N89752,N89752,N89752,sa1,1
32109,N89751 /1 undetected,output,,N89751,N89751,1,undetected,N89751,N89751,N89751,sa1,1
32110,N89746 /1 undetected,output,,N89746,N89746,1,undetected,N89746,N89746,N89746,sa1,1
32111,N89743 /1 undetected,output,,N89743,N89743,1,undetected,N89743,N89743,N89743,sa1,1
32112,N89740 /1 undetected,output,,N89740,N89740,1,undetected,N89740,N89740,N89740,sa1,1
32113,N89737 /1 undetected,output,,N89737,N89737,1,undetected,N89737,N89737,N89737,sa1,1
32114,N89736 /1 undetected,output,,N89736,N89736,1,undetected,N89736,N89736,N89736,sa1,1
32115,N89733 /1 undetected,output,,N89733,N89733,1,undetected,N89733,N89733,N89733,sa1,1
32116,N89732 /1 undetected,output,,N89732,N89732,1,undetected,N89732,N89732,N89732,sa1,1
32117,N89729 /1 undetected,output,,N89729,N89729,1,undetected,N89729,N89729,N89729,sa1,1
32118,N89726 /1 undetected,output,,N89726,N89726,1,undetected,N89726,N89726,N89726,sa1,1
32119,N89723 /1 undetected,output,,N89723,N89723,1,undetected,N89723,N89723,N89723,sa1,1
32120,N89720 /1 undetected,output,,N89720,N89720,1,undetected,N89720,N89720,N89720,sa1,1
32121,N19684 /1 undetected,output,,N19684,N19684,1,undetected,N19684,N19684,N19684,sa1,1
32122,N19684 /0 undetected,output,,N19684,N19684,0,undetected,N19684,N19684,N19684,sa0,1
32123,N104028 /1 undetected,output,,N104028,N104028,1,undetected,N104028,N104028,N104028,sa1,1
32124,N19682 /1 undetected,output,,N19682,N19682,1,undetected,N19682,N19682,N19682,sa1,1
32125,N92965 /1 undetected,output,,N92965,N92965,1,undetected,N92965,N92965,N92965,sa1,1
32126,N19680 /1 undetected,output,,N19680,N19680,1,undetected,N19680,N19680,N19680,sa1,1
32127,N104032 /1 undetected,output,,N104032,N104032,1,undetected,N104032,N104032,N104032,sa1,1
32128,N19679 /1 undetected,output,,N19679,N19679,1,undetected,N19679,N19679,N19679,sa1,1
32129,N92897 /1 undetected,output,,N92897,N92897,1,undetected,N92897,N92897,N92897,sa1,1
32130,N19678 /1 undetected,output,,N19678,N19678,1,undetected,N19678,N19678,N19678,sa1,1
32131,N95215 /1 undetected,output,,N95215,N95215,1,undetected,N95215,N95215,N95215,sa1,1
32132,N19677 /1 undetected,output,,N19677,N19677,1,undetected,N19677,N19677,N19677,sa1,1
32133,N92119 /1 undetected,output,,N92119,N92119,1,undetected,N92119,N92119,N92119,sa1,1
32134,N19676 /1 undetected,output,,N19676,N19676,1,undetected,N19676,N19676,N19676,sa1,1
32135,N87167 /1 undetected,output,,N87167,N87167,1,undetected,N87167,N87167,N87167,sa1,1
32136,N83705 /1 undetected,output,,N83705,N83705,1,undetected,N83705,N83705,N83705,sa1,1
32137,N12594 /0 undetected,output,,N12594,N12594,0,undetected,N12594,N12594,N12594,sa0,1
32138,N12593 /1 undetected,output,,N12593,N12593,1,undetected,N12593,N12593,N12593,sa1,1
32139,N91337 /1 undetected,output,,N91337,N91337,1,undetected,N91337,N91337,N91337,sa1,1
32140,N12533 /1 undetected,output,,N12533,N12533,1,undetected,N12533,N12533,N12533,sa1,1
32141,N18447 /1 undetected,output,,N18447,N18447,1,undetected,N18447,N18447,N18447,sa1,1
32142,N18447 /0 undetected,output,,N18447,N18447,0,undetected,N18447,N18447,N18447,sa0,1
32143,N102990 /1 undetected,output,,N102990,N102990,1,undetected,N102990,N102990,N102990,sa1,1
32144,N93139 /1 undetected,output,,N93139,N93139,1,undetected,N93139,N93139,N93139,sa1,1
32145,N17453 /1 undetected,output,,N17453,N17453,1,undetected,N17453,N17453,N17453,sa1,1
32146,N17453 /0 undetected,output,,N17453,N17453,0,undetected,N17453,N17453,N17453,sa0,1
32147,N103464 /1 undetected,output,,N103464,N103464,1,undetected,N103464,N103464,N103464,sa1,1
32148,N17452 /1 undetected,output,,N17452,N17452,1,undetected,N17452,N17452,N17452,sa1,1
32149,N83690 /1 undetected,output,,N83690,N83690,1,undetected,N83690,N83690,N83690,sa1,1
32150,N17451 /1 undetected,output,,N17451,N17451,1,undetected,N17451,N17451,N17451,sa1,1
32151,N17449 /1 undetected,output,,N17449,N17449,1,undetected,N17449,N17449,N17449,sa1,1
32152,N86014 /1 undetected,output,,N86014,N86014,1,undetected,N86014,N86014,N86014,sa1,1
32153,N17447 /1 undetected,output,,N17447,N17447,1,undetected,N17447,N17447,N17447,sa1,1
32154,N92887 /1 undetected,output,,N92887,N92887,1,undetected,N92887,N92887,N92887,sa1,1
32155,N17446 /1 undetected,output,,N17446,N17446,1,undetected,N17446,N17446,N17446,sa1,1
32156,N17445 /1 undetected,output,,N17445,N17445,1,undetected,N17445,N17445,N17445,sa1,1
32157,N74431 /1 undetected,output,,N74431,N74431,1,undetected,N74431,N74431,N74431,sa1,1
32158,N74300 /1 undetected,output,,N74300,N74300,1,undetected,N74300,N74300,N74300,sa1,1
32159,N2086 /1 undetected,output,,N2086,N2086,1,undetected,N2086,N2086,N2086,sa1,1
32160,N17443 /1 undetected,output,,N17443,N17443,1,undetected,N17443,N17443,N17443,sa1,1
32161,N92970 /1 undetected,output,,N92970,N92970,1,undetected,N92970,N92970,N92970,sa1,1
32162,N74444 /1 undetected,output,,N74444,N74444,1,undetected,N74444,N74444,N74444,sa1,1
32163,N16275 /0 undetected,output,,N16275,N16275,0,undetected,N16275,N16275,N16275,sa0,1
32164,N103000 /1 undetected,output,,N103000,N103000,1,undetected,N103000,N103000,N103000,sa1,1
32165,N16265 /1 undetected,output,,N16265,N16265,1,undetected,N16265,N16265,N16265,sa1,1
32166,N16265 /0 undetected,output,,N16265,N16265,0,undetected,N16265,N16265,N16265,sa0,1
32167,N96240 /1 undetected,output,,N96240,N96240,1,undetected,N96240,N96240,N96240,sa1,1
32168,N16264 /1 undetected,output,,N16264,N16264,1,undetected,N16264,N16264,N16264,sa1,1
32169,N102995 /1 undetected,output,,N102995,N102995,1,undetected,N102995,N102995,N102995,sa1,1
32170,N74304 /1 undetected,output,,N74304,N74304,1,undetected,N74304,N74304,N74304,sa1,1
32171,N16092 /0 undetected,output,,N16092,N16092,0,undetected,N16092,N16092,N16092,sa0,1
32172,N102815 /1 undetected,output,,N102815,N102815,1,undetected,N102815,N102815,N102815,sa1,1
32173,N14673 /0 undetected,output,,N14673,N14673,0,undetected,N14673,N14673,N14673,sa0,1
32174,N92188 /1 undetected,output,,N92188,N92188,1,undetected,N92188,N92188,N92188,sa1,1
32175,N14499 /0 undetected,output,,N14499,N14499,0,undetected,N14499,N14499,N14499,sa0,1
32176,N92989 /1 undetected,output,,N92989,N92989,1,undetected,N92989,N92989,N92989,sa1,1
32177,N87163 /1 undetected,output,,N87163,N87163,1,undetected,N87163,N87163,N87163,sa1,1
32178,N14260 /0 undetected,output,,N14260,N14260,0,undetected,N14260,N14260,N14260,sa0,1
32179,N101594 /1 undetected,output,,N101594,N101594,1,undetected,N101594,N101594,N101594,sa1,1
32180,N12626 /0 undetected,output,,N12626,N12626,0,undetected,N12626,N12626,N12626,sa0,1
32181,N100590 /1 undetected,output,,N100590,N100590,1,undetected,N100590,N100590,N100590,sa1,1
32182,N92872 /1 undetected,output,,N92872,N92872,1,undetected,N92872,N92872,N92872,sa1,1
32183,N12314 /0 undetected,output,,N12314,N12314,0,undetected,N12314,N12314,N12314,sa0,1
32184,N93073 /1 undetected,output,,N93073,N93073,1,undetected,N93073,N93073,N93073,sa1,1
32185,N11423 /0 undetected,output,,N11423,N11423,0,undetected,N11423,N11423,N11423,sa0,1
32186,N99793 /1 undetected,output,,N99793,N99793,1,undetected,N99793,N99793,N99793,sa1,1
32187,N3515 /0 undetected,output,,N3515,N3515,0,undetected,N3515,N3515,N3515,sa0,1
32188,N92987 /1 undetected,output,,N92987,N92987,1,undetected,N92987,N92987,N92987,sa1,1
32189,N92158 /1 undetected,output,,N92158,N92158,1,undetected,N92158,N92158,N92158,sa1,1
32190,N3224 /0 undetected,output,,N3224,N3224,0,undetected,N3224,N3224,N3224,sa0,1
32191,N93039 /1 undetected,output,,N93039,N93039,1,undetected,N93039,N93039,N93039,sa1,1
32192,N3213 /0 undetected,output,,N3213,N3213,0,undetected,N3213,N3213,N3213,sa0,1
32193,N93031 /1 undetected,output,,N93031,N93031,1,undetected,N93031,N93031,N93031,sa1,1
32194,N3182 /1 undetected,output,,N3182,N3182,1,undetected,N3182,N3182,N3182,sa1,1
32195,N3182 /0 undetected,output,,N3182,N3182,0,undetected,N3182,N3182,N3182,sa0,1
32196,N96143 /1 undetected,output,,N96143,N96143,1,undetected,N96143,N96143,N96143,sa1,1
32197,N93030 /1 undetected,output,,N93030,N93030,1,undetected,N93030,N93030,N93030,sa1,1
32198,N2852 /1 undetected,output,,N2852,N2852,1,undetected,N2852,N2852,N2852,sa1,1
32199,N2852 /0 undetected,output,,N2852,N2852,0,undetected,N2852,N2852,N2852,sa0,1
32200,N93038 /1 undetected,output,,N93038,N93038,1,undetected,N93038,N93038,N93038,sa1,1
32201,N84069 /1 undetected,output,,N84069,N84069,1,undetected,N84069,N84069,N84069,sa1,1
32202,N2393 /1 undetected,output,,N2393,N2393,1,undetected,N2393,N2393,N2393,sa1,1
32203,N2393 /0 undetected,output,,N2393,N2393,0,undetected,N2393,N2393,N2393,sa0,1
32204,N93189 /1 undetected,output,,N93189,N93189,1,undetected,N93189,N93189,N93189,sa1,1
32205,N93072 /1 undetected,output,,N93072,N93072,1,undetected,N93072,N93072,N93072,sa1,1
32206,N2257 /1 undetected,output,,N2257,N2257,1,undetected,N2257,N2257,N2257,sa1,1
32207,N2257 /0 undetected,output,,N2257,N2257,0,undetected,N2257,N2257,N2257,sa0,1
32208,N93080 /1 undetected,output,,N93080,N93080,1,undetected,N93080,N93080,N93080,sa1,1
32209,N93071 /1 undetected,output,,N93071,N93071,1,undetected,N93071,N93071,N93071,sa1,1
32210,N2171 /1 undetected,output,,N2171,N2171,1,undetected,N2171,N2171,N2171,sa1,1
32211,N2171 /0 undetected,output,,N2171,N2171,0,undetected,N2171,N2171,N2171,sa0,1
32212,N92848 /1 undetected,output,,N92848,N92848,1,undetected,N92848,N92848,N92848,sa1,1
32213,N92089 /1 undetected,output,,N92089,N92089,1,undetected,N92089,N92089,N92089,sa1,1
32214,N2092 /0 undetected,output,,N2092,N2092,0,undetected,N2092,N2092,N2092,sa0,1
32215,N92126 /1 undetected,output,,N92126,N92126,1,undetected,N92126,N92126,N92126,sa1,1
32216,N92088 /1 undetected,output,,N92088,N92088,1,undetected,N92088,N92088,N92088,sa1,1
32217,N2090 /1 undetected,output,,N2090,N2090,1,undetected,N2090,N2090,N2090,sa1,1
32218,N2090 /0 undetected,output,,N2090,N2090,0,undetected,N2090,N2090,N2090,sa0,1
32219,N92101 /1 undetected,output,,N92101,N92101,1,undetected,N92101,N92101,N92101,sa1,1
32220,N92087 /1 undetected,output,,N92087,N92087,1,undetected,N92087,N92087,N92087,sa1,1
32221,N111958 /1 undetected,output,,N111958,N111958,1,undetected,N111958,N111958,N111958,sa1,1
32222,N68621 /1 undetected,output,,N68621,N68621,1,undetected,N68621,N68621,N68621,sa1,1
32223,N52493 /1 undetected,output,,N52493,N52493,1,undetected,N52493,N52493,N52493,sa1,1
32224,N25692 /1 undetected,output,,N25692,N25692,1,undetected,N25692,N25692,N25692,sa1,1
32225,N109962 /1 undetected,output,,N109962,N109962,1,undetected,N109962,N109962,N109962,sa1,1
32226,N126263 /1 undetected,output,,N126263,N126263,1,undetected,N126263,N126263,N126263,sa1,1
32227,N79709 /1 undetected,output,,N79709,N79709,1,undetected,N79709,N79709,N79709,sa1,1
32228,N89661 /1 undetected,output,,N89661,N89661,1,undetected,N89661,N89661,N89661,sa1,1
32229,N81286 /1 undetected,output,,N81286,N81286,1,undetected,N81286,N81286,N81286,sa1,1
32230,N79935 /1 undetected,output,,N79935,N79935,1,undetected,N79935,N79935,N79935,sa1,1
32231,N70109 /1 undetected,output,,N70109,N70109,1,undetected,N70109,N70109,N70109,sa1,1
32232,N87123 /1 undetected,output,,N87123,N87123,1,undetected,N87123,N87123,N87123,sa1,1
32233,N1778 /1 undetected,output,,N1778,N1778,1,undetected,N1778,N1778,N1778,sa1,1
32234,N69375 /1 undetected,output,,N69375,N69375,1,undetected,N69375,N69375,N69375,sa1,1
32235,N69375 /0 undetected,output,,N69375,N69375,0,undetected,N69375,N69375,N69375,sa0,1
32236,N69374 /1 undetected,output,,N69374,N69374,1,undetected,N69374,N69374,N69374,sa1,1
32237,N126463 /1 undetected,output,,N126463,N126463,1,undetected,N126463,N126463,N126463,sa1,1
32238,N86890 /1 undetected,output,,N86890,N86890,1,undetected,N86890,N86890,N86890,sa1,1
32239,N69372 /1 undetected,output,,N69372,N69372,1,undetected,N69372,N69372,N69372,sa1,1
32240,N126459 /1 undetected,output,,N126459,N126459,1,undetected,N126459,N126459,N126459,sa1,1
32241,N77418 /1 undetected,output,,N77418,N77418,1,undetected,N77418,N77418,N77418,sa1,1
32242,N23489 /1 undetected,output,,N23489,N23489,1,undetected,N23489,N23489,N23489,sa1,1
32243,N23489 /0 undetected,output,,N23489,N23489,0,undetected,N23489,N23489,N23489,sa0,1
32244,N96247 /1 undetected,output,,N96247,N96247,1,undetected,N96247,N96247,N96247,sa1,1
32245,N83913 /1 undetected,output,,N83913,N83913,1,undetected,N83913,N83913,N83913,sa1,1
32246,N20783 /1 undetected,output,,N20783,N20783,1,undetected,N20783,N20783,N20783,sa1,1
32247,N104486 /1 undetected,output,,N104486,N104486,1,undetected,N104486,N104486,N104486,sa1,1
32248,N104197 /1 undetected,output,,N104197,N104197,1,undetected,N104197,N104197,N104197,sa1,1
32249,N20036 /1 undetected,output,,N20036,N20036,1,undetected,N20036,N20036,N20036,sa1,1
32250,N14271 /1 undetected,output,,N14271,N14271,1,undetected,N14271,N14271,N14271,sa1,1
32251,N14271 /0 undetected,output,,N14271,N14271,0,undetected,N14271,N14271,N14271,sa0,1
32252,N96252 /1 undetected,output,,N96252,N96252,1,undetected,N96252,N96252,N96252,sa1,1
32253,N84037 /1 undetected,output,,N84037,N84037,1,undetected,N84037,N84037,N84037,sa1,1
32254,N3209 /1 undetected,output,,N3209,N3209,1,undetected,N3209,N3209,N3209,sa1,1
32255,N3209 /0 undetected,output,,N3209,N3209,0,undetected,N3209,N3209,N3209,sa0,1
32256,N74296 /1 undetected,output,,N74296,N74296,1,undetected,N74296,N74296,N74296,sa1,1
32257,N2205 /1 undetected,output,,N2205,N2205,1,undetected,N2205,N2205,N2205,sa1,1
32258,N2266 /1 undetected,output,,N2266,N2266,1,undetected,N2266,N2266,N2266,sa1,1
32259,N2266 /0 undetected,output,,N2266,N2266,0,undetected,N2266,N2266,N2266,sa0,1
32260,N93096 /1 undetected,output,,N93096,N93096,1,undetected,N93096,N93096,N93096,sa1,1
32261,N83926 /1 undetected,output,,N83926,N83926,1,undetected,N83926,N83926,N83926,sa1,1
32262,N2244 /1 undetected,output,,N2244,N2244,1,undetected,N2244,N2244,N2244,sa1,1
32263,N2244 /0 undetected,output,,N2244,N2244,0,undetected,N2244,N2244,N2244,sa0,1
32264,N74412 /1 undetected,output,,N74412,N74412,1,undetected,N74412,N74412,N74412,sa1,1
32265,N2242 /1 undetected,output,,N2242,N2242,1,undetected,N2242,N2242,N2242,sa1,1
32266,N2226 /1 undetected,output,,N2226,N2226,1,undetected,N2226,N2226,N2226,sa1,1
32267,N84127 /1 undetected,output,,N84127,N84127,1,undetected,N84127,N84127,N84127,sa1,1
32268,N2225 /1 undetected,output,,N2225,N2225,1,undetected,N2225,N2225,N2225,sa1,1
32269,N92962 /1 undetected,output,,N92962,N92962,1,undetected,N92962,N92962,N92962,sa1,1
32270,N61789 /1 undetected,output,,N61789,N61789,1,undetected,N61789,N61789,N61789,sa1,1
32271,N91449 /1 undetected,output,,N91449,N91449,1,undetected,N91449,N91449,N91449,sa1,1
32272,N78988 /1 undetected,output,,N78988,N78988,1,undetected,N78988,N78988,N78988,sa1,1
32273,N87826 /1 undetected,output,,N87826,N87826,1,undetected,N87826,N87826,N87826,sa1,1
32274,N78967 /1 undetected,output,,N78967,N78967,1,undetected,N78967,N78967,N78967,sa1,1
32275,N20022 /0 undetected,output,,N20022,N20022,0,undetected,N20022,N20022,N20022,sa0,1
32276,N104267 /1 undetected,output,,N104267,N104267,1,undetected,N104267,N104267,N104267,sa1,1
32277,N20195 /1 undetected,output,,N20195,N20195,1,undetected,N20195,N20195,N20195,sa1,1
32278,N20195 /0 undetected,output,,N20195,N20195,0,undetected,N20195,N20195,N20195,sa0,1
32279,N104262 /1 undetected,output,,N104262,N104262,1,undetected,N104262,N104262,N104262,sa1,1
32280,N104115 /1 undetected,output,,N104115,N104115,1,undetected,N104115,N104115,N104115,sa1,1
32281,N19976 /0 undetected,output,,N19976,N19976,0,undetected,N19976,N19976,N19976,sa0,1
32282,N19975 /1 undetected,output,,N19975,N19975,1,undetected,N19975,N19975,N19975,sa1,1
32283,N11437 /1 undetected,output,,N11437,N11437,1,undetected,N11437,N11437,N11437,sa1,1
32284,N93068 /1 undetected,output,,N93068,N93068,1,undetected,N93068,N93068,N93068,sa1,1
32285,N99807 /1 undetected,output,,N99807,N99807,1,undetected,N99807,N99807,N99807,sa1,1
32286,N3285 /1 undetected,output,,N3285,N3285,1,undetected,N3285,N3285,N3285,sa1,1
32287,N83808 /1 undetected,output,,N83808,N83808,1,undetected,N83808,N83808,N83808,sa1,1
32288,N3284 /1 undetected,output,,N3284,N3284,1,undetected,N3284,N3284,N3284,sa1,1
32289,N12004 /1 undetected,output,,N12004,N12004,1,undetected,N12004,N12004,N12004,sa1,1
32290,N12004 /0 undetected,output,,N12004,N12004,0,undetected,N12004,N12004,N12004,sa0,1
32291,N12003 /1 undetected,output,,N12003,N12003,1,undetected,N12003,N12003,N12003,sa1,1
32292,N99303 /1 undetected,output,,N99303,N99303,1,undetected,N99303,N99303,N99303,sa1,1
32293,N96996 /1 undetected,output,,N96996,N96996,1,undetected,N96996,N96996,N96996,sa1,1
32294,N12001 /1 undetected,output,,N12001,N12001,1,undetected,N12001,N12001,N12001,sa1,1
32295,N96995 /1 undetected,output,,N96995,N96995,1,undetected,N96995,N96995,N96995,sa1,1
32296,N92587 /1 undetected,output,,N92587,N92587,1,undetected,N92587,N92587,N92587,sa1,1
32297,N68948 /1 undetected,output,,N68948,N68948,1,undetected,N68948,N68948,N68948,sa1,1
32298,N68948 /0 undetected,output,,N68948,N68948,0,undetected,N68948,N68948,N68948,sa0,1
32299,N126346 /1 undetected,output,,N126346,N126346,1,undetected,N126346,N126346,N126346,sa1,1
32300,N68946 /1 undetected,output,,N68946,N68946,1,undetected,N68946,N68946,N68946,sa1,1
32301,N126348 /1 undetected,output,,N126348,N126348,1,undetected,N126348,N126348,N126348,sa1,1
32302,N68860 /1 undetected,output,,N68860,N68860,1,undetected,N68860,N68860,N68860,sa1,1
32303,N79052 /1 undetected,output,,N79052,N79052,1,undetected,N79052,N79052,N79052,sa1,1
32304,N79001 /1 undetected,output,,N79001,N79001,1,undetected,N79001,N79001,N79001,sa1,1
32305,N69364 /1 undetected,output,,N69364,N69364,1,undetected,N69364,N69364,N69364,sa1,1
32306,N69358 /1 undetected,output,,N69358,N69358,1,undetected,N69358,N69358,N69358,sa1,1
32307,N77470 /1 undetected,output,,N77470,N77470,1,undetected,N77470,N77470,N77470,sa1,1
32308,N82973 /1 undetected,output,,N82973,N82973,1,undetected,N82973,N82973,N82973,sa1,1
32309,N68864 /1 undetected,output,,N68864,N68864,1,undetected,N68864,N68864,N68864,sa1,1
32310,N68864 /0 undetected,output,,N68864,N68864,0,undetected,N68864,N68864,N68864,sa0,1
32311,N20451 /1 undetected,output,,N20451,N20451,1,undetected,N20451,N20451,N20451,sa1,1
32312,N20451 /0 undetected,output,,N20451,N20451,0,undetected,N20451,N20451,N20451,sa0,1
32313,N104117 /1 undetected,output,,N104117,N104117,1,undetected,N104117,N104117,N104117,sa1,1
32314,N20034 /1 undetected,output,,N20034,N20034,1,undetected,N20034,N20034,N20034,sa1,1
32315,N21291 /0 undetected,output,,N21291,N21291,0,undetected,N21291,N21291,N21291,sa0,1
32316,N104198 /1 undetected,output,,N104198,N104198,1,undetected,N104198,N104198,N104198,sa1,1
32317,N94165 /1 undetected,output,,N94165,N94165,1,undetected,N94165,N94165,N94165,sa1,1
32318,N17431 /1 undetected,output,,N17431,N17431,1,undetected,N17431,N17431,N17431,sa1,1
32319,N17431 /0 undetected,output,,N17431,N17431,0,undetected,N17431,N17431,N17431,sa0,1
32320,N93069 /1 undetected,output,,N93069,N93069,1,undetected,N93069,N93069,N93069,sa1,1
32321,N17430 /1 undetected,output,,N17430,N17430,1,undetected,N17430,N17430,N17430,sa1,1
32322,N92214 /1 undetected,output,,N92214,N92214,1,undetected,N92214,N92214,N92214,sa1,1
32323,N17429 /1 undetected,output,,N17429,N17429,1,undetected,N17429,N17429,N17429,sa1,1
32324,N103459 /1 undetected,output,,N103459,N103459,1,undetected,N103459,N103459,N103459,sa1,1
32325,N94050 /1 undetected,output,,N94050,N94050,1,undetected,N94050,N94050,N94050,sa1,1
32326,N16271 /0 undetected,output,,N16271,N16271,0,undetected,N16271,N16271,N16271,sa0,1
32327,N103002 /1 undetected,output,,N103002,N103002,1,undetected,N103002,N103002,N103002,sa1,1
32328,N92964 /1 undetected,output,,N92964,N92964,1,undetected,N92964,N92964,N92964,sa1,1
32329,N16001 /0 undetected,output,,N16001,N16001,0,undetected,N16001,N16001,N16001,sa0,1
32330,N93052 /1 undetected,output,,N93052,N93052,1,undetected,N93052,N93052,N93052,sa1,1
32331,N96350 /1 undetected,output,,N96350,N96350,1,undetected,N96350,N96350,N96350,sa1,1
32332,N12544 /1 undetected,output,,N12544,N12544,1,undetected,N12544,N12544,N12544,sa1,1
32333,N12544 /0 undetected,output,,N12544,N12544,0,undetected,N12544,N12544,N12544,sa0,1
32334,N100588 /1 undetected,output,,N100588,N100588,1,undetected,N100588,N100588,N100588,sa1,1
32335,N12543 /1 undetected,output,,N12543,N12543,1,undetected,N12543,N12543,N12543,sa1,1
32336,N86007 /1 undetected,output,,N86007,N86007,1,undetected,N86007,N86007,N86007,sa1,1
32337,N83889 /1 undetected,output,,N83889,N83889,1,undetected,N83889,N83889,N83889,sa1,1
32338,N12534 /1 undetected,output,,N12534,N12534,1,undetected,N12534,N12534,N12534,sa1,1
32339,N12534 /0 undetected,output,,N12534,N12534,0,undetected,N12534,N12534,N12534,sa0,1
32340,N100587 /1 undetected,output,,N100587,N100587,1,undetected,N100587,N100587,N100587,sa1,1
32341,N92127 /1 undetected,output,,N92127,N92127,1,undetected,N92127,N92127,N92127,sa1,1
32342,N11421 /1 undetected,output,,N11421,N11421,1,undetected,N11421,N11421,N11421,sa1,1
32343,N11421 /0 undetected,output,,N11421,N11421,0,undetected,N11421,N11421,N11421,sa0,1
32344,N92963 /1 undetected,output,,N92963,N92963,1,undetected,N92963,N92963,N92963,sa1,1
32345,N86005 /1 undetected,output,,N86005,N86005,1,undetected,N86005,N86005,N86005,sa1,1
32346,N3228 /1 undetected,output,,N3228,N3228,1,undetected,N3228,N3228,N3228,sa1,1
32347,N3228 /0 undetected,output,,N3228,N3228,0,undetected,N3228,N3228,N3228,sa0,1
32348,N93067 /1 undetected,output,,N93067,N93067,1,undetected,N93067,N93067,N93067,sa1,1
32349,N83909 /1 undetected,output,,N83909,N83909,1,undetected,N83909,N83909,N83909,sa1,1
32350,N3216 /0 undetected,output,,N3216,N3216,0,undetected,N3216,N3216,N3216,sa0,1
32351,N92041 /1 undetected,output,,N92041,N92041,1,undetected,N92041,N92041,N92041,sa1,1
32352,N2297 /0 undetected,output,,N2297,N2297,0,undetected,N2297,N2297,N2297,sa0,1
32353,N93066 /1 undetected,output,,N93066,N93066,1,undetected,N93066,N93066,N93066,sa1,1
32354,N92006 /1 undetected,output,,N92006,N92006,1,undetected,N92006,N92006,N92006,sa1,1
32355,N2289 /0 undetected,output,,N2289,N2289,0,undetected,N2289,N2289,N2289,sa0,1
32356,N92040 /1 undetected,output,,N92040,N92040,1,undetected,N92040,N92040,N92040,sa1,1
32357,N2250 /1 undetected,output,,N2250,N2250,1,undetected,N2250,N2250,N2250,sa1,1
32358,N2250 /0 undetected,output,,N2250,N2250,0,undetected,N2250,N2250,N2250,sa0,1
32359,N93065 /1 undetected,output,,N93065,N93065,1,undetected,N93065,N93065,N93065,sa1,1
32360,N92009 /1 undetected,output,,N92009,N92009,1,undetected,N92009,N92009,N92009,sa1,1
32361,N2232 /1 undetected,output,,N2232,N2232,1,undetected,N2232,N2232,N2232,sa1,1
32362,N2232 /0 undetected,output,,N2232,N2232,0,undetected,N2232,N2232,N2232,sa0,1
32363,N92921 /1 undetected,output,,N92921,N92921,1,undetected,N92921,N92921,N92921,sa1,1
32364,N92039 /1 undetected,output,,N92039,N92039,1,undetected,N92039,N92039,N92039,sa1,1
32365,N2227 /1 undetected,output,,N2227,N2227,1,undetected,N2227,N2227,N2227,sa1,1
32366,N2227 /0 undetected,output,,N2227,N2227,0,undetected,N2227,N2227,N2227,sa0,1
32367,N92080 /1 undetected,output,,N92080,N92080,1,undetected,N92080,N92080,N92080,sa1,1
32368,N92038 /1 undetected,output,,N92038,N92038,1,undetected,N92038,N92038,N92038,sa1,1
32369,N2210 /0 undetected,output,,N2210,N2210,0,undetected,N2210,N2210,N2210,sa0,1
32370,N92977 /1 undetected,output,,N92977,N92977,1,undetected,N92977,N92977,N92977,sa1,1
32371,N92961 /1 undetected,output,,N92961,N92961,1,undetected,N92961,N92961,N92961,sa1,1
32372,N2080 /1 undetected,output,,N2080,N2080,1,undetected,N2080,N2080,N2080,sa1,1
32373,N2080 /0 undetected,output,,N2080,N2080,0,undetected,N2080,N2080,N2080,sa0,1
32374,N92083 /1 undetected,output,,N92083,N92083,1,undetected,N92083,N92083,N92083,sa1,1
32375,N92037 /1 undetected,output,,N92037,N92037,1,undetected,N92037,N92037,N92037,sa1,1
32376,N17530 /1 undetected,output,,N17530,N17530,1,undetected,N17530,N17530,N17530,sa1,1
32377,N92661 /1 undetected,output,,N92661,N92661,1,undetected,N92661,N92661,N92661,sa1,1
32378,N17529 /1 undetected,output,,N17529,N17529,1,undetected,N17529,N17529,N17529,sa1,1
32379,N81280 /1 undetected,output,,N81280,N81280,1,undetected,N81280,N81280,N81280,sa1,1
32380,N82581 /1 undetected,output,,N82581,N82581,1,undetected,N82581,N82581,N82581,sa1,1
32381,N81279 /1 undetected,output,,N81279,N81279,1,undetected,N81279,N81279,N81279,sa1,1
32382,N74937 /1 undetected,output,,N74937,N74937,1,undetected,N74937,N74937,N74937,sa1,1
32383,N11936 /1 undetected,output,,N11936,N11936,1,undetected,N11936,N11936,N11936,sa1,1
32384,N11936 /0 undetected,output,,N11936,N11936,0,undetected,N11936,N11936,N11936,sa0,1
32385,N99302 /1 undetected,output,,N99302,N99302,1,undetected,N99302,N99302,N99302,sa1,1
32386,N85447 /1 undetected,output,,N85447,N85447,1,undetected,N85447,N85447,N85447,sa1,1
32387,N88715 /1 undetected,output,,N88715,N88715,1,undetected,N88715,N88715,N88715,sa1,1
32388,N88704 /1 undetected,output,,N88704,N88704,1,undetected,N88704,N88704,N88704,sa1,1
32389,N88702 /1 undetected,output,,N88702,N88702,1,undetected,N88702,N88702,N88702,sa1,1
32390,N88699 /1 undetected,output,,N88699,N88699,1,undetected,N88699,N88699,N88699,sa1,1
32391,N88685 /1 undetected,output,,N88685,N88685,1,undetected,N88685,N88685,N88685,sa1,1
32392,N88681 /1 undetected,output,,N88681,N88681,1,undetected,N88681,N88681,N88681,sa1,1
32393,N88679 /1 undetected,output,,N88679,N88679,1,undetected,N88679,N88679,N88679,sa1,1
32394,N88672 /1 undetected,output,,N88672,N88672,1,undetected,N88672,N88672,N88672,sa1,1
32395,N88670 /1 undetected,output,,N88670,N88670,1,undetected,N88670,N88670,N88670,sa1,1
32396,N88665 /1 undetected,output,,N88665,N88665,1,undetected,N88665,N88665,N88665,sa1,1
32397,N88663 /1 undetected,output,,N88663,N88663,1,undetected,N88663,N88663,N88663,sa1,1
32398,N96683 /1 undetected,output,,N96683,N96683,1,undetected,N96683,N96683,N96683,sa1,1
32399,N70035 /1 undetected,output,,N70035,N70035,1,undetected,N70035,N70035,N70035,sa1,1
32400,N90933 /1 undetected,output,,N90933,N90933,1,undetected,N90933,N90933,N90933,sa1,1
32401,N77774 /1 undetected,output,,N77774,N77774,1,undetected,N77774,N77774,N77774,sa1,1
32402,N70019 /1 undetected,output,,N70019,N70019,1,undetected,N70019,N70019,N70019,sa1,1
32403,N126635 /1 undetected,output,,N126635,N126635,1,undetected,N126635,N126635,N126635,sa1,1
32404,N126631 /1 undetected,output,,N126631,N126631,1,undetected,N126631,N126631,N126631,sa1,1
32405,N70015 /1 undetected,output,,N70015,N70015,1,undetected,N70015,N70015,N70015,sa1,1
32406,N90923 /1 undetected,output,,N90923,N90923,1,undetected,N90923,N90923,N90923,sa1,1
32407,N77806 /1 undetected,output,,N77806,N77806,1,undetected,N77806,N77806,N77806,sa1,1
32408,N126621 /1 undetected,output,,N126621,N126621,1,undetected,N126621,N126621,N126621,sa1,1
32409,N126625 /1 undetected,output,,N126625,N126625,1,undetected,N126625,N126625,N126625,sa1,1
32410,N70022 /1 undetected,output,,N70022,N70022,1,undetected,N70022,N70022,N70022,sa1,1
32411,N126623 /1 undetected,output,,N126623,N126623,1,undetected,N126623,N126623,N126623,sa1,1
32412,N126619 /1 undetected,output,,N126619,N126619,1,undetected,N126619,N126619,N126619,sa1,1
32413,N126637 /1 undetected,output,,N126637,N126637,1,undetected,N126637,N126637,N126637,sa1,1
32414,N126639 /1 undetected,output,,N126639,N126639,1,undetected,N126639,N126639,N126639,sa1,1
32415,N87027 /1 undetected,output,,N87027,N87027,1,undetected,N87027,N87027,N87027,sa1,1
32416,N69733 /1 undetected,output,,N69733,N69733,1,undetected,N69733,N69733,N69733,sa1,1
32417,N83345 /1 undetected,output,,N83345,N83345,1,undetected,N83345,N83345,N83345,sa1,1
32418,N77416 /1 undetected,output,,N77416,N77416,1,undetected,N77416,N77416,N77416,sa1,1
32419,N83305 /1 undetected,output,,N83305,N83305,1,undetected,N83305,N83305,N83305,sa1,1
32420,N69273 /1 undetected,output,,N69273,N69273,1,undetected,N69273,N69273,N69273,sa1,1
32421,N1862 /1 undetected,output,,N1862,N1862,1,undetected,N1862,N1862,N1862,sa1,1
32422,N2358 /0 undetected,output,,N2358,N2358,0,undetected,N2358,N2358,N2358,sa0,1
32423,N2357 /1 undetected,output,,N2357,N2357,1,undetected,N2357,N2357,N2357,sa1,1
32424,N93169 /1 undetected,output,,N93169,N93169,1,undetected,N93169,N93169,N93169,sa1,1
32425,N93164 /1 undetected,output,,N93164,N93164,1,undetected,N93164,N93164,N93164,sa1,1
32426,N91967 /1 undetected,output,,N91967,N91967,1,undetected,N91967,N91967,N91967,sa1,1
32427,N2348 /1 undetected,output,,N2348,N2348,1,undetected,N2348,N2348,N2348,sa1,1
32428,N93162 /1 undetected,output,,N93162,N93162,1,undetected,N93162,N93162,N93162,sa1,1
32429,N91951 /1 undetected,output,,N91951,N91951,1,undetected,N91951,N91951,N91951,sa1,1
32430,N2339 /1 undetected,output,,N2339,N2339,1,undetected,N2339,N2339,N2339,sa1,1
32431,N81426 /1 undetected,output,,N81426,N81426,1,undetected,N81426,N81426,N81426,sa1,1
32432,N15637 /0 undetected,output,,N15637,N15637,0,undetected,N15637,N15637,N15637,sa0,1
32433,N83905 /1 undetected,output,,N83905,N83905,1,undetected,N83905,N83905,N83905,sa1,1
32434,N15635 /1 undetected,output,,N15635,N15635,1,undetected,N15635,N15635,N15635,sa1,1
32435,N96261 /1 undetected,output,,N96261,N96261,1,undetected,N96261,N96261,N96261,sa1,1
32436,N20035 /0 undetected,output,,N20035,N20035,0,undetected,N20035,N20035,N20035,sa0,1
32437,N92205 /1 undetected,output,,N92205,N92205,1,undetected,N92205,N92205,N92205,sa1,1
32438,N3241 /1 undetected,output,,N3241,N3241,1,undetected,N3241,N3241,N3241,sa1,1
32439,N3241 /0 undetected,output,,N3241,N3241,0,undetected,N3241,N3241,N3241,sa0,1
32440,N74231 /1 undetected,output,,N74231,N74231,1,undetected,N74231,N74231,N74231,sa1,1
32441,N2057 /1 undetected,output,,N2057,N2057,1,undetected,N2057,N2057,N2057,sa1,1
32442,N3237 /1 undetected,output,,N3237,N3237,1,undetected,N3237,N3237,N3237,sa1,1
32443,N3237 /0 undetected,output,,N3237,N3237,0,undetected,N3237,N3237,N3237,sa0,1
32444,N74319 /1 undetected,output,,N74319,N74319,1,undetected,N74319,N74319,N74319,sa1,1
32445,N2247 /1 undetected,output,,N2247,N2247,1,undetected,N2247,N2247,N2247,sa1,1
32446,N2265 /1 undetected,output,,N2265,N2265,1,undetected,N2265,N2265,N2265,sa1,1
32447,N2265 /0 undetected,output,,N2265,N2265,0,undetected,N2265,N2265,N2265,sa0,1
32448,N74385 /1 undetected,output,,N74385,N74385,1,undetected,N74385,N74385,N74385,sa1,1
32449,N2263 /1 undetected,output,,N2263,N2263,1,undetected,N2263,N2263,N2263,sa1,1
32450,N109371 /1 undetected,output,,N109371,N109371,1,undetected,N109371,N109371,N109371,sa1,1
32451,N11884 /1 undetected,output,,N11884,N11884,1,undetected,N11884,N11884,N11884,sa1,1
32452,N11884 /0 undetected,output,,N11884,N11884,0,undetected,N11884,N11884,N11884,sa0,1
32453,N99308 /1 undetected,output,,N99308,N99308,1,undetected,N99308,N99308,N99308,sa1,1
32454,N91617 /1 undetected,output,,N91617,N91617,1,undetected,N91617,N91617,N91617,sa1,1
32455,N95273 /1 undetected,output,,N95273,N95273,1,undetected,N95273,N95273,N95273,sa1,1
32456,N69648 /1 undetected,output,,N69648,N69648,1,undetected,N69648,N69648,N69648,sa1,1
32457,N89779 /1 undetected,output,,N89779,N89779,1,undetected,N89779,N89779,N89779,sa1,1
32458,N20010 /1 undetected,output,,N20010,N20010,1,undetected,N20010,N20010,N20010,sa1,1
32459,N104194 /1 undetected,output,,N104194,N104194,1,undetected,N104194,N104194,N104194,sa1,1
32460,N14251 /1 undetected,output,,N14251,N14251,1,undetected,N14251,N14251,N14251,sa1,1
32461,N14251 /0 undetected,output,,N14251,N14251,0,undetected,N14251,N14251,N14251,sa0,1
32462,N101572 /1 undetected,output,,N101572,N101572,1,undetected,N101572,N101572,N101572,sa1,1
32463,N96349 /1 undetected,output,,N96349,N96349,1,undetected,N96349,N96349,N96349,sa1,1
32464,N11978 /1 undetected,output,,N11978,N11978,1,undetected,N11978,N11978,N11978,sa1,1
32465,N11978 /0 undetected,output,,N11978,N11978,0,undetected,N11978,N11978,N11978,sa0,1
32466,N75032 /1 undetected,output,,N75032,N75032,1,undetected,N75032,N75032,N75032,sa1,1
32467,N11977 /1 undetected,output,,N11977,N11977,1,undetected,N11977,N11977,N11977,sa1,1
32468,N99887 /1 undetected,output,,N99887,N99887,1,undetected,N99887,N99887,N99887,sa1,1
32469,N99300 /1 undetected,output,,N99300,N99300,1,undetected,N99300,N99300,N99300,sa1,1
32470,N11917 /1 undetected,output,,N11917,N11917,1,undetected,N11917,N11917,N11917,sa1,1
32471,N11917 /0 undetected,output,,N11917,N11917,0,undetected,N11917,N11917,N11917,sa0,1
32472,N75509 /1 undetected,output,,N75509,N75509,1,undetected,N75509,N75509,N75509,sa1,1
32473,N11916 /1 undetected,output,,N11916,N11916,1,undetected,N11916,N11916,N11916,sa1,1
32474,N99299 /1 undetected,output,,N99299,N99299,1,undetected,N99299,N99299,N99299,sa1,1
32475,N94147 /1 undetected,output,,N94147,N94147,1,undetected,N94147,N94147,N94147,sa1,1
32476,N70072 /1 undetected,output,,N70072,N70072,1,undetected,N70072,N70072,N70072,sa1,1
32477,N77478 /1 undetected,output,,N77478,N77478,1,undetected,N77478,N77478,N77478,sa1,1
32478,N1855 /1 undetected,output,,N1855,N1855,1,undetected,N1855,N1855,N1855,sa1,1
32479,N70063 /1 undetected,output,,N70063,N70063,1,undetected,N70063,N70063,N70063,sa1,1
32480,N86992 /1 undetected,output,,N86992,N86992,1,undetected,N86992,N86992,N86992,sa1,1
32481,N1845 /1 undetected,output,,N1845,N1845,1,undetected,N1845,N1845,N1845,sa1,1
32482,N83248 /1 undetected,output,,N83248,N83248,1,undetected,N83248,N83248,N83248,sa1,1
32483,N70076 /1 undetected,output,,N70076,N70076,1,undetected,N70076,N70076,N70076,sa1,1
32484,N86895 /1 undetected,output,,N86895,N86895,1,undetected,N86895,N86895,N86895,sa1,1
32485,N70090 /1 undetected,output,,N70090,N70090,1,undetected,N70090,N70090,N70090,sa1,1
32486,N70088 /1 undetected,output,,N70088,N70088,1,undetected,N70088,N70088,N70088,sa1,1
32487,N87029 /1 undetected,output,,N87029,N87029,1,undetected,N87029,N87029,N87029,sa1,1
32488,N1843 /1 undetected,output,,N1843,N1843,1,undetected,N1843,N1843,N1843,sa1,1
32489,N83237 /1 undetected,output,,N83237,N83237,1,undetected,N83237,N83237,N83237,sa1,1
32490,N77650 /1 undetected,output,,N77650,N77650,1,undetected,N77650,N77650,N77650,sa1,1
32491,N83234 /1 undetected,output,,N83234,N83234,1,undetected,N83234,N83234,N83234,sa1,1
32492,N86766 /1 undetected,output,,N86766,N86766,1,undetected,N86766,N86766,N86766,sa1,1
32493,N1847 /1 undetected,output,,N1847,N1847,1,undetected,N1847,N1847,N1847,sa1,1
32494,N70053 /1 undetected,output,,N70053,N70053,1,undetected,N70053,N70053,N70053,sa1,1
32495,N86860 /1 undetected,output,,N86860,N86860,1,undetected,N86860,N86860,N86860,sa1,1
32496,N1777 /1 undetected,output,,N1777,N1777,1,undetected,N1777,N1777,N1777,sa1,1
32497,N126344 /1 undetected,output,,N126344,N126344,1,undetected,N126344,N126344,N126344,sa1,1
32498,N70067 /1 undetected,output,,N70067,N70067,1,undetected,N70067,N70067,N70067,sa1,1
32499,N83001 /1 undetected,output,,N83001,N83001,1,undetected,N83001,N83001,N83001,sa1,1
32500,N77807 /1 undetected,output,,N77807,N77807,1,undetected,N77807,N77807,N77807,sa1,1
32501,N77270 /1 undetected,output,,N77270,N77270,1,undetected,N77270,N77270,N77270,sa1,1
32502,N83231 /1 undetected,output,,N83231,N83231,1,undetected,N83231,N83231,N83231,sa1,1
32503,N91442 /1 undetected,output,,N91442,N91442,1,undetected,N91442,N91442,N91442,sa1,1
32504,N69363 /0 undetected,output,,N69363,N69363,0,undetected,N69363,N69363,N69363,sa0,1
32505,N1782 /1 undetected,output,,N1782,N1782,1,undetected,N1782,N1782,N1782,sa1,1
32506,N69357 /0 undetected,output,,N69357,N69357,0,undetected,N69357,N69357,N69357,sa0,1
32507,N83004 /1 undetected,output,,N83004,N83004,1,undetected,N83004,N83004,N83004,sa1,1
32508,N68947 /0 undetected,output,,N68947,N68947,0,undetected,N68947,N68947,N68947,sa0,1
32509,N68944 /1 undetected,output,,N68944,N68944,1,undetected,N68944,N68944,N68944,sa1,1
32510,N68862 /1 undetected,output,,N68862,N68862,1,undetected,N68862,N68862,N68862,sa1,1
32511,N83334 /1 undetected,output,,N83334,N83334,1,undetected,N83334,N83334,N83334,sa1,1
32512,N123689 /1 undetected,output,,N123689,N123689,1,undetected,N123689,N123689,N123689,sa1,1
32513,N122072 /1 undetected,output,,N122072,N122072,1,undetected,N122072,N122072,N122072,sa1,1
32514,N79019 /1 undetected,output,,N79019,N79019,1,undetected,N79019,N79019,N79019,sa1,1
32515,N85071 /1 undetected,output,,N85071,N85071,1,undetected,N85071,N85071,N85071,sa1,1
32516,N74643 /1 undetected,output,,N74643,N74643,1,undetected,N74643,N74643,N74643,sa1,1
32517,N124129 /1 undetected,output,,N124129,N124129,1,undetected,N124129,N124129,N124129,sa1,1
32518,N20018 /1 undetected,output,,N20018,N20018,1,undetected,N20018,N20018,N20018,sa1,1
32519,N20017 /1 undetected,output,,N20017,N20017,1,undetected,N20017,N20017,N20017,sa1,1
32520,N104114 /1 undetected,output,,N104114,N104114,1,undetected,N104114,N104114,N104114,sa1,1
32521,N20012 /1 undetected,output,,N20012,N20012,1,undetected,N20012,N20012,N20012,sa1,1
32522,N104192 /1 undetected,output,,N104192,N104192,1,undetected,N104192,N104192,N104192,sa1,1
32523,N20016 /1 undetected,output,,N20016,N20016,1,undetected,N20016,N20016,N20016,sa1,1
32524,N104263 /1 undetected,output,,N104263,N104263,1,undetected,N104263,N104263,N104263,sa1,1
32525,N102724 /1 undetected,output,,N102724,N102724,1,undetected,N102724,N102724,N102724,sa1,1
32526,N2272 /1 undetected,output,,N2272,N2272,1,undetected,N2272,N2272,N2272,sa1,1
32527,N2272 /0 undetected,output,,N2272,N2272,0,undetected,N2272,N2272,N2272,sa0,1
32528,N93104 /1 undetected,output,,N93104,N93104,1,undetected,N93104,N93104,N93104,sa1,1
32529,N91368 /1 undetected,output,,N91368,N91368,1,undetected,N91368,N91368,N91368,sa1,1
32530,N19974 /1 undetected,output,,N19974,N19974,1,undetected,N19974,N19974,N19974,sa1,1
32531,N19974 /0 undetected,output,,N19974,N19974,0,undetected,N19974,N19974,N19974,sa0,1
32532,N104193 /1 undetected,output,,N104193,N104193,1,undetected,N104193,N104193,N104193,sa1,1
32533,N92203 /1 undetected,output,,N92203,N92203,1,undetected,N92203,N92203,N92203,sa1,1
32534,N16139 /0 undetected,output,,N16139,N16139,0,undetected,N16139,N16139,N16139,sa0,1
32535,N93094 /1 undetected,output,,N93094,N93094,1,undetected,N93094,N93094,N93094,sa1,1
32536,N101684 /1 undetected,output,,N101684,N101684,1,undetected,N101684,N101684,N101684,sa1,1
32537,N92748 /1 undetected,output,,N92748,N92748,1,undetected,N92748,N92748,N92748,sa1,1
32538,N94826 /1 undetected,output,,N94826,N94826,1,undetected,N94826,N94826,N94826,sa1,1
32539,N16113 /0 undetected,output,,N16113,N16113,0,undetected,N16113,N16113,N16113,sa0,1
32540,N92958 /1 undetected,output,,N92958,N92958,1,undetected,N92958,N92958,N92958,sa1,1
32541,N12532 /1 undetected,output,,N12532,N12532,1,undetected,N12532,N12532,N12532,sa1,1
32542,N12532 /0 undetected,output,,N12532,N12532,0,undetected,N12532,N12532,N12532,sa0,1
32543,N100584 /1 undetected,output,,N100584,N100584,1,undetected,N100584,N100584,N100584,sa1,1
32544,N93050 /1 undetected,output,,N93050,N93050,1,undetected,N93050,N93050,N93050,sa1,1
32545,N12406 /0 undetected,output,,N12406,N12406,0,undetected,N12406,N12406,N12406,sa0,1
32546,N100423 /1 undetected,output,,N100423,N100423,1,undetected,N100423,N100423,N100423,sa1,1
32547,N87160 /1 undetected,output,,N87160,N87160,1,undetected,N87160,N87160,N87160,sa1,1
32548,N3283 /0 undetected,output,,N3283,N3283,0,undetected,N3283,N3283,N3283,sa0,1
32549,N96267 /1 undetected,output,,N96267,N96267,1,undetected,N96267,N96267,N96267,sa1,1
32550,N2248 /1 undetected,output,,N2248,N2248,1,undetected,N2248,N2248,N2248,sa1,1
32551,N2248 /0 undetected,output,,N2248,N2248,0,undetected,N2248,N2248,N2248,sa0,1
32552,N93062 /1 undetected,output,,N93062,N93062,1,undetected,N93062,N93062,N93062,sa1,1
32553,N83925 /1 undetected,output,,N83925,N83925,1,undetected,N83925,N83925,N83925,sa1,1
32554,N2241 /1 undetected,output,,N2241,N2241,1,undetected,N2241,N2241,N2241,sa1,1
32555,N2241 /0 undetected,output,,N2241,N2241,0,undetected,N2241,N2241,N2241,sa0,1
32556,N93049 /1 undetected,output,,N93049,N93049,1,undetected,N93049,N93049,N93049,sa1,1
32557,N91328 /1 undetected,output,,N91328,N91328,1,undetected,N91328,N91328,N91328,sa1,1
32558,N2204 /1 undetected,output,,N2204,N2204,1,undetected,N2204,N2204,N2204,sa1,1
32559,N2204 /0 undetected,output,,N2204,N2204,0,undetected,N2204,N2204,N2204,sa0,1
32560,N92956 /1 undetected,output,,N92956,N92956,1,undetected,N92956,N92956,N92956,sa1,1
32561,N91999 /1 undetected,output,,N91999,N91999,1,undetected,N91999,N91999,N91999,sa1,1
32562,N2068 /1 undetected,output,,N2068,N2068,1,undetected,N2068,N2068,N2068,sa1,1
32563,N2068 /0 undetected,output,,N2068,N2068,0,undetected,N2068,N2068,N2068,sa0,1
32564,N92031 /1 undetected,output,,N92031,N92031,1,undetected,N92031,N92031,N92031,sa1,1
32565,N91998 /1 undetected,output,,N91998,N91998,1,undetected,N91998,N91998,N91998,sa1,1
32566,N17635 /1 undetected,output,,N17635,N17635,1,undetected,N17635,N17635,N17635,sa1,1
32567,N100218 /1 undetected,output,,N100218,N100218,1,undetected,N100218,N100218,N100218,sa1,1
32568,N87234 /1 undetected,output,,N87234,N87234,1,undetected,N87234,N87234,N87234,sa1,1
32569,N77957 /1 undetected,output,,N77957,N77957,1,undetected,N77957,N77957,N77957,sa1,1
32570,N87997 /1 undetected,output,,N87997,N87997,1,undetected,N87997,N87997,N87997,sa1,1
32571,N88712 /1 undetected,output,,N88712,N88712,1,undetected,N88712,N88712,N88712,sa1,1
32572,N88710 /1 undetected,output,,N88710,N88710,1,undetected,N88710,N88710,N88710,sa1,1
32573,N88708 /1 undetected,output,,N88708,N88708,1,undetected,N88708,N88708,N88708,sa1,1
32574,N88706 /1 undetected,output,,N88706,N88706,1,undetected,N88706,N88706,N88706,sa1,1
32575,N88697 /1 undetected,output,,N88697,N88697,1,undetected,N88697,N88697,N88697,sa1,1
32576,N88696 /1 undetected,output,,N88696,N88696,1,undetected,N88696,N88696,N88696,sa1,1
32577,N88693 /1 undetected,output,,N88693,N88693,1,undetected,N88693,N88693,N88693,sa1,1
32578,N88691 /1 undetected,output,,N88691,N88691,1,undetected,N88691,N88691,N88691,sa1,1
32579,N88689 /1 undetected,output,,N88689,N88689,1,undetected,N88689,N88689,N88689,sa1,1
32580,N88687 /1 undetected,output,,N88687,N88687,1,undetected,N88687,N88687,N88687,sa1,1
32581,N88683 /1 undetected,output,,N88683,N88683,1,undetected,N88683,N88683,N88683,sa1,1
32582,N88677 /1 undetected,output,,N88677,N88677,1,undetected,N88677,N88677,N88677,sa1,1
32583,N88674 /1 undetected,output,,N88674,N88674,1,undetected,N88674,N88674,N88674,sa1,1
32584,N124556 /1 undetected,output,,N124556,N124556,1,undetected,N124556,N124556,N124556,sa1,1
32585,N89789 /1 undetected,output,,N89789,N89789,1,undetected,N89789,N89789,N89789,sa1,1
32586,N79154 /1 undetected,output,,N79154,N79154,1,undetected,N79154,N79154,N79154,sa1,1
32587,N70006 /0 undetected,output,,N70006,N70006,0,undetected,N70006,N70006,N70006,sa0,1
32588,N70001 /1 undetected,output,,N70001,N70001,1,undetected,N70001,N70001,N70001,sa1,1
32589,N126640 /1 undetected,output,,N126640,N126640,1,undetected,N126640,N126640,N126640,sa1,1
32590,N126638 /1 undetected,output,,N126638,N126638,1,undetected,N126638,N126638,N126638,sa1,1
32591,N126636 /1 undetected,output,,N126636,N126636,1,undetected,N126636,N126636,N126636,sa1,1
32592,N87139 /1 undetected,output,,N87139,N87139,1,undetected,N87139,N87139,N87139,sa1,1
32593,N83254 /1 undetected,output,,N83254,N83254,1,undetected,N83254,N83254,N83254,sa1,1
32594,N69991 /1 undetected,output,,N69991,N69991,1,undetected,N69991,N69991,N69991,sa1,1
32595,N69990 /1 undetected,output,,N69990,N69990,1,undetected,N69990,N69990,N69990,sa1,1
32596,N126634 /1 undetected,output,,N126634,N126634,1,undetected,N126634,N126634,N126634,sa1,1
32597,N126632 /1 undetected,output,,N126632,N126632,1,undetected,N126632,N126632,N126632,sa1,1
32598,N69985 /1 undetected,output,,N69985,N69985,1,undetected,N69985,N69985,N69985,sa1,1
32599,N126630 /1 undetected,output,,N126630,N126630,1,undetected,N126630,N126630,N126630,sa1,1
32600,N126628 /1 undetected,output,,N126628,N126628,1,undetected,N126628,N126628,N126628,sa1,1
32601,N69979 /1 undetected,output,,N69979,N69979,1,undetected,N69979,N69979,N69979,sa1,1
32602,N69978 /1 undetected,output,,N69978,N69978,1,undetected,N69978,N69978,N69978,sa1,1
32603,N126626 /1 undetected,output,,N126626,N126626,1,undetected,N126626,N126626,N126626,sa1,1
32604,N69977 /1 undetected,output,,N69977,N69977,1,undetected,N69977,N69977,N69977,sa1,1
32605,N90922 /1 undetected,output,,N90922,N90922,1,undetected,N90922,N90922,N90922,sa1,1
32606,N77805 /1 undetected,output,,N77805,N77805,1,undetected,N77805,N77805,N77805,sa1,1
32607,N69973 /1 undetected,output,,N69973,N69973,1,undetected,N69973,N69973,N69973,sa1,1
32608,N126624 /1 undetected,output,,N126624,N126624,1,undetected,N126624,N126624,N126624,sa1,1
32609,N126622 /1 undetected,output,,N126622,N126622,1,undetected,N126622,N126622,N126622,sa1,1
32610,N126618 /1 undetected,output,,N126618,N126618,1,undetected,N126618,N126618,N126618,sa1,1
32611,N81221 /1 undetected,output,,N81221,N81221,1,undetected,N81221,N81221,N81221,sa1,1
32612,N12891 /1 undetected,output,,N12891,N12891,1,undetected,N12891,N12891,N12891,sa1,1
32613,N12891 /0 undetected,output,,N12891,N12891,0,undetected,N12891,N12891,N12891,sa0,1
32614,N100782 /1 undetected,output,,N100782,N100782,1,undetected,N100782,N100782,N100782,sa1,1
32615,N100718 /1 undetected,output,,N100718,N100718,1,undetected,N100718,N100718,N100718,sa1,1
32616,N87877 /1 undetected,output,,N87877,N87877,1,undetected,N87877,N87877,N87877,sa1,1
32617,N79203 /1 undetected,output,,N79203,N79203,1,undetected,N79203,N79203,N79203,sa1,1
32618,N20033 /0 undetected,output,,N20033,N20033,0,undetected,N20033,N20033,N20033,sa0,1
32619,N104281 /1 undetected,output,,N104281,N104281,1,undetected,N104281,N104281,N104281,sa1,1
32620,N20032 /1 undetected,output,,N20032,N20032,1,undetected,N20032,N20032,N20032,sa1,1
32621,N104264 /1 undetected,output,,N104264,N104264,1,undetected,N104264,N104264,N104264,sa1,1
32622,N100388 /1 undetected,output,,N100388,N100388,1,undetected,N100388,N100388,N100388,sa1,1
32623,N18001 /1 undetected,output,,N18001,N18001,1,undetected,N18001,N18001,N18001,sa1,1
32624,N18001 /0 undetected,output,,N18001,N18001,0,undetected,N18001,N18001,N18001,sa0,1
32625,N98524 /1 undetected,output,,N98524,N98524,1,undetected,N98524,N98524,N98524,sa1,1
32626,N74777 /1 undetected,output,,N74777,N74777,1,undetected,N74777,N74777,N74777,sa1,1
32627,N17621 /1 undetected,output,,N17621,N17621,1,undetected,N17621,N17621,N17621,sa1,1
32628,N17617 /1 undetected,output,,N17617,N17617,1,undetected,N17617,N17617,N17617,sa1,1
32629,N87258 /1 undetected,output,,N87258,N87258,1,undetected,N87258,N87258,N87258,sa1,1
32630,N17615 /1 undetected,output,,N17615,N17615,1,undetected,N17615,N17615,N17615,sa1,1
32631,N103426 /1 undetected,output,,N103426,N103426,1,undetected,N103426,N103426,N103426,sa1,1
32632,N99529 /1 undetected,output,,N99529,N99529,1,undetected,N99529,N99529,N99529,sa1,1
32633,N121983 /1 undetected,output,,N121983,N121983,1,undetected,N121983,N121983,N121983,sa1,1
32634,N82544 /1 undetected,output,,N82544,N82544,1,undetected,N82544,N82544,N82544,sa1,1
32635,N89142 /1 undetected,output,,N89142,N89142,1,undetected,N89142,N89142,N89142,sa1,1
32636,N80928 /1 undetected,output,,N80928,N80928,1,undetected,N80928,N80928,N80928,sa1,1
32637,N80721 /1 undetected,output,,N80721,N80721,1,undetected,N80721,N80721,N80721,sa1,1
32638,N89346 /1 undetected,output,,N89346,N89346,1,undetected,N89346,N89346,N89346,sa1,1
32639,N99312 /1 undetected,output,,N99312,N99312,1,undetected,N99312,N99312,N99312,sa1,1
32640,N10297 /0 undetected,output,,N10297,N10297,0,undetected,N10297,N10297,N10297,sa0,1
32641,N77946 /1 undetected,output,,N77946,N77946,1,undetected,N77946,N77946,N77946,sa1,1
32642,N10296 /1 undetected,output,,N10296,N10296,1,undetected,N10296,N10296,N10296,sa1,1
32643,N10296 /0 undetected,output,,N10296,N10296,0,undetected,N10296,N10296,N10296,sa0,1
32644,N121268 /1 undetected,output,,N121268,N121268,1,undetected,N121268,N121268,N121268,sa1,1
32645,N90642 /1 undetected,output,,N90642,N90642,1,undetected,N90642,N90642,N90642,sa1,1
32646,N89786 /1 undetected,output,,N89786,N89786,1,undetected,N89786,N89786,N89786,sa1,1
32647,N16764 /1 undetected,output,,N16764,N16764,1,undetected,N16764,N16764,N16764,sa1,1
32648,N16764 /0 undetected,output,,N16764,N16764,0,undetected,N16764,N16764,N16764,sa0,1
32649,N84309 /1 undetected,output,,N84309,N84309,1,undetected,N84309,N84309,N84309,sa1,1
32650,N16763 /1 undetected,output,,N16763,N16763,1,undetected,N16763,N16763,N16763,sa1,1
32651,N16212 /1 undetected,output,,N16212,N16212,1,undetected,N16212,N16212,N16212,sa1,1
32652,N16212 /0 undetected,output,,N16212,N16212,0,undetected,N16212,N16212,N16212,sa0,1
32653,N16210 /1 undetected,output,,N16210,N16210,1,undetected,N16210,N16210,N16210,sa1,1
32654,N102931 /1 undetected,output,,N102931,N102931,1,undetected,N102931,N102931,N102931,sa1,1
32655,N102929 /1 undetected,output,,N102929,N102929,1,undetected,N102929,N102929,N102929,sa1,1
32656,N16204 /1 undetected,output,,N16204,N16204,1,undetected,N16204,N16204,N16204,sa1,1
32657,N102926 /1 undetected,output,,N102926,N102926,1,undetected,N102926,N102926,N102926,sa1,1
32658,N102922 /1 undetected,output,,N102922,N102922,1,undetected,N102922,N102922,N102922,sa1,1
32659,N16226 /1 undetected,output,,N16226,N16226,1,undetected,N16226,N16226,N16226,sa1,1
32660,N16226 /0 undetected,output,,N16226,N16226,0,undetected,N16226,N16226,N16226,sa0,1
32661,N102935 /1 undetected,output,,N102935,N102935,1,undetected,N102935,N102935,N102935,sa1,1
32662,N102665 /1 undetected,output,,N102665,N102665,1,undetected,N102665,N102665,N102665,sa1,1
32663,N17495 /1 undetected,output,,N17495,N17495,1,undetected,N17495,N17495,N17495,sa1,1
32664,N17495 /0 undetected,output,,N17495,N17495,0,undetected,N17495,N17495,N17495,sa0,1
32665,N103501 /1 undetected,output,,N103501,N103501,1,undetected,N103501,N103501,N103501,sa1,1
32666,N92595 /1 undetected,output,,N92595,N92595,1,undetected,N92595,N92595,N92595,sa1,1
32667,N12023 /1 undetected,output,,N12023,N12023,1,undetected,N12023,N12023,N12023,sa1,1
32668,N100260 /1 undetected,output,,N100260,N100260,1,undetected,N100260,N100260,N100260,sa1,1
32669,N12021 /1 undetected,output,,N12021,N12021,1,undetected,N12021,N12021,N12021,sa1,1
32670,N91618 /1 undetected,output,,N91618,N91618,1,undetected,N91618,N91618,N91618,sa1,1
32671,N87809 /1 undetected,output,,N87809,N87809,1,undetected,N87809,N87809,N87809,sa1,1
32672,N84866 /1 undetected,output,,N84866,N84866,1,undetected,N84866,N84866,N84866,sa1,1
32673,N84865 /1 undetected,output,,N84865,N84865,1,undetected,N84865,N84865,N84865,sa1,1
32674,N83317 /1 undetected,output,,N83317,N83317,1,undetected,N83317,N83317,N83317,sa1,1
32675,N69724 /1 undetected,output,,N69724,N69724,1,undetected,N69724,N69724,N69724,sa1,1
32676,N77420 /1 undetected,output,,N77420,N77420,1,undetected,N77420,N77420,N77420,sa1,1
32677,N86990 /1 undetected,output,,N86990,N86990,1,undetected,N86990,N86990,N86990,sa1,1
32678,N69719 /1 undetected,output,,N69719,N69719,1,undetected,N69719,N69719,N69719,sa1,1
32679,N1812 /1 undetected,output,,N1812,N1812,1,undetected,N1812,N1812,N1812,sa1,1
32680,N69716 /1 undetected,output,,N69716,N69716,1,undetected,N69716,N69716,N69716,sa1,1
32681,N69715 /1 undetected,output,,N69715,N69715,1,undetected,N69715,N69715,N69715,sa1,1
32682,N1813 /1 undetected,output,,N1813,N1813,1,undetected,N1813,N1813,N1813,sa1,1
32683,N69713 /1 undetected,output,,N69713,N69713,1,undetected,N69713,N69713,N69713,sa1,1
32684,N86929 /1 undetected,output,,N86929,N86929,1,undetected,N86929,N86929,N86929,sa1,1
32685,N77365 /1 undetected,output,,N77365,N77365,1,undetected,N77365,N77365,N77365,sa1,1
32686,N69708 /1 undetected,output,,N69708,N69708,1,undetected,N69708,N69708,N69708,sa1,1
32687,N83331 /1 undetected,output,,N83331,N83331,1,undetected,N83331,N83331,N83331,sa1,1
32688,N126299 /1 undetected,output,,N126299,N126299,1,undetected,N126299,N126299,N126299,sa1,1
32689,N1810 /1 undetected,output,,N1810,N1810,1,undetected,N1810,N1810,N1810,sa1,1
32690,N69635 /1 undetected,output,,N69635,N69635,1,undetected,N69635,N69635,N69635,sa1,1
32691,N77419 /1 undetected,output,,N77419,N77419,1,undetected,N77419,N77419,N77419,sa1,1
32692,N83042 /1 undetected,output,,N83042,N83042,1,undetected,N83042,N83042,N83042,sa1,1
32693,N69631 /1 undetected,output,,N69631,N69631,1,undetected,N69631,N69631,N69631,sa1,1
32694,N69630 /1 undetected,output,,N69630,N69630,1,undetected,N69630,N69630,N69630,sa1,1
32695,N77475 /1 undetected,output,,N77475,N77475,1,undetected,N77475,N77475,N77475,sa1,1
32696,N69628 /1 undetected,output,,N69628,N69628,1,undetected,N69628,N69628,N69628,sa1,1
32697,N83045 /1 undetected,output,,N83045,N83045,1,undetected,N83045,N83045,N83045,sa1,1
32698,N69624 /1 undetected,output,,N69624,N69624,1,undetected,N69624,N69624,N69624,sa1,1
32699,N77587 /1 undetected,output,,N77587,N77587,1,undetected,N77587,N77587,N77587,sa1,1
32700,N1791 /1 undetected,output,,N1791,N1791,1,undetected,N1791,N1791,N1791,sa1,1
32701,N69640 /1 undetected,output,,N69640,N69640,1,undetected,N69640,N69640,N69640,sa1,1
32702,N1788 /1 undetected,output,,N1788,N1788,1,undetected,N1788,N1788,N1788,sa1,1
32703,N86857 /1 undetected,output,,N86857,N86857,1,undetected,N86857,N86857,N86857,sa1,1
32704,N83062 /1 undetected,output,,N83062,N83062,1,undetected,N83062,N83062,N83062,sa1,1
32705,N126339 /1 undetected,output,,N126339,N126339,1,undetected,N126339,N126339,N126339,sa1,1
32706,N69356 /0 undetected,output,,N69356,N69356,0,undetected,N69356,N69356,N69356,sa0,1
32707,N69345 /1 undetected,output,,N69345,N69345,1,undetected,N69345,N69345,N69345,sa1,1
32708,N77363 /1 undetected,output,,N77363,N77363,1,undetected,N77363,N77363,N77363,sa1,1
32709,N69343 /1 undetected,output,,N69343,N69343,1,undetected,N69343,N69343,N69343,sa1,1
32710,N1776 /1 undetected,output,,N1776,N1776,1,undetected,N1776,N1776,N1776,sa1,1
32711,N69340 /1 undetected,output,,N69340,N69340,1,undetected,N69340,N69340,N69340,sa1,1
32712,N77586 /1 undetected,output,,N77586,N77586,1,undetected,N77586,N77586,N77586,sa1,1
32713,N1838 /1 undetected,output,,N1838,N1838,1,undetected,N1838,N1838,N1838,sa1,1
32714,N86988 /1 undetected,output,,N86988,N86988,1,undetected,N86988,N86988,N86988,sa1,1
32715,N83220 /1 undetected,output,,N83220,N83220,1,undetected,N83220,N83220,N83220,sa1,1
32716,N77474 /1 undetected,output,,N77474,N77474,1,undetected,N77474,N77474,N77474,sa1,1
32717,N1840 /1 undetected,output,,N1840,N1840,1,undetected,N1840,N1840,N1840,sa1,1
32718,N69349 /1 undetected,output,,N69349,N69349,1,undetected,N69349,N69349,N69349,sa1,1
32719,N86927 /1 undetected,output,,N86927,N86927,1,undetected,N86927,N86927,N86927,sa1,1
32720,N83228 /1 undetected,output,,N83228,N83228,1,undetected,N83228,N83228,N83228,sa1,1
32721,N126338 /1 undetected,output,,N126338,N126338,1,undetected,N126338,N126338,N126338,sa1,1
32722,N1836 /1 undetected,output,,N1836,N1836,1,undetected,N1836,N1836,N1836,sa1,1
32723,N126342 /1 undetected,output,,N126342,N126342,1,undetected,N126342,N126342,N126342,sa1,1
32724,N83212 /1 undetected,output,,N83212,N83212,1,undetected,N83212,N83212,N83212,sa1,1
32725,N69268 /1 undetected,output,,N69268,N69268,1,undetected,N69268,N69268,N69268,sa1,1
32726,N69267 /1 undetected,output,,N69267,N69267,1,undetected,N69267,N69267,N69267,sa1,1
32727,N77362 /1 undetected,output,,N77362,N77362,1,undetected,N77362,N77362,N77362,sa1,1
32728,N69265 /1 undetected,output,,N69265,N69265,1,undetected,N69265,N69265,N69265,sa1,1
32729,N83149 /1 undetected,output,,N83149,N83149,1,undetected,N83149,N83149,N83149,sa1,1
32730,N83142 /1 undetected,output,,N83142,N83142,1,undetected,N83142,N83142,N83142,sa1,1
32731,N69259 /1 undetected,output,,N69259,N69259,1,undetected,N69259,N69259,N69259,sa1,1
32732,N77585 /1 undetected,output,,N77585,N77585,1,undetected,N77585,N77585,N77585,sa1,1
32733,N77473 /1 undetected,output,,N77473,N77473,1,undetected,N77473,N77473,N77473,sa1,1
32734,N83324 /1 undetected,output,,N83324,N83324,1,undetected,N83324,N83324,N83324,sa1,1
32735,N126298 /1 undetected,output,,N126298,N126298,1,undetected,N126298,N126298,N126298,sa1,1
32736,N1815 /1 undetected,output,,N1815,N1815,1,undetected,N1815,N1815,N1815,sa1,1
32737,N68942 /0 undetected,output,,N68942,N68942,0,undetected,N68942,N68942,N68942,sa0,1
32738,N86854 /1 undetected,output,,N86854,N86854,1,undetected,N86854,N86854,N86854,sa1,1
32739,N83189 /1 undetected,output,,N83189,N83189,1,undetected,N83189,N83189,N83189,sa1,1
32740,N68937 /1 undetected,output,,N68937,N68937,1,undetected,N68937,N68937,N68937,sa1,1
32741,N68936 /1 undetected,output,,N68936,N68936,1,undetected,N68936,N68936,N68936,sa1,1
32742,N86986 /1 undetected,output,,N86986,N86986,1,undetected,N86986,N86986,N86986,sa1,1
32743,N83182 /1 undetected,output,,N83182,N83182,1,undetected,N83182,N83182,N83182,sa1,1
32744,N68934 /1 undetected,output,,N68934,N68934,1,undetected,N68934,N68934,N68934,sa1,1
32745,N77584 /1 undetected,output,,N77584,N77584,1,undetected,N77584,N77584,N77584,sa1,1
32746,N1828 /1 undetected,output,,N1828,N1828,1,undetected,N1828,N1828,N1828,sa1,1
32747,N126341 /1 undetected,output,,N126341,N126341,1,undetected,N126341,N126341,N126341,sa1,1
32748,N83258 /1 undetected,output,,N83258,N83258,1,undetected,N83258,N83258,N83258,sa1,1
32749,N126337 /1 undetected,output,,N126337,N126337,1,undetected,N126337,N126337,N126337,sa1,1
32750,N1849 /1 undetected,output,,N1849,N1849,1,undetected,N1849,N1849,N1849,sa1,1
32751,N1803 /1 undetected,output,,N1803,N1803,1,undetected,N1803,N1803,N1803,sa1,1
32752,N68855 /1 undetected,output,,N68855,N68855,1,undetected,N68855,N68855,N68855,sa1,1
32753,N68854 /1 undetected,output,,N68854,N68854,1,undetected,N68854,N68854,N68854,sa1,1
32754,N68853 /1 undetected,output,,N68853,N68853,1,undetected,N68853,N68853,N68853,sa1,1
32755,N68851 /1 undetected,output,,N68851,N68851,1,undetected,N68851,N68851,N68851,sa1,1
32756,N77360 /1 undetected,output,,N77360,N77360,1,undetected,N77360,N77360,N77360,sa1,1
32757,N68849 /1 undetected,output,,N68849,N68849,1,undetected,N68849,N68849,N68849,sa1,1
32758,N126297 /1 undetected,output,,N126297,N126297,1,undetected,N126297,N126297,N126297,sa1,1
32759,N91624 /1 undetected,output,,N91624,N91624,1,undetected,N91624,N91624,N91624,sa1,1
32760,N123967 /1 undetected,output,,N123967,N123967,1,undetected,N123967,N123967,N123967,sa1,1
32761,N87772 /1 undetected,output,,N87772,N87772,1,undetected,N87772,N87772,N87772,sa1,1
32762,N78986 /1 undetected,output,,N78986,N78986,1,undetected,N78986,N78986,N78986,sa1,1
32763,N18572 /1 undetected,output,,N18572,N18572,1,undetected,N18572,N18572,N18572,sa1,1
32764,N2270 /1 undetected,output,,N2270,N2270,1,undetected,N2270,N2270,N2270,sa1,1
32765,N2270 /0 undetected,output,,N2270,N2270,0,undetected,N2270,N2270,N2270,sa0,1
32766,N83942 /1 undetected,output,,N83942,N83942,1,undetected,N83942,N83942,N83942,sa1,1
32767,N2269 /1 undetected,output,,N2269,N2269,1,undetected,N2269,N2269,N2269,sa1,1
32768,N74322 /1 undetected,output,,N74322,N74322,1,undetected,N74322,N74322,N74322,sa1,1
32769,N2052 /1 undetected,output,,N2052,N2052,1,undetected,N2052,N2052,N2052,sa1,1
32770,N19973 /1 undetected,output,,N19973,N19973,1,undetected,N19973,N19973,N19973,sa1,1
32771,N19973 /0 undetected,output,,N19973,N19973,0,undetected,N19973,N19973,N19973,sa0,1
32772,N104191 /1 undetected,output,,N104191,N104191,1,undetected,N104191,N104191,N104191,sa1,1
32773,N19972 /1 undetected,output,,N19972,N19972,1,undetected,N19972,N19972,N19972,sa1,1
32774,N96352 /1 undetected,output,,N96352,N96352,1,undetected,N96352,N96352,N96352,sa1,1
32775,N92973 /1 undetected,output,,N92973,N92973,1,undetected,N92973,N92973,N92973,sa1,1
32776,N14248 /1 undetected,output,,N14248,N14248,1,undetected,N14248,N14248,N14248,sa1,1
32777,N14248 /0 undetected,output,,N14248,N14248,0,undetected,N14248,N14248,N14248,sa0,1
32778,N101562 /1 undetected,output,,N101562,N101562,1,undetected,N101562,N101562,N101562,sa1,1
32779,N14247 /1 undetected,output,,N14247,N14247,1,undetected,N14247,N14247,N14247,sa1,1
32780,N101569 /1 undetected,output,,N101569,N101569,1,undetected,N101569,N101569,N101569,sa1,1
32781,N14246 /1 undetected,output,,N14246,N14246,1,undetected,N14246,N14246,N14246,sa1,1
32782,N99802 /1 undetected,output,,N99802,N99802,1,undetected,N99802,N99802,N99802,sa1,1
32783,N14245 /1 undetected,output,,N14245,N14245,1,undetected,N14245,N14245,N14245,sa1,1
32784,N100365 /1 undetected,output,,N100365,N100365,1,undetected,N100365,N100365,N100365,sa1,1
32785,N14244 /1 undetected,output,,N14244,N14244,1,undetected,N14244,N14244,N14244,sa1,1
32786,N83937 /1 undetected,output,,N83937,N83937,1,undetected,N83937,N83937,N83937,sa1,1
32787,N74383 /1 undetected,output,,N74383,N74383,1,undetected,N74383,N74383,N74383,sa1,1
32788,N12389 /1 undetected,output,,N12389,N12389,1,undetected,N12389,N12389,N12389,sa1,1
32789,N12389 /0 undetected,output,,N12389,N12389,0,undetected,N12389,N12389,N12389,sa0,1
32790,N3311 /0 undetected,output,,N3311,N3311,0,undetected,N3311,N3311,N3311,sa0,1
32791,N91993 /1 undetected,output,,N91993,N91993,1,undetected,N91993,N91993,N91993,sa1,1
32792,N83814 /1 undetected,output,,N83814,N83814,1,undetected,N83814,N83814,N83814,sa1,1
32793,N3281 /1 undetected,output,,N3281,N3281,1,undetected,N3281,N3281,N3281,sa1,1
32794,N3281 /0 undetected,output,,N3281,N3281,0,undetected,N3281,N3281,N3281,sa0,1
32795,N91992 /1 undetected,output,,N91992,N91992,1,undetected,N91992,N91992,N91992,sa1,1
32796,N83812 /1 undetected,output,,N83812,N83812,1,undetected,N83812,N83812,N83812,sa1,1
32797,N2262 /1 undetected,output,,N2262,N2262,1,undetected,N2262,N2262,N2262,sa1,1
32798,N2262 /0 undetected,output,,N2262,N2262,0,undetected,N2262,N2262,N2262,sa0,1
32799,N91991 /1 undetected,output,,N91991,N91991,1,undetected,N91991,N91991,N91991,sa1,1
32800,N91367 /1 undetected,output,,N91367,N91367,1,undetected,N91367,N91367,N91367,sa1,1
32801,N2246 /1 undetected,output,,N2246,N2246,1,undetected,N2246,N2246,N2246,sa1,1
32802,N2246 /0 undetected,output,,N2246,N2246,0,undetected,N2246,N2246,N2246,sa0,1
32803,N93057 /1 undetected,output,,N93057,N93057,1,undetected,N93057,N93057,N93057,sa1,1
32804,N91990 /1 undetected,output,,N91990,N91990,1,undetected,N91990,N91990,N91990,sa1,1
32805,N2239 /1 undetected,output,,N2239,N2239,1,undetected,N2239,N2239,N2239,sa1,1
32806,N2239 /0 undetected,output,,N2239,N2239,0,undetected,N2239,N2239,N2239,sa0,1
32807,N91989 /1 undetected,output,,N91989,N91989,1,undetected,N91989,N91989,N91989,sa1,1
32808,N2238 /1 undetected,output,,N2238,N2238,1,undetected,N2238,N2238,N2238,sa1,1
32809,N92033 /1 undetected,output,,N92033,N92033,1,undetected,N92033,N92033,N92033,sa1,1
32810,N84094 /1 undetected,output,,N84094,N84094,1,undetected,N84094,N84094,N84094,sa1,1
32811,N2056 /1 undetected,output,,N2056,N2056,1,undetected,N2056,N2056,N2056,sa1,1
32812,N2056 /0 undetected,output,,N2056,N2056,0,undetected,N2056,N2056,N2056,sa0,1
32813,N91988 /1 undetected,output,,N91988,N91988,1,undetected,N91988,N91988,N91988,sa1,1
32814,N91327 /1 undetected,output,,N91327,N91327,1,undetected,N91327,N91327,N91327,sa1,1
32815,N77888 /1 undetected,output,,N77888,N77888,1,undetected,N77888,N77888,N77888,sa1,1
32816,N99350 /1 undetected,output,,N99350,N99350,1,undetected,N99350,N99350,N99350,sa1,1
32817,N99651 /1 undetected,output,,N99651,N99651,1,undetected,N99651,N99651,N99651,sa1,1
32818,N11091 /1 undetected,output,,N11091,N11091,1,undetected,N11091,N11091,N11091,sa1,1
32819,N77973 /1 undetected,output,,N77973,N77973,1,undetected,N77973,N77973,N77973,sa1,1
32820,N99530 /1 undetected,output,,N99530,N99530,1,undetected,N99530,N99530,N99530,sa1,1
32821,N10813 /1 undetected,output,,N10813,N10813,1,undetected,N10813,N10813,N10813,sa1,1
32822,N78086 /1 undetected,output,,N78086,N78086,1,undetected,N78086,N78086,N78086,sa1,1
32823,N99359 /1 undetected,output,,N99359,N99359,1,undetected,N99359,N99359,N99359,sa1,1
32824,N87257 /1 undetected,output,,N87257,N87257,1,undetected,N87257,N87257,N87257,sa1,1
32825,N78073 /1 undetected,output,,N78073,N78073,1,undetected,N78073,N78073,N78073,sa1,1
32826,N10675 /1 undetected,output,,N10675,N10675,1,undetected,N10675,N10675,N10675,sa1,1
32827,N99347 /1 undetected,output,,N99347,N99347,1,undetected,N99347,N99347,N99347,sa1,1
32828,N10662 /1 undetected,output,,N10662,N10662,1,undetected,N10662,N10662,N10662,sa1,1
32829,N99521 /1 undetected,output,,N99521,N99521,1,undetected,N99521,N99521,N99521,sa1,1
32830,N99514 /1 undetected,output,,N99514,N99514,1,undetected,N99514,N99514,N99514,sa1,1
32831,N99523 /1 undetected,output,,N99523,N99523,1,undetected,N99523,N99523,N99523,sa1,1
32832,N99516 /1 undetected,output,,N99516,N99516,1,undetected,N99516,N99516,N99516,sa1,1
32833,N87999 /1 undetected,output,,N87999,N87999,1,undetected,N87999,N87999,N87999,sa1,1
32834,N75678 /1 undetected,output,,N75678,N75678,1,undetected,N75678,N75678,N75678,sa1,1
32835,N11982 /1 undetected,output,,N11982,N11982,1,undetected,N11982,N11982,N11982,sa1,1
32836,N11982 /0 undetected,output,,N11982,N11982,0,undetected,N11982,N11982,N11982,sa0,1
32837,N75033 /1 undetected,output,,N75033,N75033,1,undetected,N75033,N75033,N75033,sa1,1
32838,N11981 /1 undetected,output,,N11981,N11981,1,undetected,N11981,N11981,N11981,sa1,1
32839,N99888 /1 undetected,output,,N99888,N99888,1,undetected,N99888,N99888,N99888,sa1,1
32840,N99407 /1 undetected,output,,N99407,N99407,1,undetected,N99407,N99407,N99407,sa1,1
32841,N96697 /1 undetected,output,,N96697,N96697,1,undetected,N96697,N96697,N96697,sa1,1
32842,N95284 /1 undetected,output,,N95284,N95284,1,undetected,N95284,N95284,N95284,sa1,1
32843,N90465 /1 undetected,output,,N90465,N90465,1,undetected,N90465,N90465,N90465,sa1,1
32844,N79152 /1 undetected,output,,N79152,N79152,1,undetected,N79152,N79152,N79152,sa1,1
32845,N88129 /1 undetected,output,,N88129,N88129,1,undetected,N88129,N88129,N88129,sa1,1
32846,N87919 /1 undetected,output,,N87919,N87919,1,undetected,N87919,N87919,N87919,sa1,1
32847,N92510 /1 undetected,output,,N92510,N92510,1,undetected,N92510,N92510,N92510,sa1,1
32848,N14475 /1 undetected,output,,N14475,N14475,1,undetected,N14475,N14475,N14475,sa1,1
32849,N8590 /1 undetected,output,,N8590,N8590,1,undetected,N8590,N8590,N8590,sa1,1
32850,N8590 /0 undetected,output,,N8590,N8590,0,undetected,N8590,N8590,N8590,sa0,1
32851,N98521 /1 undetected,output,,N98521,N98521,1,undetected,N98521,N98521,N98521,sa1,1
32852,N8580 /1 undetected,output,,N8580,N8580,1,undetected,N8580,N8580,N8580,sa1,1
32853,N3266 /1 undetected,output,,N3266,N3266,1,undetected,N3266,N3266,N3266,sa1,1
32854,N3266 /0 undetected,output,,N3266,N3266,0,undetected,N3266,N3266,N3266,sa0,1
32855,N74382 /1 undetected,output,,N74382,N74382,1,undetected,N74382,N74382,N74382,sa1,1
32856,N3264 /1 undetected,output,,N3264,N3264,1,undetected,N3264,N3264,N3264,sa1,1
32857,N2306 /1 undetected,output,,N2306,N2306,1,undetected,N2306,N2306,N2306,sa1,1
32858,N2306 /0 undetected,output,,N2306,N2306,0,undetected,N2306,N2306,N2306,sa0,1
32859,N93142 /1 undetected,output,,N93142,N93142,1,undetected,N93142,N93142,N93142,sa1,1
32860,N2305 /1 undetected,output,,N2305,N2305,1,undetected,N2305,N2305,N2305,sa1,1
32861,N2303 /1 undetected,output,,N2303,N2303,1,undetected,N2303,N2303,N2303,sa1,1
32862,N2050 /1 undetected,output,,N2050,N2050,1,undetected,N2050,N2050,N2050,sa1,1
32863,N100206 /1 undetected,output,,N100206,N100206,1,undetected,N100206,N100206,N100206,sa1,1
32864,N99504 /1 undetected,output,,N99504,N99504,1,undetected,N99504,N99504,N99504,sa1,1
32865,N103435 /1 undetected,output,,N103435,N103435,1,undetected,N103435,N103435,N103435,sa1,1
32866,N90685 /1 undetected,output,,N90685,N90685,1,undetected,N90685,N90685,N90685,sa1,1
32867,N121915 /1 undetected,output,,N121915,N121915,1,undetected,N121915,N121915,N121915,sa1,1
32868,N88005 /1 undetected,output,,N88005,N88005,1,undetected,N88005,N88005,N88005,sa1,1
32869,N80919 /1 undetected,output,,N80919,N80919,1,undetected,N80919,N80919,N80919,sa1,1
32870,N17461 /1 undetected,output,,N17461,N17461,1,undetected,N17461,N17461,N17461,sa1,1
32871,N17461 /0 undetected,output,,N17461,N17461,0,undetected,N17461,N17461,N17461,sa0,1
32872,N10295 /0 undetected,output,,N10295,N10295,0,undetected,N10295,N10295,N10295,sa0,1
32873,N85202 /1 undetected,output,,N85202,N85202,1,undetected,N85202,N85202,N85202,sa1,1
32874,N95289 /1 undetected,output,,N95289,N95289,1,undetected,N95289,N95289,N95289,sa1,1
32875,N92760 /1 undetected,output,,N92760,N92760,1,undetected,N92760,N92760,N92760,sa1,1
32876,N102063 /1 undetected,output,,N102063,N102063,1,undetected,N102063,N102063,N102063,sa1,1
32877,N121322 /1 undetected,output,,N121322,N121322,1,undetected,N121322,N121322,N121322,sa1,1
32878,N121320 /1 undetected,output,,N121320,N121320,1,undetected,N121320,N121320,N121320,sa1,1
32879,N126300 /1 undetected,output,,N126300,N126300,1,undetected,N126300,N126300,N126300,sa1,1
32880,N1861 /1 undetected,output,,N1861,N1861,1,undetected,N1861,N1861,N1861,sa1,1
32881,N122706 /1 undetected,output,,N122706,N122706,1,undetected,N122706,N122706,N122706,sa1,1
32882,N12781 /1 undetected,output,,N12781,N12781,1,undetected,N12781,N12781,N12781,sa1,1
32883,N12781 /0 undetected,output,,N12781,N12781,0,undetected,N12781,N12781,N12781,sa0,1
32884,N100779 /1 undetected,output,,N100779,N100779,1,undetected,N100779,N100779,N100779,sa1,1
32885,N84302 /1 undetected,output,,N84302,N84302,1,undetected,N84302,N84302,N84302,sa1,1
32886,N48959 /0 undetected,output,,N48959,N48959,0,undetected,N48959,N48959,N48959,sa0,1
32887,N92399 /1 undetected,output,,N92399,N92399,1,undetected,N92399,N92399,N92399,sa1,1
32888,N20014 /1 undetected,output,,N20014,N20014,1,undetected,N20014,N20014,N20014,sa1,1
32889,N20014 /0 undetected,output,,N20014,N20014,0,undetected,N20014,N20014,N20014,sa0,1
32890,N84105 /1 undetected,output,,N84105,N84105,1,undetected,N84105,N84105,N84105,sa1,1
32891,N20013 /1 undetected,output,,N20013,N20013,1,undetected,N20013,N20013,N20013,sa1,1
32892,N104190 /1 undetected,output,,N104190,N104190,1,undetected,N104190,N104190,N104190,sa1,1
32893,N74314 /1 undetected,output,,N74314,N74314,1,undetected,N74314,N74314,N74314,sa1,1
32894,N18466 /1 undetected,output,,N18466,N18466,1,undetected,N18466,N18466,N18466,sa1,1
32895,N103144 /1 undetected,output,,N103144,N103144,1,undetected,N103144,N103144,N103144,sa1,1
32896,N18363 /0 undetected,output,,N18363,N18363,0,undetected,N18363,N18363,N18363,sa0,1
32897,N93060 /1 undetected,output,,N93060,N93060,1,undetected,N93060,N93060,N93060,sa1,1
32898,N91982 /1 undetected,output,,N91982,N91982,1,undetected,N91982,N91982,N91982,sa1,1
32899,N83935 /1 undetected,output,,N83935,N83935,1,undetected,N83935,N83935,N83935,sa1,1
32900,N99977 /1 undetected,output,,N99977,N99977,1,undetected,N99977,N99977,N99977,sa1,1
32901,N99986 /1 undetected,output,,N99986,N99986,1,undetected,N99986,N99986,N99986,sa1,1
32902,N16769 /1 undetected,output,,N16769,N16769,1,undetected,N16769,N16769,N16769,sa1,1
32903,N16769 /0 undetected,output,,N16769,N16769,0,undetected,N16769,N16769,N16769,sa0,1
32904,N101262 /1 undetected,output,,N101262,N101262,1,undetected,N101262,N101262,N101262,sa1,1
32905,N92190 /1 undetected,output,,N92190,N92190,1,undetected,N92190,N92190,N92190,sa1,1
32906,N16225 /0 undetected,output,,N16225,N16225,0,undetected,N16225,N16225,N16225,sa0,1
32907,N93110 /1 undetected,output,,N93110,N93110,1,undetected,N93110,N93110,N93110,sa1,1
32908,N99985 /1 undetected,output,,N99985,N99985,1,undetected,N99985,N99985,N99985,sa1,1
32909,N99976 /1 undetected,output,,N99976,N99976,1,undetected,N99976,N99976,N99976,sa1,1
32910,N99975 /1 undetected,output,,N99975,N99975,1,undetected,N99975,N99975,N99975,sa1,1
32911,N99974 /1 undetected,output,,N99974,N99974,1,undetected,N99974,N99974,N99974,sa1,1
32912,N13383 /0 undetected,output,,N13383,N13383,0,undetected,N13383,N13383,N13383,sa0,1
32913,N101256 /1 undetected,output,,N101256,N101256,1,undetected,N101256,N101256,N101256,sa1,1
32914,N17492 /1 undetected,output,,N17492,N17492,1,undetected,N17492,N17492,N17492,sa1,1
32915,N17490 /1 undetected,output,,N17490,N17490,1,undetected,N17490,N17490,N17490,sa1,1
32916,N87213 /1 undetected,output,,N87213,N87213,1,undetected,N87213,N87213,N87213,sa1,1
32917,N17488 /1 undetected,output,,N17488,N17488,1,undetected,N17488,N17488,N17488,sa1,1
32918,N11855 /1 undetected,output,,N11855,N11855,1,undetected,N11855,N11855,N11855,sa1,1
32919,N11855 /0 undetected,output,,N11855,N11855,0,undetected,N11855,N11855,N11855,sa0,1
32920,N100213 /1 undetected,output,,N100213,N100213,1,undetected,N100213,N100213,N100213,sa1,1
32921,N10945 /1 undetected,output,,N10945,N10945,1,undetected,N10945,N10945,N10945,sa1,1
32922,N77887 /1 undetected,output,,N77887,N77887,1,undetected,N77887,N77887,N77887,sa1,1
32923,N10943 /1 undetected,output,,N10943,N10943,1,undetected,N10943,N10943,N10943,sa1,1
32924,N11854 /1 undetected,output,,N11854,N11854,1,undetected,N11854,N11854,N11854,sa1,1
32925,N11854 /0 undetected,output,,N11854,N11854,0,undetected,N11854,N11854,N11854,sa0,1
32926,N10534 /1 undetected,output,,N10534,N10534,1,undetected,N10534,N10534,N10534,sa1,1
32927,N11939 /1 undetected,output,,N11939,N11939,1,undetected,N11939,N11939,N11939,sa1,1
32928,N11939 /0 undetected,output,,N11939,N11939,0,undetected,N11939,N11939,N11939,sa0,1
32929,N85448 /1 undetected,output,,N85448,N85448,1,undetected,N85448,N85448,N85448,sa1,1
32930,N11938 /1 undetected,output,,N11938,N11938,1,undetected,N11938,N11938,N11938,sa1,1
32931,N99406 /1 undetected,output,,N99406,N99406,1,undetected,N99406,N99406,N99406,sa1,1
32932,N94523 /1 undetected,output,,N94523,N94523,1,undetected,N94523,N94523,N94523,sa1,1
32933,N80070 /1 undetected,output,,N80070,N80070,1,undetected,N80070,N80070,N80070,sa1,1
32934,N78985 /1 undetected,output,,N78985,N78985,1,undetected,N78985,N78985,N78985,sa1,1
32935,N79034 /1 undetected,output,,N79034,N79034,1,undetected,N79034,N79034,N79034,sa1,1
32936,N89790 /1 undetected,output,,N89790,N89790,1,undetected,N89790,N89790,N89790,sa1,1
32937,N122533 /1 undetected,output,,N122533,N122533,1,undetected,N122533,N122533,N122533,sa1,1
32938,N92498 /1 undetected,output,,N92498,N92498,1,undetected,N92498,N92498,N92498,sa1,1
32939,N15655 /1 undetected,output,,N15655,N15655,1,undetected,N15655,N15655,N15655,sa1,1
32940,N15655 /0 undetected,output,,N15655,N15655,0,undetected,N15655,N15655,N15655,sa0,1
32941,N102687 /1 undetected,output,,N102687,N102687,1,undetected,N102687,N102687,N102687,sa1,1
32942,N102684 /1 undetected,output,,N102684,N102684,1,undetected,N102684,N102684,N102684,sa1,1
32943,N90540 /1 undetected,output,,N90540,N90540,1,undetected,N90540,N90540,N90540,sa1,1
32944,N56813 /1 undetected,output,,N56813,N56813,1,undetected,N56813,N56813,N56813,sa1,1
32945,N56813 /0 undetected,output,,N56813,N56813,0,undetected,N56813,N56813,N56813,sa0,1
32946,N2634 /1 undetected,output,,N2634,N2634,1,undetected,N2634,N2634,N2634,sa1,1
32947,N2555 /1 undetected,output,,N2555,N2555,1,undetected,N2555,N2555,N2555,sa1,1
32948,N18642 /1 undetected,output,,N18642,N18642,1,undetected,N18642,N18642,N18642,sa1,1
32949,N16762 /1 undetected,output,,N16762,N16762,1,undetected,N16762,N16762,N16762,sa1,1
32950,N16762 /0 undetected,output,,N16762,N16762,0,undetected,N16762,N16762,N16762,sa0,1
32951,N100780 /1 undetected,output,,N100780,N100780,1,undetected,N100780,N100780,N100780,sa1,1
32952,N84214 /1 undetected,output,,N84214,N84214,1,undetected,N84214,N84214,N84214,sa1,1
32953,N19971 /1 undetected,output,,N19971,N19971,1,undetected,N19971,N19971,N19971,sa1,1
32954,N19971 /0 undetected,output,,N19971,N19971,0,undetected,N19971,N19971,N19971,sa0,1
32955,N104189 /1 undetected,output,,N104189,N104189,1,undetected,N104189,N104189,N104189,sa1,1
32956,N83917 /1 undetected,output,,N83917,N83917,1,undetected,N83917,N83917,N83917,sa1,1
32957,N18499 /1 undetected,output,,N18499,N18499,1,undetected,N18499,N18499,N18499,sa1,1
32958,N101825 /1 undetected,output,,N101825,N101825,1,undetected,N101825,N101825,N101825,sa1,1
32959,N94714 /1 undetected,output,,N94714,N94714,1,undetected,N94714,N94714,N94714,sa1,1
32960,N17932 /0 undetected,output,,N17932,N17932,0,undetected,N17932,N17932,N17932,sa0,1
32961,N17904 /1 undetected,output,,N17904,N17904,1,undetected,N17904,N17904,N17904,sa1,1
32962,N102734 /1 undetected,output,,N102734,N102734,1,undetected,N102734,N102734,N102734,sa1,1
32963,N92922 /1 undetected,output,,N92922,N92922,1,undetected,N92922,N92922,N92922,sa1,1
32964,N15838 /1 undetected,output,,N15838,N15838,1,undetected,N15838,N15838,N15838,sa1,1
32965,N15838 /0 undetected,output,,N15838,N15838,0,undetected,N15838,N15838,N15838,sa0,1
32966,N101824 /1 undetected,output,,N101824,N101824,1,undetected,N101824,N101824,N101824,sa1,1
32967,N94710 /1 undetected,output,,N94710,N94710,1,undetected,N94710,N94710,N94710,sa1,1
32968,N14239 /1 undetected,output,,N14239,N14239,1,undetected,N14239,N14239,N14239,sa1,1
32969,N14239 /0 undetected,output,,N14239,N14239,0,undetected,N14239,N14239,N14239,sa0,1
32970,N96259 /1 undetected,output,,N96259,N96259,1,undetected,N96259,N96259,N96259,sa1,1
32971,N83949 /1 undetected,output,,N83949,N83949,1,undetected,N83949,N83949,N83949,sa1,1
32972,N12388 /1 undetected,output,,N12388,N12388,1,undetected,N12388,N12388,N12388,sa1,1
32973,N12388 /0 undetected,output,,N12388,N12388,0,undetected,N12388,N12388,N12388,sa0,1
32974,N100416 /1 undetected,output,,N100416,N100416,1,undetected,N100416,N100416,N100416,sa1,1
32975,N75282 /1 undetected,output,,N75282,N75282,1,undetected,N75282,N75282,N75282,sa1,1
32976,N2365 /1 undetected,output,,N2365,N2365,1,undetected,N2365,N2365,N2365,sa1,1
32977,N2054 /1 undetected,output,,N2054,N2054,1,undetected,N2054,N2054,N2054,sa1,1
32978,N2054 /0 undetected,output,,N2054,N2054,0,undetected,N2054,N2054,N2054,sa0,1
32979,N91985 /1 undetected,output,,N91985,N91985,1,undetected,N91985,N91985,N91985,sa1,1
32980,N91981 /1 undetected,output,,N91981,N91981,1,undetected,N91981,N91981,N91981,sa1,1
32981,N12245 /1 undetected,output,,N12245,N12245,1,undetected,N12245,N12245,N12245,sa1,1
32982,N12245 /0 undetected,output,,N12245,N12245,0,undetected,N12245,N12245,N12245,sa0,1
32983,N99528 /1 undetected,output,,N99528,N99528,1,undetected,N99528,N99528,N99528,sa1,1
32984,N99503 /1 undetected,output,,N99503,N99503,1,undetected,N99503,N99503,N99503,sa1,1
32985,N11892 /1 undetected,output,,N11892,N11892,1,undetected,N11892,N11892,N11892,sa1,1
32986,N11892 /0 undetected,output,,N11892,N11892,0,undetected,N11892,N11892,N11892,sa0,1
32987,N99404 /1 undetected,output,,N99404,N99404,1,undetected,N99404,N99404,N99404,sa1,1
32988,N99291 /1 undetected,output,,N99291,N99291,1,undetected,N99291,N99291,N99291,sa1,1
32989,N10672 /1 undetected,output,,N10672,N10672,1,undetected,N10672,N10672,N10672,sa1,1
32990,N78085 /1 undetected,output,,N78085,N78085,1,undetected,N78085,N78085,N78085,sa1,1
32991,N81442 /1 undetected,output,,N81442,N81442,1,undetected,N81442,N81442,N81442,sa1,1
32992,N81441 /1 undetected,output,,N81441,N81441,1,undetected,N81441,N81441,N81441,sa1,1
32993,N121943 /1 undetected,output,,N121943,N121943,1,undetected,N121943,N121943,N121943,sa1,1
32994,N89650 /1 undetected,output,,N89650,N89650,1,undetected,N89650,N89650,N89650,sa1,1
32995,N95286 /1 undetected,output,,N95286,N95286,1,undetected,N95286,N95286,N95286,sa1,1
32996,N92759 /1 undetected,output,,N92759,N92759,1,undetected,N92759,N92759,N92759,sa1,1
32997,N95285 /1 undetected,output,,N95285,N95285,1,undetected,N95285,N95285,N95285,sa1,1
32998,N92758 /1 undetected,output,,N92758,N92758,1,undetected,N92758,N92758,N92758,sa1,1
32999,N87986 /1 undetected,output,,N87986,N87986,1,undetected,N87986,N87986,N87986,sa1,1
33000,N89637 /1 undetected,output,,N89637,N89637,1,undetected,N89637,N89637,N89637,sa1,1
33001,N121406 /1 undetected,output,,N121406,N121406,1,undetected,N121406,N121406,N121406,sa1,1
33002,N121649 /1 undetected,output,,N121649,N121649,1,undetected,N121649,N121649,N121649,sa1,1
33003,N89633 /1 undetected,output,,N89633,N89633,1,undetected,N89633,N89633,N89633,sa1,1
33004,N74592 /1 undetected,output,,N74592,N74592,1,undetected,N74592,N74592,N74592,sa1,1
33005,N3256 /1 undetected,output,,N3256,N3256,1,undetected,N3256,N3256,N3256,sa1,1
33006,N3256 /0 undetected,output,,N3256,N3256,0,undetected,N3256,N3256,N3256,sa0,1
33007,N3254 /1 undetected,output,,N3254,N3254,1,undetected,N3254,N3254,N3254,sa1,1
33008,N2042 /1 undetected,output,,N2042,N2042,1,undetected,N2042,N2042,N2042,sa1,1
33009,N2356 /1 undetected,output,,N2356,N2356,1,undetected,N2356,N2356,N2356,sa1,1
33010,N2356 /0 undetected,output,,N2356,N2356,0,undetected,N2356,N2356,N2356,sa0,1
33011,N74375 /1 undetected,output,,N74375,N74375,1,undetected,N74375,N74375,N74375,sa1,1
33012,N2354 /1 undetected,output,,N2354,N2354,1,undetected,N2354,N2354,N2354,sa1,1
33013,N2301 /1 undetected,output,,N2301,N2301,1,undetected,N2301,N2301,N2301,sa1,1
33014,N2301 /0 undetected,output,,N2301,N2301,0,undetected,N2301,N2301,N2301,sa0,1
33015,N74337 /1 undetected,output,,N74337,N74337,1,undetected,N74337,N74337,N74337,sa1,1
33016,N2277 /1 undetected,output,,N2277,N2277,1,undetected,N2277,N2277,N2277,sa1,1
33017,N103440 /1 undetected,output,,N103440,N103440,1,undetected,N103440,N103440,N103440,sa1,1
33018,N103393 /1 undetected,output,,N103393,N103393,1,undetected,N103393,N103393,N103393,sa1,1
33019,N17460 /1 undetected,output,,N17460,N17460,1,undetected,N17460,N17460,N17460,sa1,1
33020,N17460 /0 undetected,output,,N17460,N17460,0,undetected,N17460,N17460,N17460,sa0,1
33021,N103396 /1 undetected,output,,N103396,N103396,1,undetected,N103396,N103396,N103396,sa1,1
33022,N99293 /1 undetected,output,,N99293,N99293,1,undetected,N99293,N99293,N99293,sa1,1
33023,N10293 /0 undetected,output,,N10293,N10293,0,undetected,N10293,N10293,N10293,sa0,1
33024,N99290 /1 undetected,output,,N99290,N99290,1,undetected,N99290,N99290,N99290,sa1,1
33025,N90682 /1 undetected,output,,N90682,N90682,1,undetected,N90682,N90682,N90682,sa1,1
33026,N87841 /1 undetected,output,,N87841,N87841,1,undetected,N87841,N87841,N87841,sa1,1
33027,N79222 /1 undetected,output,,N79222,N79222,1,undetected,N79222,N79222,N79222,sa1,1
33028,N10394 /1 undetected,output,,N10394,N10394,1,undetected,N10394,N10394,N10394,sa1,1
33029,N10394 /0 undetected,output,,N10394,N10394,0,undetected,N10394,N10394,N10394,sa0,1
33030,N90604 /1 undetected,output,,N90604,N90604,1,undetected,N90604,N90604,N90604,sa1,1
33031,N87784 /1 undetected,output,,N87784,N87784,1,undetected,N87784,N87784,N87784,sa1,1
33032,N102039 /1 undetected,output,,N102039,N102039,1,undetected,N102039,N102039,N102039,sa1,1
33033,N7071 /1 undetected,output,,N7071,N7071,1,undetected,N7071,N7071,N7071,sa1,1
33034,N6000 /1 undetected,output,,N6000,N6000,1,undetected,N6000,N6000,N6000,sa1,1
33035,N97557 /1 undetected,output,,N97557,N97557,1,undetected,N97557,N97557,N97557,sa1,1
33036,N123333 /1 undetected,output,,N123333,N123333,1,undetected,N123333,N123333,N123333,sa1,1
33037,N78995 /1 undetected,output,,N78995,N78995,1,undetected,N78995,N78995,N78995,sa1,1
33038,N84446 /1 undetected,output,,N84446,N84446,1,undetected,N84446,N84446,N84446,sa1,1
33039,N74657 /1 undetected,output,,N74657,N74657,1,undetected,N74657,N74657,N74657,sa1,1
33040,N82474 /1 undetected,output,,N82474,N82474,1,undetected,N82474,N82474,N82474,sa1,1
33041,N82330 /1 undetected,output,,N82330,N82330,1,undetected,N82330,N82330,N82330,sa1,1
33042,N16774 /0 undetected,output,,N16774,N16774,0,undetected,N16774,N16774,N16774,sa0,1
33043,N95234 /1 undetected,output,,N95234,N95234,1,undetected,N95234,N95234,N95234,sa1,1
33044,N16207 /1 undetected,output,,N16207,N16207,1,undetected,N16207,N16207,N16207,sa1,1
33045,N16207 /0 undetected,output,,N16207,N16207,0,undetected,N16207,N16207,N16207,sa0,1
33046,N96028 /1 undetected,output,,N96028,N96028,1,undetected,N96028,N96028,N96028,sa1,1
33047,N94485 /1 undetected,output,,N94485,N94485,1,undetected,N94485,N94485,N94485,sa1,1
33048,N13382 /0 undetected,output,,N13382,N13382,0,undetected,N13382,N13382,N13382,sa0,1
33049,N101260 /1 undetected,output,,N101260,N101260,1,undetected,N101260,N101260,N101260,sa1,1
33050,N95223 /1 undetected,output,,N95223,N95223,1,undetected,N95223,N95223,N95223,sa1,1
33051,N8588 /1 undetected,output,,N8588,N8588,1,undetected,N8588,N8588,N8588,sa1,1
33052,N8588 /0 undetected,output,,N8588,N8588,0,undetected,N8588,N8588,N8588,sa0,1
33053,N2338 /0 undetected,output,,N2338,N2338,0,undetected,N2338,N2338,N2338,sa0,1
33054,N93159 /1 undetected,output,,N93159,N93159,1,undetected,N93159,N93159,N93159,sa1,1
33055,N74359 /1 undetected,output,,N74359,N74359,1,undetected,N74359,N74359,N74359,sa1,1
33056,N11853 /1 undetected,output,,N11853,N11853,1,undetected,N11853,N11853,N11853,sa1,1
33057,N11853 /0 undetected,output,,N11853,N11853,0,undetected,N11853,N11853,N11853,sa0,1
33058,N99652 /1 undetected,output,,N99652,N99652,1,undetected,N99652,N99652,N99652,sa1,1
33059,N99587 /1 undetected,output,,N99587,N99587,1,undetected,N99587,N99587,N99587,sa1,1
33060,N11395 /1 undetected,output,,N11395,N11395,1,undetected,N11395,N11395,N11395,sa1,1
33061,N10533 /1 undetected,output,,N10533,N10533,1,undetected,N10533,N10533,N10533,sa1,1
33062,N10532 /1 undetected,output,,N10532,N10532,1,undetected,N10532,N10532,N10532,sa1,1
33063,N83714 /1 undetected,output,,N83714,N83714,1,undetected,N83714,N83714,N83714,sa1,1
33064,N10462 /1 undetected,output,,N10462,N10462,1,undetected,N10462,N10462,N10462,sa1,1
33065,N10457 /1 undetected,output,,N10457,N10457,1,undetected,N10457,N10457,N10457,sa1,1
33066,N10452 /1 undetected,output,,N10452,N10452,1,undetected,N10452,N10452,N10452,sa1,1
33067,N99435 /1 undetected,output,,N99435,N99435,1,undetected,N99435,N99435,N99435,sa1,1
33068,N99420 /1 undetected,output,,N99420,N99420,1,undetected,N99420,N99420,N99420,sa1,1
33069,N10450 /1 undetected,output,,N10450,N10450,1,undetected,N10450,N10450,N10450,sa1,1
33070,N99433 /1 undetected,output,,N99433,N99433,1,undetected,N99433,N99433,N99433,sa1,1
33071,N99422 /1 undetected,output,,N99422,N99422,1,undetected,N99422,N99422,N99422,sa1,1
33072,N10460 /1 undetected,output,,N10460,N10460,1,undetected,N10460,N10460,N10460,sa1,1
33073,N10530 /1 undetected,output,,N10530,N10530,1,undetected,N10530,N10530,N10530,sa1,1
33074,N99454 /1 undetected,output,,N99454,N99454,1,undetected,N99454,N99454,N99454,sa1,1
33075,N11836 /1 undetected,output,,N11836,N11836,1,undetected,N11836,N11836,N11836,sa1,1
33076,N99571 /1 undetected,output,,N99571,N99571,1,undetected,N99571,N99571,N99571,sa1,1
33077,N99527 /1 undetected,output,,N99527,N99527,1,undetected,N99527,N99527,N99527,sa1,1
33078,N96688 /1 undetected,output,,N96688,N96688,1,undetected,N96688,N96688,N96688,sa1,1
33079,N88128 /1 undetected,output,,N88128,N88128,1,undetected,N88128,N88128,N88128,sa1,1
33080,N15652 /1 undetected,output,,N15652,N15652,1,undetected,N15652,N15652,N15652,sa1,1
33081,N15652 /0 undetected,output,,N15652,N15652,0,undetected,N15652,N15652,N15652,sa0,1
33082,N83906 /1 undetected,output,,N83906,N83906,1,undetected,N83906,N83906,N83906,sa1,1
33083,N15650 /1 undetected,output,,N15650,N15650,1,undetected,N15650,N15650,N15650,sa1,1
33084,N85067 /1 undetected,output,,N85067,N85067,1,undetected,N85067,N85067,N85067,sa1,1
33085,N68845 /1 undetected,output,,N68845,N68845,1,undetected,N68845,N68845,N68845,sa1,1
33086,N86688 /1 undetected,output,,N86688,N86688,1,undetected,N86688,N86688,N86688,sa1,1
33087,N78885 /1 undetected,output,,N78885,N78885,1,undetected,N78885,N78885,N78885,sa1,1
33088,N12779 /1 undetected,output,,N12779,N12779,1,undetected,N12779,N12779,N12779,sa1,1
33089,N12779 /0 undetected,output,,N12779,N12779,0,undetected,N12779,N12779,N12779,sa0,1
33090,N100633 /1 undetected,output,,N100633,N100633,1,undetected,N100633,N100633,N100633,sa1,1
33091,N12777 /1 undetected,output,,N12777,N12777,1,undetected,N12777,N12777,N12777,sa1,1
33092,N100620 /1 undetected,output,,N100620,N100620,1,undetected,N100620,N100620,N100620,sa1,1
33093,N12775 /1 undetected,output,,N12775,N12775,1,undetected,N12775,N12775,N12775,sa1,1
33094,N100777 /1 undetected,output,,N100777,N100777,1,undetected,N100777,N100777,N100777,sa1,1
33095,N84328 /1 undetected,output,,N84328,N84328,1,undetected,N84328,N84328,N84328,sa1,1
33096,N21999 /1 undetected,output,,N21999,N21999,1,undetected,N21999,N21999,N21999,sa1,1
33097,N21999 /0 undetected,output,,N21999,N21999,0,undetected,N21999,N21999,N21999,sa0,1
33098,N100415 /1 undetected,output,,N100415,N100415,1,undetected,N100415,N100415,N100415,sa1,1
33099,N95243 /1 undetected,output,,N95243,N95243,1,undetected,N95243,N95243,N95243,sa1,1
33100,N21886 /1 undetected,output,,N21886,N21886,1,undetected,N21886,N21886,N21886,sa1,1
33101,N21886 /0 undetected,output,,N21886,N21886,0,undetected,N21886,N21886,N21886,sa0,1
33102,N100414 /1 undetected,output,,N100414,N100414,1,undetected,N100414,N100414,N100414,sa1,1
33103,N21885 /1 undetected,output,,N21885,N21885,1,undetected,N21885,N21885,N21885,sa1,1
33104,N76783 /1 undetected,output,,N76783,N76783,1,undetected,N76783,N76783,N76783,sa1,1
33105,N75288 /1 undetected,output,,N75288,N75288,1,undetected,N75288,N75288,N75288,sa1,1
33106,N19970 /1 undetected,output,,N19970,N19970,1,undetected,N19970,N19970,N19970,sa1,1
33107,N19970 /0 undetected,output,,N19970,N19970,0,undetected,N19970,N19970,N19970,sa0,1
33108,N103573 /1 undetected,output,,N103573,N103573,1,undetected,N103573,N103573,N103573,sa1,1
33109,N19969 /1 undetected,output,,N19969,N19969,1,undetected,N19969,N19969,N19969,sa1,1
33110,N101570 /1 undetected,output,,N101570,N101570,1,undetected,N101570,N101570,N101570,sa1,1
33111,N93083 /1 undetected,output,,N93083,N93083,1,undetected,N93083,N93083,N93083,sa1,1
33112,N18455 /1 undetected,output,,N18455,N18455,1,undetected,N18455,N18455,N18455,sa1,1
33113,N18455 /0 undetected,output,,N18455,N18455,0,undetected,N18455,N18455,N18455,sa0,1
33114,N101552 /1 undetected,output,,N101552,N101552,1,undetected,N101552,N101552,N101552,sa1,1
33115,N100412 /1 undetected,output,,N100412,N100412,1,undetected,N100412,N100412,N100412,sa1,1
33116,N18451 /0 undetected,output,,N18451,N18451,0,undetected,N18451,N18451,N18451,sa0,1
33117,N96255 /1 undetected,output,,N96255,N96255,1,undetected,N96255,N96255,N96255,sa1,1
33118,N102742 /1 undetected,output,,N102742,N102742,1,undetected,N102742,N102742,N102742,sa1,1
33119,N92955 /1 undetected,output,,N92955,N92955,1,undetected,N92955,N92955,N92955,sa1,1
33120,N99972 /1 undetected,output,,N99972,N99972,1,undetected,N99972,N99972,N99972,sa1,1
33121,N94237 /1 undetected,output,,N94237,N94237,1,undetected,N94237,N94237,N94237,sa1,1
33122,N99971 /1 undetected,output,,N99971,N99971,1,undetected,N99971,N99971,N99971,sa1,1
33123,N94236 /1 undetected,output,,N94236,N94236,1,undetected,N94236,N94236,N94236,sa1,1
33124,N17898 /0 undetected,output,,N17898,N17898,0,undetected,N17898,N17898,N17898,sa0,1
33125,N103572 /1 undetected,output,,N103572,N103572,1,undetected,N103572,N103572,N103572,sa1,1
33126,N100608 /1 undetected,output,,N100608,N100608,1,undetected,N100608,N100608,N100608,sa1,1
33127,N16538 /0 undetected,output,,N16538,N16538,0,undetected,N16538,N16538,N16538,sa0,1
33128,N101549 /1 undetected,output,,N101549,N101549,1,undetected,N101549,N101549,N101549,sa1,1
33129,N16148 /0 undetected,output,,N16148,N16148,0,undetected,N16148,N16148,N16148,sa0,1
33130,N91979 /1 undetected,output,,N91979,N91979,1,undetected,N91979,N91979,N91979,sa1,1
33131,N99970 /1 undetected,output,,N99970,N99970,1,undetected,N99970,N99970,N99970,sa1,1
33132,N15543 /1 undetected,output,,N15543,N15543,1,undetected,N15543,N15543,N15543,sa1,1
33133,N94231 /1 undetected,output,,N94231,N94231,1,undetected,N94231,N94231,N94231,sa1,1
33134,N99969 /1 undetected,output,,N99969,N99969,1,undetected,N99969,N99969,N99969,sa1,1
33135,N15276 /1 undetected,output,,N15276,N15276,1,undetected,N15276,N15276,N15276,sa1,1
33136,N99968 /1 undetected,output,,N99968,N99968,1,undetected,N99968,N99968,N99968,sa1,1
33137,N14785 /1 undetected,output,,N14785,N14785,1,undetected,N14785,N14785,N14785,sa1,1
33138,N14884 /1 undetected,output,,N14884,N14884,1,undetected,N14884,N14884,N14884,sa1,1
33139,N14884 /0 undetected,output,,N14884,N14884,0,undetected,N14884,N14884,N14884,sa0,1
33140,N102124 /1 undetected,output,,N102124,N102124,1,undetected,N102124,N102124,N102124,sa1,1
33141,N99967 /1 undetected,output,,N99967,N99967,1,undetected,N99967,N99967,N99967,sa1,1
33142,N99966 /1 undetected,output,,N99966,N99966,1,undetected,N99966,N99966,N99966,sa1,1
33143,N94225 /1 undetected,output,,N94225,N94225,1,undetected,N94225,N94225,N94225,sa1,1
33144,N14474 /1 undetected,output,,N14474,N14474,1,undetected,N14474,N14474,N14474,sa1,1
33145,N99965 /1 undetected,output,,N99965,N99965,1,undetected,N99965,N99965,N99965,sa1,1
33146,N94205 /1 undetected,output,,N94205,N94205,1,undetected,N94205,N94205,N94205,sa1,1
33147,N12387 /1 undetected,output,,N12387,N12387,1,undetected,N12387,N12387,N12387,sa1,1
33148,N12387 /0 undetected,output,,N12387,N12387,0,undetected,N12387,N12387,N12387,sa0,1
33149,N11567 /1 undetected,output,,N11567,N11567,1,undetected,N11567,N11567,N11567,sa1,1
33150,N11567 /0 undetected,output,,N11567,N11567,0,undetected,N11567,N11567,N11567,sa0,1
33151,N99963 /1 undetected,output,,N99963,N99963,1,undetected,N99963,N99963,N99963,sa1,1
33152,N92375 /1 undetected,output,,N92375,N92375,1,undetected,N92375,N92375,N92375,sa1,1
33153,N11566 /1 undetected,output,,N11566,N11566,1,undetected,N11566,N11566,N11566,sa1,1
33154,N11562 /1 undetected,output,,N11562,N11562,1,undetected,N11562,N11562,N11562,sa1,1
33155,N11494 /1 undetected,output,,N11494,N11494,1,undetected,N11494,N11494,N11494,sa1,1
33156,N3263 /1 undetected,output,,N3263,N3263,1,undetected,N3263,N3263,N3263,sa1,1
33157,N3263 /0 undetected,output,,N3263,N3263,0,undetected,N3263,N3263,N3263,sa0,1
33158,N96254 /1 undetected,output,,N96254,N96254,1,undetected,N96254,N96254,N96254,sa1,1
33159,N84024 /1 undetected,output,,N84024,N84024,1,undetected,N84024,N84024,N84024,sa1,1
33160,N2364 /0 undetected,output,,N2364,N2364,0,undetected,N2364,N2364,N2364,sa0,1
33161,N93167 /1 undetected,output,,N93167,N93167,1,undetected,N93167,N93167,N93167,sa1,1
33162,N93173 /1 undetected,output,,N93173,N93173,1,undetected,N93173,N93173,N93173,sa1,1
33163,N2280 /0 undetected,output,,N2280,N2280,0,undetected,N2280,N2280,N2280,sa0,1
33164,N93115 /1 undetected,output,,N93115,N93115,1,undetected,N93115,N93115,N93115,sa1,1
33165,N93117 /1 undetected,output,,N93117,N93117,1,undetected,N93117,N93117,N93117,sa1,1
33166,N2051 /1 undetected,output,,N2051,N2051,1,undetected,N2051,N2051,N2051,sa1,1
33167,N2051 /0 undetected,output,,N2051,N2051,0,undetected,N2051,N2051,N2051,sa0,1
33168,N91978 /1 undetected,output,,N91978,N91978,1,undetected,N91978,N91978,N91978,sa1,1
33169,N83946 /1 undetected,output,,N83946,N83946,1,undetected,N83946,N83946,N83946,sa1,1
33170,N10606 /1 undetected,output,,N10606,N10606,1,undetected,N10606,N10606,N10606,sa1,1
33171,N78084 /1 undetected,output,,N78084,N78084,1,undetected,N78084,N78084,N78084,sa1,1
33172,N99500 /1 undetected,output,,N99500,N99500,1,undetected,N99500,N99500,N99500,sa1,1
33173,N87241 /1 undetected,output,,N87241,N87241,1,undetected,N87241,N87241,N87241,sa1,1
33174,N10601 /1 undetected,output,,N10601,N10601,1,undetected,N10601,N10601,N10601,sa1,1
33175,N99498 /1 undetected,output,,N99498,N99498,1,undetected,N99498,N99498,N99498,sa1,1
33176,N77995 /1 undetected,output,,N77995,N77995,1,undetected,N77995,N77995,N77995,sa1,1
33177,N122071 /1 undetected,output,,N122071,N122071,1,undetected,N122071,N122071,N122071,sa1,1
33178,N78078 /1 undetected,output,,N78078,N78078,1,undetected,N78078,N78078,N78078,sa1,1
33179,N99702 /1 undetected,output,,N99702,N99702,1,undetected,N99702,N99702,N99702,sa1,1
33180,N89334 /1 undetected,output,,N89334,N89334,1,undetected,N89334,N89334,N89334,sa1,1
33181,N88108 /1 undetected,output,,N88108,N88108,1,undetected,N88108,N88108,N88108,sa1,1
33182,N4116 /1 undetected,output,,N4116,N4116,1,undetected,N4116,N4116,N4116,sa1,1
33183,N95651 /1 undetected,output,,N95651,N95651,1,undetected,N95651,N95651,N95651,sa1,1
33184,N86565 /1 undetected,output,,N86565,N86565,1,undetected,N86565,N86565,N86565,sa1,1
33185,N82423 /1 undetected,output,,N82423,N82423,1,undetected,N82423,N82423,N82423,sa1,1
33186,N79179 /1 undetected,output,,N79179,N79179,1,undetected,N79179,N79179,N79179,sa1,1
33187,N79221 /1 undetected,output,,N79221,N79221,1,undetected,N79221,N79221,N79221,sa1,1
33188,N81430 /1 undetected,output,,N81430,N81430,1,undetected,N81430,N81430,N81430,sa1,1
33189,N74593 /1 undetected,output,,N74593,N74593,1,undetected,N74593,N74593,N74593,sa1,1
33190,N17950 /1 undetected,output,,N17950,N17950,1,undetected,N17950,N17950,N17950,sa1,1
33191,N102682 /1 undetected,output,,N102682,N102682,1,undetected,N102682,N102682,N102682,sa1,1
33192,N17948 /1 undetected,output,,N17948,N17948,1,undetected,N17948,N17948,N17948,sa1,1
33193,N103460 /1 undetected,output,,N103460,N103460,1,undetected,N103460,N103460,N103460,sa1,1
33194,N102693 /1 undetected,output,,N102693,N102693,1,undetected,N102693,N102693,N102693,sa1,1
33195,N92354 /1 undetected,output,,N92354,N92354,1,undetected,N92354,N92354,N92354,sa1,1
33196,N90544 /1 undetected,output,,N90544,N90544,1,undetected,N90544,N90544,N90544,sa1,1
33197,N82370 /1 undetected,output,,N82370,N82370,1,undetected,N82370,N82370,N82370,sa1,1
33198,N74594 /1 undetected,output,,N74594,N74594,1,undetected,N74594,N74594,N74594,sa1,1
33199,N92511 /1 undetected,output,,N92511,N92511,1,undetected,N92511,N92511,N92511,sa1,1
33200,N3268 /1 undetected,output,,N3268,N3268,1,undetected,N3268,N3268,N3268,sa1,1
33201,N3268 /0 undetected,output,,N3268,N3268,0,undetected,N3268,N3268,N3268,sa0,1
33202,N74335 /1 undetected,output,,N74335,N74335,1,undetected,N74335,N74335,N74335,sa1,1
33203,N2275 /1 undetected,output,,N2275,N2275,1,undetected,N2275,N2275,N2275,sa1,1
33204,N2750 /1 undetected,output,,N2750,N2750,1,undetected,N2750,N2750,N2750,sa1,1
33205,N2750 /0 undetected,output,,N2750,N2750,0,undetected,N2750,N2750,N2750,sa0,1
33206,N2749 /1 undetected,output,,N2749,N2749,1,undetected,N2749,N2749,N2749,sa1,1
33207,N94747 /1 undetected,output,,N94747,N94747,1,undetected,N94747,N94747,N94747,sa1,1
33208,N1171 /1 undetected,output,,N1171,N1171,1,undetected,N1171,N1171,N1171,sa1,1
33209,N2723 /1 undetected,output,,N2723,N2723,1,undetected,N2723,N2723,N2723,sa1,1
33210,N94679 /1 undetected,output,,N94679,N94679,1,undetected,N94679,N94679,N94679,sa1,1
33211,N94668 /1 undetected,output,,N94668,N94668,1,undetected,N94668,N94668,N94668,sa1,1
33212,N2352 /1 undetected,output,,N2352,N2352,1,undetected,N2352,N2352,N2352,sa1,1
33213,N2352 /0 undetected,output,,N2352,N2352,0,undetected,N2352,N2352,N2352,sa0,1
33214,N74372 /1 undetected,output,,N74372,N74372,1,undetected,N74372,N74372,N74372,sa1,1
33215,N2040 /1 undetected,output,,N2040,N2040,1,undetected,N2040,N2040,N2040,sa1,1
33216,N2346 /1 undetected,output,,N2346,N2346,1,undetected,N2346,N2346,N2346,sa1,1
33217,N2346 /0 undetected,output,,N2346,N2346,0,undetected,N2346,N2346,N2346,sa0,1
33218,N2345 /1 undetected,output,,N2345,N2345,1,undetected,N2345,N2345,N2345,sa1,1
33219,N91947 /1 undetected,output,,N91947,N91947,1,undetected,N91947,N91947,N91947,sa1,1
33220,N2038 /1 undetected,output,,N2038,N2038,1,undetected,N2038,N2038,N2038,sa1,1
33221,N2343 /1 undetected,output,,N2343,N2343,1,undetected,N2343,N2343,N2343,sa1,1
33222,N74344 /1 undetected,output,,N74344,N74344,1,undetected,N74344,N74344,N74344,sa1,1
33223,N74341 /1 undetected,output,,N74341,N74341,1,undetected,N74341,N74341,N74341,sa1,1
33224,N17657 /0 undetected,output,,N17657,N17657,0,undetected,N17657,N17657,N17657,sa0,1
33225,N99750 /1 undetected,output,,N99750,N99750,1,undetected,N99750,N99750,N99750,sa1,1
33226,N11393 /1 undetected,output,,N11393,N11393,1,undetected,N11393,N11393,N11393,sa1,1
33227,N11393 /0 undetected,output,,N11393,N11393,0,undetected,N11393,N11393,N11393,sa0,1
33228,N10316 /0 undetected,output,,N10316,N10316,0,undetected,N10316,N10316,N10316,sa0,1
33229,N99284 /1 undetected,output,,N99284,N99284,1,undetected,N99284,N99284,N99284,sa1,1
33230,N78071 /1 undetected,output,,N78071,N78071,1,undetected,N78071,N78071,N78071,sa1,1
33231,N10292 /1 undetected,output,,N10292,N10292,1,undetected,N10292,N10292,N10292,sa1,1
33232,N10292 /0 undetected,output,,N10292,N10292,0,undetected,N10292,N10292,N10292,sa0,1
33233,N17506 /1 undetected,output,,N17506,N17506,1,undetected,N17506,N17506,N17506,sa1,1
33234,N17506 /0 undetected,output,,N17506,N17506,0,undetected,N17506,N17506,N17506,sa0,1
33235,N85204 /1 undetected,output,,N85204,N85204,1,undetected,N85204,N85204,N85204,sa1,1
33236,N87780 /1 undetected,output,,N87780,N87780,1,undetected,N87780,N87780,N87780,sa1,1
33237,N81427 /1 undetected,output,,N81427,N81427,1,undetected,N81427,N81427,N81427,sa1,1
33238,N13350 /1 undetected,output,,N13350,N13350,1,undetected,N13350,N13350,N13350,sa1,1
33239,N13350 /0 undetected,output,,N13350,N13350,0,undetected,N13350,N13350,N13350,sa0,1
33240,N92144 /1 undetected,output,,N92144,N92144,1,undetected,N92144,N92144,N92144,sa1,1
33241,N13349 /1 undetected,output,,N13349,N13349,1,undetected,N13349,N13349,N13349,sa1,1
33242,N95222 /1 undetected,output,,N95222,N95222,1,undetected,N95222,N95222,N95222,sa1,1
33243,N13348 /1 undetected,output,,N13348,N13348,1,undetected,N13348,N13348,N13348,sa1,1
33244,N91346 /1 undetected,output,,N91346,N91346,1,undetected,N91346,N91346,N91346,sa1,1
33245,N12673 /1 undetected,output,,N12673,N12673,1,undetected,N12673,N12673,N12673,sa1,1
33246,N92957 /1 undetected,output,,N92957,N92957,1,undetected,N92957,N92957,N92957,sa1,1
33247,N12567 /1 undetected,output,,N12567,N12567,1,undetected,N12567,N12567,N12567,sa1,1
33248,N100616 /1 undetected,output,,N100616,N100616,1,undetected,N100616,N100616,N100616,sa1,1
33249,N91942 /1 undetected,output,,N91942,N91942,1,undetected,N91942,N91942,N91942,sa1,1
33250,N82329 /1 undetected,output,,N82329,N82329,1,undetected,N82329,N82329,N82329,sa1,1
33251,N16201 /1 undetected,output,,N16201,N16201,1,undetected,N16201,N16201,N16201,sa1,1
33252,N16201 /0 undetected,output,,N16201,N16201,0,undetected,N16201,N16201,N16201,sa0,1
33253,N102924 /1 undetected,output,,N102924,N102924,1,undetected,N102924,N102924,N102924,sa1,1
33254,N93916 /1 undetected,output,,N93916,N93916,1,undetected,N93916,N93916,N93916,sa1,1
33255,N13380 /1 undetected,output,,N13380,N13380,1,undetected,N13380,N13380,N13380,sa1,1
33256,N13380 /0 undetected,output,,N13380,N13380,0,undetected,N13380,N13380,N13380,sa0,1
33257,N91349 /1 undetected,output,,N91349,N91349,1,undetected,N91349,N91349,N91349,sa1,1
33258,N12675 /1 undetected,output,,N12675,N12675,1,undetected,N12675,N12675,N12675,sa1,1
33259,N100619 /1 undetected,output,,N100619,N100619,1,undetected,N100619,N100619,N100619,sa1,1
33260,N92948 /1 undetected,output,,N92948,N92948,1,undetected,N92948,N92948,N92948,sa1,1
33261,N13352 /0 undetected,output,,N13352,N13352,0,undetected,N13352,N13352,N13352,sa0,1
33262,N91347 /1 undetected,output,,N91347,N91347,1,undetected,N91347,N91347,N91347,sa1,1
33263,N12407 /1 undetected,output,,N12407,N12407,1,undetected,N12407,N12407,N12407,sa1,1
33264,N12407 /0 undetected,output,,N12407,N12407,0,undetected,N12407,N12407,N12407,sa0,1
33265,N95140 /1 undetected,output,,N95140,N95140,1,undetected,N95140,N95140,N95140,sa1,1
33266,N2747 /1 undetected,output,,N2747,N2747,1,undetected,N2747,N2747,N2747,sa1,1
33267,N8587 /1 undetected,output,,N8587,N8587,1,undetected,N8587,N8587,N8587,sa1,1
33268,N8587 /0 undetected,output,,N8587,N8587,0,undetected,N8587,N8587,N8587,sa0,1
33269,N98513 /1 undetected,output,,N98513,N98513,1,undetected,N98513,N98513,N98513,sa1,1
33270,N93913 /1 undetected,output,,N93913,N93913,1,undetected,N93913,N93913,N93913,sa1,1
33271,N8585 /1 undetected,output,,N8585,N8585,1,undetected,N8585,N8585,N8585,sa1,1
33272,N8585 /0 undetected,output,,N8585,N8585,0,undetected,N8585,N8585,N8585,sa0,1
33273,N95729 /1 undetected,output,,N95729,N95729,1,undetected,N95729,N95729,N95729,sa1,1
33274,N93912 /1 undetected,output,,N93912,N93912,1,undetected,N93912,N93912,N93912,sa1,1
33275,N8579 /1 undetected,output,,N8579,N8579,1,undetected,N8579,N8579,N8579,sa1,1
33276,N8579 /0 undetected,output,,N8579,N8579,0,undetected,N8579,N8579,N8579,sa0,1
33277,N98499 /1 undetected,output,,N98499,N98499,1,undetected,N98499,N98499,N98499,sa1,1
33278,N94477 /1 undetected,output,,N94477,N94477,1,undetected,N94477,N94477,N94477,sa1,1
33279,N2633 /1 undetected,output,,N2633,N2633,1,undetected,N2633,N2633,N2633,sa1,1
33280,N2633 /0 undetected,output,,N2633,N2633,0,undetected,N2633,N2633,N2633,sa0,1
33281,N94476 /1 undetected,output,,N94476,N94476,1,undetected,N94476,N94476,N94476,sa1,1
33282,N85374 /1 undetected,output,,N85374,N85374,1,undetected,N85374,N85374,N85374,sa1,1
33283,N2554 /1 undetected,output,,N2554,N2554,1,undetected,N2554,N2554,N2554,sa1,1
33284,N2554 /0 undetected,output,,N2554,N2554,0,undetected,N2554,N2554,N2554,sa0,1
33285,N93911 /1 undetected,output,,N93911,N93911,1,undetected,N93911,N93911,N93911,sa1,1
33286,N75407 /1 undetected,output,,N75407,N75407,1,undetected,N75407,N75407,N75407,sa1,1
33287,N2336 /0 undetected,output,,N2336,N2336,0,undetected,N2336,N2336,N2336,sa0,1
33288,N2334 /1 undetected,output,,N2334,N2334,1,undetected,N2334,N2334,N2334,sa1,1
33289,N74349 /1 undetected,output,,N74349,N74349,1,undetected,N74349,N74349,N74349,sa1,1
33290,N2032 /1 undetected,output,,N2032,N2032,1,undetected,N2032,N2032,N2032,sa1,1
33291,N2332 /1 undetected,output,,N2332,N2332,1,undetected,N2332,N2332,N2332,sa1,1
33292,N2330 /1 undetected,output,,N2330,N2330,1,undetected,N2330,N2330,N2330,sa1,1
33293,N2328 /1 undetected,output,,N2328,N2328,1,undetected,N2328,N2328,N2328,sa1,1
33294,N2327 /1 undetected,output,,N2327,N2327,1,undetected,N2327,N2327,N2327,sa1,1
33295,N2326 /1 undetected,output,,N2326,N2326,1,undetected,N2326,N2326,N2326,sa1,1
33296,N83976 /1 undetected,output,,N83976,N83976,1,undetected,N83976,N83976,N83976,sa1,1
33297,N2325 /1 undetected,output,,N2325,N2325,1,undetected,N2325,N2325,N2325,sa1,1
33298,N2024 /1 undetected,output,,N2024,N2024,1,undetected,N2024,N2024,N2024,sa1,1
33299,N2022 /1 undetected,output,,N2022,N2022,1,undetected,N2022,N2022,N2022,sa1,1
33300,N2323 /1 undetected,output,,N2323,N2323,1,undetected,N2323,N2323,N2323,sa1,1
33301,N74366 /1 undetected,output,,N74366,N74366,1,undetected,N74366,N74366,N74366,sa1,1
33302,N2028 /1 undetected,output,,N2028,N2028,1,undetected,N2028,N2028,N2028,sa1,1
33303,N2321 /1 undetected,output,,N2321,N2321,1,undetected,N2321,N2321,N2321,sa1,1
33304,N2319 /1 undetected,output,,N2319,N2319,1,undetected,N2319,N2319,N2319,sa1,1
33305,N2317 /1 undetected,output,,N2317,N2317,1,undetected,N2317,N2317,N2317,sa1,1
33306,N83992 /1 undetected,output,,N83992,N83992,1,undetected,N83992,N83992,N83992,sa1,1
33307,N2316 /1 undetected,output,,N2316,N2316,1,undetected,N2316,N2316,N2316,sa1,1
33308,N74355 /1 undetected,output,,N74355,N74355,1,undetected,N74355,N74355,N74355,sa1,1
33309,N74352 /1 undetected,output,,N74352,N74352,1,undetected,N74352,N74352,N74352,sa1,1
33310,N2314 /1 undetected,output,,N2314,N2314,1,undetected,N2314,N2314,N2314,sa1,1
33311,N74361 /1 undetected,output,,N74361,N74361,1,undetected,N74361,N74361,N74361,sa1,1
33312,N74358 /1 undetected,output,,N74358,N74358,1,undetected,N74358,N74358,N74358,sa1,1
33313,N2026 /1 undetected,output,,N2026,N2026,1,undetected,N2026,N2026,N2026,sa1,1
33314,N2312 /1 undetected,output,,N2312,N2312,1,undetected,N2312,N2312,N2312,sa1,1
33315,N74369 /1 undetected,output,,N74369,N74369,1,undetected,N74369,N74369,N74369,sa1,1
33316,N2030 /1 undetected,output,,N2030,N2030,1,undetected,N2030,N2030,N2030,sa1,1
33317,N2034 /1 undetected,output,,N2034,N2034,1,undetected,N2034,N2034,N2034,sa1,1
33318,N10886 /1 undetected,output,,N10886,N10886,1,undetected,N10886,N10886,N10886,sa1,1
33319,N10884 /1 undetected,output,,N10884,N10884,1,undetected,N10884,N10884,N10884,sa1,1
33320,N10883 /1 undetected,output,,N10883,N10883,1,undetected,N10883,N10883,N10883,sa1,1
33321,N99578 /1 undetected,output,,N99578,N99578,1,undetected,N99578,N99578,N99578,sa1,1
33322,N10878 /1 undetected,output,,N10878,N10878,1,undetected,N10878,N10878,N10878,sa1,1
33323,N10873 /1 undetected,output,,N10873,N10873,1,undetected,N10873,N10873,N10873,sa1,1
33324,N99582 /1 undetected,output,,N99582,N99582,1,undetected,N99582,N99582,N99582,sa1,1
33325,N87303 /1 undetected,output,,N87303,N87303,1,undetected,N87303,N87303,N87303,sa1,1
33326,N10871 /1 undetected,output,,N10871,N10871,1,undetected,N10871,N10871,N10871,sa1,1
33327,N99584 /1 undetected,output,,N99584,N99584,1,undetected,N99584,N99584,N99584,sa1,1
33328,N78128 /1 undetected,output,,N78128,N78128,1,undetected,N78128,N78128,N78128,sa1,1
33329,N10881 /1 undetected,output,,N10881,N10881,1,undetected,N10881,N10881,N10881,sa1,1
33330,N10879 /1 undetected,output,,N10879,N10879,1,undetected,N10879,N10879,N10879,sa1,1
33331,N10877 /1 undetected,output,,N10877,N10877,1,undetected,N10877,N10877,N10877,sa1,1
33332,N99583 /1 undetected,output,,N99583,N99583,1,undetected,N99583,N99583,N99583,sa1,1
33333,N78129 /1 undetected,output,,N78129,N78129,1,undetected,N78129,N78129,N78129,sa1,1
33334,N10875 /1 undetected,output,,N10875,N10875,1,undetected,N10875,N10875,N10875,sa1,1
33335,N99585 /1 undetected,output,,N99585,N99585,1,undetected,N99585,N99585,N99585,sa1,1
33336,N87304 /1 undetected,output,,N87304,N87304,1,undetected,N87304,N87304,N87304,sa1,1
33337,N10837 /1 undetected,output,,N10837,N10837,1,undetected,N10837,N10837,N10837,sa1,1
33338,N99606 /1 undetected,output,,N99606,N99606,1,undetected,N99606,N99606,N99606,sa1,1
33339,N10939 /1 undetected,output,,N10939,N10939,1,undetected,N10939,N10939,N10939,sa1,1
33340,N78229 /1 undetected,output,,N78229,N78229,1,undetected,N78229,N78229,N78229,sa1,1
33341,N10670 /1 undetected,output,,N10670,N10670,1,undetected,N10670,N10670,N10670,sa1,1
33342,N79002 /1 undetected,output,,N79002,N79002,1,undetected,N79002,N79002,N79002,sa1,1
33343,N87893 /1 undetected,output,,N87893,N87893,1,undetected,N87893,N87893,N87893,sa1,1
33344,N122062 /1 undetected,output,,N122062,N122062,1,undetected,N122062,N122062,N122062,sa1,1
33345,N45024 /1 undetected,output,,N45024,N45024,1,undetected,N45024,N45024,N45024,sa1,1
33346,N117657 /1 undetected,output,,N117657,N117657,1,undetected,N117657,N117657,N117657,sa1,1
33347,N88802 /1 undetected,output,,N88802,N88802,1,undetected,N88802,N88802,N88802,sa1,1
33348,N88747 /1 undetected,output,,N88747,N88747,1,undetected,N88747,N88747,N88747,sa1,1
33349,N88736 /1 undetected,output,,N88736,N88736,1,undetected,N88736,N88736,N88736,sa1,1
33350,N122070 /1 undetected,output,,N122070,N122070,1,undetected,N122070,N122070,N122070,sa1,1
33351,N79040 /1 undetected,output,,N79040,N79040,1,undetected,N79040,N79040,N79040,sa1,1
33352,N23098 /1 undetected,output,,N23098,N23098,1,undetected,N23098,N23098,N23098,sa1,1
33353,N19675 /1 undetected,output,,N19675,N19675,1,undetected,N19675,N19675,N19675,sa1,1
33354,N19675 /0 undetected,output,,N19675,N19675,0,undetected,N19675,N19675,N19675,sa0,1
33355,N99890 /1 undetected,output,,N99890,N99890,1,undetected,N99890,N99890,N99890,sa1,1
33356,N99821 /1 undetected,output,,N99821,N99821,1,undetected,N99821,N99821,N99821,sa1,1
33357,N17896 /1 undetected,output,,N17896,N17896,1,undetected,N17896,N17896,N17896,sa1,1
33358,N17896 /0 undetected,output,,N17896,N17896,0,undetected,N17896,N17896,N17896,sa0,1
33359,N91957 /1 undetected,output,,N91957,N91957,1,undetected,N91957,N91957,N91957,sa1,1
33360,N17895 /1 undetected,output,,N17895,N17895,1,undetected,N17895,N17895,N17895,sa1,1
33361,N93147 /1 undetected,output,,N93147,N93147,1,undetected,N93147,N93147,N93147,sa1,1
33362,N91965 /1 undetected,output,,N91965,N91965,1,undetected,N91965,N91965,N91965,sa1,1
33363,N16412 /0 undetected,output,,N16412,N16412,0,undetected,N16412,N16412,N16412,sa0,1
33364,N94743 /1 undetected,output,,N94743,N94743,1,undetected,N94743,N94743,N94743,sa1,1
33365,N16031 /1 undetected,output,,N16031,N16031,1,undetected,N16031,N16031,N16031,sa1,1
33366,N16031 /0 undetected,output,,N16031,N16031,0,undetected,N16031,N16031,N16031,sa0,1
33367,N101683 /1 undetected,output,,N101683,N101683,1,undetected,N101683,N101683,N101683,sa1,1
33368,N95338 /1 undetected,output,,N95338,N95338,1,undetected,N95338,N95338,N95338,sa1,1
33369,N99892 /1 undetected,output,,N99892,N99892,1,undetected,N99892,N99892,N99892,sa1,1
33370,N76713 /1 undetected,output,,N76713,N76713,1,undetected,N76713,N76713,N76713,sa1,1
33371,N94740 /1 undetected,output,,N94740,N94740,1,undetected,N94740,N94740,N94740,sa1,1
33372,N11571 /1 undetected,output,,N11571,N11571,1,undetected,N11571,N11571,N11571,sa1,1
33373,N11571 /0 undetected,output,,N11571,N11571,0,undetected,N11571,N11571,N11571,sa0,1
33374,N99992 /1 undetected,output,,N99992,N99992,1,undetected,N99992,N99992,N99992,sa1,1
33375,N99889 /1 undetected,output,,N99889,N99889,1,undetected,N99889,N99889,N99889,sa1,1
33376,N11565 /0 undetected,output,,N11565,N11565,0,undetected,N11565,N11565,N11565,sa0,1
33377,N99879 /1 undetected,output,,N99879,N99879,1,undetected,N99879,N99879,N99879,sa1,1
33378,N11561 /1 undetected,output,,N11561,N11561,1,undetected,N11561,N11561,N11561,sa1,1
33379,N99878 /1 undetected,output,,N99878,N99878,1,undetected,N99878,N99878,N99878,sa1,1
33380,N77075 /1 undetected,output,,N77075,N77075,1,undetected,N77075,N77075,N77075,sa1,1
33381,N11497 /1 undetected,output,,N11497,N11497,1,undetected,N11497,N11497,N11497,sa1,1
33382,N11497 /0 undetected,output,,N11497,N11497,0,undetected,N11497,N11497,N11497,sa0,1
33383,N99891 /1 undetected,output,,N99891,N99891,1,undetected,N99891,N99891,N99891,sa1,1
33384,N99826 /1 undetected,output,,N99826,N99826,1,undetected,N99826,N99826,N99826,sa1,1
33385,N11493 /1 undetected,output,,N11493,N11493,1,undetected,N11493,N11493,N11493,sa1,1
33386,N11493 /0 undetected,output,,N11493,N11493,0,undetected,N11493,N11493,N11493,sa0,1
33387,N99877 /1 undetected,output,,N99877,N99877,1,undetected,N99877,N99877,N99877,sa1,1
33388,N92524 /1 undetected,output,,N92524,N92524,1,undetected,N92524,N92524,N92524,sa1,1
33389,N3253 /1 undetected,output,,N3253,N3253,1,undetected,N3253,N3253,N3253,sa1,1
33390,N3253 /0 undetected,output,,N3253,N3253,0,undetected,N3253,N3253,N3253,sa0,1
33391,N91956 /1 undetected,output,,N91956,N91956,1,undetected,N91956,N91956,N91956,sa1,1
33392,N3252 /1 undetected,output,,N3252,N3252,1,undetected,N3252,N3252,N3252,sa1,1
33393,N91968 /1 undetected,output,,N91968,N91968,1,undetected,N91968,N91968,N91968,sa1,1
33394,N84015 /1 undetected,output,,N84015,N84015,1,undetected,N84015,N84015,N84015,sa1,1
33395,N2353 /1 undetected,output,,N2353,N2353,1,undetected,N2353,N2353,N2353,sa1,1
33396,N2353 /0 undetected,output,,N2353,N2353,0,undetected,N2353,N2353,N2353,sa0,1
33397,N91955 /1 undetected,output,,N91955,N91955,1,undetected,N91955,N91955,N91955,sa1,1
33398,N84003 /1 undetected,output,,N84003,N84003,1,undetected,N84003,N84003,N84003,sa1,1
33399,N2307 /0 undetected,output,,N2307,N2307,0,undetected,N2307,N2307,N2307,sa0,1
33400,N93113 /1 undetected,output,,N93113,N93113,1,undetected,N93113,N93113,N93113,sa1,1
33401,N2276 /1 undetected,output,,N2276,N2276,1,undetected,N2276,N2276,N2276,sa1,1
33402,N2276 /0 undetected,output,,N2276,N2276,0,undetected,N2276,N2276,N2276,sa0,1
33403,N93112 /1 undetected,output,,N93112,N93112,1,undetected,N93112,N93112,N93112,sa1,1
33404,N83957 /1 undetected,output,,N83957,N83957,1,undetected,N83957,N83957,N83957,sa1,1
33405,N2049 /1 undetected,output,,N2049,N2049,1,undetected,N2049,N2049,N2049,sa1,1
33406,N2049 /0 undetected,output,,N2049,N2049,0,undetected,N2049,N2049,N2049,sa0,1
33407,N91954 /1 undetected,output,,N91954,N91954,1,undetected,N91954,N91954,N91954,sa1,1
33408,N2048 /1 undetected,output,,N2048,N2048,1,undetected,N2048,N2048,N2048,sa1,1
33409,N91975 /1 undetected,output,,N91975,N91975,1,undetected,N91975,N91975,N91975,sa1,1
33410,N83952 /1 undetected,output,,N83952,N83952,1,undetected,N83952,N83952,N83952,sa1,1
33411,N84460 /1 undetected,output,,N84460,N84460,1,undetected,N84460,N84460,N84460,sa1,1
33412,N77182 /1 undetected,output,,N77182,N77182,1,undetected,N77182,N77182,N77182,sa1,1
33413,N87839 /1 undetected,output,,N87839,N87839,1,undetected,N87839,N87839,N87839,sa1,1
33414,N122166 /1 undetected,output,,N122166,N122166,1,undetected,N122166,N122166,N122166,sa1,1
33415,N87935 /1 undetected,output,,N87935,N87935,1,undetected,N87935,N87935,N87935,sa1,1
33416,N87767 /1 undetected,output,,N87767,N87767,1,undetected,N87767,N87767,N87767,sa1,1
33417,N78976 /1 undetected,output,,N78976,N78976,1,undetected,N78976,N78976,N78976,sa1,1
33418,N89780 /1 undetected,output,,N89780,N89780,1,undetected,N89780,N89780,N89780,sa1,1
33419,N80296 /1 undetected,output,,N80296,N80296,1,undetected,N80296,N80296,N80296,sa1,1
33420,N75096 /1 undetected,output,,N75096,N75096,1,undetected,N75096,N75096,N75096,sa1,1
33421,N92499 /1 undetected,output,,N92499,N92499,1,undetected,N92499,N92499,N92499,sa1,1
33422,N102341 /1 undetected,output,,N102341,N102341,1,undetected,N102341,N102341,N102341,sa1,1
33423,N74642 /1 undetected,output,,N74642,N74642,1,undetected,N74642,N74642,N74642,sa1,1
33424,N89336 /1 undetected,output,,N89336,N89336,1,undetected,N89336,N89336,N89336,sa1,1
33425,N82339 /1 undetected,output,,N82339,N82339,1,undetected,N82339,N82339,N82339,sa1,1
33426,N82338 /1 undetected,output,,N82338,N82338,1,undetected,N82338,N82338,N82338,sa1,1
33427,N87878 /1 undetected,output,,N87878,N87878,1,undetected,N87878,N87878,N87878,sa1,1
33428,N124564 /1 undetected,output,,N124564,N124564,1,undetected,N124564,N124564,N124564,sa1,1
33429,N82365 /1 undetected,output,,N82365,N82365,1,undetected,N82365,N82365,N82365,sa1,1
33430,N99736 /1 undetected,output,,N99736,N99736,1,undetected,N99736,N99736,N99736,sa1,1
33431,N17651 /1 undetected,output,,N17651,N17651,1,undetected,N17651,N17651,N17651,sa1,1
33432,N87256 /1 undetected,output,,N87256,N87256,1,undetected,N87256,N87256,N87256,sa1,1
33433,N17406 /1 undetected,output,,N17406,N17406,1,undetected,N17406,N17406,N17406,sa1,1
33434,N87212 /1 undetected,output,,N87212,N87212,1,undetected,N87212,N87212,N87212,sa1,1
33435,N17401 /1 undetected,output,,N17401,N17401,1,undetected,N17401,N17401,N17401,sa1,1
33436,N103392 /1 undetected,output,,N103392,N103392,1,undetected,N103392,N103392,N103392,sa1,1
33437,N99279 /1 undetected,output,,N99279,N99279,1,undetected,N99279,N99279,N99279,sa1,1
33438,N17400 /1 undetected,output,,N17400,N17400,1,undetected,N17400,N17400,N17400,sa1,1
33439,N103439 /1 undetected,output,,N103439,N103439,1,undetected,N103439,N103439,N103439,sa1,1
33440,N99241 /1 undetected,output,,N99241,N99241,1,undetected,N99241,N99241,N99241,sa1,1
33441,N17396 /1 undetected,output,,N17396,N17396,1,undetected,N17396,N17396,N17396,sa1,1
33442,N103391 /1 undetected,output,,N103391,N103391,1,undetected,N103391,N103391,N103391,sa1,1
33443,N99282 /1 undetected,output,,N99282,N99282,1,undetected,N99282,N99282,N99282,sa1,1
33444,N17395 /1 undetected,output,,N17395,N17395,1,undetected,N17395,N17395,N17395,sa1,1
33445,N17393 /1 undetected,output,,N17393,N17393,1,undetected,N17393,N17393,N17393,sa1,1
33446,N11392 /0 undetected,output,,N11392,N11392,0,undetected,N11392,N11392,N11392,sa0,1
33447,N10291 /1 undetected,output,,N10291,N10291,1,undetected,N10291,N10291,N10291,sa1,1
33448,N10291 /0 undetected,output,,N10291,N10291,0,undetected,N10291,N10291,N10291,sa0,1
33449,N10290 /1 undetected,output,,N10290,N10290,1,undetected,N10290,N10290,N10290,sa1,1
33450,N78369 /1 undetected,output,,N78369,N78369,1,undetected,N78369,N78369,N78369,sa1,1
33451,N10285 /1 undetected,output,,N10285,N10285,1,undetected,N10285,N10285,N10285,sa1,1
33452,N10280 /1 undetected,output,,N10280,N10280,1,undetected,N10280,N10280,N10280,sa1,1
33453,N99277 /1 undetected,output,,N99277,N99277,1,undetected,N99277,N99277,N99277,sa1,1
33454,N99267 /1 undetected,output,,N99267,N99267,1,undetected,N99267,N99267,N99267,sa1,1
33455,N10278 /1 undetected,output,,N10278,N10278,1,undetected,N10278,N10278,N10278,sa1,1
33456,N99280 /1 undetected,output,,N99280,N99280,1,undetected,N99280,N99280,N99280,sa1,1
33457,N99264 /1 undetected,output,,N99264,N99264,1,undetected,N99264,N99264,N99264,sa1,1
33458,N10288 /1 undetected,output,,N10288,N10288,1,undetected,N10288,N10288,N10288,sa1,1
33459,N87367 /1 undetected,output,,N87367,N87367,1,undetected,N87367,N87367,N87367,sa1,1
33460,N10286 /1 undetected,output,,N10286,N10286,1,undetected,N10286,N10286,N10286,sa1,1
33461,N10284 /1 undetected,output,,N10284,N10284,1,undetected,N10284,N10284,N10284,sa1,1
33462,N99278 /1 undetected,output,,N99278,N99278,1,undetected,N99278,N99278,N99278,sa1,1
33463,N99265 /1 undetected,output,,N99265,N99265,1,undetected,N99265,N99265,N99265,sa1,1
33464,N10282 /1 undetected,output,,N10282,N10282,1,undetected,N10282,N10282,N10282,sa1,1
33465,N99281 /1 undetected,output,,N99281,N99281,1,undetected,N99281,N99281,N99281,sa1,1
33466,N99268 /1 undetected,output,,N99268,N99268,1,undetected,N99268,N99268,N99268,sa1,1
33467,N17505 /1 undetected,output,,N17505,N17505,1,undetected,N17505,N17505,N17505,sa1,1
33468,N17505 /0 undetected,output,,N17505,N17505,0,undetected,N17505,N17505,N17505,sa0,1
33469,N103397 /1 undetected,output,,N103397,N103397,1,undetected,N103397,N103397,N103397,sa1,1
33470,N99398 /1 undetected,output,,N99398,N99398,1,undetected,N99398,N99398,N99398,sa1,1
33471,N17487 /1 undetected,output,,N17487,N17487,1,undetected,N17487,N17487,N17487,sa1,1
33472,N17487 /0 undetected,output,,N17487,N17487,0,undetected,N17487,N17487,N17487,sa0,1
33473,N99393 /1 undetected,output,,N99393,N99393,1,undetected,N99393,N99393,N99393,sa1,1
33474,N99242 /1 undetected,output,,N99242,N99242,1,undetected,N99242,N99242,N99242,sa1,1
33475,N121267 /1 undetected,output,,N121267,N121267,1,undetected,N121267,N121267,N121267,sa1,1
33476,N87993 /1 undetected,output,,N87993,N87993,1,undetected,N87993,N87993,N87993,sa1,1
33477,N90466 /1 undetected,output,,N90466,N90466,1,undetected,N90466,N90466,N90466,sa1,1
33478,N87922 /1 undetected,output,,N87922,N87922,1,undetected,N87922,N87922,N87922,sa1,1
33479,N15649 /1 undetected,output,,N15649,N15649,1,undetected,N15649,N15649,N15649,sa1,1
33480,N15649 /0 undetected,output,,N15649,N15649,0,undetected,N15649,N15649,N15649,sa0,1
33481,N102668 /1 undetected,output,,N102668,N102668,1,undetected,N102668,N102668,N102668,sa1,1
33482,N84032 /1 undetected,output,,N84032,N84032,1,undetected,N84032,N84032,N84032,sa1,1
33483,N126260 /1 undetected,output,,N126260,N126260,1,undetected,N126260,N126260,N126260,sa1,1
33484,N90467 /1 undetected,output,,N90467,N90467,1,undetected,N90467,N90467,N90467,sa1,1
33485,N87876 /1 undetected,output,,N87876,N87876,1,undetected,N87876,N87876,N87876,sa1,1
33486,N79033 /1 undetected,output,,N79033,N79033,1,undetected,N79033,N79033,N79033,sa1,1
33487,N28969 /1 undetected,output,,N28969,N28969,1,undetected,N28969,N28969,N28969,sa1,1
33488,N111881 /1 undetected,output,,N111881,N111881,1,undetected,N111881,N111881,N111881,sa1,1
33489,N26248 /1 undetected,output,,N26248,N26248,1,undetected,N26248,N26248,N26248,sa1,1
33490,N14196 /1 undetected,output,,N14196,N14196,1,undetected,N14196,N14196,N14196,sa1,1
33491,N14196 /0 undetected,output,,N14196,N14196,0,undetected,N14196,N14196,N14196,sa0,1
33492,N94741 /1 undetected,output,,N94741,N94741,1,undetected,N94741,N94741,N94741,sa1,1
33493,N14194 /1 undetected,output,,N14194,N14194,1,undetected,N14194,N14194,N14194,sa1,1
33494,N75283 /1 undetected,output,,N75283,N75283,1,undetected,N75283,N75283,N75283,sa1,1
33495,N14193 /1 undetected,output,,N14193,N14193,1,undetected,N14193,N14193,N14193,sa1,1
33496,N101550 /1 undetected,output,,N101550,N101550,1,undetected,N101550,N101550,N101550,sa1,1
33497,N76772 /1 undetected,output,,N76772,N76772,1,undetected,N76772,N76772,N76772,sa1,1
33498,N12676 /0 undetected,output,,N12676,N12676,0,undetected,N12676,N12676,N12676,sa0,1
33499,N92949 /1 undetected,output,,N92949,N92949,1,undetected,N92949,N92949,N92949,sa1,1
33500,N91944 /1 undetected,output,,N91944,N91944,1,undetected,N91944,N91944,N91944,sa1,1
33501,N12574 /1 undetected,output,,N12574,N12574,1,undetected,N12574,N12574,N12574,sa1,1
33502,N92035 /1 undetected,output,,N92035,N92035,1,undetected,N92035,N92035,N92035,sa1,1
33503,N84017 /1 undetected,output,,N84017,N84017,1,undetected,N84017,N84017,N84017,sa1,1
33504,N100612 /1 undetected,output,,N100612,N100612,1,undetected,N100612,N100612,N100612,sa1,1
33505,N100374 /1 undetected,output,,N100374,N100374,1,undetected,N100374,N100374,N100374,sa1,1
33506,N8698 /1 undetected,output,,N8698,N8698,1,undetected,N8698,N8698,N8698,sa1,1
33507,N2632 /1 undetected,output,,N2632,N2632,1,undetected,N2632,N2632,N2632,sa1,1
33508,N2632 /0 undetected,output,,N2632,N2632,0,undetected,N2632,N2632,N2632,sa0,1
33509,N93717 /1 undetected,output,,N93717,N93717,1,undetected,N93717,N93717,N93717,sa1,1
33510,N2630 /1 undetected,output,,N2630,N2630,1,undetected,N2630,N2630,N2630,sa1,1
33511,N99544 /1 undetected,output,,N99544,N99544,1,undetected,N99544,N99544,N99544,sa1,1
33512,N10669 /0 undetected,output,,N10669,N10669,0,undetected,N10669,N10669,N10669,sa0,1
33513,N10668 /1 undetected,output,,N10668,N10668,1,undetected,N10668,N10668,N10668,sa1,1
33514,N10666 /1 undetected,output,,N10666,N10666,1,undetected,N10666,N10666,N10666,sa1,1
33515,N99524 /1 undetected,output,,N99524,N99524,1,undetected,N99524,N99524,N99524,sa1,1
33516,N99515 /1 undetected,output,,N99515,N99515,1,undetected,N99515,N99515,N99515,sa1,1
33517,N10664 /1 undetected,output,,N10664,N10664,1,undetected,N10664,N10664,N10664,sa1,1
33518,N99522 /1 undetected,output,,N99522,N99522,1,undetected,N99522,N99522,N99522,sa1,1
33519,N99517 /1 undetected,output,,N99517,N99517,1,undetected,N99517,N99517,N99517,sa1,1
33520,N11186 /1 undetected,output,,N11186,N11186,1,undetected,N11186,N11186,N11186,sa1,1
33521,N99699 /1 undetected,output,,N99699,N99699,1,undetected,N99699,N99699,N99699,sa1,1
33522,N99215 /1 undetected,output,,N99215,N99215,1,undetected,N99215,N99215,N99215,sa1,1
33523,N11184 /1 undetected,output,,N11184,N11184,1,undetected,N11184,N11184,N11184,sa1,1
33524,N11184 /0 undetected,output,,N11184,N11184,0,undetected,N11184,N11184,N11184,sa0,1
33525,N82368 /1 undetected,output,,N82368,N82368,1,undetected,N82368,N82368,N82368,sa1,1
33526,N87886 /1 undetected,output,,N87886,N87886,1,undetected,N87886,N87886,N87886,sa1,1
33527,N80319 /1 undetected,output,,N80319,N80319,1,undetected,N80319,N80319,N80319,sa1,1
33528,N80313 /1 undetected,output,,N80313,N80313,1,undetected,N80313,N80313,N80313,sa1,1
33529,N80308 /1 undetected,output,,N80308,N80308,1,undetected,N80308,N80308,N80308,sa1,1
33530,N80303 /1 undetected,output,,N80303,N80303,1,undetected,N80303,N80303,N80303,sa1,1
33531,N80298 /1 undetected,output,,N80298,N80298,1,undetected,N80298,N80298,N80298,sa1,1
33532,N80291 /1 undetected,output,,N80291,N80291,1,undetected,N80291,N80291,N80291,sa1,1
33533,N80286 /1 undetected,output,,N80286,N80286,1,undetected,N80286,N80286,N80286,sa1,1
33534,N80279 /1 undetected,output,,N80279,N80279,1,undetected,N80279,N80279,N80279,sa1,1
33535,N80274 /1 undetected,output,,N80274,N80274,1,undetected,N80274,N80274,N80274,sa1,1
33536,N80272 /1 undetected,output,,N80272,N80272,1,undetected,N80272,N80272,N80272,sa1,1
33537,N80266 /1 undetected,output,,N80266,N80266,1,undetected,N80266,N80266,N80266,sa1,1
33538,N80262 /1 undetected,output,,N80262,N80262,1,undetected,N80262,N80262,N80262,sa1,1
33539,N80257 /1 undetected,output,,N80257,N80257,1,undetected,N80257,N80257,N80257,sa1,1
33540,N80252 /1 undetected,output,,N80252,N80252,1,undetected,N80252,N80252,N80252,sa1,1
33541,N80248 /1 undetected,output,,N80248,N80248,1,undetected,N80248,N80248,N80248,sa1,1
33542,N80244 /1 undetected,output,,N80244,N80244,1,undetected,N80244,N80244,N80244,sa1,1
33543,N80239 /1 undetected,output,,N80239,N80239,1,undetected,N80239,N80239,N80239,sa1,1
33544,N80235 /1 undetected,output,,N80235,N80235,1,undetected,N80235,N80235,N80235,sa1,1
33545,N80231 /1 undetected,output,,N80231,N80231,1,undetected,N80231,N80231,N80231,sa1,1
33546,N80222 /1 undetected,output,,N80222,N80222,1,undetected,N80222,N80222,N80222,sa1,1
33547,N80217 /1 undetected,output,,N80217,N80217,1,undetected,N80217,N80217,N80217,sa1,1
33548,N80211 /1 undetected,output,,N80211,N80211,1,undetected,N80211,N80211,N80211,sa1,1
33549,N80202 /1 undetected,output,,N80202,N80202,1,undetected,N80202,N80202,N80202,sa1,1
33550,N80197 /1 undetected,output,,N80197,N80197,1,undetected,N80197,N80197,N80197,sa1,1
33551,N7605 /1 undetected,output,,N7605,N7605,1,undetected,N7605,N7605,N7605,sa1,1
33552,N75472 /1 undetected,output,,N75472,N75472,1,undetected,N75472,N75472,N75472,sa1,1
33553,N82422 /1 undetected,output,,N82422,N82422,1,undetected,N82422,N82422,N82422,sa1,1
33554,N82337 /1 undetected,output,,N82337,N82337,1,undetected,N82337,N82337,N82337,sa1,1
33555,N61694 /1 undetected,output,,N61694,N61694,1,undetected,N61694,N61694,N61694,sa1,1
33556,N87938 /1 undetected,output,,N87938,N87938,1,undetected,N87938,N87938,N87938,sa1,1
33557,N121350 /1 undetected,output,,N121350,N121350,1,undetected,N121350,N121350,N121350,sa1,1
33558,N87884 /1 undetected,output,,N87884,N87884,1,undetected,N87884,N87884,N87884,sa1,1
33559,N82279 /1 undetected,output,,N82279,N82279,1,undetected,N82279,N82279,N82279,sa1,1
33560,N79196 /1 undetected,output,,N79196,N79196,1,undetected,N79196,N79196,N79196,sa1,1
33561,N89321 /1 undetected,output,,N89321,N89321,1,undetected,N89321,N89321,N89321,sa1,1
33562,N89778 /1 undetected,output,,N89778,N89778,1,undetected,N89778,N89778,N89778,sa1,1
33563,N24711 /1 undetected,output,,N24711,N24711,1,undetected,N24711,N24711,N24711,sa1,1
33564,N18423 /1 undetected,output,,N18423,N18423,1,undetected,N18423,N18423,N18423,sa1,1
33565,N18423 /0 undetected,output,,N18423,N18423,0,undetected,N18423,N18423,N18423,sa0,1
33566,N101742 /1 undetected,output,,N101742,N101742,1,undetected,N101742,N101742,N101742,sa1,1
33567,N92972 /1 undetected,output,,N92972,N92972,1,undetected,N92972,N92972,N92972,sa1,1
33568,N14360 /1 undetected,output,,N14360,N14360,1,undetected,N14360,N14360,N14360,sa1,1
33569,N14360 /0 undetected,output,,N14360,N14360,0,undetected,N14360,N14360,N14360,sa0,1
33570,N101741 /1 undetected,output,,N101741,N101741,1,undetected,N101741,N101741,N101741,sa1,1
33571,N76271 /1 undetected,output,,N76271,N76271,1,undetected,N76271,N76271,N76271,sa1,1
33572,N55030 /1 undetected,output,,N55030,N55030,1,undetected,N55030,N55030,N55030,sa1,1
33573,N55030 /0 undetected,output,,N55030,N55030,0,undetected,N55030,N55030,N55030,sa0,1
33574,N109006 /1 undetected,output,,N109006,N109006,1,undetected,N109006,N109006,N109006,sa1,1
33575,N108911 /1 undetected,output,,N108911,N108911,1,undetected,N108911,N108911,N108911,sa1,1
33576,N19435 /1 undetected,output,,N19435,N19435,1,undetected,N19435,N19435,N19435,sa1,1
33577,N19435 /0 undetected,output,,N19435,N19435,0,undetected,N19435,N19435,N19435,sa0,1
33578,N93719 /1 undetected,output,,N93719,N93719,1,undetected,N93719,N93719,N93719,sa1,1
33579,N75323 /1 undetected,output,,N75323,N75323,1,undetected,N75323,N75323,N75323,sa1,1
33580,N16356 /0 undetected,output,,N16356,N16356,0,undetected,N16356,N16356,N16356,sa0,1
33581,N101681 /1 undetected,output,,N101681,N101681,1,undetected,N101681,N101681,N101681,sa1,1
33582,N100380 /1 undetected,output,,N100380,N100380,1,undetected,N100380,N100380,N100380,sa1,1
33583,N16151 /1 undetected,output,,N16151,N16151,1,undetected,N16151,N16151,N16151,sa1,1
33584,N16151 /0 undetected,output,,N16151,N16151,0,undetected,N16151,N16151,N16151,sa0,1
33585,N101680 /1 undetected,output,,N101680,N101680,1,undetected,N101680,N101680,N101680,sa1,1
33586,N16150 /1 undetected,output,,N16150,N16150,1,undetected,N16150,N16150,N16150,sa1,1
33587,N92024 /1 undetected,output,,N92024,N92024,1,undetected,N92024,N92024,N92024,sa1,1
33588,N76273 /1 undetected,output,,N76273,N76273,1,undetected,N76273,N76273,N76273,sa1,1
33589,N14275 /1 undetected,output,,N14275,N14275,1,undetected,N14275,N14275,N14275,sa1,1
33590,N14275 /0 undetected,output,,N14275,N14275,0,undetected,N14275,N14275,N14275,sa0,1
33591,N101678 /1 undetected,output,,N101678,N101678,1,undetected,N101678,N101678,N101678,sa1,1
33592,N92025 /1 undetected,output,,N92025,N92025,1,undetected,N92025,N92025,N92025,sa1,1
33593,N12569 /0 undetected,output,,N12569,N12569,0,undetected,N12569,N12569,N12569,sa0,1
33594,N91943 /1 undetected,output,,N91943,N91943,1,undetected,N91943,N91943,N91943,sa1,1
33595,N92034 /1 undetected,output,,N92034,N92034,1,undetected,N92034,N92034,N92034,sa1,1
33596,N11496 /1 undetected,output,,N11496,N11496,1,undetected,N11496,N11496,N11496,sa1,1
33597,N94739 /1 undetected,output,,N94739,N94739,1,undetected,N94739,N94739,N94739,sa1,1
33598,N94203 /1 undetected,output,,N94203,N94203,1,undetected,N94203,N94203,N94203,sa1,1
33599,N11495 /1 undetected,output,,N11495,N11495,1,undetected,N11495,N11495,N11495,sa1,1
33600,N11495 /0 undetected,output,,N11495,N11495,0,undetected,N11495,N11495,N11495,sa0,1
33601,N94738 /1 undetected,output,,N94738,N94738,1,undetected,N94738,N94738,N94738,sa1,1
33602,N94095 /1 undetected,output,,N94095,N94095,1,undetected,N94095,N94095,N94095,sa1,1
33603,N2746 /1 undetected,output,,N2746,N2746,1,undetected,N2746,N2746,N2746,sa1,1
33604,N2746 /0 undetected,output,,N2746,N2746,0,undetected,N2746,N2746,N2746,sa0,1
33605,N94736 /1 undetected,output,,N94736,N94736,1,undetected,N94736,N94736,N94736,sa1,1
33606,N94669 /1 undetected,output,,N94669,N94669,1,undetected,N94669,N94669,N94669,sa1,1
33607,N2274 /1 undetected,output,,N2274,N2274,1,undetected,N2274,N2274,N2274,sa1,1
33608,N2274 /0 undetected,output,,N2274,N2274,0,undetected,N2274,N2274,N2274,sa0,1
33609,N93109 /1 undetected,output,,N93109,N93109,1,undetected,N93109,N93109,N93109,sa1,1
33610,N91941 /1 undetected,output,,N91941,N91941,1,undetected,N91941,N91941,N91941,sa1,1
33611,N2039 /1 undetected,output,,N2039,N2039,1,undetected,N2039,N2039,N2039,sa1,1
33612,N2039 /0 undetected,output,,N2039,N2039,0,undetected,N2039,N2039,N2039,sa0,1
33613,N91949 /1 undetected,output,,N91949,N91949,1,undetected,N91949,N91949,N91949,sa1,1
33614,N91940 /1 undetected,output,,N91940,N91940,1,undetected,N91940,N91940,N91940,sa1,1
33615,N2036 /0 undetected,output,,N2036,N2036,0,undetected,N2036,N2036,N2036,sa0,1
33616,N87890 /1 undetected,output,,N87890,N87890,1,undetected,N87890,N87890,N87890,sa1,1
33617,N123389 /1 undetected,output,,N123389,N123389,1,undetected,N123389,N123389,N123389,sa1,1
33618,N56457 /1 undetected,output,,N56457,N56457,1,undetected,N56457,N56457,N56457,sa1,1
33619,N56457 /0 undetected,output,,N56457,N56457,0,undetected,N56457,N56457,N56457,sa0,1
33620,N86713 /1 undetected,output,,N86713,N86713,1,undetected,N86713,N86713,N86713,sa1,1
33621,N56455 /1 undetected,output,,N56455,N56455,1,undetected,N56455,N56455,N56455,sa1,1
33622,N98480 /1 undetected,output,,N98480,N98480,1,undetected,N98480,N98480,N98480,sa1,1
33623,N94673 /1 undetected,output,,N94673,N94673,1,undetected,N94673,N94673,N94673,sa1,1
33624,N82350 /1 undetected,output,,N82350,N82350,1,undetected,N82350,N82350,N82350,sa1,1
33625,N123747 /1 undetected,output,,N123747,N123747,1,undetected,N123747,N123747,N123747,sa1,1
33626,N48873 /1 undetected,output,,N48873,N48873,1,undetected,N48873,N48873,N48873,sa1,1
33627,N22924 /1 undetected,output,,N22924,N22924,1,undetected,N22924,N22924,N22924,sa1,1
33628,N88392 /1 undetected,output,,N88392,N88392,1,undetected,N88392,N88392,N88392,sa1,1
33629,N84449 /1 undetected,output,,N84449,N84449,1,undetected,N84449,N84449,N84449,sa1,1
33630,N12358 /1 undetected,output,,N12358,N12358,1,undetected,N12358,N12358,N12358,sa1,1
33631,N12358 /0 undetected,output,,N12358,N12358,0,undetected,N12358,N12358,N12358,sa0,1
33632,N100394 /1 undetected,output,,N100394,N100394,1,undetected,N100394,N100394,N100394,sa1,1
33633,N12355 /1 undetected,output,,N12355,N12355,1,undetected,N12355,N12355,N12355,sa1,1
33634,N99201 /1 undetected,output,,N99201,N99201,1,undetected,N99201,N99201,N99201,sa1,1
33635,N95139 /1 undetected,output,,N95139,N95139,1,undetected,N95139,N95139,N95139,sa1,1
33636,N75491 /1 undetected,output,,N75491,N75491,1,undetected,N75491,N75491,N75491,sa1,1
33637,N2751 /1 undetected,output,,N2751,N2751,1,undetected,N2751,N2751,N2751,sa1,1
33638,N2751 /0 undetected,output,,N2751,N2751,0,undetected,N2751,N2751,N2751,sa0,1
33639,N94732 /1 undetected,output,,N94732,N94732,1,undetected,N94732,N94732,N94732,sa1,1
33640,N94670 /1 undetected,output,,N94670,N94670,1,undetected,N94670,N94670,N94670,sa1,1
33641,N11330 /1 undetected,output,,N11330,N11330,1,undetected,N11330,N11330,N11330,sa1,1
33642,N11330 /0 undetected,output,,N11330,N11330,0,undetected,N11330,N11330,N11330,sa0,1
33643,N11329 /1 undetected,output,,N11329,N11329,1,undetected,N11329,N11329,N11329,sa1,1
33644,N11327 /1 undetected,output,,N11327,N11327,1,undetected,N11327,N11327,N11327,sa1,1
33645,N78088 /1 undetected,output,,N78088,N78088,1,undetected,N78088,N78088,N78088,sa1,1
33646,N11326 /1 undetected,output,,N11326,N11326,1,undetected,N11326,N11326,N11326,sa1,1
33647,N11322 /1 undetected,output,,N11322,N11322,1,undetected,N11322,N11322,N11322,sa1,1
33648,N11320 /1 undetected,output,,N11320,N11320,1,undetected,N11320,N11320,N11320,sa1,1
33649,N99732 /1 undetected,output,,N99732,N99732,1,undetected,N99732,N99732,N99732,sa1,1
33650,N99729 /1 undetected,output,,N99729,N99729,1,undetected,N99729,N99729,N99729,sa1,1
33651,N11318 /1 undetected,output,,N11318,N11318,1,undetected,N11318,N11318,N11318,sa1,1
33652,N99734 /1 undetected,output,,N99734,N99734,1,undetected,N99734,N99734,N99734,sa1,1
33653,N99727 /1 undetected,output,,N99727,N99727,1,undetected,N99727,N99727,N99727,sa1,1
33654,N1450 /1 undetected,output,,N1450,N1450,1,undetected,N1450,N1450,N1450,sa1,1
33655,N11324 /1 undetected,output,,N11324,N11324,1,undetected,N11324,N11324,N11324,sa1,1
33656,N78518 /1 undetected,output,,N78518,N78518,1,undetected,N78518,N78518,N78518,sa1,1
33657,N11321 /1 undetected,output,,N11321,N11321,1,undetected,N11321,N11321,N11321,sa1,1
33658,N11316 /1 undetected,output,,N11316,N11316,1,undetected,N11316,N11316,N11316,sa1,1
33659,N99731 /1 undetected,output,,N99731,N99731,1,undetected,N99731,N99731,N99731,sa1,1
33660,N99726 /1 undetected,output,,N99726,N99726,1,undetected,N99726,N99726,N99726,sa1,1
33661,N11314 /1 undetected,output,,N11314,N11314,1,undetected,N11314,N11314,N11314,sa1,1
33662,N99733 /1 undetected,output,,N99733,N99733,1,undetected,N99733,N99733,N99733,sa1,1
33663,N99728 /1 undetected,output,,N99728,N99728,1,undetected,N99728,N99728,N99728,sa1,1
33664,N11256 /1 undetected,output,,N11256,N11256,1,undetected,N11256,N11256,N11256,sa1,1
33665,N11254 /1 undetected,output,,N11254,N11254,1,undetected,N11254,N11254,N11254,sa1,1
33666,N83718 /1 undetected,output,,N83718,N83718,1,undetected,N83718,N83718,N83718,sa1,1
33667,N11251 /1 undetected,output,,N11251,N11251,1,undetected,N11251,N11251,N11251,sa1,1
33668,N99709 /1 undetected,output,,N99709,N99709,1,undetected,N99709,N99709,N99709,sa1,1
33669,N11249 /1 undetected,output,,N11249,N11249,1,undetected,N11249,N11249,N11249,sa1,1
33670,N11247 /1 undetected,output,,N11247,N11247,1,undetected,N11247,N11247,N11247,sa1,1
33671,N99717 /1 undetected,output,,N99717,N99717,1,undetected,N99717,N99717,N99717,sa1,1
33672,N99711 /1 undetected,output,,N99711,N99711,1,undetected,N99711,N99711,N99711,sa1,1
33673,N11245 /1 undetected,output,,N11245,N11245,1,undetected,N11245,N11245,N11245,sa1,1
33674,N99715 /1 undetected,output,,N99715,N99715,1,undetected,N99715,N99715,N99715,sa1,1
33675,N99713 /1 undetected,output,,N99713,N99713,1,undetected,N99713,N99713,N99713,sa1,1
33676,N11253 /1 undetected,output,,N11253,N11253,1,undetected,N11253,N11253,N11253,sa1,1
33677,N11248 /1 undetected,output,,N11248,N11248,1,undetected,N11248,N11248,N11248,sa1,1
33678,N11243 /1 undetected,output,,N11243,N11243,1,undetected,N11243,N11243,N11243,sa1,1
33679,N99714 /1 undetected,output,,N99714,N99714,1,undetected,N99714,N99714,N99714,sa1,1
33680,N99710 /1 undetected,output,,N99710,N99710,1,undetected,N99710,N99710,N99710,sa1,1
33681,N11241 /1 undetected,output,,N11241,N11241,1,undetected,N11241,N11241,N11241,sa1,1
33682,N99716 /1 undetected,output,,N99716,N99716,1,undetected,N99716,N99716,N99716,sa1,1
33683,N99712 /1 undetected,output,,N99712,N99712,1,undetected,N99712,N99712,N99712,sa1,1
33684,N11219 /1 undetected,output,,N11219,N11219,1,undetected,N11219,N11219,N11219,sa1,1
33685,N11088 /1 undetected,output,,N11088,N11088,1,undetected,N11088,N11088,N11088,sa1,1
33686,N11087 /1 undetected,output,,N11087,N11087,1,undetected,N11087,N11087,N11087,sa1,1
33687,N99621 /1 undetected,output,,N99621,N99621,1,undetected,N99621,N99621,N99621,sa1,1
33688,N11003 /1 undetected,output,,N11003,N11003,1,undetected,N11003,N11003,N11003,sa1,1
33689,N11005 /1 undetected,output,,N11005,N11005,1,undetected,N11005,N11005,N11005,sa1,1
33690,N99625 /1 undetected,output,,N99625,N99625,1,undetected,N99625,N99625,N99625,sa1,1
33691,N10991 /1 undetected,output,,N10991,N10991,1,undetected,N10991,N10991,N10991,sa1,1
33692,N11085 /1 undetected,output,,N11085,N11085,1,undetected,N11085,N11085,N11085,sa1,1
33693,N11082 /1 undetected,output,,N11082,N11082,1,undetected,N11082,N11082,N11082,sa1,1
33694,N78196 /1 undetected,output,,N78196,N78196,1,undetected,N78196,N78196,N78196,sa1,1
33695,N11077 /1 undetected,output,,N11077,N11077,1,undetected,N11077,N11077,N11077,sa1,1
33696,N11072 /1 undetected,output,,N11072,N11072,1,undetected,N11072,N11072,N11072,sa1,1
33697,N99646 /1 undetected,output,,N99646,N99646,1,undetected,N99646,N99646,N99646,sa1,1
33698,N99634 /1 undetected,output,,N99634,N99634,1,undetected,N99634,N99634,N99634,sa1,1
33699,N11070 /1 undetected,output,,N11070,N11070,1,undetected,N11070,N11070,N11070,sa1,1
33700,N99648 /1 undetected,output,,N99648,N99648,1,undetected,N99648,N99648,N99648,sa1,1
33701,N99636 /1 undetected,output,,N99636,N99636,1,undetected,N99636,N99636,N99636,sa1,1
33702,N11078 /1 undetected,output,,N11078,N11078,1,undetected,N11078,N11078,N11078,sa1,1
33703,N11076 /1 undetected,output,,N11076,N11076,1,undetected,N11076,N11076,N11076,sa1,1
33704,N99647 /1 undetected,output,,N99647,N99647,1,undetected,N99647,N99647,N99647,sa1,1
33705,N11074 /1 undetected,output,,N11074,N11074,1,undetected,N11074,N11074,N11074,sa1,1
33706,N99635 /1 undetected,output,,N99635,N99635,1,undetected,N99635,N99635,N99635,sa1,1
33707,N1379 /1 undetected,output,,N1379,N1379,1,undetected,N1379,N1379,N1379,sa1,1
33708,N58485 /1 undetected,output,,N58485,N58485,1,undetected,N58485,N58485,N58485,sa1,1
33709,N81436 /1 undetected,output,,N81436,N81436,1,undetected,N81436,N81436,N81436,sa1,1
33710,N58405 /1 undetected,output,,N58405,N58405,1,undetected,N58405,N58405,N58405,sa1,1
33711,N81219 /1 undetected,output,,N81219,N81219,1,undetected,N81219,N81219,N81219,sa1,1
33712,N122564 /1 undetected,output,,N122564,N122564,1,undetected,N122564,N122564,N122564,sa1,1
33713,N10937 /0 undetected,output,,N10937,N10937,0,undetected,N10937,N10937,N10937,sa0,1
33714,N10935 /1 undetected,output,,N10935,N10935,1,undetected,N10935,N10935,N10935,sa1,1
33715,N99605 /1 undetected,output,,N99605,N99605,1,undetected,N99605,N99605,N99605,sa1,1
33716,N99596 /1 undetected,output,,N99596,N99596,1,undetected,N99596,N99596,N99596,sa1,1
33717,N99603 /1 undetected,output,,N99603,N99603,1,undetected,N99603,N99603,N99603,sa1,1
33718,N99594 /1 undetected,output,,N99594,N99594,1,undetected,N99594,N99594,N99594,sa1,1
33719,N10936 /1 undetected,output,,N10936,N10936,1,undetected,N10936,N10936,N10936,sa1,1
33720,N10931 /1 undetected,output,,N10931,N10931,1,undetected,N10931,N10931,N10931,sa1,1
33721,N99602 /1 undetected,output,,N99602,N99602,1,undetected,N99602,N99602,N99602,sa1,1
33722,N10929 /1 undetected,output,,N10929,N10929,1,undetected,N10929,N10929,N10929,sa1,1
33723,N99593 /1 undetected,output,,N99593,N99593,1,undetected,N99593,N99593,N99593,sa1,1
33724,N10599 /1 undetected,output,,N10599,N10599,1,undetected,N10599,N10599,N10599,sa1,1
33725,N10597 /1 undetected,output,,N10597,N10597,1,undetected,N10597,N10597,N10597,sa1,1
33726,N99488 /1 undetected,output,,N99488,N99488,1,undetected,N99488,N99488,N99488,sa1,1
33727,N10595 /1 undetected,output,,N10595,N10595,1,undetected,N10595,N10595,N10595,sa1,1
33728,N99495 /1 undetected,output,,N99495,N99495,1,undetected,N99495,N99495,N99495,sa1,1
33729,N10598 /1 undetected,output,,N10598,N10598,1,undetected,N10598,N10598,N10598,sa1,1
33730,N10598 /0 undetected,output,,N10598,N10598,0,undetected,N10598,N10598,N10598,sa0,1
33731,N10593 /1 undetected,output,,N10593,N10593,1,undetected,N10593,N10593,N10593,sa1,1
33732,N99494 /1 undetected,output,,N99494,N99494,1,undetected,N99494,N99494,N99494,sa1,1
33733,N99487 /1 undetected,output,,N99487,N99487,1,undetected,N99487,N99487,N99487,sa1,1
33734,N10591 /1 undetected,output,,N10591,N10591,1,undetected,N10591,N10591,N10591,sa1,1
33735,N99496 /1 undetected,output,,N99496,N99496,1,undetected,N99496,N99496,N99496,sa1,1
33736,N99485 /1 undetected,output,,N99485,N99485,1,undetected,N99485,N99485,N99485,sa1,1
33737,N10459 /0 undetected,output,,N10459,N10459,0,undetected,N10459,N10459,N10459,sa0,1
33738,N78288 /1 undetected,output,,N78288,N78288,1,undetected,N78288,N78288,N78288,sa1,1
33739,N10456 /1 undetected,output,,N10456,N10456,1,undetected,N10456,N10456,N10456,sa1,1
33740,N99436 /1 undetected,output,,N99436,N99436,1,undetected,N99436,N99436,N99436,sa1,1
33741,N99423 /1 undetected,output,,N99423,N99423,1,undetected,N99423,N99423,N99423,sa1,1
33742,N99434 /1 undetected,output,,N99434,N99434,1,undetected,N99434,N99434,N99434,sa1,1
33743,N99421 /1 undetected,output,,N99421,N99421,1,undetected,N99421,N99421,N99421,sa1,1
33744,N10387 /1 undetected,output,,N10387,N10387,1,undetected,N10387,N10387,N10387,sa1,1
33745,N99389 /1 undetected,output,,N99389,N99389,1,undetected,N99389,N99389,N99389,sa1,1
33746,N99385 /1 undetected,output,,N99385,N99385,1,undetected,N99385,N99385,N99385,sa1,1
33747,N10388 /1 undetected,output,,N10388,N10388,1,undetected,N10388,N10388,N10388,sa1,1
33748,N10388 /0 undetected,output,,N10388,N10388,0,undetected,N10388,N10388,N10388,sa0,1
33749,N10383 /1 undetected,output,,N10383,N10383,1,undetected,N10383,N10383,N10383,sa1,1
33750,N99388 /1 undetected,output,,N99388,N99388,1,undetected,N99388,N99388,N99388,sa1,1
33751,N99384 /1 undetected,output,,N99384,N99384,1,undetected,N99384,N99384,N99384,sa1,1
33752,N10381 /1 undetected,output,,N10381,N10381,1,undetected,N10381,N10381,N10381,sa1,1
33753,N99386 /1 undetected,output,,N99386,N99386,1,undetected,N99386,N99386,N99386,sa1,1
33754,N99382 /1 undetected,output,,N99382,N99382,1,undetected,N99382,N99382,N99382,sa1,1
33755,N85402 /1 undetected,output,,N85402,N85402,1,undetected,N85402,N85402,N85402,sa1,1
33756,N121583 /1 undetected,output,,N121583,N121583,1,undetected,N121583,N121583,N121583,sa1,1
33757,N79218 /1 undetected,output,,N79218,N79218,1,undetected,N79218,N79218,N79218,sa1,1
33758,N79191 /1 undetected,output,,N79191,N79191,1,undetected,N79191,N79191,N79191,sa1,1
33759,N22912 /1 undetected,output,,N22912,N22912,1,undetected,N22912,N22912,N22912,sa1,1
33760,N79449 /1 undetected,output,,N79449,N79449,1,undetected,N79449,N79449,N79449,sa1,1
33761,N84737 /1 undetected,output,,N84737,N84737,1,undetected,N84737,N84737,N84737,sa1,1
33762,N15633 /0 undetected,output,,N15633,N15633,0,undetected,N15633,N15633,N15633,sa0,1
33763,N15632 /1 undetected,output,,N15632,N15632,1,undetected,N15632,N15632,N15632,sa1,1
33764,N102662 /1 undetected,output,,N102662,N102662,1,undetected,N102662,N102662,N102662,sa1,1
33765,N15631 /1 undetected,output,,N15631,N15631,1,undetected,N15631,N15631,N15631,sa1,1
33766,N102664 /1 undetected,output,,N102664,N102664,1,undetected,N102664,N102664,N102664,sa1,1
33767,N83912 /1 undetected,output,,N83912,N83912,1,undetected,N83912,N83912,N83912,sa1,1
33768,N84031 /1 undetected,output,,N84031,N84031,1,undetected,N84031,N84031,N84031,sa1,1
33769,N15625 /1 undetected,output,,N15625,N15625,1,undetected,N15625,N15625,N15625,sa1,1
33770,N102658 /1 undetected,output,,N102658,N102658,1,undetected,N102658,N102658,N102658,sa1,1
33771,N101690 /1 undetected,output,,N101690,N101690,1,undetected,N101690,N101690,N101690,sa1,1
33772,N93175 /1 undetected,output,,N93175,N93175,1,undetected,N93175,N93175,N93175,sa1,1
33773,N84007 /1 undetected,output,,N84007,N84007,1,undetected,N84007,N84007,N84007,sa1,1
33774,N122713 /1 undetected,output,,N122713,N122713,1,undetected,N122713,N122713,N122713,sa1,1
33775,N89776 /1 undetected,output,,N89776,N89776,1,undetected,N89776,N89776,N89776,sa1,1
33776,N26246 /1 undetected,output,,N26246,N26246,1,undetected,N26246,N26246,N26246,sa1,1
33777,N25624 /1 undetected,output,,N25624,N25624,1,undetected,N25624,N25624,N25624,sa1,1
33778,N24336 /1 undetected,output,,N24336,N24336,1,undetected,N24336,N24336,N24336,sa1,1
33779,N19521 /1 undetected,output,,N19521,N19521,1,undetected,N19521,N19521,N19521,sa1,1
33780,N19521 /0 undetected,output,,N19521,N19521,0,undetected,N19521,N19521,N19521,sa0,1
33781,N103907 /1 undetected,output,,N103907,N103907,1,undetected,N103907,N103907,N103907,sa1,1
33782,N94524 /1 undetected,output,,N94524,N94524,1,undetected,N94524,N94524,N94524,sa1,1
33783,N98620 /1 undetected,output,,N98620,N98620,1,undetected,N98620,N98620,N98620,sa1,1
33784,N11391 /0 undetected,output,,N11391,N11391,0,undetected,N11391,N11391,N11391,sa0,1
33785,N77889 /1 undetected,output,,N77889,N77889,1,undetected,N77889,N77889,N77889,sa1,1
33786,N11389 /1 undetected,output,,N11389,N11389,1,undetected,N11389,N11389,N11389,sa1,1
33787,N11388 /1 undetected,output,,N11388,N11388,1,undetected,N11388,N11388,N11388,sa1,1
33788,N99748 /1 undetected,output,,N99748,N99748,1,undetected,N99748,N99748,N99748,sa1,1
33789,N99740 /1 undetected,output,,N99740,N99740,1,undetected,N99740,N99740,N99740,sa1,1
33790,N87468 /1 undetected,output,,N87468,N87468,1,undetected,N87468,N87468,N87468,sa1,1
33791,N11362 /1 undetected,output,,N11362,N11362,1,undetected,N11362,N11362,N11362,sa1,1
33792,N99742 /1 undetected,output,,N99742,N99742,1,undetected,N99742,N99742,N99742,sa1,1
33793,N78618 /1 undetected,output,,N78618,N78618,1,undetected,N78618,N78618,N78618,sa1,1
33794,N11386 /1 undetected,output,,N11386,N11386,1,undetected,N11386,N11386,N11386,sa1,1
33795,N11366 /1 undetected,output,,N11366,N11366,1,undetected,N11366,N11366,N11366,sa1,1
33796,N11360 /1 undetected,output,,N11360,N11360,1,undetected,N11360,N11360,N11360,sa1,1
33797,N99739 /1 undetected,output,,N99739,N99739,1,undetected,N99739,N99739,N99739,sa1,1
33798,N78617 /1 undetected,output,,N78617,N78617,1,undetected,N78617,N78617,N78617,sa1,1
33799,N11358 /1 undetected,output,,N11358,N11358,1,undetected,N11358,N11358,N11358,sa1,1
33800,N99741 /1 undetected,output,,N99741,N99741,1,undetected,N99741,N99741,N99741,sa1,1
33801,N87467 /1 undetected,output,,N87467,N87467,1,undetected,N87467,N87467,N87467,sa1,1
33802,N99561 /1 undetected,output,,N99561,N99561,1,undetected,N99561,N99561,N99561,sa1,1
33803,N77899 /1 undetected,output,,N77899,N77899,1,undetected,N77899,N77899,N77899,sa1,1
33804,N10805 /1 undetected,output,,N10805,N10805,1,undetected,N10805,N10805,N10805,sa1,1
33805,N10803 /1 undetected,output,,N10803,N10803,1,undetected,N10803,N10803,N10803,sa1,1
33806,N77885 /1 undetected,output,,N77885,N77885,1,undetected,N77885,N77885,N77885,sa1,1
33807,N1324 /1 undetected,output,,N1324,N1324,1,undetected,N1324,N1324,N1324,sa1,1
33808,N10802 /1 undetected,output,,N10802,N10802,1,undetected,N10802,N10802,N10802,sa1,1
33809,N10748 /1 undetected,output,,N10748,N10748,1,undetected,N10748,N10748,N10748,sa1,1
33810,N10745 /1 undetected,output,,N10745,N10745,1,undetected,N10745,N10745,N10745,sa1,1
33811,N99535 /1 undetected,output,,N99535,N99535,1,undetected,N99535,N99535,N99535,sa1,1
33812,N10741 /1 undetected,output,,N10741,N10741,1,undetected,N10741,N10741,N10741,sa1,1
33813,N10739 /1 undetected,output,,N10739,N10739,1,undetected,N10739,N10739,N10739,sa1,1
33814,N99543 /1 undetected,output,,N99543,N99543,1,undetected,N99543,N99543,N99543,sa1,1
33815,N99537 /1 undetected,output,,N99537,N99537,1,undetected,N99537,N99537,N99537,sa1,1
33816,N10737 /1 undetected,output,,N10737,N10737,1,undetected,N10737,N10737,N10737,sa1,1
33817,N99541 /1 undetected,output,,N99541,N99541,1,undetected,N99541,N99541,N99541,sa1,1
33818,N99539 /1 undetected,output,,N99539,N99539,1,undetected,N99539,N99539,N99539,sa1,1
33819,N10743 /1 undetected,output,,N10743,N10743,1,undetected,N10743,N10743,N10743,sa1,1
33820,N10740 /1 undetected,output,,N10740,N10740,1,undetected,N10740,N10740,N10740,sa1,1
33821,N10735 /1 undetected,output,,N10735,N10735,1,undetected,N10735,N10735,N10735,sa1,1
33822,N99540 /1 undetected,output,,N99540,N99540,1,undetected,N99540,N99540,N99540,sa1,1
33823,N99536 /1 undetected,output,,N99536,N99536,1,undetected,N99536,N99536,N99536,sa1,1
33824,N10733 /1 undetected,output,,N10733,N10733,1,undetected,N10733,N10733,N10733,sa1,1
33825,N99542 /1 undetected,output,,N99542,N99542,1,undetected,N99542,N99542,N99542,sa1,1
33826,N99538 /1 undetected,output,,N99538,N99538,1,undetected,N99538,N99538,N99538,sa1,1
33827,N10711 /1 undetected,output,,N10711,N10711,1,undetected,N10711,N10711,N10711,sa1,1
33828,N11183 /1 undetected,output,,N11183,N11183,1,undetected,N11183,N11183,N11183,sa1,1
33829,N11182 /1 undetected,output,,N11182,N11182,1,undetected,N11182,N11182,N11182,sa1,1
33830,N99691 /1 undetected,output,,N99691,N99691,1,undetected,N99691,N99691,N99691,sa1,1
33831,N11180 /1 undetected,output,,N11180,N11180,1,undetected,N11180,N11180,N11180,sa1,1
33832,N78572 /1 undetected,output,,N78572,N78572,1,undetected,N78572,N78572,N78572,sa1,1
33833,N89648 /1 undetected,output,,N89648,N89648,1,undetected,N89648,N89648,N89648,sa1,1
33834,N79219 /1 undetected,output,,N79219,N79219,1,undetected,N79219,N79219,N79219,sa1,1
33835,N75475 /1 undetected,output,,N75475,N75475,1,undetected,N75475,N75475,N75475,sa1,1
33836,N14359 /1 undetected,output,,N14359,N14359,1,undetected,N14359,N14359,N14359,sa1,1
33837,N14359 /0 undetected,output,,N14359,N14359,0,undetected,N14359,N14359,N14359,sa0,1
33838,N82472 /1 undetected,output,,N82472,N82472,1,undetected,N82472,N82472,N82472,sa1,1
33839,N82332 /1 undetected,output,,N82332,N82332,1,undetected,N82332,N82332,N82332,sa1,1
33840,N24908 /1 undetected,output,,N24908,N24908,1,undetected,N24908,N24908,N24908,sa1,1
33841,N24908 /0 undetected,output,,N24908,N24908,0,undetected,N24908,N24908,N24908,sa0,1
33842,N19961 /1 undetected,output,,N19961,N19961,1,undetected,N19961,N19961,N19961,sa1,1
33843,N19961 /0 undetected,output,,N19961,N19961,0,undetected,N19961,N19961,N19961,sa0,1
33844,N18054 /1 undetected,output,,N18054,N18054,1,undetected,N18054,N18054,N18054,sa1,1
33845,N18054 /0 undetected,output,,N18054,N18054,0,undetected,N18054,N18054,N18054,sa0,1
33846,N95144 /1 undetected,output,,N95144,N95144,1,undetected,N95144,N95144,N95144,sa1,1
33847,N76269 /1 undetected,output,,N76269,N76269,1,undetected,N76269,N76269,N76269,sa1,1
33848,N17962 /0 undetected,output,,N17962,N17962,0,undetected,N17962,N17962,N17962,sa0,1
33849,N92959 /1 undetected,output,,N92959,N92959,1,undetected,N92959,N92959,N92959,sa1,1
33850,N16778 /1 undetected,output,,N16778,N16778,1,undetected,N16778,N16778,N16778,sa1,1
33851,N16778 /0 undetected,output,,N16778,N16778,0,undetected,N16778,N16778,N16778,sa0,1
33852,N100822 /1 undetected,output,,N100822,N100822,1,undetected,N100822,N100822,N100822,sa1,1
33853,N93308 /1 undetected,output,,N93308,N93308,1,undetected,N93308,N93308,N93308,sa1,1
33854,N16035 /0 undetected,output,,N16035,N16035,0,undetected,N16035,N16035,N16035,sa0,1
33855,N91938 /1 undetected,output,,N91938,N91938,1,undetected,N91938,N91938,N91938,sa1,1
33856,N102702 /1 undetected,output,,N102702,N102702,1,undetected,N102702,N102702,N102702,sa1,1
33857,N91962 /1 undetected,output,,N91962,N91962,1,undetected,N91962,N91962,N91962,sa1,1
33858,N91353 /1 undetected,output,,N91353,N91353,1,undetected,N91353,N91353,N91353,sa1,1
33859,N16023 /0 undetected,output,,N16023,N16023,0,undetected,N16023,N16023,N16023,sa0,1
33860,N102814 /1 undetected,output,,N102814,N102814,1,undetected,N102814,N102814,N102814,sa1,1
33861,N15764 /1 undetected,output,,N15764,N15764,1,undetected,N15764,N15764,N15764,sa1,1
33862,N15764 /0 undetected,output,,N15764,N15764,0,undetected,N15764,N15764,N15764,sa0,1
33863,N102738 /1 undetected,output,,N102738,N102738,1,undetected,N102738,N102738,N102738,sa1,1
33864,N93157 /1 undetected,output,,N93157,N93157,1,undetected,N93157,N93157,N93157,sa1,1
33865,N15759 /1 undetected,output,,N15759,N15759,1,undetected,N15759,N15759,N15759,sa1,1
33866,N15759 /0 undetected,output,,N15759,N15759,0,undetected,N15759,N15759,N15759,sa0,1
33867,N102725 /1 undetected,output,,N102725,N102725,1,undetected,N102725,N102725,N102725,sa1,1
33868,N92082 /1 undetected,output,,N92082,N92082,1,undetected,N92082,N92082,N92082,sa1,1
33869,N15718 /1 undetected,output,,N15718,N15718,1,undetected,N15718,N15718,N15718,sa1,1
33870,N15718 /0 undetected,output,,N15718,N15718,0,undetected,N15718,N15718,N15718,sa0,1
33871,N95142 /1 undetected,output,,N95142,N95142,1,undetected,N95142,N95142,N95142,sa1,1
33872,N75285 /1 undetected,output,,N75285,N75285,1,undetected,N75285,N75285,N75285,sa1,1
33873,N15702 /0 undetected,output,,N15702,N15702,0,undetected,N15702,N15702,N15702,sa0,1
33874,N15701 /1 undetected,output,,N15701,N15701,1,undetected,N15701,N15701,N15701,sa1,1
33875,N92952 /1 undetected,output,,N92952,N92952,1,undetected,N92952,N92952,N92952,sa1,1
33876,N92889 /1 undetected,output,,N92889,N92889,1,undetected,N92889,N92889,N92889,sa1,1
33877,N14274 /1 undetected,output,,N14274,N14274,1,undetected,N14274,N14274,N14274,sa1,1
33878,N14274 /0 undetected,output,,N14274,N14274,0,undetected,N14274,N14274,N14274,sa0,1
33879,N101676 /1 undetected,output,,N101676,N101676,1,undetected,N101676,N101676,N101676,sa1,1
33880,N92873 /1 undetected,output,,N92873,N92873,1,undetected,N92873,N92873,N92873,sa1,1
33881,N8926 /1 undetected,output,,N8926,N8926,1,undetected,N8926,N8926,N8926,sa1,1
33882,N8926 /0 undetected,output,,N8926,N8926,0,undetected,N8926,N8926,N8926,sa0,1
33883,N98762 /1 undetected,output,,N98762,N98762,1,undetected,N98762,N98762,N98762,sa1,1
33884,N86622 /1 undetected,output,,N86622,N86622,1,undetected,N86622,N86622,N86622,sa1,1
33885,N3068 /1 undetected,output,,N3068,N3068,1,undetected,N3068,N3068,N3068,sa1,1
33886,N3068 /0 undetected,output,,N3068,N3068,0,undetected,N3068,N3068,N3068,sa0,1
33887,N2820 /1 undetected,output,,N2820,N2820,1,undetected,N2820,N2820,N2820,sa1,1
33888,N2820 /0 undetected,output,,N2820,N2820,0,undetected,N2820,N2820,N2820,sa0,1
33889,N2035 /1 undetected,output,,N2035,N2035,1,undetected,N2035,N2035,N2035,sa1,1
33890,N91937 /1 undetected,output,,N91937,N91937,1,undetected,N91937,N91937,N91937,sa1,1
33891,N83975 /1 undetected,output,,N83975,N83975,1,undetected,N83975,N83975,N83975,sa1,1
33892,N57121 /1 undetected,output,,N57121,N57121,1,undetected,N57121,N57121,N57121,sa1,1
33893,N18274 /1 undetected,output,,N18274,N18274,1,undetected,N18274,N18274,N18274,sa1,1
33894,N85070 /1 undetected,output,,N85070,N85070,1,undetected,N85070,N85070,N85070,sa1,1
33895,N91622 /1 undetected,output,,N91622,N91622,1,undetected,N91622,N91622,N91622,sa1,1
33896,N2710 /1 undetected,output,,N2710,N2710,1,undetected,N2710,N2710,N2710,sa1,1
33897,N2710 /0 undetected,output,,N2710,N2710,0,undetected,N2710,N2710,N2710,sa0,1
33898,N2703 /1 undetected,output,,N2703,N2703,1,undetected,N2703,N2703,N2703,sa1,1
33899,N94657 /1 undetected,output,,N94657,N94657,1,undetected,N94657,N94657,N94657,sa1,1
33900,N75408 /1 undetected,output,,N75408,N75408,1,undetected,N75408,N75408,N75408,sa1,1
33901,N2693 /1 undetected,output,,N2693,N2693,1,undetected,N2693,N2693,N2693,sa1,1
33902,N94632 /1 undetected,output,,N94632,N94632,1,undetected,N94632,N94632,N94632,sa1,1
33903,N85375 /1 undetected,output,,N85375,N85375,1,undetected,N85375,N85375,N85375,sa1,1
33904,N10527 /1 undetected,output,,N10527,N10527,1,undetected,N10527,N10527,N10527,sa1,1
33905,N10527 /0 undetected,output,,N10527,N10527,0,undetected,N10527,N10527,N10527,sa0,1
33906,N10526 /1 undetected,output,,N10526,N10526,1,undetected,N10526,N10526,N10526,sa1,1
33907,N99452 /1 undetected,output,,N99452,N99452,1,undetected,N99452,N99452,N99452,sa1,1
33908,N99440 /1 undetected,output,,N99440,N99440,1,undetected,N99440,N99440,N99440,sa1,1
33909,N10524 /1 undetected,output,,N10524,N10524,1,undetected,N10524,N10524,N10524,sa1,1
33910,N10522 /1 undetected,output,,N10522,N10522,1,undetected,N10522,N10522,N10522,sa1,1
33911,N10480 /1 undetected,output,,N10480,N10480,1,undetected,N10480,N10480,N10480,sa1,1
33912,N84661 /1 undetected,output,,N84661,N84661,1,undetected,N84661,N84661,N84661,sa1,1
33913,N85404 /1 undetected,output,,N85404,N85404,1,undetected,N85404,N85404,N85404,sa1,1
33914,N23011 /0 undetected,output,,N23011,N23011,0,undetected,N23011,N23011,N23011,sa0,1
33915,N105285 /1 undetected,output,,N105285,N105285,1,undetected,N105285,N105285,N105285,sa1,1
33916,N23010 /1 undetected,output,,N23010,N23010,1,undetected,N23010,N23010,N23010,sa1,1
33917,N105296 /1 undetected,output,,N105296,N105296,1,undetected,N105296,N105296,N105296,sa1,1
33918,N2582 /1 undetected,output,,N2582,N2582,1,undetected,N2582,N2582,N2582,sa1,1
33919,N5161 /1 undetected,output,,N5161,N5161,1,undetected,N5161,N5161,N5161,sa1,1
33920,N97334 /1 undetected,output,,N97334,N97334,1,undetected,N97334,N97334,N97334,sa1,1
33921,N88946 /1 undetected,output,,N88946,N88946,1,undetected,N88946,N88946,N88946,sa1,1
33922,N82335 /1 undetected,output,,N82335,N82335,1,undetected,N82335,N82335,N82335,sa1,1
33923,N82333 /1 undetected,output,,N82333,N82333,1,undetected,N82333,N82333,N82333,sa1,1
33924,N56722 /1 undetected,output,,N56722,N56722,1,undetected,N56722,N56722,N56722,sa1,1
33925,N56722 /0 undetected,output,,N56722,N56722,0,undetected,N56722,N56722,N56722,sa0,1
33926,N98531 /1 undetected,output,,N98531,N98531,1,undetected,N98531,N98531,N98531,sa1,1
33927,N79413 /1 undetected,output,,N79413,N79413,1,undetected,N79413,N79413,N79413,sa1,1
33928,N54665 /1 undetected,output,,N54665,N54665,1,undetected,N54665,N54665,N54665,sa1,1
33929,N54665 /0 undetected,output,,N54665,N54665,0,undetected,N54665,N54665,N54665,sa0,1
33930,N107944 /1 undetected,output,,N107944,N107944,1,undetected,N107944,N107944,N107944,sa1,1
33931,N75698 /1 undetected,output,,N75698,N75698,1,undetected,N75698,N75698,N75698,sa1,1
33932,N53650 /1 undetected,output,,N53650,N53650,1,undetected,N53650,N53650,N53650,sa1,1
33933,N53650 /0 undetected,output,,N53650,N53650,0,undetected,N53650,N53650,N53650,sa0,1
33934,N107943 /1 undetected,output,,N107943,N107943,1,undetected,N107943,N107943,N107943,sa1,1
33935,N75746 /1 undetected,output,,N75746,N75746,1,undetected,N75746,N75746,N75746,sa1,1
33936,N82116 /1 undetected,output,,N82116,N82116,1,undetected,N82116,N82116,N82116,sa1,1
33937,N88391 /1 undetected,output,,N88391,N88391,1,undetected,N88391,N88391,N88391,sa1,1
33938,N20131 /1 undetected,output,,N20131,N20131,1,undetected,N20131,N20131,N20131,sa1,1
33939,N20131 /0 undetected,output,,N20131,N20131,0,undetected,N20131,N20131,N20131,sa0,1
33940,N104234 /1 undetected,output,,N104234,N104234,1,undetected,N104234,N104234,N104234,sa1,1
33941,N20105 /1 undetected,output,,N20105,N20105,1,undetected,N20105,N20105,N20105,sa1,1
33942,N20021 /1 undetected,output,,N20021,N20021,1,undetected,N20021,N20021,N20021,sa1,1
33943,N20021 /0 undetected,output,,N20021,N20021,0,undetected,N20021,N20021,N20021,sa0,1
33944,N104187 /1 undetected,output,,N104187,N104187,1,undetected,N104187,N104187,N104187,sa1,1
33945,N2209 /1 undetected,output,,N2209,N2209,1,undetected,N2209,N2209,N2209,sa1,1
33946,N100318 /1 undetected,output,,N100318,N100318,1,undetected,N100318,N100318,N100318,sa1,1
33947,N18249 /1 undetected,output,,N18249,N18249,1,undetected,N18249,N18249,N18249,sa1,1
33948,N94218 /1 undetected,output,,N94218,N94218,1,undetected,N94218,N94218,N94218,sa1,1
33949,N2743 /1 undetected,output,,N2743,N2743,1,undetected,N2743,N2743,N2743,sa1,1
33950,N100105 /1 undetected,output,,N100105,N100105,1,undetected,N100105,N100105,N100105,sa1,1
33951,N14669 /1 undetected,output,,N14669,N14669,1,undetected,N14669,N14669,N14669,sa1,1
33952,N101854 /1 undetected,output,,N101854,N101854,1,undetected,N101854,N101854,N101854,sa1,1
33953,N94208 /1 undetected,output,,N94208,N94208,1,undetected,N94208,N94208,N94208,sa1,1
33954,N12619 /1 undetected,output,,N12619,N12619,1,undetected,N12619,N12619,N12619,sa1,1
33955,N92149 /1 undetected,output,,N92149,N92149,1,undetected,N92149,N92149,N92149,sa1,1
33956,N12349 /1 undetected,output,,N12349,N12349,1,undetected,N12349,N12349,N12349,sa1,1
33957,N12349 /0 undetected,output,,N12349,N12349,0,undetected,N12349,N12349,N12349,sa0,1
33958,N100390 /1 undetected,output,,N100390,N100390,1,undetected,N100390,N100390,N100390,sa1,1
33959,N100382 /1 undetected,output,,N100382,N100382,1,undetected,N100382,N100382,N100382,sa1,1
33960,N2609 /1 undetected,output,,N2609,N2609,1,undetected,N2609,N2609,N2609,sa1,1
33961,N2609 /0 undetected,output,,N2609,N2609,0,undetected,N2609,N2609,N2609,sa0,1
33962,N94276 /1 undetected,output,,N94276,N94276,1,undetected,N94276,N94276,N94276,sa1,1
33963,N2595 /1 undetected,output,,N2595,N2595,1,undetected,N2595,N2595,N2595,sa1,1
33964,N10646 /1 undetected,output,,N10646,N10646,1,undetected,N10646,N10646,N10646,sa1,1
33965,N79448 /1 undetected,output,,N79448,N79448,1,undetected,N79448,N79448,N79448,sa1,1
33966,N105274 /1 undetected,output,,N105274,N105274,1,undetected,N105274,N105274,N105274,sa1,1
33967,N21256 /0 undetected,output,,N21256,N21256,0,undetected,N21256,N21256,N21256,sa0,1
33968,N104888 /1 undetected,output,,N104888,N104888,1,undetected,N104888,N104888,N104888,sa1,1
33969,N104709 /1 undetected,output,,N104709,N104709,1,undetected,N104709,N104709,N104709,sa1,1
33970,N94497 /1 undetected,output,,N94497,N94497,1,undetected,N94497,N94497,N94497,sa1,1
33971,N104147 /1 undetected,output,,N104147,N104147,1,undetected,N104147,N104147,N104147,sa1,1
33972,N14358 /1 undetected,output,,N14358,N14358,1,undetected,N14358,N14358,N14358,sa1,1
33973,N14358 /0 undetected,output,,N14358,N14358,0,undetected,N14358,N14358,N14358,sa0,1
33974,N75284 /1 undetected,output,,N75284,N75284,1,undetected,N75284,N75284,N75284,sa1,1
33975,N14357 /1 undetected,output,,N14357,N14357,1,undetected,N14357,N14357,N14357,sa1,1
33976,N91406 /1 undetected,output,,N91406,N91406,1,undetected,N91406,N91406,N91406,sa1,1
33977,N1502 /1 undetected,output,,N1502,N1502,1,undetected,N1502,N1502,N1502,sa1,1
33978,N84938 /1 undetected,output,,N84938,N84938,1,undetected,N84938,N84938,N84938,sa1,1
33979,N2720 /1 undetected,output,,N2720,N2720,1,undetected,N2720,N2720,N2720,sa1,1
33980,N2720 /0 undetected,output,,N2720,N2720,0,undetected,N2720,N2720,N2720,sa0,1
33981,N2719 /1 undetected,output,,N2719,N2719,1,undetected,N2719,N2719,N2719,sa1,1
33982,N91404 /1 undetected,output,,N91404,N91404,1,undetected,N91404,N91404,N91404,sa1,1
33983,N86479 /1 undetected,output,,N86479,N86479,1,undetected,N86479,N86479,N86479,sa1,1
33984,N2717 /1 undetected,output,,N2717,N2717,1,undetected,N2717,N2717,N2717,sa1,1
33985,N76782 /1 undetected,output,,N76782,N76782,1,undetected,N76782,N76782,N76782,sa1,1
33986,N76774 /1 undetected,output,,N76774,N76774,1,undetected,N76774,N76774,N76774,sa1,1
33987,N52592 /1 undetected,output,,N52592,N52592,1,undetected,N52592,N52592,N52592,sa1,1
33988,N52592 /0 undetected,output,,N52592,N52592,0,undetected,N52592,N52592,N52592,sa0,1
33989,N93702 /1 undetected,output,,N93702,N93702,1,undetected,N93702,N93702,N93702,sa1,1
33990,N76260 /1 undetected,output,,N76260,N76260,1,undetected,N76260,N76260,N76260,sa1,1
33991,N85839 /1 undetected,output,,N85839,N85839,1,undetected,N85839,N85839,N85839,sa1,1
33992,N49588 /1 undetected,output,,N49588,N49588,1,undetected,N49588,N49588,N49588,sa1,1
33993,N49588 /0 undetected,output,,N49588,N49588,0,undetected,N49588,N49588,N49588,sa0,1
33994,N93701 /1 undetected,output,,N93701,N93701,1,undetected,N93701,N93701,N93701,sa1,1
33995,N75808 /1 undetected,output,,N75808,N75808,1,undetected,N75808,N75808,N75808,sa1,1
33996,N87485 /1 undetected,output,,N87485,N87485,1,undetected,N87485,N87485,N87485,sa1,1
33997,N25056 /1 undetected,output,,N25056,N25056,1,undetected,N25056,N25056,N25056,sa1,1
33998,N25056 /0 undetected,output,,N25056,N25056,0,undetected,N25056,N25056,N25056,sa0,1
33999,N24907 /1 undetected,output,,N24907,N24907,1,undetected,N24907,N24907,N24907,sa1,1
34000,N24907 /0 undetected,output,,N24907,N24907,0,undetected,N24907,N24907,N24907,sa0,1
34001,N108849 /1 undetected,output,,N108849,N108849,1,undetected,N108849,N108849,N108849,sa1,1
34002,N85634 /1 undetected,output,,N85634,N85634,1,undetected,N85634,N85634,N85634,sa1,1
34003,N24334 /1 undetected,output,,N24334,N24334,1,undetected,N24334,N24334,N24334,sa1,1
34004,N17905 /1 undetected,output,,N17905,N17905,1,undetected,N17905,N17905,N17905,sa1,1
34005,N17905 /0 undetected,output,,N17905,N17905,0,undetected,N17905,N17905,N17905,sa0,1
34006,N102735 /1 undetected,output,,N102735,N102735,1,undetected,N102735,N102735,N102735,sa1,1
34007,N92954 /1 undetected,output,,N92954,N92954,1,undetected,N92954,N92954,N92954,sa1,1
34008,N16588 /1 undetected,output,,N16588,N16588,1,undetected,N16588,N16588,N16588,sa1,1
34009,N16588 /0 undetected,output,,N16588,N16588,0,undetected,N16588,N16588,N16588,sa0,1
34010,N101583 /1 undetected,output,,N101583,N101583,1,undetected,N101583,N101583,N101583,sa1,1
34011,N86053 /1 undetected,output,,N86053,N86053,1,undetected,N86053,N86053,N86053,sa1,1
34012,N16578 /1 undetected,output,,N16578,N16578,1,undetected,N16578,N16578,N16578,sa1,1
34013,N16578 /0 undetected,output,,N16578,N16578,0,undetected,N16578,N16578,N16578,sa0,1
34014,N101582 /1 undetected,output,,N101582,N101582,1,undetected,N101582,N101582,N101582,sa1,1
34015,N76276 /1 undetected,output,,N76276,N76276,1,undetected,N76276,N76276,N76276,sa1,1
34016,N16263 /1 undetected,output,,N16263,N16263,1,undetected,N16263,N16263,N16263,sa1,1
34017,N16263 /0 undetected,output,,N16263,N16263,0,undetected,N16263,N16263,N16263,sa0,1
34018,N99803 /1 undetected,output,,N99803,N99803,1,undetected,N99803,N99803,N99803,sa1,1
34019,N96351 /1 undetected,output,,N96351,N96351,1,undetected,N96351,N96351,N96351,sa1,1
34020,N16241 /1 undetected,output,,N16241,N16241,1,undetected,N16241,N16241,N16241,sa1,1
34021,N16241 /0 undetected,output,,N16241,N16241,0,undetected,N16241,N16241,N16241,sa0,1
34022,N92953 /1 undetected,output,,N92953,N92953,1,undetected,N92953,N92953,N92953,sa1,1
34023,N83921 /1 undetected,output,,N83921,N83921,1,undetected,N83921,N83921,N83921,sa1,1
34024,N16077 /1 undetected,output,,N16077,N16077,1,undetected,N16077,N16077,N16077,sa1,1
34025,N16077 /0 undetected,output,,N16077,N16077,0,undetected,N16077,N16077,N16077,sa0,1
34026,N102848 /1 undetected,output,,N102848,N102848,1,undetected,N102848,N102848,N102848,sa1,1
34027,N95339 /1 undetected,output,,N95339,N95339,1,undetected,N95339,N95339,N95339,sa1,1
34028,N16022 /1 undetected,output,,N16022,N16022,1,undetected,N16022,N16022,N16022,sa1,1
34029,N16022 /0 undetected,output,,N16022,N16022,0,undetected,N16022,N16022,N16022,sa0,1
34030,N100585 /1 undetected,output,,N100585,N100585,1,undetected,N100585,N100585,N100585,sa1,1
34031,N100385 /1 undetected,output,,N100385,N100385,1,undetected,N100385,N100385,N100385,sa1,1
34032,N15763 /1 undetected,output,,N15763,N15763,1,undetected,N15763,N15763,N15763,sa1,1
34033,N15763 /0 undetected,output,,N15763,N15763,0,undetected,N15763,N15763,N15763,sa0,1
34034,N102736 /1 undetected,output,,N102736,N102736,1,undetected,N102736,N102736,N102736,sa1,1
34035,N83965 /1 undetected,output,,N83965,N83965,1,undetected,N83965,N83965,N83965,sa1,1
34036,N15758 /1 undetected,output,,N15758,N15758,1,undetected,N15758,N15758,N15758,sa1,1
34037,N15758 /0 undetected,output,,N15758,N15758,0,undetected,N15758,N15758,N15758,sa0,1
34038,N101579 /1 undetected,output,,N101579,N101579,1,undetected,N101579,N101579,N101579,sa1,1
34039,N92929 /1 undetected,output,,N92929,N92929,1,undetected,N92929,N92929,N92929,sa1,1
34040,N15700 /0 undetected,output,,N15700,N15700,0,undetected,N15700,N15700,N15700,sa0,1
34041,N102659 /1 undetected,output,,N102659,N102659,1,undetected,N102659,N102659,N102659,sa1,1
34042,N102697 /1 undetected,output,,N102697,N102697,1,undetected,N102697,N102697,N102697,sa1,1
34043,N102701 /1 undetected,output,,N102701,N102701,1,undetected,N102701,N102701,N102701,sa1,1
34044,N102649 /1 undetected,output,,N102649,N102649,1,undetected,N102649,N102649,N102649,sa1,1
34045,N83979 /1 undetected,output,,N83979,N83979,1,undetected,N83979,N83979,N83979,sa1,1
34046,N15610 /0 undetected,output,,N15610,N15610,0,undetected,N15610,N15610,N15610,sa0,1
34047,N92951 /1 undetected,output,,N92951,N92951,1,undetected,N92951,N92951,N92951,sa1,1
34048,N101748 /1 undetected,output,,N101748,N101748,1,undetected,N101748,N101748,N101748,sa1,1
34049,N100371 /1 undetected,output,,N100371,N100371,1,undetected,N100371,N100371,N100371,sa1,1
34050,N15605 /1 undetected,output,,N15605,N15605,1,undetected,N15605,N15605,N15605,sa1,1
34051,N100362 /1 undetected,output,,N100362,N100362,1,undetected,N100362,N100362,N100362,sa1,1
34052,N92015 /1 undetected,output,,N92015,N92015,1,undetected,N92015,N92015,N92015,sa1,1
34053,N15603 /1 undetected,output,,N15603,N15603,1,undetected,N15603,N15603,N15603,sa1,1
34054,N84020 /1 undetected,output,,N84020,N84020,1,undetected,N84020,N84020,N84020,sa1,1
34055,N83997 /1 undetected,output,,N83997,N83997,1,undetected,N83997,N83997,N83997,sa1,1
34056,N83950 /1 undetected,output,,N83950,N83950,1,undetected,N83950,N83950,N83950,sa1,1
34057,N15601 /1 undetected,output,,N15601,N15601,1,undetected,N15601,N15601,N15601,sa1,1
34058,N102648 /1 undetected,output,,N102648,N102648,1,undetected,N102648,N102648,N102648,sa1,1
34059,N15600 /1 undetected,output,,N15600,N15600,1,undetected,N15600,N15600,N15600,sa1,1
34060,N102650 /1 undetected,output,,N102650,N102650,1,undetected,N102650,N102650,N102650,sa1,1
34061,N91995 /1 undetected,output,,N91995,N91995,1,undetected,N91995,N91995,N91995,sa1,1
34062,N14301 /1 undetected,output,,N14301,N14301,1,undetected,N14301,N14301,N14301,sa1,1
34063,N14273 /1 undetected,output,,N14273,N14273,1,undetected,N14273,N14273,N14273,sa1,1
34064,N14273 /0 undetected,output,,N14273,N14273,0,undetected,N14273,N14273,N14273,sa0,1
34065,N92084 /1 undetected,output,,N92084,N92084,1,undetected,N92084,N92084,N92084,sa1,1
34066,N14272 /1 undetected,output,,N14272,N14272,1,undetected,N14272,N14272,N14272,sa1,1
34067,N92186 /1 undetected,output,,N92186,N92186,1,undetected,N92186,N92186,N92186,sa1,1
34068,N92130 /1 undetected,output,,N92130,N92130,1,undetected,N92130,N92130,N92130,sa1,1
34069,N12774 /1 undetected,output,,N12774,N12774,1,undetected,N12774,N12774,N12774,sa1,1
34070,N12774 /0 undetected,output,,N12774,N12774,0,undetected,N12774,N12774,N12774,sa0,1
34071,N95221 /1 undetected,output,,N95221,N95221,1,undetected,N95221,N95221,N95221,sa1,1
34072,N92950 /1 undetected,output,,N92950,N92950,1,undetected,N92950,N92950,N92950,sa1,1
34073,N11678 /1 undetected,output,,N11678,N11678,1,undetected,N11678,N11678,N11678,sa1,1
34074,N3737 /1 undetected,output,,N3737,N3737,1,undetected,N3737,N3737,N3737,sa1,1
34075,N3737 /0 undetected,output,,N3737,N3737,0,undetected,N3737,N3737,N3737,sa0,1
34076,N94659 /1 undetected,output,,N94659,N94659,1,undetected,N94659,N94659,N94659,sa1,1
34077,N94272 /1 undetected,output,,N94272,N94272,1,undetected,N94272,N94272,N94272,sa1,1
34078,N3067 /1 undetected,output,,N3067,N3067,1,undetected,N3067,N3067,N3067,sa1,1
34079,N94658 /1 undetected,output,,N94658,N94658,1,undetected,N94658,N94658,N94658,sa1,1
34080,N86017 /1 undetected,output,,N86017,N86017,1,undetected,N86017,N86017,N86017,sa1,1
34081,N2819 /1 undetected,output,,N2819,N2819,1,undetected,N2819,N2819,N2819,sa1,1
34082,N2819 /0 undetected,output,,N2819,N2819,0,undetected,N2819,N2819,N2819,sa0,1
34083,N95136 /1 undetected,output,,N95136,N95136,1,undetected,N95136,N95136,N95136,sa1,1
34084,N94277 /1 undetected,output,,N94277,N94277,1,undetected,N94277,N94277,N94277,sa1,1
34085,N86406 /1 undetected,output,,N86406,N86406,1,undetected,N86406,N86406,N86406,sa1,1
34086,N93357 /1 undetected,output,,N93357,N93357,1,undetected,N93357,N93357,N93357,sa1,1
34087,N2203 /1 undetected,output,,N2203,N2203,1,undetected,N2203,N2203,N2203,sa1,1
34088,N2203 /0 undetected,output,,N2203,N2203,0,undetected,N2203,N2203,N2203,sa0,1
34089,N92946 /1 undetected,output,,N92946,N92946,1,undetected,N92946,N92946,N92946,sa1,1
34090,N92032 /1 undetected,output,,N92032,N92032,1,undetected,N92032,N92032,N92032,sa1,1
34091,N2033 /1 undetected,output,,N2033,N2033,1,undetected,N2033,N2033,N2033,sa1,1
34092,N91935 /1 undetected,output,,N91935,N91935,1,undetected,N91935,N91935,N91935,sa1,1
34093,N83980 /1 undetected,output,,N83980,N83980,1,undetected,N83980,N83980,N83980,sa1,1
34094,N10927 /0 undetected,output,,N10927,N10927,0,undetected,N10927,N10927,N10927,sa0,1
34095,N10869 /1 undetected,output,,N10869,N10869,1,undetected,N10869,N10869,N10869,sa1,1
34096,N10869 /0 undetected,output,,N10869,N10869,0,undetected,N10869,N10869,N10869,sa0,1
34097,N10589 /0 undetected,output,,N10589,N10589,0,undetected,N10589,N10589,N10589,sa0,1
34098,N10369 /1 undetected,output,,N10369,N10369,1,undetected,N10369,N10369,N10369,sa1,1
34099,N10367 /1 undetected,output,,N10367,N10367,1,undetected,N10367,N10367,N10367,sa1,1
34100,N99379 /1 undetected,output,,N99379,N99379,1,undetected,N99379,N99379,N99379,sa1,1
34101,N10365 /1 undetected,output,,N10365,N10365,1,undetected,N10365,N10365,N10365,sa1,1
34102,N99369 /1 undetected,output,,N99369,N99369,1,undetected,N99369,N99369,N99369,sa1,1
34103,N10368 /0 undetected,output,,N10368,N10368,0,undetected,N10368,N10368,N10368,sa0,1
34104,N99380 /1 undetected,output,,N99380,N99380,1,undetected,N99380,N99380,N99380,sa1,1
34105,N99366 /1 undetected,output,,N99366,N99366,1,undetected,N99366,N99366,N99366,sa1,1
34106,N10361 /1 undetected,output,,N10361,N10361,1,undetected,N10361,N10361,N10361,sa1,1
34107,N99378 /1 undetected,output,,N99378,N99378,1,undetected,N99378,N99378,N99378,sa1,1
34108,N99368 /1 undetected,output,,N99368,N99368,1,undetected,N99368,N99368,N99368,sa1,1
34109,N10276 /1 undetected,output,,N10276,N10276,1,undetected,N10276,N10276,N10276,sa1,1
34110,N10274 /1 undetected,output,,N10274,N10274,1,undetected,N10274,N10274,N10274,sa1,1
34111,N87366 /1 undetected,output,,N87366,N87366,1,undetected,N87366,N87366,N87366,sa1,1
34112,N10272 /1 undetected,output,,N10272,N10272,1,undetected,N10272,N10272,N10272,sa1,1
34113,N99274 /1 undetected,output,,N99274,N99274,1,undetected,N99274,N99274,N99274,sa1,1
34114,N10275 /1 undetected,output,,N10275,N10275,1,undetected,N10275,N10275,N10275,sa1,1
34115,N10270 /1 undetected,output,,N10270,N10270,1,undetected,N10270,N10270,N10270,sa1,1
34116,N99273 /1 undetected,output,,N99273,N99273,1,undetected,N99273,N99273,N99273,sa1,1
34117,N10268 /1 undetected,output,,N10268,N10268,1,undetected,N10268,N10268,N10268,sa1,1
34118,N78353 /1 undetected,output,,N78353,N78353,1,undetected,N78353,N78353,N78353,sa1,1
34119,N97659 /1 undetected,output,,N97659,N97659,1,undetected,N97659,N97659,N97659,sa1,1
34120,N80920 /1 undetected,output,,N80920,N80920,1,undetected,N80920,N80920,N80920,sa1,1
34121,N88944 /1 undetected,output,,N88944,N88944,1,undetected,N88944,N88944,N88944,sa1,1
34122,N121234 /1 undetected,output,,N121234,N121234,1,undetected,N121234,N121234,N121234,sa1,1
34123,N58610 /1 undetected,output,,N58610,N58610,1,undetected,N58610,N58610,N58610,sa1,1
34124,N78097 /1 undetected,output,,N78097,N78097,1,undetected,N78097,N78097,N78097,sa1,1
34125,N87183 /1 undetected,output,,N87183,N87183,1,undetected,N87183,N87183,N87183,sa1,1
34126,N99224 /1 undetected,output,,N99224,N99224,1,undetected,N99224,N99224,N99224,sa1,1
34127,N74775 /1 undetected,output,,N74775,N74775,1,undetected,N74775,N74775,N74775,sa1,1
34128,N14157 /1 undetected,output,,N14157,N14157,1,undetected,N14157,N14157,N14157,sa1,1
34129,N14157 /0 undetected,output,,N14157,N14157,0,undetected,N14157,N14157,N14157,sa0,1
34130,N91405 /1 undetected,output,,N91405,N91405,1,undetected,N91405,N91405,N91405,sa1,1
34131,N87208 /1 undetected,output,,N87208,N87208,1,undetected,N87208,N87208,N87208,sa1,1
34132,N12656 /1 undetected,output,,N12656,N12656,1,undetected,N12656,N12656,N12656,sa1,1
34133,N12656 /0 undetected,output,,N12656,N12656,0,undetected,N12656,N12656,N12656,sa0,1
34134,N84327 /1 undetected,output,,N84327,N84327,1,undetected,N84327,N84327,N84327,sa1,1
34135,N12655 /1 undetected,output,,N12655,N12655,1,undetected,N12655,N12655,N12655,sa1,1
34136,N92899 /1 undetected,output,,N92899,N92899,1,undetected,N92899,N92899,N92899,sa1,1
34137,N91340 /1 undetected,output,,N91340,N91340,1,undetected,N91340,N91340,N91340,sa1,1
34138,N8142 /1 undetected,output,,N8142,N8142,1,undetected,N8142,N8142,N8142,sa1,1
34139,N98271 /1 undetected,output,,N98271,N98271,1,undetected,N98271,N98271,N98271,sa1,1
34140,N2711 /1 undetected,output,,N2711,N2711,1,undetected,N2711,N2711,N2711,sa1,1
34141,N2711 /0 undetected,output,,N2711,N2711,0,undetected,N2711,N2711,N2711,sa0,1
34142,N2709 /1 undetected,output,,N2709,N2709,1,undetected,N2709,N2709,N2709,sa1,1
34143,N94628 /1 undetected,output,,N94628,N94628,1,undetected,N94628,N94628,N94628,sa1,1
34144,N85376 /1 undetected,output,,N85376,N85376,1,undetected,N85376,N85376,N85376,sa1,1
34145,N2707 /1 undetected,output,,N2707,N2707,1,undetected,N2707,N2707,N2707,sa1,1
34146,N94651 /1 undetected,output,,N94651,N94651,1,undetected,N94651,N94651,N94651,sa1,1
34147,N75410 /1 undetected,output,,N75410,N75410,1,undetected,N75410,N75410,N75410,sa1,1
34148,N11174 /1 undetected,output,,N11174,N11174,1,undetected,N11174,N11174,N11174,sa1,1
34149,N11174 /0 undetected,output,,N11174,N11174,0,undetected,N11174,N11174,N11174,sa0,1
34150,N11172 /1 undetected,output,,N11172,N11172,1,undetected,N11172,N11172,N11172,sa1,1
34151,N99688 /1 undetected,output,,N99688,N99688,1,undetected,N99688,N99688,N99688,sa1,1
34152,N99681 /1 undetected,output,,N99681,N99681,1,undetected,N99681,N99681,N99681,sa1,1
34153,N11170 /1 undetected,output,,N11170,N11170,1,undetected,N11170,N11170,N11170,sa1,1
34154,N99686 /1 undetected,output,,N99686,N99686,1,undetected,N99686,N99686,N99686,sa1,1
34155,N99683 /1 undetected,output,,N99683,N99683,1,undetected,N99683,N99683,N99683,sa1,1
34156,N11173 /0 undetected,output,,N11173,N11173,0,undetected,N11173,N11173,N11173,sa0,1
34157,N99685 /1 undetected,output,,N99685,N99685,1,undetected,N99685,N99685,N99685,sa1,1
34158,N99680 /1 undetected,output,,N99680,N99680,1,undetected,N99680,N99680,N99680,sa1,1
34159,N11166 /1 undetected,output,,N11166,N11166,1,undetected,N11166,N11166,N11166,sa1,1
34160,N99687 /1 undetected,output,,N99687,N99687,1,undetected,N99687,N99687,N99687,sa1,1
34161,N99682 /1 undetected,output,,N99682,N99682,1,undetected,N99682,N99682,N99682,sa1,1
34162,N10448 /1 undetected,output,,N10448,N10448,1,undetected,N10448,N10448,N10448,sa1,1
34163,N10448 /0 undetected,output,,N10448,N10448,0,undetected,N10448,N10448,N10448,sa0,1
34164,N10446 /1 undetected,output,,N10446,N10446,1,undetected,N10446,N10446,N10446,sa1,1
34165,N99432 /1 undetected,output,,N99432,N99432,1,undetected,N99432,N99432,N99432,sa1,1
34166,N99427 /1 undetected,output,,N99427,N99427,1,undetected,N99427,N99427,N99427,sa1,1
34167,N10444 /1 undetected,output,,N10444,N10444,1,undetected,N10444,N10444,N10444,sa1,1
34168,N99430 /1 undetected,output,,N99430,N99430,1,undetected,N99430,N99430,N99430,sa1,1
34169,N99425 /1 undetected,output,,N99425,N99425,1,undetected,N99425,N99425,N99425,sa1,1
34170,N10447 /1 undetected,output,,N10447,N10447,1,undetected,N10447,N10447,N10447,sa1,1
34171,N10442 /1 undetected,output,,N10442,N10442,1,undetected,N10442,N10442,N10442,sa1,1
34172,N99429 /1 undetected,output,,N99429,N99429,1,undetected,N99429,N99429,N99429,sa1,1
34173,N10440 /1 undetected,output,,N10440,N10440,1,undetected,N10440,N10440,N10440,sa1,1
34174,N99424 /1 undetected,output,,N99424,N99424,1,undetected,N99424,N99424,N99424,sa1,1
34175,N57455 /1 undetected,output,,N57455,N57455,1,undetected,N57455,N57455,N57455,sa1,1
34176,N88125 /1 undetected,output,,N88125,N88125,1,undetected,N88125,N88125,N88125,sa1,1
34177,N92813 /1 undetected,output,,N92813,N92813,1,undetected,N92813,N92813,N92813,sa1,1
34178,N89333 /1 undetected,output,,N89333,N89333,1,undetected,N89333,N89333,N89333,sa1,1
34179,N88953 /1 undetected,output,,N88953,N88953,1,undetected,N88953,N88953,N88953,sa1,1
34180,N81277 /1 undetected,output,,N81277,N81277,1,undetected,N81277,N81277,N81277,sa1,1
34181,N102016 /1 undetected,output,,N102016,N102016,1,undetected,N102016,N102016,N102016,sa1,1
34182,N80904 /1 undetected,output,,N80904,N80904,1,undetected,N80904,N80904,N80904,sa1,1
34183,N91919 /1 undetected,output,,N91919,N91919,1,undetected,N91919,N91919,N91919,sa1,1
34184,N91918 /1 undetected,output,,N91918,N91918,1,undetected,N91918,N91918,N91918,sa1,1
34185,N91917 /1 undetected,output,,N91917,N91917,1,undetected,N91917,N91917,N91917,sa1,1
34186,N91916 /1 undetected,output,,N91916,N91916,1,undetected,N91916,N91916,N91916,sa1,1
34187,N91914 /1 undetected,output,,N91914,N91914,1,undetected,N91914,N91914,N91914,sa1,1
34188,N91913 /1 undetected,output,,N91913,N91913,1,undetected,N91913,N91913,N91913,sa1,1
34189,N91912 /1 undetected,output,,N91912,N91912,1,undetected,N91912,N91912,N91912,sa1,1
34190,N91911 /1 undetected,output,,N91911,N91911,1,undetected,N91911,N91911,N91911,sa1,1
34191,N91910 /1 undetected,output,,N91910,N91910,1,undetected,N91910,N91910,N91910,sa1,1
34192,N91909 /1 undetected,output,,N91909,N91909,1,undetected,N91909,N91909,N91909,sa1,1
34193,N91908 /1 undetected,output,,N91908,N91908,1,undetected,N91908,N91908,N91908,sa1,1
34194,N91907 /1 undetected,output,,N91907,N91907,1,undetected,N91907,N91907,N91907,sa1,1
34195,N91906 /1 undetected,output,,N91906,N91906,1,undetected,N91906,N91906,N91906,sa1,1
34196,N91905 /1 undetected,output,,N91905,N91905,1,undetected,N91905,N91905,N91905,sa1,1
34197,N91904 /1 undetected,output,,N91904,N91904,1,undetected,N91904,N91904,N91904,sa1,1
34198,N91903 /1 undetected,output,,N91903,N91903,1,undetected,N91903,N91903,N91903,sa1,1
34199,N91902 /1 undetected,output,,N91902,N91902,1,undetected,N91902,N91902,N91902,sa1,1
34200,N91901 /1 undetected,output,,N91901,N91901,1,undetected,N91901,N91901,N91901,sa1,1
34201,N91900 /1 undetected,output,,N91900,N91900,1,undetected,N91900,N91900,N91900,sa1,1
34202,N91899 /1 undetected,output,,N91899,N91899,1,undetected,N91899,N91899,N91899,sa1,1
34203,N91898 /1 undetected,output,,N91898,N91898,1,undetected,N91898,N91898,N91898,sa1,1
34204,N91897 /1 undetected,output,,N91897,N91897,1,undetected,N91897,N91897,N91897,sa1,1
34205,N91896 /1 undetected,output,,N91896,N91896,1,undetected,N91896,N91896,N91896,sa1,1
34206,N91895 /1 undetected,output,,N91895,N91895,1,undetected,N91895,N91895,N91895,sa1,1
34207,N91894 /1 undetected,output,,N91894,N91894,1,undetected,N91894,N91894,N91894,sa1,1
34208,N91893 /1 undetected,output,,N91893,N91893,1,undetected,N91893,N91893,N91893,sa1,1
34209,N91892 /1 undetected,output,,N91892,N91892,1,undetected,N91892,N91892,N91892,sa1,1
34210,N91891 /1 undetected,output,,N91891,N91891,1,undetected,N91891,N91891,N91891,sa1,1
34211,N91890 /1 undetected,output,,N91890,N91890,1,undetected,N91890,N91890,N91890,sa1,1
34212,N91889 /1 undetected,output,,N91889,N91889,1,undetected,N91889,N91889,N91889,sa1,1
34213,N91888 /1 undetected,output,,N91888,N91888,1,undetected,N91888,N91888,N91888,sa1,1
34214,N91887 /1 undetected,output,,N91887,N91887,1,undetected,N91887,N91887,N91887,sa1,1
34215,N23777 /1 undetected,output,,N23777,N23777,1,undetected,N23777,N23777,N23777,sa1,1
34216,N23777 /0 undetected,output,,N23777,N23777,0,undetected,N23777,N23777,N23777,sa0,1
34217,N98490 /1 undetected,output,,N98490,N98490,1,undetected,N98490,N98490,N98490,sa1,1
34218,N79412 /1 undetected,output,,N79412,N79412,1,undetected,N79412,N79412,N79412,sa1,1
34219,N77561 /1 undetected,output,,N77561,N77561,1,undetected,N77561,N77561,N77561,sa1,1
34220,N20339 /1 undetected,output,,N20339,N20339,1,undetected,N20339,N20339,N20339,sa1,1
34221,N94498 /1 undetected,output,,N94498,N94498,1,undetected,N94498,N94498,N94498,sa1,1
34222,N95013 /1 undetected,output,,N95013,N95013,1,undetected,N95013,N95013,N95013,sa1,1
34223,N77983 /1 undetected,output,,N77983,N77983,1,undetected,N77983,N77983,N77983,sa1,1
34224,N16004 /1 undetected,output,,N16004,N16004,1,undetected,N16004,N16004,N16004,sa1,1
34225,N16004 /0 undetected,output,,N16004,N16004,0,undetected,N16004,N16004,N16004,sa0,1
34226,N101612 /1 undetected,output,,N101612,N101612,1,undetected,N101612,N101612,N101612,sa1,1
34227,N16003 /1 undetected,output,,N16003,N16003,1,undetected,N16003,N16003,N16003,sa1,1
34228,N95230 /1 undetected,output,,N95230,N95230,1,undetected,N95230,N95230,N95230,sa1,1
34229,N16002 /1 undetected,output,,N16002,N16002,1,undetected,N16002,N16002,N16002,sa1,1
34230,N92381 /1 undetected,output,,N92381,N92381,1,undetected,N92381,N92381,N92381,sa1,1
34231,N77834 /1 undetected,output,,N77834,N77834,1,undetected,N77834,N77834,N77834,sa1,1
34232,N14495 /1 undetected,output,,N14495,N14495,1,undetected,N14495,N14495,N14495,sa1,1
34233,N94713 /1 undetected,output,,N94713,N94713,1,undetected,N94713,N94713,N94713,sa1,1
34234,N86415 /1 undetected,output,,N86415,N86415,1,undetected,N86415,N86415,N86415,sa1,1
34235,N13143 /1 undetected,output,,N13143,N13143,1,undetected,N13143,N13143,N13143,sa1,1
34236,N13143 /0 undetected,output,,N13143,N13143,0,undetected,N13143,N13143,N13143,sa0,1
34237,N101107 /1 undetected,output,,N101107,N101107,1,undetected,N101107,N101107,N101107,sa1,1
34238,N101100 /1 undetected,output,,N101100,N101100,1,undetected,N101100,N101100,N101100,sa1,1
34239,N101026 /1 undetected,output,,N101026,N101026,1,undetected,N101026,N101026,N101026,sa1,1
34240,N75513 /1 undetected,output,,N75513,N75513,1,undetected,N75513,N75513,N75513,sa1,1
34241,N12651 /1 undetected,output,,N12651,N12651,1,undetected,N12651,N12651,N12651,sa1,1
34242,N12651 /0 undetected,output,,N12651,N12651,0,undetected,N12651,N12651,N12651,sa0,1
34243,N100661 /1 undetected,output,,N100661,N100661,1,undetected,N100661,N100661,N100661,sa1,1
34244,N93275 /1 undetected,output,,N93275,N93275,1,undetected,N93275,N93275,N93275,sa1,1
34245,N12347 /1 undetected,output,,N12347,N12347,1,undetected,N12347,N12347,N12347,sa1,1
34246,N12347 /0 undetected,output,,N12347,N12347,0,undetected,N12347,N12347,N12347,sa0,1
34247,N100379 /1 undetected,output,,N100379,N100379,1,undetected,N100379,N100379,N100379,sa1,1
34248,N92050 /1 undetected,output,,N92050,N92050,1,undetected,N92050,N92050,N92050,sa1,1
34249,N11671 /1 undetected,output,,N11671,N11671,1,undetected,N11671,N11671,N11671,sa1,1
34250,N100100 /1 undetected,output,,N100100,N100100,1,undetected,N100100,N100100,N100100,sa1,1
34251,N75506 /1 undetected,output,,N75506,N75506,1,undetected,N75506,N75506,N75506,sa1,1
34252,N8596 /1 undetected,output,,N8596,N8596,1,undetected,N8596,N8596,N8596,sa1,1
34253,N8596 /0 undetected,output,,N8596,N8596,0,undetected,N8596,N8596,N8596,sa0,1
34254,N98528 /1 undetected,output,,N98528,N98528,1,undetected,N98528,N98528,N98528,sa1,1
34255,N95156 /1 undetected,output,,N95156,N95156,1,undetected,N95156,N95156,N95156,sa1,1
34256,N8574 /1 undetected,output,,N8574,N8574,1,undetected,N8574,N8574,N8574,sa1,1
34257,N8574 /0 undetected,output,,N8574,N8574,0,undetected,N8574,N8574,N8574,sa0,1
34258,N98489 /1 undetected,output,,N98489,N98489,1,undetected,N98489,N98489,N98489,sa1,1
34259,N94273 /1 undetected,output,,N94273,N94273,1,undetected,N94273,N94273,N94273,sa1,1
34260,N10801 /1 undetected,output,,N10801,N10801,1,undetected,N10801,N10801,N10801,sa1,1
34261,N10800 /1 undetected,output,,N10800,N10800,1,undetected,N10800,N10800,N10800,sa1,1
34262,N10796 /1 undetected,output,,N10796,N10796,1,undetected,N10796,N10796,N10796,sa1,1
34263,N99551 /1 undetected,output,,N99551,N99551,1,undetected,N99551,N99551,N99551,sa1,1
34264,N99549 /1 undetected,output,,N99549,N99549,1,undetected,N99549,N99549,N99549,sa1,1
34265,N10774 /1 undetected,output,,N10774,N10774,1,undetected,N10774,N10774,N10774,sa1,1
34266,N99553 /1 undetected,output,,N99553,N99553,1,undetected,N99553,N99553,N99553,sa1,1
34267,N99547 /1 undetected,output,,N99547,N99547,1,undetected,N99547,N99547,N99547,sa1,1
34268,N10798 /1 undetected,output,,N10798,N10798,1,undetected,N10798,N10798,N10798,sa1,1
34269,N10777 /1 undetected,output,,N10777,N10777,1,undetected,N10777,N10777,N10777,sa1,1
34270,N10772 /1 undetected,output,,N10772,N10772,1,undetected,N10772,N10772,N10772,sa1,1
34271,N99550 /1 undetected,output,,N99550,N99550,1,undetected,N99550,N99550,N99550,sa1,1
34272,N99546 /1 undetected,output,,N99546,N99546,1,undetected,N99546,N99546,N99546,sa1,1
34273,N10770 /1 undetected,output,,N10770,N10770,1,undetected,N10770,N10770,N10770,sa1,1
34274,N99552 /1 undetected,output,,N99552,N99552,1,undetected,N99552,N99552,N99552,sa1,1
34275,N99548 /1 undetected,output,,N99548,N99548,1,undetected,N99548,N99548,N99548,sa1,1
34276,N10645 /0 undetected,output,,N10645,N10645,0,undetected,N10645,N10645,N10645,sa0,1
34277,N10644 /1 undetected,output,,N10644,N10644,1,undetected,N10644,N10644,N10644,sa1,1
34278,N10639 /1 undetected,output,,N10639,N10639,1,undetected,N10639,N10639,N10639,sa1,1
34279,N10628 /1 undetected,output,,N10628,N10628,1,undetected,N10628,N10628,N10628,sa1,1
34280,N87251 /1 undetected,output,,N87251,N87251,1,undetected,N87251,N87251,N87251,sa1,1
34281,N10624 /1 undetected,output,,N10624,N10624,1,undetected,N10624,N10624,N10624,sa1,1
34282,N10626 /1 undetected,output,,N10626,N10626,1,undetected,N10626,N10626,N10626,sa1,1
34283,N99510 /1 undetected,output,,N99510,N99510,1,undetected,N99510,N99510,N99510,sa1,1
34284,N78065 /1 undetected,output,,N78065,N78065,1,undetected,N78065,N78065,N78065,sa1,1
34285,N10618 /1 undetected,output,,N10618,N10618,1,undetected,N10618,N10618,N10618,sa1,1
34286,N99508 /1 undetected,output,,N99508,N99508,1,undetected,N99508,N99508,N99508,sa1,1
34287,N10640 /1 undetected,output,,N10640,N10640,1,undetected,N10640,N10640,N10640,sa1,1
34288,N10638 /1 undetected,output,,N10638,N10638,1,undetected,N10638,N10638,N10638,sa1,1
34289,N99512 /1 undetected,output,,N99512,N99512,1,undetected,N99512,N99512,N99512,sa1,1
34290,N10636 /1 undetected,output,,N10636,N10636,1,undetected,N10636,N10636,N10636,sa1,1
34291,N78056 /1 undetected,output,,N78056,N78056,1,undetected,N78056,N78056,N78056,sa1,1
34292,N17392 /1 undetected,output,,N17392,N17392,1,undetected,N17392,N17392,N17392,sa1,1
34293,N17392 /0 undetected,output,,N17392,N17392,0,undetected,N17392,N17392,N17392,sa0,1
34294,N17391 /1 undetected,output,,N17391,N17391,1,undetected,N17391,N17391,N17391,sa1,1
34295,N99266 /1 undetected,output,,N99266,N99266,1,undetected,N99266,N99266,N99266,sa1,1
34296,N78370 /1 undetected,output,,N78370,N78370,1,undetected,N78370,N78370,N78370,sa1,1
34297,N17389 /1 undetected,output,,N17389,N17389,1,undetected,N17389,N17389,N17389,sa1,1
34298,N99269 /1 undetected,output,,N99269,N99269,1,undetected,N99269,N99269,N99269,sa1,1
34299,N87368 /1 undetected,output,,N87368,N87368,1,undetected,N87368,N87368,N87368,sa1,1
34300,N80931 /1 undetected,output,,N80931,N80931,1,undetected,N80931,N80931,N80931,sa1,1
34301,N121425 /1 undetected,output,,N121425,N121425,1,undetected,N121425,N121425,N121425,sa1,1
34302,N111498 /1 undetected,output,,N111498,N111498,1,undetected,N111498,N111498,N111498,sa1,1
34303,N86195 /1 undetected,output,,N86195,N86195,1,undetected,N86195,N86195,N86195,sa1,1
34304,N4606 /1 undetected,output,,N4606,N4606,1,undetected,N4606,N4606,N4606,sa1,1
34305,N4606 /0 undetected,output,,N4606,N4606,0,undetected,N4606,N4606,N4606,sa0,1
34306,N97004 /1 undetected,output,,N97004,N97004,1,undetected,N97004,N97004,N97004,sa1,1
34307,N4605 /1 undetected,output,,N4605,N4605,1,undetected,N4605,N4605,N4605,sa1,1
34308,N97010 /1 undetected,output,,N97010,N97010,1,undetected,N97010,N97010,N97010,sa1,1
34309,N96536 /1 undetected,output,,N96536,N96536,1,undetected,N96536,N96536,N96536,sa1,1
34310,N4087 /1 undetected,output,,N4087,N4087,1,undetected,N4087,N4087,N4087,sa1,1
34311,N4087 /0 undetected,output,,N4087,N4087,0,undetected,N4087,N4087,N4087,sa0,1
34312,N96707 /1 undetected,output,,N96707,N96707,1,undetected,N96707,N96707,N96707,sa1,1
34313,N4086 /1 undetected,output,,N4086,N4086,1,undetected,N4086,N4086,N4086,sa1,1
34314,N96534 /1 undetected,output,,N96534,N96534,1,undetected,N96534,N96534,N96534,sa1,1
34315,N4085 /1 undetected,output,,N4085,N4085,1,undetected,N4085,N4085,N4085,sa1,1
34316,N77194 /1 undetected,output,,N77194,N77194,1,undetected,N77194,N77194,N77194,sa1,1
34317,N75142 /1 undetected,output,,N75142,N75142,1,undetected,N75142,N75142,N75142,sa1,1
34318,N95099 /1 undetected,output,,N95099,N95099,1,undetected,N95099,N95099,N95099,sa1,1
34319,N80932 /1 undetected,output,,N80932,N80932,1,undetected,N80932,N80932,N80932,sa1,1
34320,N91920 /1 undetected,output,,N91920,N91920,1,undetected,N91920,N91920,N91920,sa1,1
34321,N53562 /1 undetected,output,,N53562,N53562,1,undetected,N53562,N53562,N53562,sa1,1
34322,N53562 /0 undetected,output,,N53562,N53562,0,undetected,N53562,N53562,N53562,sa0,1
34323,N120439 /1 undetected,output,,N120439,N120439,1,undetected,N120439,N120439,N120439,sa1,1
34324,N93602 /1 undetected,output,,N93602,N93602,1,undetected,N93602,N93602,N93602,sa1,1
34325,N53388 /1 undetected,output,,N53388,N53388,1,undetected,N53388,N53388,N53388,sa1,1
34326,N53388 /0 undetected,output,,N53388,N53388,0,undetected,N53388,N53388,N53388,sa0,1
34327,N51135 /1 undetected,output,,N51135,N51135,1,undetected,N51135,N51135,N51135,sa1,1
34328,N91915 /1 undetected,output,,N91915,N91915,1,undetected,N91915,N91915,N91915,sa1,1
34329,N44682 /1 undetected,output,,N44682,N44682,1,undetected,N44682,N44682,N44682,sa1,1
34330,N34143 /1 undetected,output,,N34143,N34143,1,undetected,N34143,N34143,N34143,sa1,1
34331,N30040 /1 undetected,output,,N30040,N30040,1,undetected,N30040,N30040,N30040,sa1,1
34332,N111155 /1 undetected,output,,N111155,N111155,1,undetected,N111155,N111155,N111155,sa1,1
34333,N79626 /1 undetected,output,,N79626,N79626,1,undetected,N79626,N79626,N79626,sa1,1
34334,N29823 /1 undetected,output,,N29823,N29823,1,undetected,N29823,N29823,N29823,sa1,1
34335,N29185 /1 undetected,output,,N29185,N29185,1,undetected,N29185,N29185,N29185,sa1,1
34336,N25313 /1 undetected,output,,N25313,N25313,1,undetected,N25313,N25313,N25313,sa1,1
34337,N25313 /0 undetected,output,,N25313,N25313,0,undetected,N25313,N25313,N25313,sa0,1
34338,N25055 /1 undetected,output,,N25055,N25055,1,undetected,N25055,N25055,N25055,sa1,1
34339,N25055 /0 undetected,output,,N25055,N25055,0,undetected,N25055,N25055,N25055,sa0,1
34340,N107779 /1 undetected,output,,N107779,N107779,1,undetected,N107779,N107779,N107779,sa1,1
34341,N24092 /1 undetected,output,,N24092,N24092,1,undetected,N24092,N24092,N24092,sa1,1
34342,N24951 /1 undetected,output,,N24951,N24951,1,undetected,N24951,N24951,N24951,sa1,1
34343,N24951 /0 undetected,output,,N24951,N24951,0,undetected,N24951,N24951,N24951,sa0,1
34344,N24837 /1 undetected,output,,N24837,N24837,1,undetected,N24837,N24837,N24837,sa1,1
34345,N24837 /0 undetected,output,,N24837,N24837,0,undetected,N24837,N24837,N24837,sa0,1
34346,N24556 /1 undetected,output,,N24556,N24556,1,undetected,N24556,N24556,N24556,sa1,1
34347,N24556 /0 undetected,output,,N24556,N24556,0,undetected,N24556,N24556,N24556,sa0,1
34348,N24135 /1 undetected,output,,N24135,N24135,1,undetected,N24135,N24135,N24135,sa1,1
34349,N24135 /0 undetected,output,,N24135,N24135,0,undetected,N24135,N24135,N24135,sa0,1
34350,N94189 /1 undetected,output,,N94189,N94189,1,undetected,N94189,N94189,N94189,sa1,1
34351,N99335 /1 undetected,output,,N99335,N99335,1,undetected,N99335,N99335,N99335,sa1,1
34352,N19815 /1 undetected,output,,N19815,N19815,1,undetected,N19815,N19815,N19815,sa1,1
34353,N19815 /0 undetected,output,,N19815,N19815,0,undetected,N19815,N19815,N19815,sa0,1
34354,N99330 /1 undetected,output,,N99330,N99330,1,undetected,N99330,N99330,N99330,sa1,1
34355,N95014 /1 undetected,output,,N95014,N95014,1,undetected,N95014,N95014,N95014,sa1,1
34356,N18041 /1 undetected,output,,N18041,N18041,1,undetected,N18041,N18041,N18041,sa1,1
34357,N18041 /0 undetected,output,,N18041,N18041,0,undetected,N18041,N18041,N18041,sa0,1
34358,N95237 /1 undetected,output,,N95237,N95237,1,undetected,N95237,N95237,N95237,sa1,1
34359,N85787 /1 undetected,output,,N85787,N85787,1,undetected,N85787,N85787,N85787,sa1,1
34360,N18019 /1 undetected,output,,N18019,N18019,1,undetected,N18019,N18019,N18019,sa1,1
34361,N18019 /0 undetected,output,,N18019,N18019,0,undetected,N18019,N18019,N18019,sa0,1
34362,N95236 /1 undetected,output,,N95236,N95236,1,undetected,N95236,N95236,N95236,sa1,1
34363,N95187 /1 undetected,output,,N95187,N95187,1,undetected,N95187,N95187,N95187,sa1,1
34364,N17579 /1 undetected,output,,N17579,N17579,1,undetected,N17579,N17579,N17579,sa1,1
34365,N103405 /1 undetected,output,,N103405,N103405,1,undetected,N103405,N103405,N103405,sa1,1
34366,N99327 /1 undetected,output,,N99327,N99327,1,undetected,N99327,N99327,N99327,sa1,1
34367,N17428 /1 undetected,output,,N17428,N17428,1,undetected,N17428,N17428,N17428,sa1,1
34368,N17428 /0 undetected,output,,N17428,N17428,0,undetected,N17428,N17428,N17428,sa0,1
34369,N100387 /1 undetected,output,,N100387,N100387,1,undetected,N100387,N100387,N100387,sa1,1
34370,N99805 /1 undetected,output,,N99805,N99805,1,undetected,N99805,N99805,N99805,sa1,1
34371,N16575 /0 undetected,output,,N16575,N16575,0,undetected,N16575,N16575,N16575,sa0,1
34372,N100386 /1 undetected,output,,N100386,N100386,1,undetected,N100386,N100386,N100386,sa1,1
34373,N16506 /1 undetected,output,,N16506,N16506,1,undetected,N16506,N16506,N16506,sa1,1
34374,N94235 /1 undetected,output,,N94235,N94235,1,undetected,N94235,N94235,N94235,sa1,1
34375,N86710 /1 undetected,output,,N86710,N86710,1,undetected,N86710,N86710,N86710,sa1,1
34376,N16076 /1 undetected,output,,N16076,N16076,1,undetected,N16076,N16076,N16076,sa1,1
34377,N16076 /0 undetected,output,,N16076,N16076,0,undetected,N16076,N16076,N16076,sa0,1
34378,N102718 /1 undetected,output,,N102718,N102718,1,undetected,N102718,N102718,N102718,sa1,1
34379,N84136 /1 undetected,output,,N84136,N84136,1,undetected,N84136,N84136,N84136,sa1,1
34380,N16052 /1 undetected,output,,N16052,N16052,1,undetected,N16052,N16052,N16052,sa1,1
34381,N16052 /0 undetected,output,,N16052,N16052,0,undetected,N16052,N16052,N16052,sa0,1
34382,N96676 /1 undetected,output,,N96676,N96676,1,undetected,N96676,N96676,N96676,sa1,1
34383,N92147 /1 undetected,output,,N92147,N92147,1,undetected,N92147,N92147,N92147,sa1,1
34384,N15762 /1 undetected,output,,N15762,N15762,1,undetected,N15762,N15762,N15762,sa1,1
34385,N15762 /0 undetected,output,,N15762,N15762,0,undetected,N15762,N15762,N15762,sa0,1
34386,N102732 /1 undetected,output,,N102732,N102732,1,undetected,N102732,N102732,N102732,sa1,1
34387,N93146 /1 undetected,output,,N93146,N93146,1,undetected,N93146,N93146,N93146,sa1,1
34388,N15734 /1 undetected,output,,N15734,N15734,1,undetected,N15734,N15734,N15734,sa1,1
34389,N15734 /0 undetected,output,,N15734,N15734,0,undetected,N15734,N15734,N15734,sa0,1
34390,N100384 /1 undetected,output,,N100384,N100384,1,undetected,N100384,N100384,N100384,sa1,1
34391,N77832 /1 undetected,output,,N77832,N77832,1,undetected,N77832,N77832,N77832,sa1,1
34392,N15665 /1 undetected,output,,N15665,N15665,1,undetected,N15665,N15665,N15665,sa1,1
34393,N15665 /0 undetected,output,,N15665,N15665,0,undetected,N15665,N15665,N15665,sa0,1
34394,N99237 /1 undetected,output,,N99237,N99237,1,undetected,N99237,N99237,N99237,sa1,1
34395,N95228 /1 undetected,output,,N95228,N95228,1,undetected,N95228,N95228,N95228,sa1,1
34396,N15620 /1 undetected,output,,N15620,N15620,1,undetected,N15620,N15620,N15620,sa1,1
34397,N15620 /0 undetected,output,,N15620,N15620,0,undetected,N15620,N15620,N15620,sa0,1
34398,N91933 /1 undetected,output,,N91933,N91933,1,undetected,N91933,N91933,N91933,sa1,1
34399,N84021 /1 undetected,output,,N84021,N84021,1,undetected,N84021,N84021,N84021,sa1,1
34400,N14895 /0 undetected,output,,N14895,N14895,0,undetected,N14895,N14895,N14895,sa0,1
34401,N102125 /1 undetected,output,,N102125,N102125,1,undetected,N102125,N102125,N102125,sa1,1
34402,N14819 /1 undetected,output,,N14819,N14819,1,undetected,N14819,N14819,N14819,sa1,1
34403,N94227 /1 undetected,output,,N94227,N94227,1,undetected,N94227,N94227,N94227,sa1,1
34404,N86472 /1 undetected,output,,N86472,N86472,1,undetected,N86472,N86472,N86472,sa1,1
34405,N14315 /1 undetected,output,,N14315,N14315,1,undetected,N14315,N14315,N14315,sa1,1
34406,N14315 /0 undetected,output,,N14315,N14315,0,undetected,N14315,N14315,N14315,sa0,1
34407,N101724 /1 undetected,output,,N101724,N101724,1,undetected,N101724,N101724,N101724,sa1,1
34408,N95157 /1 undetected,output,,N95157,N95157,1,undetected,N95157,N95157,N95157,sa1,1
34409,N14300 /0 undetected,output,,N14300,N14300,0,undetected,N14300,N14300,N14300,sa0,1
34410,N101611 /1 undetected,output,,N101611,N101611,1,undetected,N101611,N101611,N101611,sa1,1
34411,N14267 /1 undetected,output,,N14267,N14267,1,undetected,N14267,N14267,N14267,sa1,1
34412,N14255 /1 undetected,output,,N14255,N14255,1,undetected,N14255,N14255,N14255,sa1,1
34413,N14255 /0 undetected,output,,N14255,N14255,0,undetected,N14255,N14255,N14255,sa0,1
34414,N95333 /1 undetected,output,,N95333,N95333,1,undetected,N95333,N95333,N95333,sa1,1
34415,N95226 /1 undetected,output,,N95226,N95226,1,undetected,N95226,N95226,N95226,sa1,1
34416,N14243 /1 undetected,output,,N14243,N14243,1,undetected,N14243,N14243,N14243,sa1,1
34417,N14243 /0 undetected,output,,N14243,N14243,0,undetected,N14243,N14243,N14243,sa0,1
34418,N101566 /1 undetected,output,,N101566,N101566,1,undetected,N101566,N101566,N101566,sa1,1
34419,N83963 /1 undetected,output,,N83963,N83963,1,undetected,N83963,N83963,N83963,sa1,1
34420,N75088 /1 undetected,output,,N75088,N75088,1,undetected,N75088,N75088,N75088,sa1,1
34421,N74476 /1 undetected,output,,N74476,N74476,1,undetected,N74476,N74476,N74476,sa1,1
34422,N12617 /0 undetected,output,,N12617,N12617,0,undetected,N12617,N12617,N12617,sa0,1
34423,N12531 /1 undetected,output,,N12531,N12531,1,undetected,N12531,N12531,N12531,sa1,1
34424,N12531 /0 undetected,output,,N12531,N12531,0,undetected,N12531,N12531,N12531,sa0,1
34425,N96345 /1 undetected,output,,N96345,N96345,1,undetected,N96345,N96345,N96345,sa1,1
34426,N84091 /1 undetected,output,,N84091,N84091,1,undetected,N84091,N84091,N84091,sa1,1
34427,N11677 /0 undetected,output,,N11677,N11677,0,undetected,N11677,N11677,N11677,sa0,1
34428,N93580 /1 undetected,output,,N93580,N93580,1,undetected,N93580,N93580,N93580,sa1,1
34429,N10307 /1 undetected,output,,N10307,N10307,1,undetected,N10307,N10307,N10307,sa1,1
34430,N95004 /1 undetected,output,,N95004,N95004,1,undetected,N95004,N95004,N95004,sa1,1
34431,N9955 /1 undetected,output,,N9955,N9955,1,undetected,N9955,N9955,N9955,sa1,1
34432,N99138 /1 undetected,output,,N99138,N99138,1,undetected,N99138,N99138,N99138,sa1,1
34433,N75504 /1 undetected,output,,N75504,N75504,1,undetected,N75504,N75504,N75504,sa1,1
34434,N99086 /1 undetected,output,,N99086,N99086,1,undetected,N99086,N99086,N99086,sa1,1
34435,N75492 /1 undetected,output,,N75492,N75492,1,undetected,N75492,N75492,N75492,sa1,1
34436,N8140 /1 undetected,output,,N8140,N8140,1,undetected,N8140,N8140,N8140,sa1,1
34437,N4038 /1 undetected,output,,N4038,N4038,1,undetected,N4038,N4038,N4038,sa1,1
34438,N92755 /1 undetected,output,,N92755,N92755,1,undetected,N92755,N92755,N92755,sa1,1
34439,N3468 /1 undetected,output,,N3468,N3468,1,undetected,N3468,N3468,N3468,sa1,1
34440,N3468 /0 undetected,output,,N3468,N3468,0,undetected,N3468,N3468,N3468,sa0,1
34441,N94271 /1 undetected,output,,N94271,N94271,1,undetected,N94271,N94271,N94271,sa1,1
34442,N84323 /1 undetected,output,,N84323,N84323,1,undetected,N84323,N84323,N84323,sa1,1
34443,N3399 /1 undetected,output,,N3399,N3399,1,undetected,N3399,N3399,N3399,sa1,1
34444,N3399 /0 undetected,output,,N3399,N3399,0,undetected,N3399,N3399,N3399,sa0,1
34445,N95184 /1 undetected,output,,N95184,N95184,1,undetected,N95184,N95184,N95184,sa1,1
34446,N93186 /1 undetected,output,,N93186,N93186,1,undetected,N93186,N93186,N93186,sa1,1
34447,N2900 /1 undetected,output,,N2900,N2900,1,undetected,N2900,N2900,N2900,sa1,1
34448,N2898 /1 undetected,output,,N2898,N2898,1,undetected,N2898,N2898,N2898,sa1,1
34449,N2898 /0 undetected,output,,N2898,N2898,0,undetected,N2898,N2898,N2898,sa0,1
34450,N95310 /1 undetected,output,,N95310,N95310,1,undetected,N95310,N95310,N95310,sa1,1
34451,N92665 /1 undetected,output,,N92665,N92665,1,undetected,N92665,N92665,N92665,sa1,1
34452,N2892 /1 undetected,output,,N2892,N2892,1,undetected,N2892,N2892,N2892,sa1,1
34453,N2738 /1 undetected,output,,N2738,N2738,1,undetected,N2738,N2738,N2738,sa1,1
34454,N2701 /1 undetected,output,,N2701,N2701,1,undetected,N2701,N2701,N2701,sa1,1
34455,N2691 /1 undetected,output,,N2691,N2691,1,undetected,N2691,N2691,N2691,sa1,1
34456,N2607 /1 undetected,output,,N2607,N2607,1,undetected,N2607,N2607,N2607,sa1,1
34457,N2607 /0 undetected,output,,N2607,N2607,0,undetected,N2607,N2607,N2607,sa0,1
34458,N2202 /1 undetected,output,,N2202,N2202,1,undetected,N2202,N2202,N2202,sa1,1
34459,N2202 /0 undetected,output,,N2202,N2202,0,undetected,N2202,N2202,N2202,sa0,1
34460,N92942 /1 undetected,output,,N92942,N92942,1,undetected,N92942,N92942,N92942,sa1,1
34461,N92920 /1 undetected,output,,N92920,N92920,1,undetected,N92920,N92920,N92920,sa1,1
34462,N2079 /1 undetected,output,,N2079,N2079,1,undetected,N2079,N2079,N2079,sa1,1
34463,N2079 /0 undetected,output,,N2079,N2079,0,undetected,N2079,N2079,N2079,sa0,1
34464,N92077 /1 undetected,output,,N92077,N92077,1,undetected,N92077,N92077,N92077,sa1,1
34465,N92073 /1 undetected,output,,N92073,N92073,1,undetected,N92073,N92073,N92073,sa1,1
34466,N2078 /1 undetected,output,,N2078,N2078,1,undetected,N2078,N2078,N2078,sa1,1
34467,N2078 /0 undetected,output,,N2078,N2078,0,undetected,N2078,N2078,N2078,sa0,1
34468,N92072 /1 undetected,output,,N92072,N92072,1,undetected,N92072,N92072,N92072,sa1,1
34469,N84043 /1 undetected,output,,N84043,N84043,1,undetected,N84043,N84043,N84043,sa1,1
34470,N2031 /1 undetected,output,,N2031,N2031,1,undetected,N2031,N2031,N2031,sa1,1
34471,N91932 /1 undetected,output,,N91932,N91932,1,undetected,N91932,N91932,N91932,sa1,1
34472,N83998 /1 undetected,output,,N83998,N83998,1,undetected,N83998,N83998,N83998,sa1,1
34473,N11218 /1 undetected,output,,N11218,N11218,1,undetected,N11218,N11218,N11218,sa1,1
34474,N11218 /0 undetected,output,,N11218,N11218,0,undetected,N11218,N11218,N11218,sa0,1
34475,N11217 /1 undetected,output,,N11217,N11217,1,undetected,N11217,N11217,N11217,sa1,1
34476,N99707 /1 undetected,output,,N99707,N99707,1,undetected,N99707,N99707,N99707,sa1,1
34477,N11213 /1 undetected,output,,N11213,N11213,1,undetected,N11213,N11213,N11213,sa1,1
34478,N11211 /1 undetected,output,,N11211,N11211,1,undetected,N11211,N11211,N11211,sa1,1
34479,N87422 /1 undetected,output,,N87422,N87422,1,undetected,N87422,N87422,N87422,sa1,1
34480,N78495 /1 undetected,output,,N78495,N78495,1,undetected,N78495,N78495,N78495,sa1,1
34481,N11209 /1 undetected,output,,N11209,N11209,1,undetected,N11209,N11209,N11209,sa1,1
34482,N87424 /1 undetected,output,,N87424,N87424,1,undetected,N87424,N87424,N87424,sa1,1
34483,N78490 /1 undetected,output,,N78490,N78490,1,undetected,N78490,N78490,N78490,sa1,1
34484,N11215 /1 undetected,output,,N11215,N11215,1,undetected,N11215,N11215,N11215,sa1,1
34485,N11212 /1 undetected,output,,N11212,N11212,1,undetected,N11212,N11212,N11212,sa1,1
34486,N11207 /1 undetected,output,,N11207,N11207,1,undetected,N11207,N11207,N11207,sa1,1
34487,N78494 /1 undetected,output,,N78494,N78494,1,undetected,N78494,N78494,N78494,sa1,1
34488,N78489 /1 undetected,output,,N78489,N78489,1,undetected,N78489,N78489,N78489,sa1,1
34489,N11205 /1 undetected,output,,N11205,N11205,1,undetected,N11205,N11205,N11205,sa1,1
34490,N87423 /1 undetected,output,,N87423,N87423,1,undetected,N87423,N87423,N87423,sa1,1
34491,N87421 /1 undetected,output,,N87421,N87421,1,undetected,N87421,N87421,N87421,sa1,1
34492,N11203 /1 undetected,output,,N11203,N11203,1,undetected,N11203,N11203,N11203,sa1,1
34493,N10926 /1 undetected,output,,N10926,N10926,1,undetected,N10926,N10926,N10926,sa1,1
34494,N10925 /1 undetected,output,,N10925,N10925,1,undetected,N10925,N10925,N10925,sa1,1
34495,N10923 /1 undetected,output,,N10923,N10923,1,undetected,N10923,N10923,N10923,sa1,1
34496,N10868 /1 undetected,output,,N10868,N10868,1,undetected,N10868,N10868,N10868,sa1,1
34497,N10868 /0 undetected,output,,N10868,N10868,0,undetected,N10868,N10868,N10868,sa0,1
34498,N10867 /1 undetected,output,,N10867,N10867,1,undetected,N10867,N10867,N10867,sa1,1
34499,N99580 /1 undetected,output,,N99580,N99580,1,undetected,N99580,N99580,N99580,sa1,1
34500,N10863 /1 undetected,output,,N10863,N10863,1,undetected,N10863,N10863,N10863,sa1,1
34501,N10861 /1 undetected,output,,N10861,N10861,1,undetected,N10861,N10861,N10861,sa1,1
34502,N87340 /1 undetected,output,,N87340,N87340,1,undetected,N87340,N87340,N87340,sa1,1
34503,N78272 /1 undetected,output,,N78272,N78272,1,undetected,N78272,N78272,N78272,sa1,1
34504,N10859 /1 undetected,output,,N10859,N10859,1,undetected,N10859,N10859,N10859,sa1,1
34505,N87342 /1 undetected,output,,N87342,N87342,1,undetected,N87342,N87342,N87342,sa1,1
34506,N78267 /1 undetected,output,,N78267,N78267,1,undetected,N78267,N78267,N78267,sa1,1
34507,N10865 /1 undetected,output,,N10865,N10865,1,undetected,N10865,N10865,N10865,sa1,1
34508,N10862 /1 undetected,output,,N10862,N10862,1,undetected,N10862,N10862,N10862,sa1,1
34509,N10857 /1 undetected,output,,N10857,N10857,1,undetected,N10857,N10857,N10857,sa1,1
34510,N78271 /1 undetected,output,,N78271,N78271,1,undetected,N78271,N78271,N78271,sa1,1
34511,N78266 /1 undetected,output,,N78266,N78266,1,undetected,N78266,N78266,N78266,sa1,1
34512,N10855 /1 undetected,output,,N10855,N10855,1,undetected,N10855,N10855,N10855,sa1,1
34513,N87341 /1 undetected,output,,N87341,N87341,1,undetected,N87341,N87341,N87341,sa1,1
34514,N87339 /1 undetected,output,,N87339,N87339,1,undetected,N87339,N87339,N87339,sa1,1
34515,N10853 /1 undetected,output,,N10853,N10853,1,undetected,N10853,N10853,N10853,sa1,1
34516,N10710 /1 undetected,output,,N10710,N10710,1,undetected,N10710,N10710,N10710,sa1,1
34517,N10710 /0 undetected,output,,N10710,N10710,0,undetected,N10710,N10710,N10710,sa0,1
34518,N10709 /1 undetected,output,,N10709,N10709,1,undetected,N10709,N10709,N10709,sa1,1
34519,N99533 /1 undetected,output,,N99533,N99533,1,undetected,N99533,N99533,N99533,sa1,1
34520,N10705 /1 undetected,output,,N10705,N10705,1,undetected,N10705,N10705,N10705,sa1,1
34521,N10703 /1 undetected,output,,N10703,N10703,1,undetected,N10703,N10703,N10703,sa1,1
34522,N87189 /1 undetected,output,,N87189,N87189,1,undetected,N87189,N87189,N87189,sa1,1
34523,N77922 /1 undetected,output,,N77922,N77922,1,undetected,N77922,N77922,N77922,sa1,1
34524,N10701 /1 undetected,output,,N10701,N10701,1,undetected,N10701,N10701,N10701,sa1,1
34525,N87191 /1 undetected,output,,N87191,N87191,1,undetected,N87191,N87191,N87191,sa1,1
34526,N77918 /1 undetected,output,,N77918,N77918,1,undetected,N77918,N77918,N77918,sa1,1
34527,N10707 /1 undetected,output,,N10707,N10707,1,undetected,N10707,N10707,N10707,sa1,1
34528,N10704 /1 undetected,output,,N10704,N10704,1,undetected,N10704,N10704,N10704,sa1,1
34529,N10699 /1 undetected,output,,N10699,N10699,1,undetected,N10699,N10699,N10699,sa1,1
34530,N77921 /1 undetected,output,,N77921,N77921,1,undetected,N77921,N77921,N77921,sa1,1
34531,N77917 /1 undetected,output,,N77917,N77917,1,undetected,N77917,N77917,N77917,sa1,1
34532,N10697 /1 undetected,output,,N10697,N10697,1,undetected,N10697,N10697,N10697,sa1,1
34533,N87190 /1 undetected,output,,N87190,N87190,1,undetected,N87190,N87190,N87190,sa1,1
34534,N87188 /1 undetected,output,,N87188,N87188,1,undetected,N87188,N87188,N87188,sa1,1
34535,N10695 /1 undetected,output,,N10695,N10695,1,undetected,N10695,N10695,N10695,sa1,1
34536,N10588 /1 undetected,output,,N10588,N10588,1,undetected,N10588,N10588,N10588,sa1,1
34537,N10587 /1 undetected,output,,N10587,N10587,1,undetected,N10587,N10587,N10587,sa1,1
34538,N10583 /1 undetected,output,,N10583,N10583,1,undetected,N10583,N10583,N10583,sa1,1
34539,N10585 /1 undetected,output,,N10585,N10585,1,undetected,N10585,N10585,N10585,sa1,1
34540,N99490 /1 undetected,output,,N99490,N99490,1,undetected,N99490,N99490,N99490,sa1,1
34541,N85823 /1 undetected,output,,N85823,N85823,1,undetected,N85823,N85823,N85823,sa1,1
34542,N51018 /1 undetected,output,,N51018,N51018,1,undetected,N51018,N51018,N51018,sa1,1
34543,N51018 /0 undetected,output,,N51018,N51018,0,undetected,N51018,N51018,N51018,sa0,1
34544,N51017 /1 undetected,output,,N51017,N51017,1,undetected,N51017,N51017,N51017,sa1,1
34545,N113585 /1 undetected,output,,N113585,N113585,1,undetected,N113585,N113585,N113585,sa1,1
34546,N51015 /1 undetected,output,,N51015,N51015,1,undetected,N51015,N51015,N51015,sa1,1
34547,N85817 /1 undetected,output,,N85817,N85817,1,undetected,N85817,N85817,N85817,sa1,1
34548,N51012 /1 undetected,output,,N51012,N51012,1,undetected,N51012,N51012,N51012,sa1,1
34549,N85557 /1 undetected,output,,N85557,N85557,1,undetected,N85557,N85557,N85557,sa1,1
34550,N76183 /1 undetected,output,,N76183,N76183,1,undetected,N76183,N76183,N76183,sa1,1
34551,N51014 /1 undetected,output,,N51014,N51014,1,undetected,N51014,N51014,N51014,sa1,1
34552,N93591 /1 undetected,output,,N93591,N93591,1,undetected,N93591,N93591,N93591,sa1,1
34553,N75907 /1 undetected,output,,N75907,N75907,1,undetected,N75907,N75907,N75907,sa1,1
34554,N109355 /1 undetected,output,,N109355,N109355,1,undetected,N109355,N109355,N109355,sa1,1
34555,N89150 /1 undetected,output,,N89150,N89150,1,undetected,N89150,N89150,N89150,sa1,1
34556,N25466 /1 undetected,output,,N25466,N25466,1,undetected,N25466,N25466,N25466,sa1,1
34557,N23007 /1 undetected,output,,N23007,N23007,1,undetected,N23007,N23007,N23007,sa1,1
34558,N104128 /1 undetected,output,,N104128,N104128,1,undetected,N104128,N104128,N104128,sa1,1
34559,N94550 /1 undetected,output,,N94550,N94550,1,undetected,N94550,N94550,N94550,sa1,1
34560,N21228 /1 undetected,output,,N21228,N21228,1,undetected,N21228,N21228,N21228,sa1,1
34561,N104124 /1 undetected,output,,N104124,N104124,1,undetected,N104124,N104124,N104124,sa1,1
34562,N75104 /1 undetected,output,,N75104,N75104,1,undetected,N75104,N75104,N75104,sa1,1
34563,N92633 /1 undetected,output,,N92633,N92633,1,undetected,N92633,N92633,N92633,sa1,1
34564,N19763 /0 undetected,output,,N19763,N19763,0,undetected,N19763,N19763,N19763,sa0,1
34565,N85496 /1 undetected,output,,N85496,N85496,1,undetected,N85496,N85496,N85496,sa1,1
34566,N103929 /1 undetected,output,,N103929,N103929,1,undetected,N103929,N103929,N103929,sa1,1
34567,N94525 /1 undetected,output,,N94525,N94525,1,undetected,N94525,N94525,N94525,sa1,1
34568,N75542 /1 undetected,output,,N75542,N75542,1,undetected,N75542,N75542,N75542,sa1,1
34569,N94150 /1 undetected,output,,N94150,N94150,1,undetected,N94150,N94150,N94150,sa1,1
34570,N99210 /1 undetected,output,,N99210,N99210,1,undetected,N99210,N99210,N99210,sa1,1
34571,N91631 /1 undetected,output,,N91631,N91631,1,undetected,N91631,N91631,N91631,sa1,1
34572,N78448 /1 undetected,output,,N78448,N78448,1,undetected,N78448,N78448,N78448,sa1,1
34573,N99670 /1 undetected,output,,N99670,N99670,1,undetected,N99670,N99670,N99670,sa1,1
34574,N16020 /0 undetected,output,,N16020,N16020,0,undetected,N16020,N16020,N16020,sa0,1
34575,N102698 /1 undetected,output,,N102698,N102698,1,undetected,N102698,N102698,N102698,sa1,1
34576,N16018 /1 undetected,output,,N16018,N16018,1,undetected,N16018,N16018,N16018,sa1,1
34577,N102700 /1 undetected,output,,N102700,N102700,1,undetected,N102700,N102700,N102700,sa1,1
34578,N100364 /1 undetected,output,,N100364,N100364,1,undetected,N100364,N100364,N100364,sa1,1
34579,N102651 /1 undetected,output,,N102651,N102651,1,undetected,N102651,N102651,N102651,sa1,1
34580,N100356 /1 undetected,output,,N100356,N100356,1,undetected,N100356,N100356,N100356,sa1,1
34581,N84097 /1 undetected,output,,N84097,N84097,1,undetected,N84097,N84097,N84097,sa1,1
34582,N83989 /1 undetected,output,,N83989,N83989,1,undetected,N83989,N83989,N83989,sa1,1
34583,N2736 /1 undetected,output,,N2736,N2736,1,undetected,N2736,N2736,N2736,sa1,1
34584,N14376 /0 undetected,output,,N14376,N14376,0,undetected,N14376,N14376,N14376,sa0,1
34585,N101686 /1 undetected,output,,N101686,N101686,1,undetected,N101686,N101686,N101686,sa1,1
34586,N14374 /1 undetected,output,,N14374,N14374,1,undetected,N14374,N14374,N14374,sa1,1
34587,N101747 /1 undetected,output,,N101747,N101747,1,undetected,N101747,N101747,N101747,sa1,1
34588,N92020 /1 undetected,output,,N92020,N92020,1,undetected,N92020,N92020,N92020,sa1,1
34589,N100610 /1 undetected,output,,N100610,N100610,1,undetected,N100610,N100610,N100610,sa1,1
34590,N14367 /1 undetected,output,,N14367,N14367,1,undetected,N14367,N14367,N14367,sa1,1
34591,N84019 /1 undetected,output,,N84019,N84019,1,undetected,N84019,N84019,N84019,sa1,1
34592,N84012 /1 undetected,output,,N84012,N84012,1,undetected,N84012,N84012,N84012,sa1,1
34593,N84001 /1 undetected,output,,N84001,N84001,1,undetected,N84001,N84001,N84001,sa1,1
34594,N14365 /1 undetected,output,,N14365,N14365,1,undetected,N14365,N14365,N14365,sa1,1
34595,N101688 /1 undetected,output,,N101688,N101688,1,undetected,N101688,N101688,N101688,sa1,1
34596,N14364 /1 undetected,output,,N14364,N14364,1,undetected,N14364,N14364,N14364,sa1,1
34597,N100354 /1 undetected,output,,N100354,N100354,1,undetected,N100354,N100354,N100354,sa1,1
34598,N93156 /1 undetected,output,,N93156,N93156,1,undetected,N93156,N93156,N93156,sa1,1
34599,N14286 /0 undetected,output,,N14286,N14286,0,undetected,N14286,N14286,N14286,sa0,1
34600,N101685 /1 undetected,output,,N101685,N101685,1,undetected,N101685,N101685,N101685,sa1,1
34601,N100613 /1 undetected,output,,N100613,N100613,1,undetected,N100613,N100613,N100613,sa1,1
34602,N101689 /1 undetected,output,,N101689,N101689,1,undetected,N101689,N101689,N101689,sa1,1
34603,N84018 /1 undetected,output,,N84018,N84018,1,undetected,N84018,N84018,N84018,sa1,1
34604,N84006 /1 undetected,output,,N84006,N84006,1,undetected,N84006,N84006,N84006,sa1,1
34605,N14280 /1 undetected,output,,N14280,N14280,1,undetected,N14280,N14280,N14280,sa1,1
34606,N83994 /1 undetected,output,,N83994,N83994,1,undetected,N83994,N83994,N83994,sa1,1
34607,N83944 /1 undetected,output,,N83944,N83944,1,undetected,N83944,N83944,N83944,sa1,1
34608,N92812 /1 undetected,output,,N92812,N92812,1,undetected,N92812,N92812,N92812,sa1,1
34609,N11696 /1 undetected,output,,N11696,N11696,1,undetected,N11696,N11696,N11696,sa1,1
34610,N85445 /1 undetected,output,,N85445,N85445,1,undetected,N85445,N85445,N85445,sa1,1
34611,N11695 /1 undetected,output,,N11695,N11695,1,undetected,N11695,N11695,N11695,sa1,1
34612,N94522 /1 undetected,output,,N94522,N94522,1,undetected,N94522,N94522,N94522,sa1,1
34613,N8673 /1 undetected,output,,N8673,N8673,1,undetected,N8673,N8673,N8673,sa1,1
34614,N83824 /1 undetected,output,,N83824,N83824,1,undetected,N83824,N83824,N83824,sa1,1
34615,N8672 /1 undetected,output,,N8672,N8672,1,undetected,N8672,N8672,N8672,sa1,1
34616,N94809 /1 undetected,output,,N94809,N94809,1,undetected,N94809,N94809,N94809,sa1,1
34617,N8651 /1 undetected,output,,N8651,N8651,1,undetected,N8651,N8651,N8651,sa1,1
34618,N98590 /1 undetected,output,,N98590,N98590,1,undetected,N98590,N98590,N98590,sa1,1
34619,N10990 /1 undetected,output,,N10990,N10990,1,undetected,N10990,N10990,N10990,sa1,1
34620,N10989 /1 undetected,output,,N10989,N10989,1,undetected,N10989,N10989,N10989,sa1,1
34621,N10985 /1 undetected,output,,N10985,N10985,1,undetected,N10985,N10985,N10985,sa1,1
34622,N10983 /1 undetected,output,,N10983,N10983,1,undetected,N10983,N10983,N10983,sa1,1
34623,N87308 /1 undetected,output,,N87308,N87308,1,undetected,N87308,N87308,N87308,sa1,1
34624,N78158 /1 undetected,output,,N78158,N78158,1,undetected,N78158,N78158,N78158,sa1,1
34625,N10981 /1 undetected,output,,N10981,N10981,1,undetected,N10981,N10981,N10981,sa1,1
34626,N87306 /1 undetected,output,,N87306,N87306,1,undetected,N87306,N87306,N87306,sa1,1
34627,N78163 /1 undetected,output,,N78163,N78163,1,undetected,N78163,N78163,N78163,sa1,1
34628,N99619 /1 undetected,output,,N99619,N99619,1,undetected,N99619,N99619,N99619,sa1,1
34629,N99613 /1 undetected,output,,N99613,N99613,1,undetected,N99613,N99613,N99613,sa1,1
34630,N10971 /1 undetected,output,,N10971,N10971,1,undetected,N10971,N10971,N10971,sa1,1
34631,N99617 /1 undetected,output,,N99617,N99617,1,undetected,N99617,N99617,N99617,sa1,1
34632,N99615 /1 undetected,output,,N99615,N99615,1,undetected,N99615,N99615,N99615,sa1,1
34633,N10987 /1 undetected,output,,N10987,N10987,1,undetected,N10987,N10987,N10987,sa1,1
34634,N10979 /1 undetected,output,,N10979,N10979,1,undetected,N10979,N10979,N10979,sa1,1
34635,N78162 /1 undetected,output,,N78162,N78162,1,undetected,N78162,N78162,N78162,sa1,1
34636,N78157 /1 undetected,output,,N78157,N78157,1,undetected,N78157,N78157,N78157,sa1,1
34637,N87307 /1 undetected,output,,N87307,N87307,1,undetected,N87307,N87307,N87307,sa1,1
34638,N87305 /1 undetected,output,,N87305,N87305,1,undetected,N87305,N87305,N87305,sa1,1
34639,N10974 /1 undetected,output,,N10974,N10974,1,undetected,N10974,N10974,N10974,sa1,1
34640,N10969 /1 undetected,output,,N10969,N10969,1,undetected,N10969,N10969,N10969,sa1,1
34641,N99616 /1 undetected,output,,N99616,N99616,1,undetected,N99616,N99616,N99616,sa1,1
34642,N99612 /1 undetected,output,,N99612,N99612,1,undetected,N99612,N99612,N99612,sa1,1
34643,N10967 /1 undetected,output,,N10967,N10967,1,undetected,N10967,N10967,N10967,sa1,1
34644,N99618 /1 undetected,output,,N99618,N99618,1,undetected,N99618,N99618,N99618,sa1,1
34645,N99614 /1 undetected,output,,N99614,N99614,1,undetected,N99614,N99614,N99614,sa1,1
34646,N10521 /1 undetected,output,,N10521,N10521,1,undetected,N10521,N10521,N10521,sa1,1
34647,N10521 /0 undetected,output,,N10521,N10521,0,undetected,N10521,N10521,N10521,sa0,1
34648,N10520 /1 undetected,output,,N10520,N10520,1,undetected,N10520,N10520,N10520,sa1,1
34649,N99450 /1 undetected,output,,N99450,N99450,1,undetected,N99450,N99450,N99450,sa1,1
34650,N10509 /1 undetected,output,,N10509,N10509,1,undetected,N10509,N10509,N10509,sa1,1
34651,N10504 /1 undetected,output,,N10504,N10504,1,undetected,N10504,N10504,N10504,sa1,1
34652,N99445 /1 undetected,output,,N99445,N99445,1,undetected,N99445,N99445,N99445,sa1,1
34653,N99441 /1 undetected,output,,N99441,N99441,1,undetected,N99441,N99441,N99441,sa1,1
34654,N10502 /1 undetected,output,,N10502,N10502,1,undetected,N10502,N10502,N10502,sa1,1
34655,N99447 /1 undetected,output,,N99447,N99447,1,undetected,N99447,N99447,N99447,sa1,1
34656,N99443 /1 undetected,output,,N99443,N99443,1,undetected,N99443,N99443,N99443,sa1,1
34657,N10518 /1 undetected,output,,N10518,N10518,1,undetected,N10518,N10518,N10518,sa1,1
34658,N10516 /1 undetected,output,,N10516,N10516,1,undetected,N10516,N10516,N10516,sa1,1
34659,N10510 /1 undetected,output,,N10510,N10510,1,undetected,N10510,N10510,N10510,sa1,1
34660,N10508 /1 undetected,output,,N10508,N10508,1,undetected,N10508,N10508,N10508,sa1,1
34661,N99446 /1 undetected,output,,N99446,N99446,1,undetected,N99446,N99446,N99446,sa1,1
34662,N99444 /1 undetected,output,,N99444,N99444,1,undetected,N99444,N99444,N99444,sa1,1
34663,N10506 /1 undetected,output,,N10506,N10506,1,undetected,N10506,N10506,N10506,sa1,1
34664,N99448 /1 undetected,output,,N99448,N99448,1,undetected,N99448,N99448,N99448,sa1,1
34665,N99442 /1 undetected,output,,N99442,N99442,1,undetected,N99442,N99442,N99442,sa1,1
34666,N19285 /1 undetected,output,,N19285,N19285,1,undetected,N19285,N19285,N19285,sa1,1
34667,N19285 /0 undetected,output,,N19285,N19285,0,undetected,N19285,N19285,N19285,sa0,1
34668,N93508 /1 undetected,output,,N93508,N93508,1,undetected,N93508,N93508,N93508,sa1,1
34669,N19283 /1 undetected,output,,N19283,N19283,1,undetected,N19283,N19283,N19283,sa1,1
34670,N93468 /1 undetected,output,,N93468,N93468,1,undetected,N93468,N93468,N93468,sa1,1
34671,N19281 /1 undetected,output,,N19281,N19281,1,undetected,N19281,N19281,N19281,sa1,1
34672,N98676 /1 undetected,output,,N98676,N98676,1,undetected,N98676,N98676,N98676,sa1,1
34673,N75539 /1 undetected,output,,N75539,N75539,1,undetected,N75539,N75539,N75539,sa1,1
34674,N102438 /1 undetected,output,,N102438,N102438,1,undetected,N102438,N102438,N102438,sa1,1
34675,N121500 /1 undetected,output,,N121500,N121500,1,undetected,N121500,N121500,N121500,sa1,1
34676,N89639 /1 undetected,output,,N89639,N89639,1,undetected,N89639,N89639,N89639,sa1,1
34677,N81258 /1 undetected,output,,N81258,N81258,1,undetected,N81258,N81258,N81258,sa1,1
34678,N80498 /1 undetected,output,,N80498,N80498,1,undetected,N80498,N80498,N80498,sa1,1
34679,N89316 /1 undetected,output,,N89316,N89316,1,undetected,N89316,N89316,N89316,sa1,1
34680,N80895 /1 undetected,output,,N80895,N80895,1,undetected,N80895,N80895,N80895,sa1,1
34681,N56663 /1 undetected,output,,N56663,N56663,1,undetected,N56663,N56663,N56663,sa1,1
34682,N56663 /0 undetected,output,,N56663,N56663,0,undetected,N56663,N56663,N56663,sa0,1
34683,N98481 /1 undetected,output,,N98481,N98481,1,undetected,N98481,N98481,N98481,sa1,1
34684,N94197 /1 undetected,output,,N94197,N94197,1,undetected,N94197,N94197,N94197,sa1,1
34685,N55429 /1 undetected,output,,N55429,N55429,1,undetected,N55429,N55429,N55429,sa1,1
34686,N55429 /0 undetected,output,,N55429,N55429,0,undetected,N55429,N55429,N55429,sa0,1
34687,N120942 /1 undetected,output,,N120942,N120942,1,undetected,N120942,N120942,N120942,sa1,1
34688,N75823 /1 undetected,output,,N75823,N75823,1,undetected,N75823,N75823,N75823,sa1,1
34689,N55109 /1 undetected,output,,N55109,N55109,1,undetected,N55109,N55109,N55109,sa1,1
34690,N55109 /0 undetected,output,,N55109,N55109,0,undetected,N55109,N55109,N55109,sa0,1
34691,N120829 /1 undetected,output,,N120829,N120829,1,undetected,N120829,N120829,N120829,sa1,1
34692,N120719 /1 undetected,output,,N120719,N120719,1,undetected,N120719,N120719,N120719,sa1,1
34693,N52991 /1 undetected,output,,N52991,N52991,1,undetected,N52991,N52991,N52991,sa1,1
34694,N52991 /0 undetected,output,,N52991,N52991,0,undetected,N52991,N52991,N52991,sa0,1
34695,N120237 /1 undetected,output,,N120237,N120237,1,undetected,N120237,N120237,N120237,sa1,1
34696,N95943 /1 undetected,output,,N95943,N95943,1,undetected,N95943,N95943,N95943,sa1,1
34697,N47825 /1 undetected,output,,N47825,N47825,1,undetected,N47825,N47825,N47825,sa1,1
34698,N91850 /1 undetected,output,,N91850,N91850,1,undetected,N91850,N91850,N91850,sa1,1
34699,N42157 /1 undetected,output,,N42157,N42157,1,undetected,N42157,N42157,N42157,sa1,1
34700,N91829 /1 undetected,output,,N91829,N91829,1,undetected,N91829,N91829,N91829,sa1,1
34701,N41127 /1 undetected,output,,N41127,N41127,1,undetected,N41127,N41127,N41127,sa1,1
34702,N91828 /1 undetected,output,,N91828,N91828,1,undetected,N91828,N91828,N91828,sa1,1
34703,N40736 /1 undetected,output,,N40736,N40736,1,undetected,N40736,N40736,N40736,sa1,1
34704,N91827 /1 undetected,output,,N91827,N91827,1,undetected,N91827,N91827,N91827,sa1,1
34705,N39997 /1 undetected,output,,N39997,N39997,1,undetected,N39997,N39997,N39997,sa1,1
34706,N91826 /1 undetected,output,,N91826,N91826,1,undetected,N91826,N91826,N91826,sa1,1
34707,N39313 /1 undetected,output,,N39313,N39313,1,undetected,N39313,N39313,N39313,sa1,1
34708,N91825 /1 undetected,output,,N91825,N91825,1,undetected,N91825,N91825,N91825,sa1,1
34709,N90155 /1 undetected,output,,N90155,N90155,1,undetected,N90155,N90155,N90155,sa1,1
34710,N38573 /1 undetected,output,,N38573,N38573,1,undetected,N38573,N38573,N38573,sa1,1
34711,N91824 /1 undetected,output,,N91824,N91824,1,undetected,N91824,N91824,N91824,sa1,1
34712,N90142 /1 undetected,output,,N90142,N90142,1,undetected,N90142,N90142,N90142,sa1,1
34713,N37728 /1 undetected,output,,N37728,N37728,1,undetected,N37728,N37728,N37728,sa1,1
34714,N91822 /1 undetected,output,,N91822,N91822,1,undetected,N91822,N91822,N91822,sa1,1
34715,N37116 /1 undetected,output,,N37116,N37116,1,undetected,N37116,N37116,N37116,sa1,1
34716,N91821 /1 undetected,output,,N91821,N91821,1,undetected,N91821,N91821,N91821,sa1,1
34717,N33584 /1 undetected,output,,N33584,N33584,1,undetected,N33584,N33584,N33584,sa1,1
34718,N91809 /1 undetected,output,,N91809,N91809,1,undetected,N91809,N91809,N91809,sa1,1
34719,N29908 /1 undetected,output,,N29908,N29908,1,undetected,N29908,N29908,N29908,sa1,1
34720,N91806 /1 undetected,output,,N91806,N91806,1,undetected,N91806,N91806,N91806,sa1,1
34721,N22906 /1 undetected,output,,N22906,N22906,1,undetected,N22906,N22906,N22906,sa1,1
34722,N100566 /1 undetected,output,,N100566,N100566,1,undetected,N100566,N100566,N100566,sa1,1
34723,N22888 /1 undetected,output,,N22888,N22888,1,undetected,N22888,N22888,N22888,sa1,1
34724,N22519 /1 undetected,output,,N22519,N22519,1,undetected,N22519,N22519,N22519,sa1,1
34725,N105181 /1 undetected,output,,N105181,N105181,1,undetected,N105181,N105181,N105181,sa1,1
34726,N105161 /1 undetected,output,,N105161,N105161,1,undetected,N105161,N105161,N105161,sa1,1
34727,N21465 /1 undetected,output,,N21465,N21465,1,undetected,N21465,N21465,N21465,sa1,1
34728,N104966 /1 undetected,output,,N104966,N104966,1,undetected,N104966,N104966,N104966,sa1,1
34729,N87511 /1 undetected,output,,N87511,N87511,1,undetected,N87511,N87511,N87511,sa1,1
34730,N21021 /1 undetected,output,,N21021,N21021,1,undetected,N21021,N21021,N21021,sa1,1
34731,N21021 /0 undetected,output,,N21021,N21021,0,undetected,N21021,N21021,N21021,sa0,1
34732,N104681 /1 undetected,output,,N104681,N104681,1,undetected,N104681,N104681,N104681,sa1,1
34733,N86373 /1 undetected,output,,N86373,N86373,1,undetected,N86373,N86373,N86373,sa1,1
34734,N74591 /1 undetected,output,,N74591,N74591,1,undetected,N74591,N74591,N74591,sa1,1
34735,N20213 /1 undetected,output,,N20213,N20213,1,undetected,N20213,N20213,N20213,sa1,1
34736,N20213 /0 undetected,output,,N20213,N20213,0,undetected,N20213,N20213,N20213,sa0,1
34737,N104175 /1 undetected,output,,N104175,N104175,1,undetected,N104175,N104175,N104175,sa1,1
34738,N86347 /1 undetected,output,,N86347,N86347,1,undetected,N86347,N86347,N86347,sa1,1
34739,N20000 /1 undetected,output,,N20000,N20000,1,undetected,N20000,N20000,N20000,sa1,1
34740,N84444 /1 undetected,output,,N84444,N84444,1,undetected,N84444,N84444,N84444,sa1,1
34741,N19988 /1 undetected,output,,N19988,N19988,1,undetected,N19988,N19988,N19988,sa1,1
34742,N104173 /1 undetected,output,,N104173,N104173,1,undetected,N104173,N104173,N104173,sa1,1
34743,N76660 /1 undetected,output,,N76660,N76660,1,undetected,N76660,N76660,N76660,sa1,1
34744,N91633 /1 undetected,output,,N91633,N91633,1,undetected,N91633,N91633,N91633,sa1,1
34745,N92632 /1 undetected,output,,N92632,N92632,1,undetected,N92632,N92632,N92632,sa1,1
34746,N74655 /1 undetected,output,,N74655,N74655,1,undetected,N74655,N74655,N74655,sa1,1
34747,N17695 /1 undetected,output,,N17695,N17695,1,undetected,N17695,N17695,N17695,sa1,1
34748,N91628 /1 undetected,output,,N91628,N91628,1,undetected,N91628,N91628,N91628,sa1,1
34749,N17686 /1 undetected,output,,N17686,N17686,1,undetected,N17686,N17686,N17686,sa1,1
34750,N17686 /0 undetected,output,,N17686,N17686,0,undetected,N17686,N17686,N17686,sa0,1
34751,N103400 /1 undetected,output,,N103400,N103400,1,undetected,N103400,N103400,N103400,sa1,1
34752,N92631 /1 undetected,output,,N92631,N92631,1,undetected,N92631,N92631,N92631,sa1,1
34753,N14680 /1 undetected,output,,N14680,N14680,1,undetected,N14680,N14680,N14680,sa1,1
34754,N100002 /1 undetected,output,,N100002,N100002,1,undetected,N100002,N100002,N100002,sa1,1
34755,N14155 /1 undetected,output,,N14155,N14155,1,undetected,N14155,N14155,N14155,sa1,1
34756,N14155 /0 undetected,output,,N14155,N14155,0,undetected,N14155,N14155,N14155,sa0,1
34757,N99993 /1 undetected,output,,N99993,N99993,1,undetected,N99993,N99993,N99993,sa1,1
34758,N94204 /1 undetected,output,,N94204,N94204,1,undetected,N94204,N94204,N94204,sa1,1
34759,N13208 /1 undetected,output,,N13208,N13208,1,undetected,N13208,N13208,N13208,sa1,1
34760,N13208 /0 undetected,output,,N13208,N13208,0,undetected,N13208,N13208,N13208,sa0,1
34761,N13142 /1 undetected,output,,N13142,N13142,1,undetected,N13142,N13142,N13142,sa1,1
34762,N13142 /0 undetected,output,,N13142,N13142,0,undetected,N13142,N13142,N13142,sa0,1
34763,N101074 /1 undetected,output,,N101074,N101074,1,undetected,N101074,N101074,N101074,sa1,1
34764,N94387 /1 undetected,output,,N94387,N94387,1,undetected,N94387,N94387,N94387,sa1,1
34765,N94548 /1 undetected,output,,N94548,N94548,1,undetected,N94548,N94548,N94548,sa1,1
34766,N13079 /1 undetected,output,,N13079,N13079,1,undetected,N13079,N13079,N13079,sa1,1
34767,N94184 /1 undetected,output,,N94184,N94184,1,undetected,N94184,N94184,N94184,sa1,1
34768,N12907 /1 undetected,output,,N12907,N12907,1,undetected,N12907,N12907,N12907,sa1,1
34769,N12907 /0 undetected,output,,N12907,N12907,0,undetected,N12907,N12907,N12907,sa0,1
34770,N100807 /1 undetected,output,,N100807,N100807,1,undetected,N100807,N100807,N100807,sa1,1
34771,N84305 /1 undetected,output,,N84305,N84305,1,undetected,N84305,N84305,N84305,sa1,1
34772,N12836 /1 undetected,output,,N12836,N12836,1,undetected,N12836,N12836,N12836,sa1,1
34773,N12836 /0 undetected,output,,N12836,N12836,0,undetected,N12836,N12836,N12836,sa0,1
34774,N100648 /1 undetected,output,,N100648,N100648,1,undetected,N100648,N100648,N100648,sa1,1
34775,N93281 /1 undetected,output,,N93281,N93281,1,undetected,N93281,N93281,N93281,sa1,1
34776,N100646 /1 undetected,output,,N100646,N100646,1,undetected,N100646,N100646,N100646,sa1,1
34777,N74474 /1 undetected,output,,N74474,N74474,1,undetected,N74474,N74474,N74474,sa1,1
34778,N12566 /0 undetected,output,,N12566,N12566,0,undetected,N12566,N12566,N12566,sa0,1
34779,N100611 /1 undetected,output,,N100611,N100611,1,undetected,N100611,N100611,N100611,sa1,1
34780,N100373 /1 undetected,output,,N100373,N100373,1,undetected,N100373,N100373,N100373,sa1,1
34781,N84016 /1 undetected,output,,N84016,N84016,1,undetected,N84016,N84016,N84016,sa1,1
34782,N12356 /1 undetected,output,,N12356,N12356,1,undetected,N12356,N12356,N12356,sa1,1
34783,N12356 /0 undetected,output,,N12356,N12356,0,undetected,N12356,N12356,N12356,sa0,1
34784,N98475 /1 undetected,output,,N98475,N98475,1,undetected,N98475,N98475,N98475,sa1,1
34785,N86703 /1 undetected,output,,N86703,N86703,1,undetected,N86703,N86703,N86703,sa1,1
34786,N12337 /0 undetected,output,,N12337,N12337,0,undetected,N12337,N12337,N12337,sa0,1
34787,N12336 /1 undetected,output,,N12336,N12336,1,undetected,N12336,N12336,N12336,sa1,1
34788,N100363 /1 undetected,output,,N100363,N100363,1,undetected,N100363,N100363,N100363,sa1,1
34789,N12335 /1 undetected,output,,N12335,N12335,1,undetected,N12335,N12335,N12335,sa1,1
34790,N93058 /1 undetected,output,,N93058,N93058,1,undetected,N93058,N93058,N93058,sa1,1
34791,N12334 /1 undetected,output,,N12334,N12334,1,undetected,N12334,N12334,N12334,sa1,1
34792,N100355 /1 undetected,output,,N100355,N100355,1,undetected,N100355,N100355,N100355,sa1,1
34793,N12333 /1 undetected,output,,N12333,N12333,1,undetected,N12333,N12333,N12333,sa1,1
34794,N100376 /1 undetected,output,,N100376,N100376,1,undetected,N100376,N100376,N100376,sa1,1
34795,N92014 /1 undetected,output,,N92014,N92014,1,undetected,N92014,N92014,N92014,sa1,1
34796,N100370 /1 undetected,output,,N100370,N100370,1,undetected,N100370,N100370,N100370,sa1,1
34797,N83970 /1 undetected,output,,N83970,N83970,1,undetected,N83970,N83970,N83970,sa1,1
34798,N100372 /1 undetected,output,,N100372,N100372,1,undetected,N100372,N100372,N100372,sa1,1
34799,N11670 /1 undetected,output,,N11670,N11670,1,undetected,N11670,N11670,N11670,sa1,1
34800,N94146 /1 undetected,output,,N94146,N94146,1,undetected,N94146,N94146,N94146,sa1,1
34801,N8573 /1 undetected,output,,N8573,N8573,1,undetected,N8573,N8573,N8573,sa1,1
34802,N8573 /0 undetected,output,,N8573,N8573,0,undetected,N8573,N8573,N8573,sa0,1
34803,N98487 /1 undetected,output,,N98487,N98487,1,undetected,N98487,N98487,N98487,sa1,1
34804,N94578 /1 undetected,output,,N94578,N94578,1,undetected,N94578,N94578,N94578,sa1,1
34805,N7164 /1 undetected,output,,N7164,N7164,1,undetected,N7164,N7164,N7164,sa1,1
34806,N97967 /1 undetected,output,,N97967,N97967,1,undetected,N97967,N97967,N97967,sa1,1
34807,N2814 /1 undetected,output,,N2814,N2814,1,undetected,N2814,N2814,N2814,sa1,1
34808,N95130 /1 undetected,output,,N95130,N95130,1,undetected,N95130,N95130,N95130,sa1,1
34809,N75366 /1 undetected,output,,N75366,N75366,1,undetected,N75366,N75366,N75366,sa1,1
34810,N2000 /1 undetected,output,,N2000,N2000,1,undetected,N2000,N2000,N2000,sa1,1
34811,N2000 /0 undetected,output,,N2000,N2000,0,undetected,N2000,N2000,N2000,sa0,1
34812,N10899 /0 undetected,output,,N10899,N10899,0,undetected,N10899,N10899,N10899,sa0,1
34813,N10658 /1 undetected,output,,N10658,N10658,1,undetected,N10658,N10658,N10658,sa1,1
34814,N10561 /1 undetected,output,,N10561,N10561,1,undetected,N10561,N10561,N10561,sa1,1
34815,N10561 /0 undetected,output,,N10561,N10561,0,undetected,N10561,N10561,N10561,sa0,1
34816,N10412 /1 undetected,output,,N10412,N10412,1,undetected,N10412,N10412,N10412,sa1,1
34817,N10412 /0 undetected,output,,N10412,N10412,0,undetected,N10412,N10412,N10412,sa0,1
34818,N10329 /1 undetected,output,,N10329,N10329,1,undetected,N10329,N10329,N10329,sa1,1
34819,N10329 /0 undetected,output,,N10329,N10329,0,undetected,N10329,N10329,N10329,sa0,1
34820,N10266 /0 undetected,output,,N10266,N10266,0,undetected,N10266,N10266,N10266,sa0,1
34821,N126755 /1 undetected,output,,N126755,N126755,1,undetected,N126755,N126755,N126755,sa1,1
34822,N25506 /1 undetected,output,,N25506,N25506,1,undetected,N25506,N25506,N25506,sa1,1
34823,N108257 /1 undetected,output,,N108257,N108257,1,undetected,N108257,N108257,N108257,sa1,1
34824,N80943 /1 undetected,output,,N80943,N80943,1,undetected,N80943,N80943,N80943,sa1,1
34825,N16983 /1 undetected,output,,N16983,N16983,1,undetected,N16983,N16983,N16983,sa1,1
34826,N16983 /0 undetected,output,,N16983,N16983,0,undetected,N16983,N16983,N16983,sa0,1
34827,N93834 /1 undetected,output,,N93834,N93834,1,undetected,N93834,N93834,N93834,sa1,1
34828,N86390 /1 undetected,output,,N86390,N86390,1,undetected,N86390,N86390,N86390,sa1,1
34829,N16977 /1 undetected,output,,N16977,N16977,1,undetected,N16977,N16977,N16977,sa1,1
34830,N16977 /0 undetected,output,,N16977,N16977,0,undetected,N16977,N16977,N16977,sa0,1
34831,N93833 /1 undetected,output,,N93833,N93833,1,undetected,N93833,N93833,N93833,sa1,1
34832,N76698 /1 undetected,output,,N76698,N76698,1,undetected,N76698,N76698,N76698,sa1,1
34833,N12791 /1 undetected,output,,N12791,N12791,1,undetected,N12791,N12791,N12791,sa1,1
34834,N12791 /0 undetected,output,,N12791,N12791,0,undetected,N12791,N12791,N12791,sa0,1
34835,N83878 /1 undetected,output,,N83878,N83878,1,undetected,N83878,N83878,N83878,sa1,1
34836,N12790 /1 undetected,output,,N12790,N12790,1,undetected,N12790,N12790,N12790,sa1,1
34837,N91362 /1 undetected,output,,N91362,N91362,1,undetected,N91362,N91362,N91362,sa1,1
34838,N2089 /1 undetected,output,,N2089,N2089,1,undetected,N2089,N2089,N2089,sa1,1
34839,N11640 /0 undetected,output,,N11640,N11640,0,undetected,N11640,N11640,N11640,sa0,1
34840,N75316 /1 undetected,output,,N75316,N75316,1,undetected,N75316,N75316,N75316,sa1,1
34841,N11639 /1 undetected,output,,N11639,N11639,1,undetected,N11639,N11639,N11639,sa1,1
34842,N87207 /1 undetected,output,,N87207,N87207,1,undetected,N87207,N87207,N87207,sa1,1
34843,N10222 /1 undetected,output,,N10222,N10222,1,undetected,N10222,N10222,N10222,sa1,1
34844,N74743 /1 undetected,output,,N74743,N74743,1,undetected,N74743,N74743,N74743,sa1,1
34845,N93826 /1 undetected,output,,N93826,N93826,1,undetected,N93826,N93826,N93826,sa1,1
34846,N94994 /1 undetected,output,,N94994,N94994,1,undetected,N94994,N94994,N94994,sa1,1
34847,N90494 /1 undetected,output,,N90494,N90494,1,undetected,N90494,N90494,N90494,sa1,1
34848,N57464 /1 undetected,output,,N57464,N57464,1,undetected,N57464,N57464,N57464,sa1,1
34849,N55417 /1 undetected,output,,N55417,N55417,1,undetected,N55417,N55417,N55417,sa1,1
34850,N55417 /0 undetected,output,,N55417,N55417,0,undetected,N55417,N55417,N55417,sa0,1
34851,N54553 /1 undetected,output,,N54553,N54553,1,undetected,N54553,N54553,N54553,sa1,1
34852,N54553 /0 undetected,output,,N54553,N54553,0,undetected,N54553,N54553,N54553,sa0,1
34853,N53561 /1 undetected,output,,N53561,N53561,1,undetected,N53561,N53561,N53561,sa1,1
34854,N53561 /0 undetected,output,,N53561,N53561,0,undetected,N53561,N53561,N53561,sa0,1
34855,N53490 /1 undetected,output,,N53490,N53490,1,undetected,N53490,N53490,N53490,sa1,1
34856,N53490 /0 undetected,output,,N53490,N53490,0,undetected,N53490,N53490,N53490,sa0,1
34857,N120383 /1 undetected,output,,N120383,N120383,1,undetected,N120383,N120383,N120383,sa1,1
34858,N75137 /1 undetected,output,,N75137,N75137,1,undetected,N75137,N75137,N75137,sa1,1
34859,N53387 /1 undetected,output,,N53387,N53387,1,undetected,N53387,N53387,N53387,sa1,1
34860,N53387 /0 undetected,output,,N53387,N53387,0,undetected,N53387,N53387,N53387,sa0,1
34861,N120379 /1 undetected,output,,N120379,N120379,1,undetected,N120379,N120379,N120379,sa1,1
34862,N53386 /1 undetected,output,,N53386,N53386,1,undetected,N53386,N53386,N53386,sa1,1
34863,N53140 /1 undetected,output,,N53140,N53140,1,undetected,N53140,N53140,N53140,sa1,1
34864,N53140 /0 undetected,output,,N53140,N53140,0,undetected,N53140,N53140,N53140,sa0,1
34865,N52940 /1 undetected,output,,N52940,N52940,1,undetected,N52940,N52940,N52940,sa1,1
34866,N52940 /0 undetected,output,,N52940,N52940,0,undetected,N52940,N52940,N52940,sa0,1
34867,N105831 /1 undetected,output,,N105831,N105831,1,undetected,N105831,N105831,N105831,sa1,1
34868,N75690 /1 undetected,output,,N75690,N75690,1,undetected,N75690,N75690,N75690,sa1,1
34869,N51203 /1 undetected,output,,N51203,N51203,1,undetected,N51203,N51203,N51203,sa1,1
34870,N51203 /0 undetected,output,,N51203,N51203,0,undetected,N51203,N51203,N51203,sa0,1
34871,N95303 /1 undetected,output,,N95303,N95303,1,undetected,N95303,N95303,N95303,sa1,1
34872,N92673 /1 undetected,output,,N92673,N92673,1,undetected,N92673,N92673,N92673,sa1,1
34873,N51134 /0 undetected,output,,N51134,N51134,0,undetected,N51134,N51134,N51134,sa0,1
34874,N50765 /1 undetected,output,,N50765,N50765,1,undetected,N50765,N50765,N50765,sa1,1
34875,N50765 /0 undetected,output,,N50765,N50765,0,undetected,N50765,N50765,N50765,sa0,1
34876,N91866 /1 undetected,output,,N91866,N91866,1,undetected,N91866,N91866,N91866,sa1,1
34877,N82111 /1 undetected,output,,N82111,N82111,1,undetected,N82111,N82111,N82111,sa1,1
34878,N50735 /1 undetected,output,,N50735,N50735,1,undetected,N50735,N50735,N50735,sa1,1
34879,N50735 /0 undetected,output,,N50735,N50735,0,undetected,N50735,N50735,N50735,sa0,1
34880,N91865 /1 undetected,output,,N91865,N91865,1,undetected,N91865,N91865,N91865,sa1,1
34881,N90295 /1 undetected,output,,N90295,N90295,1,undetected,N90295,N90295,N90295,sa1,1
34882,N44681 /0 undetected,output,,N44681,N44681,0,undetected,N44681,N44681,N44681,sa0,1
34883,N91840 /1 undetected,output,,N91840,N91840,1,undetected,N91840,N91840,N91840,sa1,1
34884,N34142 /0 undetected,output,,N34142,N34142,0,undetected,N34142,N34142,N34142,sa0,1
34885,N30561 /1 undetected,output,,N30561,N30561,1,undetected,N30561,N30561,N30561,sa1,1
34886,N91805 /1 undetected,output,,N91805,N91805,1,undetected,N91805,N91805,N91805,sa1,1
34887,N29184 /0 undetected,output,,N29184,N29184,0,undetected,N29184,N29184,N29184,sa0,1
34888,N91804 /1 undetected,output,,N91804,N91804,1,undetected,N91804,N91804,N91804,sa1,1
34889,N26900 /1 undetected,output,,N26900,N26900,1,undetected,N26900,N26900,N26900,sa1,1
34890,N109996 /1 undetected,output,,N109996,N109996,1,undetected,N109996,N109996,N109996,sa1,1
34891,N24950 /1 undetected,output,,N24950,N24950,1,undetected,N24950,N24950,N24950,sa1,1
34892,N24950 /0 undetected,output,,N24950,N24950,0,undetected,N24950,N24950,N24950,sa0,1
34893,N107714 /1 undetected,output,,N107714,N107714,1,undetected,N107714,N107714,N107714,sa1,1
34894,N106503 /1 undetected,output,,N106503,N106503,1,undetected,N106503,N106503,N106503,sa1,1
34895,N24836 /1 undetected,output,,N24836,N24836,1,undetected,N24836,N24836,N24836,sa1,1
34896,N24836 /0 undetected,output,,N24836,N24836,0,undetected,N24836,N24836,N24836,sa0,1
34897,N107713 /1 undetected,output,,N107713,N107713,1,undetected,N107713,N107713,N107713,sa1,1
34898,N106495 /1 undetected,output,,N106495,N106495,1,undetected,N106495,N106495,N106495,sa1,1
34899,N24395 /1 undetected,output,,N24395,N24395,1,undetected,N24395,N24395,N24395,sa1,1
34900,N24395 /0 undetected,output,,N24395,N24395,0,undetected,N24395,N24395,N24395,sa0,1
34901,N24134 /1 undetected,output,,N24134,N24134,1,undetected,N24134,N24134,N24134,sa1,1
34902,N105826 /1 undetected,output,,N105826,N105826,1,undetected,N105826,N105826,N105826,sa1,1
34903,N75795 /1 undetected,output,,N75795,N75795,1,undetected,N75795,N75795,N75795,sa1,1
34904,N23850 /1 undetected,output,,N23850,N23850,1,undetected,N23850,N23850,N23850,sa1,1
34905,N23850 /0 undetected,output,,N23850,N23850,0,undetected,N23850,N23850,N23850,sa0,1
34906,N105820 /1 undetected,output,,N105820,N105820,1,undetected,N105820,N105820,N105820,sa1,1
34907,N85679 /1 undetected,output,,N85679,N85679,1,undetected,N85679,N85679,N85679,sa1,1
34908,N23380 /1 undetected,output,,N23380,N23380,1,undetected,N23380,N23380,N23380,sa1,1
34909,N97756 /1 undetected,output,,N97756,N97756,1,undetected,N97756,N97756,N97756,sa1,1
34910,N91788 /1 undetected,output,,N91788,N91788,1,undetected,N91788,N91788,N91788,sa1,1
34911,N22389 /1 undetected,output,,N22389,N22389,1,undetected,N22389,N22389,N22389,sa1,1
34912,N94528 /1 undetected,output,,N94528,N94528,1,undetected,N94528,N94528,N94528,sa1,1
34913,N87549 /1 undetected,output,,N87549,N87549,1,undetected,N87549,N87549,N87549,sa1,1
34914,N92508 /1 undetected,output,,N92508,N92508,1,undetected,N92508,N92508,N92508,sa1,1
34915,N20753 /1 undetected,output,,N20753,N20753,1,undetected,N20753,N20753,N20753,sa1,1
34916,N20753 /0 undetected,output,,N20753,N20753,0,undetected,N20753,N20753,N20753,sa0,1
34917,N100047 /1 undetected,output,,N100047,N100047,1,undetected,N100047,N100047,N100047,sa1,1
34918,N100022 /1 undetected,output,,N100022,N100022,1,undetected,N100022,N100022,N100022,sa1,1
34919,N91648 /1 undetected,output,,N91648,N91648,1,undetected,N91648,N91648,N91648,sa1,1
34920,N86202 /1 undetected,output,,N86202,N86202,1,undetected,N86202,N86202,N86202,sa1,1
34921,N20352 /0 undetected,output,,N20352,N20352,0,undetected,N20352,N20352,N20352,sa0,1
34922,N104483 /1 undetected,output,,N104483,N104483,1,undetected,N104483,N104483,N104483,sa1,1
34923,N104136 /1 undetected,output,,N104136,N104136,1,undetected,N104136,N104136,N104136,sa1,1
34924,N20031 /1 undetected,output,,N20031,N20031,1,undetected,N20031,N20031,N20031,sa1,1
34925,N20031 /0 undetected,output,,N20031,N20031,0,undetected,N20031,N20031,N20031,sa0,1
34926,N92974 /1 undetected,output,,N92974,N92974,1,undetected,N92974,N92974,N92974,sa1,1
34927,N20030 /1 undetected,output,,N20030,N20030,1,undetected,N20030,N20030,N20030,sa1,1
34928,N87168 /1 undetected,output,,N87168,N87168,1,undetected,N87168,N87168,N87168,sa1,1
34929,N76281 /1 undetected,output,,N76281,N76281,1,undetected,N76281,N76281,N76281,sa1,1
34930,N19814 /0 undetected,output,,N19814,N19814,0,undetected,N19814,N19814,N19814,sa0,1
34931,N99315 /1 undetected,output,,N99315,N99315,1,undetected,N99315,N99315,N99315,sa1,1
34932,N91632 /1 undetected,output,,N91632,N91632,1,undetected,N91632,N91632,N91632,sa1,1
34933,N19321 /1 undetected,output,,N19321,N19321,1,undetected,N19321,N19321,N19321,sa1,1
34934,N17936 /1 undetected,output,,N17936,N17936,1,undetected,N17936,N17936,N17936,sa1,1
34935,N17936 /0 undetected,output,,N17936,N17936,0,undetected,N17936,N17936,N17936,sa0,1
34936,N99243 /1 undetected,output,,N99243,N99243,1,undetected,N99243,N99243,N99243,sa1,1
34937,N92982 /1 undetected,output,,N92982,N92982,1,undetected,N92982,N92982,N92982,sa1,1
34938,N17478 /1 undetected,output,,N17478,N17478,1,undetected,N17478,N17478,N17478,sa1,1
34939,N17478 /0 undetected,output,,N17478,N17478,0,undetected,N17478,N17478,N17478,sa0,1
34940,N99785 /1 undetected,output,,N99785,N99785,1,undetected,N99785,N99785,N99785,sa1,1
34941,N99219 /1 undetected,output,,N99219,N99219,1,undetected,N99219,N99219,N99219,sa1,1
34942,N17457 /1 undetected,output,,N17457,N17457,1,undetected,N17457,N17457,N17457,sa1,1
34943,N17457 /0 undetected,output,,N17457,N17457,0,undetected,N17457,N17457,N17457,sa0,1
34944,N103470 /1 undetected,output,,N103470,N103470,1,undetected,N103470,N103470,N103470,sa1,1
34945,N85077 /1 undetected,output,,N85077,N85077,1,undetected,N85077,N85077,N85077,sa1,1
34946,N17422 /1 undetected,output,,N17422,N17422,1,undetected,N17422,N17422,N17422,sa1,1
34947,N16333 /1 undetected,output,,N16333,N16333,1,undetected,N16333,N16333,N16333,sa1,1
34948,N16270 /1 undetected,output,,N16270,N16270,1,undetected,N16270,N16270,N16270,sa1,1
34949,N16270 /0 undetected,output,,N16270,N16270,0,undetected,N16270,N16270,N16270,sa0,1
34950,N102999 /1 undetected,output,,N102999,N102999,1,undetected,N102999,N102999,N102999,sa1,1
34951,N92981 /1 undetected,output,,N92981,N92981,1,undetected,N92981,N92981,N92981,sa1,1
34952,N74645 /1 undetected,output,,N74645,N74645,1,undetected,N74645,N74645,N74645,sa1,1
34953,N75095 /1 undetected,output,,N75095,N75095,1,undetected,N75095,N75095,N75095,sa1,1
34954,N15761 /1 undetected,output,,N15761,N15761,1,undetected,N15761,N15761,N15761,sa1,1
34955,N15761 /0 undetected,output,,N15761,N15761,0,undetected,N15761,N15761,N15761,sa0,1
34956,N101565 /1 undetected,output,,N101565,N101565,1,undetected,N101565,N101565,N101565,sa1,1
34957,N15760 /1 undetected,output,,N15760,N15760,1,undetected,N15760,N15760,N15760,sa1,1
34958,N92023 /1 undetected,output,,N92023,N92023,1,undetected,N92023,N92023,N92023,sa1,1
34959,N91996 /1 undetected,output,,N91996,N91996,1,undetected,N91996,N91996,N91996,sa1,1
34960,N15728 /1 undetected,output,,N15728,N15728,1,undetected,N15728,N15728,N15728,sa1,1
34961,N15728 /0 undetected,output,,N15728,N15728,0,undetected,N15728,N15728,N15728,sa0,1
34962,N92886 /1 undetected,output,,N92886,N92886,1,undetected,N92886,N92886,N92886,sa1,1
34963,N92213 /1 undetected,output,,N92213,N92213,1,undetected,N92213,N92213,N92213,sa1,1
34964,N15695 /1 undetected,output,,N15695,N15695,1,undetected,N15695,N15695,N15695,sa1,1
34965,N15695 /0 undetected,output,,N15695,N15695,0,undetected,N15695,N15695,N15695,sa0,1
34966,N102699 /1 undetected,output,,N102699,N102699,1,undetected,N102699,N102699,N102699,sa1,1
34967,N15694 /1 undetected,output,,N15694,N15694,1,undetected,N15694,N15694,N15694,sa1,1
34968,N100360 /1 undetected,output,,N100360,N100360,1,undetected,N100360,N100360,N100360,sa1,1
34969,N15597 /1 undetected,output,,N15597,N15597,1,undetected,N15597,N15597,N15597,sa1,1
34970,N84013 /1 undetected,output,,N84013,N84013,1,undetected,N84013,N84013,N84013,sa1,1
34971,N83972 /1 undetected,output,,N83972,N83972,1,undetected,N83972,N83972,N83972,sa1,1
34972,N15305 /1 undetected,output,,N15305,N15305,1,undetected,N15305,N15305,N15305,sa1,1
34973,N15305 /0 undetected,output,,N15305,N15305,0,undetected,N15305,N15305,N15305,sa0,1
34974,N94708 /1 undetected,output,,N94708,N94708,1,undetected,N94708,N94708,N94708,sa1,1
34975,N77085 /1 undetected,output,,N77085,N77085,1,undetected,N77085,N77085,N77085,sa1,1
34976,N15275 /1 undetected,output,,N15275,N15275,1,undetected,N15275,N15275,N15275,sa1,1
34977,N15275 /0 undetected,output,,N15275,N15275,0,undetected,N15275,N15275,N15275,sa0,1
34978,N94706 /1 undetected,output,,N94706,N94706,1,undetected,N94706,N94706,N94706,sa1,1
34979,N94212 /1 undetected,output,,N94212,N94212,1,undetected,N94212,N94212,N94212,sa1,1
34980,N15005 /1 undetected,output,,N15005,N15005,1,undetected,N15005,N15005,N15005,sa1,1
34981,N14784 /1 undetected,output,,N14784,N14784,1,undetected,N14784,N14784,N14784,sa1,1
34982,N94209 /1 undetected,output,,N94209,N94209,1,undetected,N94209,N94209,N94209,sa1,1
34983,N86471 /1 undetected,output,,N86471,N86471,1,undetected,N86471,N86471,N86471,sa1,1
34984,N94206 /1 undetected,output,,N94206,N94206,1,undetected,N94206,N94206,N94206,sa1,1
34985,N14291 /1 undetected,output,,N14291,N14291,1,undetected,N14291,N14291,N14291,sa1,1
34986,N14291 /0 undetected,output,,N14291,N14291,0,undetected,N14291,N14291,N14291,sa0,1
34987,N94819 /1 undetected,output,,N94819,N94819,1,undetected,N94819,N94819,N94819,sa1,1
34988,N92705 /1 undetected,output,,N92705,N92705,1,undetected,N92705,N92705,N92705,sa1,1
34989,N14266 /0 undetected,output,,N14266,N14266,0,undetected,N14266,N14266,N14266,sa0,1
34990,N14265 /1 undetected,output,,N14265,N14265,1,undetected,N14265,N14265,N14265,sa1,1
34991,N98581 /1 undetected,output,,N98581,N98581,1,undetected,N98581,N98581,N98581,sa1,1
34992,N91786 /1 undetected,output,,N91786,N91786,1,undetected,N91786,N91786,N91786,sa1,1
34993,N14262 /1 undetected,output,,N14262,N14262,1,undetected,N14262,N14262,N14262,sa1,1
34994,N14262 /0 undetected,output,,N14262,N14262,0,undetected,N14262,N14262,N14262,sa0,1
34995,N94817 /1 undetected,output,,N94817,N94817,1,undetected,N94817,N94817,N94817,sa1,1
34996,N91644 /1 undetected,output,,N91644,N91644,1,undetected,N91644,N91644,N91644,sa1,1
34997,N14259 /1 undetected,output,,N14259,N14259,1,undetected,N14259,N14259,N14259,sa1,1
34998,N14259 /0 undetected,output,,N14259,N14259,0,undetected,N14259,N14259,N14259,sa0,1
34999,N101591 /1 undetected,output,,N101591,N101591,1,undetected,N101591,N101591,N101591,sa1,1
35000,N77829 /1 undetected,output,,N77829,N77829,1,undetected,N77829,N77829,N77829,sa1,1
35001,N14242 /1 undetected,output,,N14242,N14242,1,undetected,N14242,N14242,N14242,sa1,1
35002,N14242 /0 undetected,output,,N14242,N14242,0,undetected,N14242,N14242,N14242,sa0,1
35003,N101564 /1 undetected,output,,N101564,N101564,1,undetected,N101564,N101564,N101564,sa1,1
35004,N14241 /1 undetected,output,,N14241,N14241,1,undetected,N14241,N14241,N14241,sa1,1
35005,N92008 /1 undetected,output,,N92008,N92008,1,undetected,N92008,N92008,N92008,sa1,1
35006,N91350 /1 undetected,output,,N91350,N91350,1,undetected,N91350,N91350,N91350,sa1,1
35007,N12616 /1 undetected,output,,N12616,N12616,1,undetected,N12616,N12616,N12616,sa1,1
35008,N100645 /1 undetected,output,,N100645,N100645,1,undetected,N100645,N100645,N100645,sa1,1
35009,N84298 /1 undetected,output,,N84298,N84298,1,undetected,N84298,N84298,N84298,sa1,1
35010,N12365 /1 undetected,output,,N12365,N12365,1,undetected,N12365,N12365,N12365,sa1,1
35011,N12365 /0 undetected,output,,N12365,N12365,0,undetected,N12365,N12365,N12365,sa0,1
35012,N92903 /1 undetected,output,,N92903,N92903,1,undetected,N92903,N92903,N92903,sa1,1
35013,N12364 /1 undetected,output,,N12364,N12364,1,undetected,N12364,N12364,N12364,sa1,1
35014,N87159 /1 undetected,output,,N87159,N87159,1,undetected,N87159,N87159,N87159,sa1,1
35015,N83897 /1 undetected,output,,N83897,N83897,1,undetected,N83897,N83897,N83897,sa1,1
35016,N12345 /1 undetected,output,,N12345,N12345,1,undetected,N12345,N12345,N12345,sa1,1
35017,N12345 /0 undetected,output,,N12345,N12345,0,undetected,N12345,N12345,N12345,sa0,1
35018,N92940 /1 undetected,output,,N92940,N92940,1,undetected,N92940,N92940,N92940,sa1,1
35019,N92070 /1 undetected,output,,N92070,N92070,1,undetected,N92070,N92070,N92070,sa1,1
35020,N11547 /1 undetected,output,,N11547,N11547,1,undetected,N11547,N11547,N11547,sa1,1
35021,N11547 /0 undetected,output,,N11547,N11547,0,undetected,N11547,N11547,N11547,sa0,1
35022,N99951 /1 undetected,output,,N99951,N99951,1,undetected,N99951,N99951,N99951,sa1,1
35023,N75315 /1 undetected,output,,N75315,N75315,1,undetected,N75315,N75315,N75315,sa1,1
35024,N11434 /1 undetected,output,,N11434,N11434,1,undetected,N11434,N11434,N11434,sa1,1
35025,N11434 /0 undetected,output,,N11434,N11434,0,undetected,N11434,N11434,N11434,sa0,1
35026,N99804 /1 undetected,output,,N99804,N99804,1,undetected,N99804,N99804,N99804,sa1,1
35027,N84085 /1 undetected,output,,N84085,N84085,1,undetected,N84085,N84085,N84085,sa1,1
35028,N8874 /1 undetected,output,,N8874,N8874,1,undetected,N8874,N8874,N8874,sa1,1
35029,N8874 /0 undetected,output,,N8874,N8874,0,undetected,N8874,N8874,N8874,sa0,1
35030,N8139 /0 undetected,output,,N8139,N8139,0,undetected,N8139,N8139,N8139,sa0,1
35031,N98260 /1 undetected,output,,N98260,N98260,1,undetected,N98260,N98260,N98260,sa1,1
35032,N4155 /1 undetected,output,,N4155,N4155,1,undetected,N4155,N4155,N4155,sa1,1
35033,N4037 /0 undetected,output,,N4037,N4037,0,undetected,N4037,N4037,N4037,sa0,1
35034,N92732 /1 undetected,output,,N92732,N92732,1,undetected,N92732,N92732,N92732,sa1,1
35035,N3496 /1 undetected,output,,N3496,N3496,1,undetected,N3496,N3496,N3496,sa1,1
35036,N96413 /1 undetected,output,,N96413,N96413,1,undetected,N96413,N96413,N96413,sa1,1
35037,N94648 /1 undetected,output,,N94648,N94648,1,undetected,N94648,N94648,N94648,sa1,1
35038,N3423 /1 undetected,output,,N3423,N3423,1,undetected,N3423,N3423,N3423,sa1,1
35039,N3423 /0 undetected,output,,N3423,N3423,0,undetected,N3423,N3423,N3423,sa0,1
35040,N94202 /1 undetected,output,,N94202,N94202,1,undetected,N94202,N94202,N94202,sa1,1
35041,N86693 /1 undetected,output,,N86693,N86693,1,undetected,N86693,N86693,N86693,sa1,1
35042,N3398 /1 undetected,output,,N3398,N3398,1,undetected,N3398,N3398,N3398,sa1,1
35043,N3398 /0 undetected,output,,N3398,N3398,0,undetected,N3398,N3398,N3398,sa0,1
35044,N95181 /1 undetected,output,,N95181,N95181,1,undetected,N95181,N95181,N95181,sa1,1
35045,N93185 /1 undetected,output,,N93185,N93185,1,undetected,N93185,N93185,N93185,sa1,1
35046,N3131 /1 undetected,output,,N3131,N3131,1,undetected,N3131,N3131,N3131,sa1,1
35047,N3131 /0 undetected,output,,N3131,N3131,0,undetected,N3131,N3131,N3131,sa0,1
35048,N94625 /1 undetected,output,,N94625,N94625,1,undetected,N94625,N94625,N94625,sa1,1
35049,N85917 /1 undetected,output,,N85917,N85917,1,undetected,N85917,N85917,N85917,sa1,1
35050,N2901 /1 undetected,output,,N2901,N2901,1,undetected,N2901,N2901,N2901,sa1,1
35051,N2901 /0 undetected,output,,N2901,N2901,0,undetected,N2901,N2901,N2901,sa0,1
35052,N94814 /1 undetected,output,,N94814,N94814,1,undetected,N94814,N94814,N94814,sa1,1
35053,N92731 /1 undetected,output,,N92731,N92731,1,undetected,N92731,N92731,N92731,sa1,1
35054,N2899 /1 undetected,output,,N2899,N2899,1,undetected,N2899,N2899,N2899,sa1,1
35055,N2899 /0 undetected,output,,N2899,N2899,0,undetected,N2899,N2899,N2899,sa0,1
35056,N94813 /1 undetected,output,,N94813,N94813,1,undetected,N94813,N94813,N94813,sa1,1
35057,N91596 /1 undetected,output,,N91596,N91596,1,undetected,N91596,N91596,N91596,sa1,1
35058,N2897 /1 undetected,output,,N2897,N2897,1,undetected,N2897,N2897,N2897,sa1,1
35059,N2897 /0 undetected,output,,N2897,N2897,0,undetected,N2897,N2897,N2897,sa0,1
35060,N94812 /1 undetected,output,,N94812,N94812,1,undetected,N94812,N94812,N94812,sa1,1
35061,N91490 /1 undetected,output,,N91490,N91490,1,undetected,N91490,N91490,N91490,sa1,1
35062,N2893 /1 undetected,output,,N2893,N2893,1,undetected,N2893,N2893,N2893,sa1,1
35063,N2893 /0 undetected,output,,N2893,N2893,0,undetected,N2893,N2893,N2893,sa0,1
35064,N94803 /1 undetected,output,,N94803,N94803,1,undetected,N94803,N94803,N94803,sa1,1
35065,N92730 /1 undetected,output,,N92730,N92730,1,undetected,N92730,N92730,N92730,sa1,1
35066,N2891 /1 undetected,output,,N2891,N2891,1,undetected,N2891,N2891,N2891,sa1,1
35067,N2891 /0 undetected,output,,N2891,N2891,0,undetected,N2891,N2891,N2891,sa0,1
35068,N92819 /1 undetected,output,,N92819,N92819,1,undetected,N92819,N92819,N92819,sa1,1
35069,N92729 /1 undetected,output,,N92729,N92729,1,undetected,N92729,N92729,N92729,sa1,1
35070,N2882 /1 undetected,output,,N2882,N2882,1,undetected,N2882,N2882,N2882,sa1,1
35071,N2882 /0 undetected,output,,N2882,N2882,0,undetected,N2882,N2882,N2882,sa0,1
35072,N95218 /1 undetected,output,,N95218,N95218,1,undetected,N95218,N95218,N95218,sa1,1
35073,N92894 /1 undetected,output,,N92894,N92894,1,undetected,N92894,N92894,N92894,sa1,1
35074,N2881 /1 undetected,output,,N2881,N2881,1,undetected,N2881,N2881,N2881,sa1,1
35075,N2881 /0 undetected,output,,N2881,N2881,0,undetected,N2881,N2881,N2881,sa0,1
35076,N92893 /1 undetected,output,,N92893,N92893,1,undetected,N92893,N92893,N92893,sa1,1
35077,N92111 /1 undetected,output,,N92111,N92111,1,undetected,N92111,N92111,N92111,sa1,1
35078,N2875 /1 undetected,output,,N2875,N2875,1,undetected,N2875,N2875,N2875,sa1,1
35079,N2875 /0 undetected,output,,N2875,N2875,0,undetected,N2875,N2875,N2875,sa0,1
35080,N95212 /1 undetected,output,,N95212,N95212,1,undetected,N95212,N95212,N95212,sa1,1
35081,N86480 /1 undetected,output,,N86480,N86480,1,undetected,N86480,N86480,N86480,sa1,1
35082,N2851 /1 undetected,output,,N2851,N2851,1,undetected,N2851,N2851,N2851,sa1,1
35083,N2851 /0 undetected,output,,N2851,N2851,0,undetected,N2851,N2851,N2851,sa0,1
35084,N95167 /1 undetected,output,,N95167,N95167,1,undetected,N95167,N95167,N95167,sa1,1
35085,N92979 /1 undetected,output,,N92979,N92979,1,undetected,N92979,N92979,N92979,sa1,1
35086,N2840 /1 undetected,output,,N2840,N2840,1,undetected,N2840,N2840,N2840,sa1,1
35087,N2840 /0 undetected,output,,N2840,N2840,0,undetected,N2840,N2840,N2840,sa0,1
35088,N95180 /1 undetected,output,,N95180,N95180,1,undetected,N95180,N95180,N95180,sa1,1
35089,N83888 /1 undetected,output,,N83888,N83888,1,undetected,N83888,N83888,N83888,sa1,1
35090,N92670 /1 undetected,output,,N92670,N92670,1,undetected,N92670,N92670,N92670,sa1,1
35091,N2700 /0 undetected,output,,N2700,N2700,0,undetected,N2700,N2700,N2700,sa0,1
35092,N94646 /1 undetected,output,,N94646,N94646,1,undetected,N94646,N94646,N94646,sa1,1
35093,N2690 /1 undetected,output,,N2690,N2690,1,undetected,N2690,N2690,N2690,sa1,1
35094,N2690 /0 undetected,output,,N2690,N2690,0,undetected,N2690,N2690,N2690,sa0,1
35095,N94624 /1 undetected,output,,N94624,N94624,1,undetected,N94624,N94624,N94624,sa1,1
35096,N86283 /1 undetected,output,,N86283,N86283,1,undetected,N86283,N86283,N86283,sa1,1
35097,N2606 /1 undetected,output,,N2606,N2606,1,undetected,N2606,N2606,N2606,sa1,1
35098,N2606 /0 undetected,output,,N2606,N2606,0,undetected,N2606,N2606,N2606,sa0,1
35099,N94257 /1 undetected,output,,N94257,N94257,1,undetected,N94257,N94257,N94257,sa1,1
35100,N94201 /1 undetected,output,,N94201,N94201,1,undetected,N94201,N94201,N94201,sa1,1
35101,N2597 /1 undetected,output,,N2597,N2597,1,undetected,N2597,N2597,N2597,sa1,1
35102,N2594 /1 undetected,output,,N2594,N2594,1,undetected,N2594,N2594,N2594,sa1,1
35103,N2594 /0 undetected,output,,N2594,N2594,0,undetected,N2594,N2594,N2594,sa0,1
35104,N94195 /1 undetected,output,,N94195,N94195,1,undetected,N94195,N94195,N94195,sa1,1
35105,N94056 /1 undetected,output,,N94056,N94056,1,undetected,N94056,N94056,N94056,sa1,1
35106,N93578 /1 undetected,output,,N93578,N93578,1,undetected,N93578,N93578,N93578,sa1,1
35107,N2273 /1 undetected,output,,N2273,N2273,1,undetected,N2273,N2273,N2273,sa1,1
35108,N2273 /0 undetected,output,,N2273,N2273,0,undetected,N2273,N2273,N2273,sa0,1
35109,N91971 /1 undetected,output,,N91971,N91971,1,undetected,N91971,N91971,N91971,sa1,1
35110,N91950 /1 undetected,output,,N91950,N91950,1,undetected,N91950,N91950,N91950,sa1,1
35111,N2195 /1 undetected,output,,N2195,N2195,1,undetected,N2195,N2195,N2195,sa1,1
35112,N2195 /0 undetected,output,,N2195,N2195,0,undetected,N2195,N2195,N2195,sa0,1
35113,N92918 /1 undetected,output,,N92918,N92918,1,undetected,N92918,N92918,N92918,sa1,1
35114,N92048 /1 undetected,output,,N92048,N92048,1,undetected,N92048,N92048,N92048,sa1,1
35115,N2183 /1 undetected,output,,N2183,N2183,1,undetected,N2183,N2183,N2183,sa1,1
35116,N2183 /0 undetected,output,,N2183,N2183,0,undetected,N2183,N2183,N2183,sa0,1
35117,N2141 /1 undetected,output,,N2141,N2141,1,undetected,N2141,N2141,N2141,sa1,1
35118,N2134 /1 undetected,output,,N2134,N2134,1,undetected,N2134,N2134,N2134,sa1,1
35119,N2076 /1 undetected,output,,N2076,N2076,1,undetected,N2076,N2076,N2076,sa1,1
35120,N2076 /0 undetected,output,,N2076,N2076,0,undetected,N2076,N2076,N2076,sa0,1
35121,N92069 /1 undetected,output,,N92069,N92069,1,undetected,N92069,N92069,N92069,sa1,1
35122,N92047 /1 undetected,output,,N92047,N92047,1,undetected,N92047,N92047,N92047,sa1,1
35123,N2047 /1 undetected,output,,N2047,N2047,1,undetected,N2047,N2047,N2047,sa1,1
35124,N2047 /0 undetected,output,,N2047,N2047,0,undetected,N2047,N2047,N2047,sa0,1
35125,N91972 /1 undetected,output,,N91972,N91972,1,undetected,N91972,N91972,N91972,sa1,1
35126,N91970 /1 undetected,output,,N91970,N91970,1,undetected,N91970,N91970,N91970,sa1,1
35127,N2029 /1 undetected,output,,N2029,N2029,1,undetected,N2029,N2029,N2029,sa1,1
35128,N91930 /1 undetected,output,,N91930,N91930,1,undetected,N91930,N91930,N91930,sa1,1
35129,N83995 /1 undetected,output,,N83995,N83995,1,undetected,N83995,N83995,N83995,sa1,1
35130,N2020 /1 undetected,output,,N2020,N2020,1,undetected,N2020,N2020,N2020,sa1,1
35131,N11356 /1 undetected,output,,N11356,N11356,1,undetected,N11356,N11356,N11356,sa1,1
35132,N11356 /0 undetected,output,,N11356,N11356,0,undetected,N11356,N11356,N11356,sa0,1
35133,N11312 /1 undetected,output,,N11312,N11312,1,undetected,N11312,N11312,N11312,sa1,1
35134,N11312 /0 undetected,output,,N11312,N11312,0,undetected,N11312,N11312,N11312,sa0,1
35135,N11164 /1 undetected,output,,N11164,N11164,1,undetected,N11164,N11164,N11164,sa1,1
35136,N11164 /0 undetected,output,,N11164,N11164,0,undetected,N11164,N11164,N11164,sa0,1
35137,N10438 /0 undetected,output,,N10438,N10438,0,undetected,N10438,N10438,N10438,sa0,1
35138,N81278 /1 undetected,output,,N81278,N81278,1,undetected,N81278,N81278,N81278,sa1,1
35139,N52681 /1 undetected,output,,N52681,N52681,1,undetected,N52681,N52681,N52681,sa1,1
35140,N52681 /0 undetected,output,,N52681,N52681,0,undetected,N52681,N52681,N52681,sa0,1
35141,N26315 /1 undetected,output,,N26315,N26315,1,undetected,N26315,N26315,N26315,sa1,1
35142,N26314 /1 undetected,output,,N26314,N26314,1,undetected,N26314,N26314,N26314,sa1,1
35143,N26312 /1 undetected,output,,N26312,N26312,1,undetected,N26312,N26312,N26312,sa1,1
35144,N24376 /1 undetected,output,,N24376,N24376,1,undetected,N24376,N24376,N24376,sa1,1
35145,N22766 /0 undetected,output,,N22766,N22766,0,undetected,N22766,N22766,N22766,sa0,1
35146,N76476 /1 undetected,output,,N76476,N76476,1,undetected,N76476,N76476,N76476,sa1,1
35147,N19499 /0 undetected,output,,N19499,N19499,0,undetected,N19499,N19499,N19499,sa0,1
35148,N88350 /1 undetected,output,,N88350,N88350,1,undetected,N88350,N88350,N88350,sa1,1
35149,N10303 /1 undetected,output,,N10303,N10303,1,undetected,N10303,N10303,N10303,sa1,1
35150,N99310 /1 undetected,output,,N99310,N99310,1,undetected,N99310,N99310,N99310,sa1,1
35151,N85203 /1 undetected,output,,N85203,N85203,1,undetected,N85203,N85203,N85203,sa1,1
35152,N17676 /1 undetected,output,,N17676,N17676,1,undetected,N17676,N17676,N17676,sa1,1
35153,N17676 /0 undetected,output,,N17676,N17676,0,undetected,N17676,N17676,N17676,sa0,1
35154,N77960 /1 undetected,output,,N77960,N77960,1,undetected,N77960,N77960,N77960,sa1,1
35155,N17674 /1 undetected,output,,N17674,N17674,1,undetected,N17674,N17674,N17674,sa1,1
35156,N103406 /1 undetected,output,,N103406,N103406,1,undetected,N103406,N103406,N103406,sa1,1
35157,N75052 /1 undetected,output,,N75052,N75052,1,undetected,N75052,N75052,N75052,sa1,1
35158,N86454 /1 undetected,output,,N86454,N86454,1,undetected,N86454,N86454,N86454,sa1,1
35159,N14314 /1 undetected,output,,N14314,N14314,1,undetected,N14314,N14314,N14314,sa1,1
35160,N14314 /0 undetected,output,,N14314,N14314,0,undetected,N14314,N14314,N14314,sa0,1
35161,N94076 /1 undetected,output,,N94076,N94076,1,undetected,N94076,N94076,N94076,sa1,1
35162,N8594 /1 undetected,output,,N8594,N8594,1,undetected,N8594,N8594,N8594,sa1,1
35163,N13330 /0 undetected,output,,N13330,N13330,0,undetected,N13330,N13330,N13330,sa0,1
35164,N94388 /1 undetected,output,,N94388,N94388,1,undetected,N94388,N94388,N94388,sa1,1
35165,N12542 /1 undetected,output,,N12542,N12542,1,undetected,N12542,N12542,N12542,sa1,1
35166,N12542 /0 undetected,output,,N12542,N12542,0,undetected,N12542,N12542,N12542,sa0,1
35167,N83877 /1 undetected,output,,N83877,N83877,1,undetected,N83877,N83877,N83877,sa1,1
35168,N12541 /1 undetected,output,,N12541,N12541,1,undetected,N12541,N12541,N12541,sa1,1
35169,N92099 /1 undetected,output,,N92099,N92099,1,undetected,N92099,N92099,N92099,sa1,1
35170,N91333 /1 undetected,output,,N91333,N91333,1,undetected,N91333,N91333,N91333,sa1,1
35171,N12530 /1 undetected,output,,N12530,N12530,1,undetected,N12530,N12530,N12530,sa1,1
35172,N92154 /1 undetected,output,,N92154,N92154,1,undetected,N92154,N92154,N92154,sa1,1
35173,N12529 /1 undetected,output,,N12529,N12529,1,undetected,N12529,N12529,N12529,sa1,1
35174,N91359 /1 undetected,output,,N91359,N91359,1,undetected,N91359,N91359,N91359,sa1,1
35175,N74443 /1 undetected,output,,N74443,N74443,1,undetected,N74443,N74443,N74443,sa1,1
35176,N7599 /0 undetected,output,,N7599,N7599,0,undetected,N7599,N7599,N7599,sa0,1
35177,N98148 /1 undetected,output,,N98148,N98148,1,undetected,N98148,N98148,N98148,sa1,1
35178,N7450 /0 undetected,output,,N7450,N7450,0,undetected,N7450,N7450,N7450,sa0,1
35179,N98074 /1 undetected,output,,N98074,N98074,1,undetected,N98074,N98074,N98074,sa1,1
35180,N2629 /1 undetected,output,,N2629,N2629,1,undetected,N2629,N2629,N2629,sa1,1
35181,N2629 /0 undetected,output,,N2629,N2629,0,undetected,N2629,N2629,N2629,sa0,1
35182,N94382 /1 undetected,output,,N94382,N94382,1,undetected,N94382,N94382,N94382,sa1,1
35183,N93254 /1 undetected,output,,N93254,N93254,1,undetected,N93254,N93254,N93254,sa1,1
35184,N22326 /0 undetected,output,,N22326,N22326,0,undetected,N22326,N22326,N22326,sa0,1
35185,N93341 /1 undetected,output,,N93341,N93341,1,undetected,N93341,N93341,N93341,sa1,1
35186,N22324 /1 undetected,output,,N22324,N22324,1,undetected,N22324,N22324,N22324,sa1,1
35187,N105147 /1 undetected,output,,N105147,N105147,1,undetected,N105147,N105147,N105147,sa1,1
35188,N11286 /1 undetected,output,,N11286,N11286,1,undetected,N11286,N11286,N11286,sa1,1
35189,N11286 /0 undetected,output,,N11286,N11286,0,undetected,N11286,N11286,N11286,sa0,1
35190,N11284 /1 undetected,output,,N11284,N11284,1,undetected,N11284,N11284,N11284,sa1,1
35191,N99725 /1 undetected,output,,N99725,N99725,1,undetected,N99725,N99725,N99725,sa1,1
35192,N99719 /1 undetected,output,,N99719,N99719,1,undetected,N99719,N99719,N99719,sa1,1
35193,N11282 /1 undetected,output,,N11282,N11282,1,undetected,N11282,N11282,N11282,sa1,1
35194,N99723 /1 undetected,output,,N99723,N99723,1,undetected,N99723,N99723,N99723,sa1,1
35195,N99721 /1 undetected,output,,N99721,N99721,1,undetected,N99721,N99721,N99721,sa1,1
35196,N11285 /1 undetected,output,,N11285,N11285,1,undetected,N11285,N11285,N11285,sa1,1
35197,N11285 /0 undetected,output,,N11285,N11285,0,undetected,N11285,N11285,N11285,sa0,1
35198,N11280 /1 undetected,output,,N11280,N11280,1,undetected,N11280,N11280,N11280,sa1,1
35199,N99722 /1 undetected,output,,N99722,N99722,1,undetected,N99722,N99722,N99722,sa1,1
35200,N99718 /1 undetected,output,,N99718,N99718,1,undetected,N99718,N99718,N99718,sa1,1
35201,N11278 /1 undetected,output,,N11278,N11278,1,undetected,N11278,N11278,N11278,sa1,1
35202,N99724 /1 undetected,output,,N99724,N99724,1,undetected,N99724,N99724,N99724,sa1,1
35203,N99720 /1 undetected,output,,N99720,N99720,1,undetected,N99720,N99720,N99720,sa1,1
35204,N11138 /1 undetected,output,,N11138,N11138,1,undetected,N11138,N11138,N11138,sa1,1
35205,N11138 /0 undetected,output,,N11138,N11138,0,undetected,N11138,N11138,N11138,sa0,1
35206,N11136 /1 undetected,output,,N11136,N11136,1,undetected,N11136,N11136,N11136,sa1,1
35207,N99677 /1 undetected,output,,N99677,N99677,1,undetected,N99677,N99677,N99677,sa1,1
35208,N99673 /1 undetected,output,,N99673,N99673,1,undetected,N99673,N99673,N99673,sa1,1
35209,N11134 /1 undetected,output,,N11134,N11134,1,undetected,N11134,N11134,N11134,sa1,1
35210,N99679 /1 undetected,output,,N99679,N99679,1,undetected,N99679,N99679,N99679,sa1,1
35211,N99675 /1 undetected,output,,N99675,N99675,1,undetected,N99675,N99675,N99675,sa1,1
35212,N11137 /1 undetected,output,,N11137,N11137,1,undetected,N11137,N11137,N11137,sa1,1
35213,N11132 /1 undetected,output,,N11132,N11132,1,undetected,N11132,N11132,N11132,sa1,1
35214,N99678 /1 undetected,output,,N99678,N99678,1,undetected,N99678,N99678,N99678,sa1,1
35215,N11130 /1 undetected,output,,N11130,N11130,1,undetected,N11130,N11130,N11130,sa1,1
35216,N99674 /1 undetected,output,,N99674,N99674,1,undetected,N99674,N99674,N99674,sa1,1
35217,N11068 /0 undetected,output,,N11068,N11068,0,undetected,N11068,N11068,N11068,sa0,1
35218,N11066 /1 undetected,output,,N11066,N11066,1,undetected,N11066,N11066,N11066,sa1,1
35219,N99643 /1 undetected,output,,N99643,N99643,1,undetected,N99643,N99643,N99643,sa1,1
35220,N99639 /1 undetected,output,,N99639,N99639,1,undetected,N99639,N99639,N99639,sa1,1
35221,N99645 /1 undetected,output,,N99645,N99645,1,undetected,N99645,N99645,N99645,sa1,1
35222,N99641 /1 undetected,output,,N99641,N99641,1,undetected,N99641,N99641,N99641,sa1,1
35223,N11067 /1 undetected,output,,N11067,N11067,1,undetected,N11067,N11067,N11067,sa1,1
35224,N11067 /0 undetected,output,,N11067,N11067,0,undetected,N11067,N11067,N11067,sa0,1
35225,N11062 /1 undetected,output,,N11062,N11062,1,undetected,N11062,N11062,N11062,sa1,1
35226,N99642 /1 undetected,output,,N99642,N99642,1,undetected,N99642,N99642,N99642,sa1,1
35227,N99640 /1 undetected,output,,N99640,N99640,1,undetected,N99640,N99640,N99640,sa1,1
35228,N11060 /1 undetected,output,,N11060,N11060,1,undetected,N11060,N11060,N11060,sa1,1
35229,N99644 /1 undetected,output,,N99644,N99644,1,undetected,N99644,N99644,N99644,sa1,1
35230,N99638 /1 undetected,output,,N99638,N99638,1,undetected,N99638,N99638,N99638,sa1,1
35231,N11038 /0 undetected,output,,N11038,N11038,0,undetected,N11038,N11038,N11038,sa0,1
35232,N99631 /1 undetected,output,,N99631,N99631,1,undetected,N99631,N99631,N99631,sa1,1
35233,N99627 /1 undetected,output,,N99627,N99627,1,undetected,N99627,N99627,N99627,sa1,1
35234,N11034 /1 undetected,output,,N11034,N11034,1,undetected,N11034,N11034,N11034,sa1,1
35235,N99633 /1 undetected,output,,N99633,N99633,1,undetected,N99633,N99633,N99633,sa1,1
35236,N99629 /1 undetected,output,,N99629,N99629,1,undetected,N99629,N99629,N99629,sa1,1
35237,N11037 /1 undetected,output,,N11037,N11037,1,undetected,N11037,N11037,N11037,sa1,1
35238,N11037 /0 undetected,output,,N11037,N11037,0,undetected,N11037,N11037,N11037,sa0,1
35239,N11032 /1 undetected,output,,N11032,N11032,1,undetected,N11032,N11032,N11032,sa1,1
35240,N99632 /1 undetected,output,,N99632,N99632,1,undetected,N99632,N99632,N99632,sa1,1
35241,N99626 /1 undetected,output,,N99626,N99626,1,undetected,N99626,N99626,N99626,sa1,1
35242,N11030 /1 undetected,output,,N11030,N11030,1,undetected,N11030,N11030,N11030,sa1,1
35243,N99630 /1 undetected,output,,N99630,N99630,1,undetected,N99630,N99630,N99630,sa1,1
35244,N99628 /1 undetected,output,,N99628,N99628,1,undetected,N99628,N99628,N99628,sa1,1
35245,N10357 /1 undetected,output,,N10357,N10357,1,undetected,N10357,N10357,N10357,sa1,1
35246,N99371 /1 undetected,output,,N99371,N99371,1,undetected,N99371,N99371,N99371,sa1,1
35247,N99375 /1 undetected,output,,N99375,N99375,1,undetected,N99375,N99375,N99375,sa1,1
35248,N10358 /1 undetected,output,,N10358,N10358,1,undetected,N10358,N10358,N10358,sa1,1
35249,N10358 /0 undetected,output,,N10358,N10358,0,undetected,N10358,N10358,N10358,sa0,1
35250,N10353 /1 undetected,output,,N10353,N10353,1,undetected,N10353,N10353,N10353,sa1,1
35251,N99374 /1 undetected,output,,N99374,N99374,1,undetected,N99374,N99374,N99374,sa1,1
35252,N99370 /1 undetected,output,,N99370,N99370,1,undetected,N99370,N99370,N99370,sa1,1
35253,N10351 /1 undetected,output,,N10351,N10351,1,undetected,N10351,N10351,N10351,sa1,1
35254,N99376 /1 undetected,output,,N99376,N99376,1,undetected,N99376,N99376,N99376,sa1,1
35255,N99372 /1 undetected,output,,N99372,N99372,1,undetected,N99372,N99372,N99372,sa1,1
35256,N10254 /1 undetected,output,,N10254,N10254,1,undetected,N10254,N10254,N10254,sa1,1
35257,N10254 /0 undetected,output,,N10254,N10254,0,undetected,N10254,N10254,N10254,sa0,1
35258,N10252 /1 undetected,output,,N10252,N10252,1,undetected,N10252,N10252,N10252,sa1,1
35259,N99261 /1 undetected,output,,N99261,N99261,1,undetected,N99261,N99261,N99261,sa1,1
35260,N99257 /1 undetected,output,,N99257,N99257,1,undetected,N99257,N99257,N99257,sa1,1
35261,N10250 /1 undetected,output,,N10250,N10250,1,undetected,N10250,N10250,N10250,sa1,1
35262,N99263 /1 undetected,output,,N99263,N99263,1,undetected,N99263,N99263,N99263,sa1,1
35263,N99259 /1 undetected,output,,N99259,N99259,1,undetected,N99259,N99259,N99259,sa1,1
35264,N10253 /1 undetected,output,,N10253,N10253,1,undetected,N10253,N10253,N10253,sa1,1
35265,N10253 /0 undetected,output,,N10253,N10253,0,undetected,N10253,N10253,N10253,sa0,1
35266,N10248 /1 undetected,output,,N10248,N10248,1,undetected,N10248,N10248,N10248,sa1,1
35267,N99262 /1 undetected,output,,N99262,N99262,1,undetected,N99262,N99262,N99262,sa1,1
35268,N99256 /1 undetected,output,,N99256,N99256,1,undetected,N99256,N99256,N99256,sa1,1
35269,N10246 /1 undetected,output,,N10246,N10246,1,undetected,N10246,N10246,N10246,sa1,1
35270,N99260 /1 undetected,output,,N99260,N99260,1,undetected,N99260,N99260,N99260,sa1,1
35271,N99258 /1 undetected,output,,N99258,N99258,1,undetected,N99258,N99258,N99258,sa1,1
35272,N80906 /1 undetected,output,,N80906,N80906,1,undetected,N80906,N80906,N80906,sa1,1
35273,N80896 /1 undetected,output,,N80896,N80896,1,undetected,N80896,N80896,N80896,sa1,1
35274,N54751 /1 undetected,output,,N54751,N54751,1,undetected,N54751,N54751,N54751,sa1,1
35275,N105036 /1 undetected,output,,N105036,N105036,1,undetected,N105036,N105036,N105036,sa1,1
35276,N52989 /1 undetected,output,,N52989,N52989,1,undetected,N52989,N52989,N52989,sa1,1
35277,N52989 /0 undetected,output,,N52989,N52989,0,undetected,N52989,N52989,N52989,sa0,1
35278,N120234 /1 undetected,output,,N120234,N120234,1,undetected,N120234,N120234,N120234,sa1,1
35279,N52988 /1 undetected,output,,N52988,N52988,1,undetected,N52988,N52988,N52988,sa1,1
35280,N85636 /1 undetected,output,,N85636,N85636,1,undetected,N85636,N85636,N85636,sa1,1
35281,N75967 /1 undetected,output,,N75967,N75967,1,undetected,N75967,N75967,N75967,sa1,1
35282,N50992 /1 undetected,output,,N50992,N50992,1,undetected,N50992,N50992,N50992,sa1,1
35283,N50992 /0 undetected,output,,N50992,N50992,0,undetected,N50992,N50992,N50992,sa0,1
35284,N50991 /1 undetected,output,,N50991,N50991,1,undetected,N50991,N50991,N50991,sa1,1
35285,N92164 /1 undetected,output,,N92164,N92164,1,undetected,N92164,N92164,N92164,sa1,1
35286,N50990 /1 undetected,output,,N50990,N50990,1,undetected,N50990,N50990,N50990,sa1,1
35287,N92890 /1 undetected,output,,N92890,N92890,1,undetected,N92890,N92890,N92890,sa1,1
35288,N84313 /1 undetected,output,,N84313,N84313,1,undetected,N84313,N84313,N84313,sa1,1
35289,N50983 /1 undetected,output,,N50983,N50983,1,undetected,N50983,N50983,N50983,sa1,1
35290,N74490 /1 undetected,output,,N74490,N74490,1,undetected,N74490,N74490,N74490,sa1,1
35291,N50981 /1 undetected,output,,N50981,N50981,1,undetected,N50981,N50981,N50981,sa1,1
35292,N25035 /1 undetected,output,,N25035,N25035,1,undetected,N25035,N25035,N25035,sa1,1
35293,N25035 /0 undetected,output,,N25035,N25035,0,undetected,N25035,N25035,N25035,sa0,1
35294,N23150 /1 undetected,output,,N23150,N23150,1,undetected,N23150,N23150,N23150,sa1,1
35295,N104491 /1 undetected,output,,N104491,N104491,1,undetected,N104491,N104491,N104491,sa1,1
35296,N79277 /1 undetected,output,,N79277,N79277,1,undetected,N79277,N79277,N79277,sa1,1
35297,N21691 /1 undetected,output,,N21691,N21691,1,undetected,N21691,N21691,N21691,sa1,1
35298,N21691 /0 undetected,output,,N21691,N21691,0,undetected,N21691,N21691,N21691,sa0,1
35299,N101785 /1 undetected,output,,N101785,N101785,1,undetected,N101785,N101785,N101785,sa1,1
35300,N74450 /1 undetected,output,,N74450,N74450,1,undetected,N74450,N74450,N74450,sa1,1
35301,N20761 /1 undetected,output,,N20761,N20761,1,undetected,N20761,N20761,N20761,sa1,1
35302,N19673 /1 undetected,output,,N19673,N19673,1,undetected,N19673,N19673,N19673,sa1,1
35303,N19673 /0 undetected,output,,N19673,N19673,0,undetected,N19673,N19673,N19673,sa0,1
35304,N88352 /1 undetected,output,,N88352,N88352,1,undetected,N88352,N88352,N88352,sa1,1
35305,N19672 /1 undetected,output,,N19672,N19672,1,undetected,N19672,N19672,N19672,sa1,1
35306,N17177 /0 undetected,output,,N17177,N17177,0,undetected,N17177,N17177,N17177,sa0,1
35307,N93372 /1 undetected,output,,N93372,N93372,1,undetected,N93372,N93372,N93372,sa1,1
35308,N74457 /1 undetected,output,,N74457,N74457,1,undetected,N74457,N74457,N74457,sa1,1
35309,N75097 /1 undetected,output,,N75097,N75097,1,undetected,N75097,N75097,N75097,sa1,1
35310,N16065 /0 undetected,output,,N16065,N16065,0,undetected,N16065,N16065,N16065,sa0,1
35311,N102832 /1 undetected,output,,N102832,N102832,1,undetected,N102832,N102832,N102832,sa1,1
35312,N16061 /1 undetected,output,,N16061,N16061,1,undetected,N16061,N16061,N16061,sa1,1
35313,N102094 /1 undetected,output,,N102094,N102094,1,undetected,N102094,N102094,N102094,sa1,1
35314,N76764 /1 undetected,output,,N76764,N76764,1,undetected,N76764,N76764,N76764,sa1,1
35315,N76758 /1 undetected,output,,N76758,N76758,1,undetected,N76758,N76758,N76758,sa1,1
35316,N14277 /1 undetected,output,,N14277,N14277,1,undetected,N14277,N14277,N14277,sa1,1
35317,N14277 /0 undetected,output,,N14277,N14277,0,undetected,N14277,N14277,N14277,sa0,1
35318,N83982 /1 undetected,output,,N83982,N83982,1,undetected,N83982,N83982,N83982,sa1,1
35319,N14276 /1 undetected,output,,N14276,N14276,1,undetected,N14276,N14276,N14276,sa1,1
35320,N91994 /1 undetected,output,,N91994,N91994,1,undetected,N91994,N91994,N91994,sa1,1
35321,N91928 /1 undetected,output,,N91928,N91928,1,undetected,N91928,N91928,N91928,sa1,1
35322,N13207 /1 undetected,output,,N13207,N13207,1,undetected,N13207,N13207,N13207,sa1,1
35323,N13207 /0 undetected,output,,N13207,N13207,0,undetected,N13207,N13207,N13207,sa0,1
35324,N93491 /1 undetected,output,,N93491,N93491,1,undetected,N93491,N93491,N93491,sa1,1
35325,N13206 /1 undetected,output,,N13206,N13206,1,undetected,N13206,N13206,N13206,sa1,1
35326,N96934 /1 undetected,output,,N96934,N96934,1,undetected,N96934,N96934,N96934,sa1,1
35327,N13205 /1 undetected,output,,N13205,N13205,1,undetected,N13205,N13205,N13205,sa1,1
35328,N87613 /1 undetected,output,,N87613,N87613,1,undetected,N87613,N87613,N87613,sa1,1
35329,N85456 /1 undetected,output,,N85456,N85456,1,undetected,N85456,N85456,N85456,sa1,1
35330,N13104 /1 undetected,output,,N13104,N13104,1,undetected,N13104,N13104,N13104,sa1,1
35331,N13104 /0 undetected,output,,N13104,N13104,0,undetected,N13104,N13104,N13104,sa0,1
35332,N100637 /1 undetected,output,,N100637,N100637,1,undetected,N100637,N100637,N100637,sa1,1
35333,N93367 /1 undetected,output,,N93367,N93367,1,undetected,N93367,N93367,N93367,sa1,1
35334,N12810 /1 undetected,output,,N12810,N12810,1,undetected,N12810,N12810,N12810,sa1,1
35335,N12810 /0 undetected,output,,N12810,N12810,0,undetected,N12810,N12810,N12810,sa0,1
35336,N100804 /1 undetected,output,,N100804,N100804,1,undetected,N100804,N100804,N100804,sa1,1
35337,N91364 /1 undetected,output,,N91364,N91364,1,undetected,N91364,N91364,N91364,sa1,1
35338,N12562 /1 undetected,output,,N12562,N12562,1,undetected,N12562,N12562,N12562,sa1,1
35339,N12562 /0 undetected,output,,N12562,N12562,0,undetected,N12562,N12562,N12562,sa0,1
35340,N84030 /1 undetected,output,,N84030,N84030,1,undetected,N84030,N84030,N84030,sa1,1
35341,N12561 /1 undetected,output,,N12561,N12561,1,undetected,N12561,N12561,N12561,sa1,1
35342,N100609 /1 undetected,output,,N100609,N100609,1,undetected,N100609,N100609,N100609,sa1,1
35343,N100607 /1 undetected,output,,N100607,N100607,1,undetected,N100607,N100607,N100607,sa1,1
35344,N8728 /1 undetected,output,,N8728,N8728,1,undetected,N8728,N8728,N8728,sa1,1
35345,N8728 /0 undetected,output,,N8728,N8728,0,undetected,N8728,N8728,N8728,sa0,1
35346,N98639 /1 undetected,output,,N98639,N98639,1,undetected,N98639,N98639,N98639,sa1,1
35347,N86617 /1 undetected,output,,N86617,N86617,1,undetected,N86617,N86617,N86617,sa1,1
35348,N8557 /1 undetected,output,,N8557,N8557,1,undetected,N8557,N8557,N8557,sa1,1
35349,N95749 /1 undetected,output,,N95749,N95749,1,undetected,N95749,N95749,N95749,sa1,1
35350,N95748 /1 undetected,output,,N95748,N95748,1,undetected,N95748,N95748,N95748,sa1,1
35351,N3562 /0 undetected,output,,N3562,N3562,0,undetected,N3562,N3562,N3562,sa0,1
35352,N77065 /1 undetected,output,,N77065,N77065,1,undetected,N77065,N77065,N77065,sa1,1
35353,N3094 /1 undetected,output,,N3094,N3094,1,undetected,N3094,N3094,N3094,sa1,1
35354,N3094 /0 undetected,output,,N3094,N3094,0,undetected,N3094,N3094,N3094,sa0,1
35355,N94620 /1 undetected,output,,N94620,N94620,1,undetected,N94620,N94620,N94620,sa1,1
35356,N85915 /1 undetected,output,,N85915,N85915,1,undetected,N85915,N85915,N85915,sa1,1
35357,N2813 /1 undetected,output,,N2813,N2813,1,undetected,N2813,N2813,N2813,sa1,1
35358,N95128 /1 undetected,output,,N95128,N95128,1,undetected,N95128,N95128,N95128,sa1,1
35359,N95123 /1 undetected,output,,N95123,N95123,1,undetected,N95123,N95123,N95123,sa1,1
35360,N2571 /1 undetected,output,,N2571,N2571,1,undetected,N2571,N2571,N2571,sa1,1
35361,N2571 /0 undetected,output,,N2571,N2571,0,undetected,N2571,N2571,N2571,sa0,1
35362,N94073 /1 undetected,output,,N94073,N94073,1,undetected,N94073,N94073,N94073,sa1,1
35363,N83707 /1 undetected,output,,N83707,N83707,1,undetected,N83707,N83707,N83707,sa1,1
35364,N1999 /1 undetected,output,,N1999,N1999,1,undetected,N1999,N1999,N1999,sa1,1
35365,N1999 /0 undetected,output,,N1999,N1999,0,undetected,N1999,N1999,N1999,sa0,1
35366,N91392 /1 undetected,output,,N91392,N91392,1,undetected,N91392,N91392,N91392,sa1,1
35367,N85284 /1 undetected,output,,N85284,N85284,1,undetected,N85284,N85284,N85284,sa1,1
35368,N1998 /1 undetected,output,,N1998,N1998,1,undetected,N1998,N1998,N1998,sa1,1
35369,N1998 /0 undetected,output,,N1998,N1998,0,undetected,N1998,N1998,N1998,sa0,1
35370,N11383 /1 undetected,output,,N11383,N11383,1,undetected,N11383,N11383,N11383,sa1,1
35371,N11382 /1 undetected,output,,N11382,N11382,1,undetected,N11382,N11382,N11382,sa1,1
35372,N99746 /1 undetected,output,,N99746,N99746,1,undetected,N99746,N99746,N99746,sa1,1
35373,N11380 /1 undetected,output,,N11380,N11380,1,undetected,N11380,N11380,N11380,sa1,1
35374,N99744 /1 undetected,output,,N99744,N99744,1,undetected,N99744,N99744,N99744,sa1,1
35375,N11002 /0 undetected,output,,N11002,N11002,0,undetected,N11002,N11002,N11002,sa0,1
35376,N99623 /1 undetected,output,,N99623,N99623,1,undetected,N99623,N99623,N99623,sa1,1
35377,N1368 /1 undetected,output,,N1368,N1368,1,undetected,N1368,N1368,N1368,sa1,1
35378,N10999 /1 undetected,output,,N10999,N10999,1,undetected,N10999,N10999,N10999,sa1,1
35379,N78145 /1 undetected,output,,N78145,N78145,1,undetected,N78145,N78145,N78145,sa1,1
35380,N10997 /1 undetected,output,,N10997,N10997,1,undetected,N10997,N10997,N10997,sa1,1
35381,N10898 /1 undetected,output,,N10898,N10898,1,undetected,N10898,N10898,N10898,sa1,1
35382,N10897 /1 undetected,output,,N10897,N10897,1,undetected,N10897,N10897,N10897,sa1,1
35383,N10895 /1 undetected,output,,N10895,N10895,1,undetected,N10895,N10895,N10895,sa1,1
35384,N10836 /1 undetected,output,,N10836,N10836,1,undetected,N10836,N10836,N10836,sa1,1
35385,N10836 /0 undetected,output,,N10836,N10836,0,undetected,N10836,N10836,N10836,sa0,1
35386,N10835 /1 undetected,output,,N10835,N10835,1,undetected,N10835,N10835,N10835,sa1,1
35387,N10831 /1 undetected,output,,N10831,N10831,1,undetected,N10831,N10831,N10831,sa1,1
35388,N1366 /1 undetected,output,,N1366,N1366,1,undetected,N1366,N1366,N1366,sa1,1
35389,N10833 /1 undetected,output,,N10833,N10833,1,undetected,N10833,N10833,N10833,sa1,1
35390,N99576 /1 undetected,output,,N99576,N99576,1,undetected,N99576,N99576,N99576,sa1,1
35391,N78137 /1 undetected,output,,N78137,N78137,1,undetected,N78137,N78137,N78137,sa1,1
35392,N10795 /0 undetected,output,,N10795,N10795,0,undetected,N10795,N10795,N10795,sa0,1
35393,N10794 /1 undetected,output,,N10794,N10794,1,undetected,N10794,N10794,N10794,sa1,1
35394,N99557 /1 undetected,output,,N99557,N99557,1,undetected,N99557,N99557,N99557,sa1,1
35395,N10784 /1 undetected,output,,N10784,N10784,1,undetected,N10784,N10784,N10784,sa1,1
35396,N99555 /1 undetected,output,,N99555,N99555,1,undetected,N99555,N99555,N99555,sa1,1
35397,N10790 /1 undetected,output,,N10790,N10790,1,undetected,N10790,N10790,N10790,sa1,1
35398,N10657 /0 undetected,output,,N10657,N10657,0,undetected,N10657,N10657,N10657,sa0,1
35399,N10656 /1 undetected,output,,N10656,N10656,1,undetected,N10656,N10656,N10656,sa1,1
35400,N99519 /1 undetected,output,,N99519,N99519,1,undetected,N99519,N99519,N99519,sa1,1
35401,N1347 /1 undetected,output,,N1347,N1347,1,undetected,N1347,N1347,N1347,sa1,1
35402,N78036 /1 undetected,output,,N78036,N78036,1,undetected,N78036,N78036,N78036,sa1,1
35403,N10652 /1 undetected,output,,N10652,N10652,1,undetected,N10652,N10652,N10652,sa1,1
35404,N10617 /1 undetected,output,,N10617,N10617,1,undetected,N10617,N10617,N10617,sa1,1
35405,N10616 /1 undetected,output,,N10616,N10616,1,undetected,N10616,N10616,N10616,sa1,1
35406,N1351 /1 undetected,output,,N1351,N1351,1,undetected,N1351,N1351,N1351,sa1,1
35407,N10614 /1 undetected,output,,N10614,N10614,1,undetected,N10614,N10614,N10614,sa1,1
35408,N10612 /1 undetected,output,,N10612,N10612,1,undetected,N10612,N10612,N10612,sa1,1
35409,N10560 /0 undetected,output,,N10560,N10560,0,undetected,N10560,N10560,N10560,sa0,1
35410,N10555 /1 undetected,output,,N10555,N10555,1,undetected,N10555,N10555,N10555,sa1,1
35411,N1344 /1 undetected,output,,N1344,N1344,1,undetected,N1344,N1344,N1344,sa1,1
35412,N10557 /1 undetected,output,,N10557,N10557,1,undetected,N10557,N10557,N10557,sa1,1
35413,N99483 /1 undetected,output,,N99483,N99483,1,undetected,N99483,N99483,N99483,sa1,1
35414,N78025 /1 undetected,output,,N78025,N78025,1,undetected,N78025,N78025,N78025,sa1,1
35415,N10411 /1 undetected,output,,N10411,N10411,1,undetected,N10411,N10411,N10411,sa1,1
35416,N10410 /1 undetected,output,,N10410,N10410,1,undetected,N10410,N10410,N10410,sa1,1
35417,N1399 /1 undetected,output,,N1399,N1399,1,undetected,N1399,N1399,N1399,sa1,1
35418,N10408 /1 undetected,output,,N10408,N10408,1,undetected,N10408,N10408,N10408,sa1,1
35419,N99418 /1 undetected,output,,N99418,N99418,1,undetected,N99418,N99418,N99418,sa1,1
35420,N1422 /1 undetected,output,,N1422,N1422,1,undetected,N1422,N1422,N1422,sa1,1
35421,N10325 /1 undetected,output,,N10325,N10325,1,undetected,N10325,N10325,N10325,sa1,1
35422,N10323 /1 undetected,output,,N10323,N10323,1,undetected,N10323,N10323,N10323,sa1,1
35423,N10265 /1 undetected,output,,N10265,N10265,1,undetected,N10265,N10265,N10265,sa1,1
35424,N10265 /0 undetected,output,,N10265,N10265,0,undetected,N10265,N10265,N10265,sa0,1
35425,N10264 /1 undetected,output,,N10264,N10264,1,undetected,N10264,N10264,N10264,sa1,1
35426,N99271 /1 undetected,output,,N99271,N99271,1,undetected,N99271,N99271,N99271,sa1,1
35427,N1416 /1 undetected,output,,N1416,N1416,1,undetected,N1416,N1416,N1416,sa1,1
35428,N10262 /1 undetected,output,,N10262,N10262,1,undetected,N10262,N10262,N10262,sa1,1
35429,N78362 /1 undetected,output,,N78362,N78362,1,undetected,N78362,N78362,N78362,sa1,1
35430,N10260 /1 undetected,output,,N10260,N10260,1,undetected,N10260,N10260,N10260,sa1,1
35431,N89803 /1 undetected,output,,N89803,N89803,1,undetected,N89803,N89803,N89803,sa1,1
35432,N77074 /1 undetected,output,,N77074,N77074,1,undetected,N77074,N77074,N77074,sa1,1
35433,N77064 /1 undetected,output,,N77064,N77064,1,undetected,N77064,N77064,N77064,sa1,1
35434,N3063 /1 undetected,output,,N3063,N3063,1,undetected,N3063,N3063,N3063,sa1,1
35435,N3049 /1 undetected,output,,N3049,N3049,1,undetected,N3049,N3049,N3049,sa1,1
35436,N2549 /1 undetected,output,,N2549,N2549,1,undetected,N2549,N2549,N2549,sa1,1
35437,N2545 /1 undetected,output,,N2545,N2545,1,undetected,N2545,N2545,N2545,sa1,1
35438,N63143 /1 undetected,output,,N63143,N63143,1,undetected,N63143,N63143,N63143,sa1,1
35439,N63143 /0 undetected,output,,N63143,N63143,0,undetected,N63143,N63143,N63143,sa0,1
35440,N124967 /1 undetected,output,,N124967,N124967,1,undetected,N124967,N124967,N124967,sa1,1
35441,N98488 /1 undetected,output,,N98488,N98488,1,undetected,N98488,N98488,N98488,sa1,1
35442,N89134 /1 undetected,output,,N89134,N89134,1,undetected,N89134,N89134,N89134,sa1,1
35443,N89636 /1 undetected,output,,N89636,N89636,1,undetected,N89636,N89636,N89636,sa1,1
35444,N55990 /1 undetected,output,,N55990,N55990,1,undetected,N55990,N55990,N55990,sa1,1
35445,N55990 /0 undetected,output,,N55990,N55990,0,undetected,N55990,N55990,N55990,sa0,1
35446,N93626 /1 undetected,output,,N93626,N93626,1,undetected,N93626,N93626,N93626,sa1,1
35447,N85748 /1 undetected,output,,N85748,N85748,1,undetected,N85748,N85748,N85748,sa1,1
35448,N55416 /1 undetected,output,,N55416,N55416,1,undetected,N55416,N55416,N55416,sa1,1
35449,N55416 /0 undetected,output,,N55416,N55416,0,undetected,N55416,N55416,N55416,sa0,1
35450,N107709 /1 undetected,output,,N107709,N107709,1,undetected,N107709,N107709,N107709,sa1,1
35451,N75768 /1 undetected,output,,N75768,N75768,1,undetected,N75768,N75768,N75768,sa1,1
35452,N54558 /1 undetected,output,,N54558,N54558,1,undetected,N54558,N54558,N54558,sa1,1
35453,N54558 /0 undetected,output,,N54558,N54558,0,undetected,N54558,N54558,N54558,sa0,1
35454,N93630 /1 undetected,output,,N93630,N93630,1,undetected,N93630,N93630,N93630,sa1,1
35455,N75693 /1 undetected,output,,N75693,N75693,1,undetected,N75693,N75693,N75693,sa1,1
35456,N54552 /1 undetected,output,,N54552,N54552,1,undetected,N54552,N54552,N54552,sa1,1
35457,N54552 /0 undetected,output,,N54552,N54552,0,undetected,N54552,N54552,N54552,sa0,1
35458,N107708 /1 undetected,output,,N107708,N107708,1,undetected,N107708,N107708,N107708,sa1,1
35459,N75692 /1 undetected,output,,N75692,N75692,1,undetected,N75692,N75692,N75692,sa1,1
35460,N53560 /1 undetected,output,,N53560,N53560,1,undetected,N53560,N53560,N53560,sa1,1
35461,N53560 /0 undetected,output,,N53560,N53560,0,undetected,N53560,N53560,N53560,sa0,1
35462,N107707 /1 undetected,output,,N107707,N107707,1,undetected,N107707,N107707,N107707,sa1,1
35463,N75739 /1 undetected,output,,N75739,N75739,1,undetected,N75739,N75739,N75739,sa1,1
35464,N53384 /1 undetected,output,,N53384,N53384,1,undetected,N53384,N53384,N53384,sa1,1
35465,N53384 /0 undetected,output,,N53384,N53384,0,undetected,N53384,N53384,N53384,sa0,1
35466,N53139 /1 undetected,output,,N53139,N53139,1,undetected,N53139,N53139,N53139,sa1,1
35467,N53139 /0 undetected,output,,N53139,N53139,0,undetected,N53139,N53139,N53139,sa0,1
35468,N120277 /1 undetected,output,,N120277,N120277,1,undetected,N120277,N120277,N120277,sa1,1
35469,N53138 /1 undetected,output,,N53138,N53138,1,undetected,N53138,N53138,N53138,sa1,1
35470,N53049 /1 undetected,output,,N53049,N53049,1,undetected,N53049,N53049,N53049,sa1,1
35471,N53049 /0 undetected,output,,N53049,N53049,0,undetected,N53049,N53049,N53049,sa0,1
35472,N93527 /1 undetected,output,,N93527,N93527,1,undetected,N93527,N93527,N93527,sa1,1
35473,N85639 /1 undetected,output,,N85639,N85639,1,undetected,N85639,N85639,N85639,sa1,1
35474,N52936 /1 undetected,output,,N52936,N52936,1,undetected,N52936,N52936,N52936,sa1,1
35475,N52936 /0 undetected,output,,N52936,N52936,0,undetected,N52936,N52936,N52936,sa0,1
35476,N105812 /1 undetected,output,,N105812,N105812,1,undetected,N105812,N105812,N105812,sa1,1
35477,N75689 /1 undetected,output,,N75689,N75689,1,undetected,N75689,N75689,N75689,sa1,1
35478,N30560 /0 undetected,output,,N30560,N30560,0,undetected,N30560,N30560,N30560,sa0,1
35479,N113322 /1 undetected,output,,N113322,N113322,1,undetected,N113322,N113322,N113322,sa1,1
35480,N24901 /1 undetected,output,,N24901,N24901,1,undetected,N24901,N24901,N24901,sa1,1
35481,N24901 /0 undetected,output,,N24901,N24901,0,undetected,N24901,N24901,N24901,sa0,1
35482,N23846 /1 undetected,output,,N23846,N23846,1,undetected,N23846,N23846,N23846,sa1,1
35483,N23846 /0 undetected,output,,N23846,N23846,0,undetected,N23846,N23846,N23846,sa0,1
35484,N105805 /1 undetected,output,,N105805,N105805,1,undetected,N105805,N105805,N105805,sa1,1
35485,N85678 /1 undetected,output,,N85678,N85678,1,undetected,N85678,N85678,N85678,sa1,1
35486,N23737 /1 undetected,output,,N23737,N23737,1,undetected,N23737,N23737,N23737,sa1,1
35487,N22886 /1 undetected,output,,N22886,N22886,1,undetected,N22886,N22886,N22886,sa1,1
35488,N22713 /1 undetected,output,,N22713,N22713,1,undetected,N22713,N22713,N22713,sa1,1
35489,N22713 /0 undetected,output,,N22713,N22713,0,undetected,N22713,N22713,N22713,sa0,1
35490,N22628 /1 undetected,output,,N22628,N22628,1,undetected,N22628,N22628,N22628,sa1,1
35491,N22628 /0 undetected,output,,N22628,N22628,0,undetected,N22628,N22628,N22628,sa0,1
35492,N104488 /1 undetected,output,,N104488,N104488,1,undetected,N104488,N104488,N104488,sa1,1
35493,N76219 /1 undetected,output,,N76219,N76219,1,undetected,N76219,N76219,N76219,sa1,1
35494,N22103 /1 undetected,output,,N22103,N22103,1,undetected,N22103,N22103,N22103,sa1,1
35495,N22103 /0 undetected,output,,N22103,N22103,0,undetected,N22103,N22103,N22103,sa0,1
35496,N94170 /1 undetected,output,,N94170,N94170,1,undetected,N94170,N94170,N94170,sa1,1
35497,N78765 /1 undetected,output,,N78765,N78765,1,undetected,N78765,N78765,N78765,sa1,1
35498,N21558 /0 undetected,output,,N21558,N21558,0,undetected,N21558,N21558,N21558,sa0,1
35499,N94168 /1 undetected,output,,N94168,N94168,1,undetected,N94168,N94168,N94168,sa1,1
35500,N76204 /1 undetected,output,,N76204,N76204,1,undetected,N76204,N76204,N76204,sa1,1
35501,N20556 /1 undetected,output,,N20556,N20556,1,undetected,N20556,N20556,N20556,sa1,1
35502,N20556 /0 undetected,output,,N20556,N20556,0,undetected,N20556,N20556,N20556,sa0,1
35503,N104485 /1 undetected,output,,N104485,N104485,1,undetected,N104485,N104485,N104485,sa1,1
35504,N94542 /1 undetected,output,,N94542,N94542,1,undetected,N94542,N94542,N94542,sa1,1
35505,N20318 /1 undetected,output,,N20318,N20318,1,undetected,N20318,N20318,N20318,sa1,1
35506,N20318 /0 undetected,output,,N20318,N20318,0,undetected,N20318,N20318,N20318,sa0,1
35507,N104482 /1 undetected,output,,N104482,N104482,1,undetected,N104482,N104482,N104482,sa1,1
35508,N84173 /1 undetected,output,,N84173,N84173,1,undetected,N84173,N84173,N84173,sa1,1
35509,N20280 /1 undetected,output,,N20280,N20280,1,undetected,N20280,N20280,N20280,sa1,1
35510,N20104 /1 undetected,output,,N20104,N20104,1,undetected,N20104,N20104,N20104,sa1,1
35511,N20104 /0 undetected,output,,N20104,N20104,0,undetected,N20104,N20104,N20104,sa0,1
35512,N93328 /1 undetected,output,,N93328,N93328,1,undetected,N93328,N93328,N93328,sa1,1
35513,N92206 /1 undetected,output,,N92206,N92206,1,undetected,N92206,N92206,N92206,sa1,1
35514,N85924 /1 undetected,output,,N85924,N85924,1,undetected,N85924,N85924,N85924,sa1,1
35515,N19054 /1 undetected,output,,N19054,N19054,1,undetected,N19054,N19054,N19054,sa1,1
35516,N19054 /0 undetected,output,,N19054,N19054,0,undetected,N19054,N19054,N19054,sa0,1
35517,N93506 /1 undetected,output,,N93506,N93506,1,undetected,N93506,N93506,N93506,sa1,1
35518,N19053 /1 undetected,output,,N19053,N19053,1,undetected,N19053,N19053,N19053,sa1,1
35519,N103843 /1 undetected,output,,N103843,N103843,1,undetected,N103843,N103843,N103843,sa1,1
35520,N19050 /1 undetected,output,,N19050,N19050,1,undetected,N19050,N19050,N19050,sa1,1
35521,N87567 /1 undetected,output,,N87567,N87567,1,undetected,N87567,N87567,N87567,sa1,1
35522,N85493 /1 undetected,output,,N85493,N85493,1,undetected,N85493,N85493,N85493,sa1,1
35523,N18046 /0 undetected,output,,N18046,N18046,0,undetected,N18046,N18046,N18046,sa0,1
35524,N96478 /1 undetected,output,,N96478,N96478,1,undetected,N96478,N96478,N96478,sa1,1
35525,N18022 /1 undetected,output,,N18022,N18022,1,undetected,N18022,N18022,N18022,sa1,1
35526,N18022 /0 undetected,output,,N18022,N18022,0,undetected,N18022,N18022,N18022,sa0,1
35527,N92869 /1 undetected,output,,N92869,N92869,1,undetected,N92869,N92869,N92869,sa1,1
35528,N92202 /1 undetected,output,,N92202,N92202,1,undetected,N92202,N92202,N92202,sa1,1
35529,N17474 /1 undetected,output,,N17474,N17474,1,undetected,N17474,N17474,N17474,sa1,1
35530,N17474 /0 undetected,output,,N17474,N17474,0,undetected,N17474,N17474,N17474,sa0,1
35531,N103403 /1 undetected,output,,N103403,N103403,1,undetected,N103403,N103403,N103403,sa1,1
35532,N95126 /1 undetected,output,,N95126,N95126,1,undetected,N95126,N95126,N95126,sa1,1
35533,N17439 /1 undetected,output,,N17439,N17439,1,undetected,N17439,N17439,N17439,sa1,1
35534,N17439 /0 undetected,output,,N17439,N17439,0,undetected,N17439,N17439,N17439,sa0,1
35535,N103437 /1 undetected,output,,N103437,N103437,1,undetected,N103437,N103437,N103437,sa1,1
35536,N99934 /1 undetected,output,,N99934,N99934,1,undetected,N99934,N99934,N99934,sa1,1
35537,N17438 /1 undetected,output,,N17438,N17438,1,undetected,N17438,N17438,N17438,sa1,1
35538,N17438 /0 undetected,output,,N17438,N17438,0,undetected,N17438,N17438,N17438,sa0,1
35539,N103436 /1 undetected,output,,N103436,N103436,1,undetected,N103436,N103436,N103436,sa1,1
35540,N92594 /1 undetected,output,,N92594,N92594,1,undetected,N92594,N92594,N92594,sa1,1
35541,N17421 /0 undetected,output,,N17421,N17421,0,undetected,N17421,N17421,N17421,sa0,1
35542,N17062 /1 undetected,output,,N17062,N17062,1,undetected,N17062,N17062,N17062,sa1,1
35543,N17062 /0 undetected,output,,N17062,N17062,0,undetected,N17062,N17062,N17062,sa0,1
35544,N93502 /1 undetected,output,,N93502,N93502,1,undetected,N93502,N93502,N93502,sa1,1
35545,N17061 /1 undetected,output,,N17061,N17061,1,undetected,N17061,N17061,N17061,sa1,1
35546,N17059 /1 undetected,output,,N17059,N17059,1,undetected,N17059,N17059,N17059,sa1,1
35547,N79333 /1 undetected,output,,N79333,N79333,1,undetected,N79333,N79333,N79333,sa1,1
35548,N75533 /1 undetected,output,,N75533,N75533,1,undetected,N75533,N75533,N75533,sa1,1
35549,N17057 /1 undetected,output,,N17057,N17057,1,undetected,N17057,N17057,N17057,sa1,1
35550,N85486 /1 undetected,output,,N85486,N85486,1,undetected,N85486,N85486,N85486,sa1,1
35551,N79321 /1 undetected,output,,N79321,N79321,1,undetected,N79321,N79321,N79321,sa1,1
35552,N16332 /1 undetected,output,,N16332,N16332,1,undetected,N16332,N16332,N16332,sa1,1
35553,N16332 /0 undetected,output,,N16332,N16332,0,undetected,N16332,N16332,N16332,sa0,1
35554,N94623 /1 undetected,output,,N94623,N94623,1,undetected,N94623,N94623,N94623,sa1,1
35555,N93500 /1 undetected,output,,N93500,N93500,1,undetected,N93500,N93500,N93500,sa1,1
35556,N16269 /0 undetected,output,,N16269,N16269,0,undetected,N16269,N16269,N16269,sa0,1
35557,N92189 /1 undetected,output,,N92189,N92189,1,undetected,N92189,N92189,N92189,sa1,1
35558,N15711 /1 undetected,output,,N15711,N15711,1,undetected,N15711,N15711,N15711,sa1,1
35559,N98548 /1 undetected,output,,N98548,N98548,1,undetected,N98548,N98548,N98548,sa1,1
35560,N92527 /1 undetected,output,,N92527,N92527,1,undetected,N92527,N92527,N92527,sa1,1
35561,N15693 /1 undetected,output,,N15693,N15693,1,undetected,N15693,N15693,N15693,sa1,1
35562,N15693 /0 undetected,output,,N15693,N15693,0,undetected,N15693,N15693,N15693,sa0,1
35563,N101746 /1 undetected,output,,N101746,N101746,1,undetected,N101746,N101746,N101746,sa1,1
35564,N100368 /1 undetected,output,,N100368,N100368,1,undetected,N100368,N100368,N100368,sa1,1
35565,N15692 /1 undetected,output,,N15692,N15692,1,undetected,N15692,N15692,N15692,sa1,1
35566,N15692 /0 undetected,output,,N15692,N15692,0,undetected,N15692,N15692,N15692,sa0,1
35567,N92022 /1 undetected,output,,N92022,N92022,1,undetected,N92022,N92022,N92022,sa1,1
35568,N91352 /1 undetected,output,,N91352,N91352,1,undetected,N91352,N91352,N91352,sa1,1
35569,N15629 /1 undetected,output,,N15629,N15629,1,undetected,N15629,N15629,N15629,sa1,1
35570,N15629 /0 undetected,output,,N15629,N15629,0,undetected,N15629,N15629,N15629,sa0,1
35571,N100359 /1 undetected,output,,N100359,N100359,1,undetected,N100359,N100359,N100359,sa1,1
35572,N92030 /1 undetected,output,,N92030,N92030,1,undetected,N92030,N92030,N92030,sa1,1
35573,N15628 /1 undetected,output,,N15628,N15628,1,undetected,N15628,N15628,N15628,sa1,1
35574,N15628 /0 undetected,output,,N15628,N15628,0,undetected,N15628,N15628,N15628,sa0,1
35575,N100358 /1 undetected,output,,N100358,N100358,1,undetected,N100358,N100358,N100358,sa1,1
35576,N83810 /1 undetected,output,,N83810,N83810,1,undetected,N83810,N83810,N83810,sa1,1
35577,N14954 /1 undetected,output,,N14954,N14954,1,undetected,N14954,N14954,N14954,sa1,1
35578,N14954 /0 undetected,output,,N14954,N14954,0,undetected,N14954,N14954,N14954,sa0,1
35579,N94704 /1 undetected,output,,N94704,N94704,1,undetected,N94704,N94704,N94704,sa1,1
35580,N77082 /1 undetected,output,,N77082,N77082,1,undetected,N77082,N77082,N77082,sa1,1
35581,N86423 /1 undetected,output,,N86423,N86423,1,undetected,N86423,N86423,N86423,sa1,1
35582,N14444 /1 undetected,output,,N14444,N14444,1,undetected,N14444,N14444,N14444,sa1,1
35583,N14444 /0 undetected,output,,N14444,N14444,0,undetected,N14444,N14444,N14444,sa0,1
35584,N14373 /1 undetected,output,,N14373,N14373,1,undetected,N14373,N14373,N14373,sa1,1
35585,N14373 /0 undetected,output,,N14373,N14373,0,undetected,N14373,N14373,N14373,sa0,1
35586,N101745 /1 undetected,output,,N101745,N101745,1,undetected,N101745,N101745,N101745,sa1,1
35587,N14372 /1 undetected,output,,N14372,N14372,1,undetected,N14372,N14372,N14372,sa1,1
35588,N83964 /1 undetected,output,,N83964,N83964,1,undetected,N83964,N83964,N83964,sa1,1
35589,N83945 /1 undetected,output,,N83945,N83945,1,undetected,N83945,N83945,N83945,sa1,1
35590,N14258 /1 undetected,output,,N14258,N14258,1,undetected,N14258,N14258,N14258,sa1,1
35591,N14258 /0 undetected,output,,N14258,N14258,0,undetected,N14258,N14258,N14258,sa0,1
35592,N92199 /1 undetected,output,,N92199,N92199,1,undetected,N92199,N92199,N92199,sa1,1
35593,N84681 /1 undetected,output,,N84681,N84681,1,undetected,N84681,N84681,N84681,sa1,1
35594,N14240 /1 undetected,output,,N14240,N14240,1,undetected,N14240,N14240,N14240,sa1,1
35595,N14240 /0 undetected,output,,N14240,N14240,0,undetected,N14240,N14240,N14240,sa0,1
35596,N92029 /1 undetected,output,,N92029,N92029,1,undetected,N92029,N92029,N92029,sa1,1
35597,N83943 /1 undetected,output,,N83943,N83943,1,undetected,N83943,N83943,N83943,sa1,1
35598,N13856 /1 undetected,output,,N13856,N13856,1,undetected,N13856,N13856,N13856,sa1,1
35599,N13856 /0 undetected,output,,N13856,N13856,0,undetected,N13856,N13856,N13856,sa0,1
35600,N94159 /1 undetected,output,,N94159,N94159,1,undetected,N94159,N94159,N94159,sa1,1
35601,N86344 /1 undetected,output,,N86344,N86344,1,undetected,N86344,N86344,N86344,sa1,1
35602,N13379 /1 undetected,output,,N13379,N13379,1,undetected,N13379,N13379,N13379,sa1,1
35603,N13379 /0 undetected,output,,N13379,N13379,0,undetected,N13379,N13379,N13379,sa0,1
35604,N93291 /1 undetected,output,,N93291,N93291,1,undetected,N93291,N93291,N93291,sa1,1
35605,N92184 /1 undetected,output,,N92184,N92184,1,undetected,N92184,N92184,N92184,sa1,1
35606,N13202 /1 undetected,output,,N13202,N13202,1,undetected,N13202,N13202,N13202,sa1,1
35607,N13202 /0 undetected,output,,N13202,N13202,0,undetected,N13202,N13202,N13202,sa0,1
35608,N96933 /1 undetected,output,,N96933,N96933,1,undetected,N96933,N96933,N96933,sa1,1
35609,N76427 /1 undetected,output,,N76427,N76427,1,undetected,N76427,N76427,N76427,sa1,1
35610,N13115 /1 undetected,output,,N13115,N13115,1,undetected,N13115,N13115,N13115,sa1,1
35611,N13115 /0 undetected,output,,N13115,N13115,0,undetected,N13115,N13115,N13115,sa0,1
35612,N12452 /1 undetected,output,,N12452,N12452,1,undetected,N12452,N12452,N12452,sa1,1
35613,N12452 /0 undetected,output,,N12452,N12452,0,undetected,N12452,N12452,N12452,sa0,1
35614,N12404 /0 undetected,output,,N12404,N12404,0,undetected,N12404,N12404,N12404,sa0,1
35615,N92525 /1 undetected,output,,N92525,N92525,1,undetected,N92525,N92525,N92525,sa1,1
35616,N12396 /0 undetected,output,,N12396,N12396,0,undetected,N12396,N12396,N12396,sa0,1
35617,N91730 /1 undetected,output,,N91730,N91730,1,undetected,N91730,N91730,N91730,sa1,1
35618,N12327 /1 undetected,output,,N12327,N12327,1,undetected,N12327,N12327,N12327,sa1,1
35619,N12327 /0 undetected,output,,N12327,N12327,0,undetected,N12327,N12327,N12327,sa0,1
35620,N100367 /1 undetected,output,,N100367,N100367,1,undetected,N100367,N100367,N100367,sa1,1
35621,N12326 /1 undetected,output,,N12326,N12326,1,undetected,N12326,N12326,N12326,sa1,1
35622,N92007 /1 undetected,output,,N92007,N92007,1,undetected,N92007,N92007,N92007,sa1,1
35623,N91923 /1 undetected,output,,N91923,N91923,1,undetected,N91923,N91923,N91923,sa1,1
35624,N12323 /1 undetected,output,,N12323,N12323,1,undetected,N12323,N12323,N12323,sa1,1
35625,N12323 /0 undetected,output,,N12323,N12323,0,undetected,N12323,N12323,N12323,sa0,1
35626,N100357 /1 undetected,output,,N100357,N100357,1,undetected,N100357,N100357,N100357,sa1,1
35627,N12322 /1 undetected,output,,N12322,N12322,1,undetected,N12322,N12322,N12322,sa1,1
35628,N100361 /1 undetected,output,,N100361,N100361,1,undetected,N100361,N100361,N100361,sa1,1
35629,N12321 /1 undetected,output,,N12321,N12321,1,undetected,N12321,N12321,N12321,sa1,1
35630,N83987 /1 undetected,output,,N83987,N83987,1,undetected,N83987,N83987,N83987,sa1,1
35631,N83981 /1 undetected,output,,N83981,N83981,1,undetected,N83981,N83981,N83981,sa1,1
35632,N11597 /1 undetected,output,,N11597,N11597,1,undetected,N11597,N11597,N11597,sa1,1
35633,N11583 /1 undetected,output,,N11583,N11583,1,undetected,N11583,N11583,N11583,sa1,1
35634,N11583 /0 undetected,output,,N11583,N11583,0,undetected,N11583,N11583,N11583,sa0,1
35635,N11570 /1 undetected,output,,N11570,N11570,1,undetected,N11570,N11570,N11570,sa1,1
35636,N11570 /0 undetected,output,,N11570,N11570,0,undetected,N11570,N11570,N11570,sa0,1
35637,N11546 /1 undetected,output,,N11546,N11546,1,undetected,N11546,N11546,N11546,sa1,1
35638,N11546 /0 undetected,output,,N11546,N11546,0,undetected,N11546,N11546,N11546,sa0,1
35639,N94096 /1 undetected,output,,N94096,N94096,1,undetected,N94096,N94096,N94096,sa1,1
35640,N91372 /1 undetected,output,,N91372,N91372,1,undetected,N91372,N91372,N91372,sa1,1
35641,N11433 /1 undetected,output,,N11433,N11433,1,undetected,N11433,N11433,N11433,sa1,1
35642,N11433 /0 undetected,output,,N11433,N11433,0,undetected,N11433,N11433,N11433,sa0,1
35643,N92049 /1 undetected,output,,N92049,N92049,1,undetected,N92049,N92049,N92049,sa1,1
35644,N11432 /1 undetected,output,,N11432,N11432,1,undetected,N11432,N11432,N11432,sa1,1
35645,N92013 /1 undetected,output,,N92013,N92013,1,undetected,N92013,N92013,N92013,sa1,1
35646,N83904 /1 undetected,output,,N83904,N83904,1,undetected,N83904,N83904,N83904,sa1,1
35647,N91597 /1 undetected,output,,N91597,N91597,1,undetected,N91597,N91597,N91597,sa1,1
35648,N99226 /1 undetected,output,,N99226,N99226,1,undetected,N99226,N99226,N99226,sa1,1
35649,N9071 /1 undetected,output,,N9071,N9071,1,undetected,N9071,N9071,N9071,sa1,1
35650,N8963 /0 undetected,output,,N8963,N8963,0,undetected,N8963,N8963,N8963,sa0,1
35651,N94621 /1 undetected,output,,N94621,N94621,1,undetected,N94621,N94621,N94621,sa1,1
35652,N86623 /1 undetected,output,,N86623,N86623,1,undetected,N86623,N86623,N86623,sa1,1
35653,N8873 /1 undetected,output,,N8873,N8873,1,undetected,N8873,N8873,N8873,sa1,1
35654,N8873 /0 undetected,output,,N8873,N8873,0,undetected,N8873,N8873,N8873,sa0,1
35655,N93360 /1 undetected,output,,N93360,N93360,1,undetected,N93360,N93360,N93360,sa1,1
35656,N75708 /1 undetected,output,,N75708,N75708,1,undetected,N75708,N75708,N75708,sa1,1
35657,N8625 /1 undetected,output,,N8625,N8625,1,undetected,N8625,N8625,N8625,sa1,1
35658,N8583 /1 undetected,output,,N8583,N8583,1,undetected,N8583,N8583,N8583,sa1,1
35659,N8583 /0 undetected,output,,N8583,N8583,0,undetected,N8583,N8583,N8583,sa0,1
35660,N94156 /1 undetected,output,,N94156,N94156,1,undetected,N94156,N94156,N94156,sa1,1
35661,N75487 /1 undetected,output,,N75487,N75487,1,undetected,N75487,N75487,N75487,sa1,1
35662,N8582 /1 undetected,output,,N8582,N8582,1,undetected,N8582,N8582,N8582,sa1,1
35663,N8577 /1 undetected,output,,N8577,N8577,1,undetected,N8577,N8577,N8577,sa1,1
35664,N8577 /0 undetected,output,,N8577,N8577,0,undetected,N8577,N8577,N8577,sa0,1
35665,N94535 /1 undetected,output,,N94535,N94535,1,undetected,N94535,N94535,N94535,sa1,1
35666,N85412 /1 undetected,output,,N85412,N85412,1,undetected,N85412,N85412,N85412,sa1,1
35667,N91558 /1 undetected,output,,N91558,N91558,1,undetected,N91558,N91558,N91558,sa1,1
35668,N3181 /1 undetected,output,,N3181,N3181,1,undetected,N3181,N3181,N3181,sa1,1
35669,N3181 /0 undetected,output,,N3181,N3181,0,undetected,N3181,N3181,N3181,sa0,1
35670,N96141 /1 undetected,output,,N96141,N96141,1,undetected,N96141,N96141,N96141,sa1,1
35671,N92885 /1 undetected,output,,N92885,N92885,1,undetected,N92885,N92885,N92885,sa1,1
35672,N2896 /1 undetected,output,,N2896,N2896,1,undetected,N2896,N2896,N2896,sa1,1
35673,N2896 /0 undetected,output,,N2896,N2896,0,undetected,N2896,N2896,N2896,sa0,1
35674,N95297 /1 undetected,output,,N95297,N95297,1,undetected,N95297,N95297,N95297,sa1,1
35675,N94796 /1 undetected,output,,N94796,N94796,1,undetected,N94796,N94796,N94796,sa1,1
35676,N2879 /1 undetected,output,,N2879,N2879,1,undetected,N2879,N2879,N2879,sa1,1
35677,N2879 /0 undetected,output,,N2879,N2879,0,undetected,N2879,N2879,N2879,sa0,1
35678,N92181 /1 undetected,output,,N92181,N92181,1,undetected,N92181,N92181,N92181,sa1,1
35679,N92110 /1 undetected,output,,N92110,N92110,1,undetected,N92110,N92110,N92110,sa1,1
35680,N2874 /1 undetected,output,,N2874,N2874,1,undetected,N2874,N2874,N2874,sa1,1
35681,N2874 /0 undetected,output,,N2874,N2874,0,undetected,N2874,N2874,N2874,sa0,1
35682,N92180 /1 undetected,output,,N92180,N92180,1,undetected,N92180,N92180,N92180,sa1,1
35683,N75271 /1 undetected,output,,N75271,N75271,1,undetected,N75271,N75271,N75271,sa1,1
35684,N2838 /1 undetected,output,,N2838,N2838,1,undetected,N2838,N2838,N2838,sa1,1
35685,N2838 /0 undetected,output,,N2838,N2838,0,undetected,N2838,N2838,N2838,sa0,1
35686,N92065 /1 undetected,output,,N92065,N92065,1,undetected,N92065,N92065,N92065,sa1,1
35687,N2837 /1 undetected,output,,N2837,N2837,1,undetected,N2837,N2837,N2837,sa1,1
35688,N92078 /1 undetected,output,,N92078,N92078,1,undetected,N92078,N92078,N92078,sa1,1
35689,N92055 /1 undetected,output,,N92055,N92055,1,undetected,N92055,N92055,N92055,sa1,1
35690,N2818 /1 undetected,output,,N2818,N2818,1,undetected,N2818,N2818,N2818,sa1,1
35691,N2818 /0 undetected,output,,N2818,N2818,0,undetected,N2818,N2818,N2818,sa0,1
35692,N2805 /1 undetected,output,,N2805,N2805,1,undetected,N2805,N2805,N2805,sa1,1
35693,N2735 /0 undetected,output,,N2735,N2735,0,undetected,N2735,N2735,N2735,sa0,1
35694,N2643 /1 undetected,output,,N2643,N2643,1,undetected,N2643,N2643,N2643,sa1,1
35695,N2639 /1 undetected,output,,N2639,N2639,1,undetected,N2639,N2639,N2639,sa1,1
35696,N2605 /1 undetected,output,,N2605,N2605,1,undetected,N2605,N2605,N2605,sa1,1
35697,N2605 /0 undetected,output,,N2605,N2605,0,undetected,N2605,N2605,N2605,sa0,1
35698,N94260 /1 undetected,output,,N94260,N94260,1,undetected,N94260,N94260,N94260,sa1,1
35699,N94094 /1 undetected,output,,N94094,N94094,1,undetected,N94094,N94094,N94094,sa1,1
35700,N2596 /0 undetected,output,,N2596,N2596,0,undetected,N2596,N2596,N2596,sa0,1
35701,N75189 /1 undetected,output,,N75189,N75189,1,undetected,N75189,N75189,N75189,sa1,1
35702,N2593 /1 undetected,output,,N2593,N2593,1,undetected,N2593,N2593,N2593,sa1,1
35703,N2593 /0 undetected,output,,N2593,N2593,0,undetected,N2593,N2593,N2593,sa0,1
35704,N2589 /1 undetected,output,,N2589,N2589,1,undetected,N2589,N2589,N2589,sa1,1
35705,N2585 /1 undetected,output,,N2585,N2585,1,undetected,N2585,N2585,N2585,sa1,1
35706,N2531 /1 undetected,output,,N2531,N2531,1,undetected,N2531,N2531,N2531,sa1,1
35707,N2531 /0 undetected,output,,N2531,N2531,0,undetected,N2531,N2531,N2531,sa0,1
35708,N2521 /1 undetected,output,,N2521,N2521,1,undetected,N2521,N2521,N2521,sa1,1
35709,N2521 /0 undetected,output,,N2521,N2521,0,undetected,N2521,N2521,N2521,sa0,1
35710,N2392 /1 undetected,output,,N2392,N2392,1,undetected,N2392,N2392,N2392,sa1,1
35711,N2392 /0 undetected,output,,N2392,N2392,0,undetected,N2392,N2392,N2392,sa0,1
35712,N93183 /1 undetected,output,,N93183,N93183,1,undetected,N93183,N93183,N93183,sa1,1
35713,N93081 /1 undetected,output,,N93081,N93081,1,undetected,N93081,N93081,N93081,sa1,1
35714,N2208 /1 undetected,output,,N2208,N2208,1,undetected,N2208,N2208,N2208,sa1,1
35715,N2208 /0 undetected,output,,N2208,N2208,0,undetected,N2208,N2208,N2208,sa0,1
35716,N92967 /1 undetected,output,,N92967,N92967,1,undetected,N92967,N92967,N92967,sa1,1
35717,N92217 /1 undetected,output,,N92217,N92217,1,undetected,N92217,N92217,N92217,sa1,1
35718,N2207 /1 undetected,output,,N2207,N2207,1,undetected,N2207,N2207,N2207,sa1,1
35719,N2207 /0 undetected,output,,N2207,N2207,0,undetected,N2207,N2207,N2207,sa0,1
35720,N92966 /1 undetected,output,,N92966,N92966,1,undetected,N92966,N92966,N92966,sa1,1
35721,N84142 /1 undetected,output,,N84142,N84142,1,undetected,N84142,N84142,N84142,sa1,1
35722,N2201 /1 undetected,output,,N2201,N2201,1,undetected,N2201,N2201,N2201,sa1,1
35723,N2201 /0 undetected,output,,N2201,N2201,0,undetected,N2201,N2201,N2201,sa0,1
35724,N92936 /1 undetected,output,,N92936,N92936,1,undetected,N92936,N92936,N92936,sa1,1
35725,N92924 /1 undetected,output,,N92924,N92924,1,undetected,N92924,N92924,N92924,sa1,1
35726,N2194 /1 undetected,output,,N2194,N2194,1,undetected,N2194,N2194,N2194,sa1,1
35727,N2194 /0 undetected,output,,N2194,N2194,0,undetected,N2194,N2194,N2194,sa0,1
35728,N92059 /1 undetected,output,,N92059,N92059,1,undetected,N92059,N92059,N92059,sa1,1
35729,N84107 /1 undetected,output,,N84107,N84107,1,undetected,N84107,N84107,N84107,sa1,1
35730,N2184 /1 undetected,output,,N2184,N2184,1,undetected,N2184,N2184,N2184,sa1,1
35731,N2184 /0 undetected,output,,N2184,N2184,0,undetected,N2184,N2184,N2184,sa0,1
35732,N92883 /1 undetected,output,,N92883,N92883,1,undetected,N92883,N92883,N92883,sa1,1
35733,N92163 /1 undetected,output,,N92163,N92163,1,undetected,N92163,N92163,N92163,sa1,1
35734,N2182 /1 undetected,output,,N2182,N2182,1,undetected,N2182,N2182,N2182,sa1,1
35735,N2182 /0 undetected,output,,N2182,N2182,0,undetected,N2182,N2182,N2182,sa0,1
35736,N92882 /1 undetected,output,,N92882,N92882,1,undetected,N92882,N92882,N92882,sa1,1
35737,N92153 /1 undetected,output,,N92153,N92153,1,undetected,N92153,N92153,N92153,sa1,1
35738,N2177 /1 undetected,output,,N2177,N2177,1,undetected,N2177,N2177,N2177,sa1,1
35739,N2177 /0 undetected,output,,N2177,N2177,0,undetected,N2177,N2177,N2177,sa0,1
35740,N92870 /1 undetected,output,,N92870,N92870,1,undetected,N92870,N92870,N92870,sa1,1
35741,N84200 /1 undetected,output,,N84200,N84200,1,undetected,N84200,N84200,N84200,sa1,1
35742,N2140 /1 undetected,output,,N2140,N2140,1,undetected,N2140,N2140,N2140,sa1,1
35743,N92520 /1 undetected,output,,N92520,N92520,1,undetected,N92520,N92520,N92520,sa1,1
35744,N91641 /1 undetected,output,,N91641,N91641,1,undetected,N91641,N91641,N91641,sa1,1
35745,N2139 /1 undetected,output,,N2139,N2139,1,undetected,N2139,N2139,N2139,sa1,1
35746,N92675 /1 undetected,output,,N92675,N92675,1,undetected,N92675,N92675,N92675,sa1,1
35747,N91640 /1 undetected,output,,N91640,N91640,1,undetected,N91640,N91640,N91640,sa1,1
35748,N2138 /1 undetected,output,,N2138,N2138,1,undetected,N2138,N2138,N2138,sa1,1
35749,N2135 /0 undetected,output,,N2135,N2135,0,undetected,N2135,N2135,N2135,sa0,1
35750,N2133 /0 undetected,output,,N2133,N2133,0,undetected,N2133,N2133,N2133,sa0,1
35751,N2132 /1 undetected,output,,N2132,N2132,1,undetected,N2132,N2132,N2132,sa1,1
35752,N2125 /1 undetected,output,,N2125,N2125,1,undetected,N2125,N2125,N2125,sa1,1
35753,N2110 /1 undetected,output,,N2110,N2110,1,undetected,N2110,N2110,N2110,sa1,1
35754,N2110 /0 undetected,output,,N2110,N2110,0,undetected,N2110,N2110,N2110,sa0,1
35755,N92216 /1 undetected,output,,N92216,N92216,1,undetected,N92216,N92216,N92216,sa1,1
35756,N92195 /1 undetected,output,,N92195,N92195,1,undetected,N92195,N92195,N92195,sa1,1
35757,N2106 /1 undetected,output,,N2106,N2106,1,undetected,N2106,N2106,N2106,sa1,1
35758,N2106 /0 undetected,output,,N2106,N2106,0,undetected,N2106,N2106,N2106,sa0,1
35759,N92194 /1 undetected,output,,N92194,N92194,1,undetected,N92194,N92194,N92194,sa1,1
35760,N84139 /1 undetected,output,,N84139,N84139,1,undetected,N84139,N84139,N84139,sa1,1
35761,N2075 /1 undetected,output,,N2075,N2075,1,undetected,N2075,N2075,N2075,sa1,1
35762,N2075 /0 undetected,output,,N2075,N2075,0,undetected,N2075,N2075,N2075,sa0,1
35763,N92064 /1 undetected,output,,N92064,N92064,1,undetected,N92064,N92064,N92064,sa1,1
35764,N92058 /1 undetected,output,,N92058,N92058,1,undetected,N92058,N92058,N92058,sa1,1
35765,N2067 /1 undetected,output,,N2067,N2067,1,undetected,N2067,N2067,N2067,sa1,1
35766,N2067 /0 undetected,output,,N2067,N2067,0,undetected,N2067,N2067,N2067,sa0,1
35767,N92028 /1 undetected,output,,N92028,N92028,1,undetected,N92028,N92028,N92028,sa1,1
35768,N92019 /1 undetected,output,,N92019,N92019,1,undetected,N92019,N92019,N92019,sa1,1
35769,N2064 /1 undetected,output,,N2064,N2064,1,undetected,N2064,N2064,N2064,sa1,1
35770,N2064 /0 undetected,output,,N2064,N2064,0,undetected,N2064,N2064,N2064,sa0,1
35771,N92018 /1 undetected,output,,N92018,N92018,1,undetected,N92018,N92018,N92018,sa1,1
35772,N83922 /1 undetected,output,,N83922,N83922,1,undetected,N83922,N83922,N83922,sa1,1
35773,N2045 /1 undetected,output,,N2045,N2045,1,undetected,N2045,N2045,N2045,sa1,1
35774,N2045 /0 undetected,output,,N2045,N2045,0,undetected,N2045,N2045,N2045,sa0,1
35775,N91966 /1 undetected,output,,N91966,N91966,1,undetected,N91966,N91966,N91966,sa1,1
35776,N91963 /1 undetected,output,,N91963,N91963,1,undetected,N91963,N91963,N91963,sa1,1
35777,N2027 /1 undetected,output,,N2027,N2027,1,undetected,N2027,N2027,N2027,sa1,1
35778,N91927 /1 undetected,output,,N91927,N91927,1,undetected,N91927,N91927,N91927,sa1,1
35779,N83991 /1 undetected,output,,N83991,N83991,1,undetected,N83991,N83991,N83991,sa1,1
35780,N2019 /0 undetected,output,,N2019,N2019,0,undetected,N2019,N2019,N2019,sa0,1
35781,N2012 /1 undetected,output,,N2012,N2012,1,undetected,N2012,N2012,N2012,sa1,1
35782,N11355 /1 undetected,output,,N11355,N11355,1,undetected,N11355,N11355,N11355,sa1,1
35783,N11354 /1 undetected,output,,N11354,N11354,1,undetected,N11354,N11354,N11354,sa1,1
35784,N87416 /1 undetected,output,,N87416,N87416,1,undetected,N87416,N87416,N87416,sa1,1
35785,N87414 /1 undetected,output,,N87414,N87414,1,undetected,N87414,N87414,N87414,sa1,1
35786,N11346 /1 undetected,output,,N11346,N11346,1,undetected,N11346,N11346,N11346,sa1,1
35787,N78467 /1 undetected,output,,N78467,N78467,1,undetected,N78467,N78467,N78467,sa1,1
35788,N78462 /1 undetected,output,,N78462,N78462,1,undetected,N78462,N78462,N78462,sa1,1
35789,N11339 /1 undetected,output,,N11339,N11339,1,undetected,N11339,N11339,N11339,sa1,1
35790,N11334 /1 undetected,output,,N11334,N11334,1,undetected,N11334,N11334,N11334,sa1,1
35791,N87409 /1 undetected,output,,N87409,N87409,1,undetected,N87409,N87409,N87409,sa1,1
35792,N78457 /1 undetected,output,,N78457,N78457,1,undetected,N78457,N78457,N78457,sa1,1
35793,N11332 /1 undetected,output,,N11332,N11332,1,undetected,N11332,N11332,N11332,sa1,1
35794,N87411 /1 undetected,output,,N87411,N87411,1,undetected,N87411,N87411,N87411,sa1,1
35795,N78452 /1 undetected,output,,N78452,N78452,1,undetected,N78452,N78452,N78452,sa1,1
35796,N11352 /1 undetected,output,,N11352,N11352,1,undetected,N11352,N11352,N11352,sa1,1
35797,N11349 /1 undetected,output,,N11349,N11349,1,undetected,N11349,N11349,N11349,sa1,1
35798,N11344 /1 undetected,output,,N11344,N11344,1,undetected,N11344,N11344,N11344,sa1,1
35799,N87413 /1 undetected,output,,N87413,N87413,1,undetected,N87413,N87413,N87413,sa1,1
35800,N78466 /1 undetected,output,,N78466,N78466,1,undetected,N78466,N78466,N78466,sa1,1
35801,N11342 /1 undetected,output,,N11342,N11342,1,undetected,N11342,N11342,N11342,sa1,1
35802,N87415 /1 undetected,output,,N87415,N87415,1,undetected,N87415,N87415,N87415,sa1,1
35803,N78461 /1 undetected,output,,N78461,N78461,1,undetected,N78461,N78461,N78461,sa1,1
35804,N11338 /1 undetected,output,,N11338,N11338,1,undetected,N11338,N11338,N11338,sa1,1
35805,N87412 /1 undetected,output,,N87412,N87412,1,undetected,N87412,N87412,N87412,sa1,1
35806,N87410 /1 undetected,output,,N87410,N87410,1,undetected,N87410,N87410,N87410,sa1,1
35807,N78458 /1 undetected,output,,N78458,N78458,1,undetected,N78458,N78458,N78458,sa1,1
35808,N78453 /1 undetected,output,,N78453,N78453,1,undetected,N78453,N78453,N78453,sa1,1
35809,N11311 /1 undetected,output,,N11311,N11311,1,undetected,N11311,N11311,N11311,sa1,1
35810,N11311 /0 undetected,output,,N11311,N11311,0,undetected,N11311,N11311,N11311,sa0,1
35811,N11310 /1 undetected,output,,N11310,N11310,1,undetected,N11310,N11310,N11310,sa1,1
35812,N11306 /1 undetected,output,,N11306,N11306,1,undetected,N11306,N11306,N11306,sa1,1
35813,N11304 /1 undetected,output,,N11304,N11304,1,undetected,N11304,N11304,N11304,sa1,1
35814,N87448 /1 undetected,output,,N87448,N87448,1,undetected,N87448,N87448,N87448,sa1,1
35815,N87446 /1 undetected,output,,N87446,N87446,1,undetected,N87446,N87446,N87446,sa1,1
35816,N11302 /1 undetected,output,,N11302,N11302,1,undetected,N11302,N11302,N11302,sa1,1
35817,N78557 /1 undetected,output,,N78557,N78557,1,undetected,N78557,N78557,N78557,sa1,1
35818,N78552 /1 undetected,output,,N78552,N78552,1,undetected,N78552,N78552,N78552,sa1,1
35819,N11295 /1 undetected,output,,N11295,N11295,1,undetected,N11295,N11295,N11295,sa1,1
35820,N11290 /1 undetected,output,,N11290,N11290,1,undetected,N11290,N11290,N11290,sa1,1
35821,N87437 /1 undetected,output,,N87437,N87437,1,undetected,N87437,N87437,N87437,sa1,1
35822,N78536 /1 undetected,output,,N78536,N78536,1,undetected,N78536,N78536,N78536,sa1,1
35823,N11288 /1 undetected,output,,N11288,N11288,1,undetected,N11288,N11288,N11288,sa1,1
35824,N87439 /1 undetected,output,,N87439,N87439,1,undetected,N87439,N87439,N87439,sa1,1
35825,N78532 /1 undetected,output,,N78532,N78532,1,undetected,N78532,N78532,N78532,sa1,1
35826,N11308 /1 undetected,output,,N11308,N11308,1,undetected,N11308,N11308,N11308,sa1,1
35827,N11305 /1 undetected,output,,N11305,N11305,1,undetected,N11305,N11305,N11305,sa1,1
35828,N11300 /1 undetected,output,,N11300,N11300,1,undetected,N11300,N11300,N11300,sa1,1
35829,N87445 /1 undetected,output,,N87445,N87445,1,undetected,N87445,N87445,N87445,sa1,1
35830,N78556 /1 undetected,output,,N78556,N78556,1,undetected,N78556,N78556,N78556,sa1,1
35831,N11298 /1 undetected,output,,N11298,N11298,1,undetected,N11298,N11298,N11298,sa1,1
35832,N87447 /1 undetected,output,,N87447,N87447,1,undetected,N87447,N87447,N87447,sa1,1
35833,N78551 /1 undetected,output,,N78551,N78551,1,undetected,N78551,N78551,N78551,sa1,1
35834,N11296 /1 undetected,output,,N11296,N11296,1,undetected,N11296,N11296,N11296,sa1,1
35835,N11294 /1 undetected,output,,N11294,N11294,1,undetected,N11294,N11294,N11294,sa1,1
35836,N78537 /1 undetected,output,,N78537,N78537,1,undetected,N78537,N78537,N78537,sa1,1
35837,N78533 /1 undetected,output,,N78533,N78533,1,undetected,N78533,N78533,N78533,sa1,1
35838,N11292 /1 undetected,output,,N11292,N11292,1,undetected,N11292,N11292,N11292,sa1,1
35839,N87440 /1 undetected,output,,N87440,N87440,1,undetected,N87440,N87440,N87440,sa1,1
35840,N87438 /1 undetected,output,,N87438,N87438,1,undetected,N87438,N87438,N87438,sa1,1
35841,N11202 /1 undetected,output,,N11202,N11202,1,undetected,N11202,N11202,N11202,sa1,1
35842,N11202 /0 undetected,output,,N11202,N11202,0,undetected,N11202,N11202,N11202,sa0,1
35843,N11201 /1 undetected,output,,N11201,N11201,1,undetected,N11201,N11201,N11201,sa1,1
35844,N11197 /1 undetected,output,,N11197,N11197,1,undetected,N11197,N11197,N11197,sa1,1
35845,N11195 /1 undetected,output,,N11195,N11195,1,undetected,N11195,N11195,N11195,sa1,1
35846,N87420 /1 undetected,output,,N87420,N87420,1,undetected,N87420,N87420,N87420,sa1,1
35847,N87418 /1 undetected,output,,N87418,N87418,1,undetected,N87418,N87418,N87418,sa1,1
35848,N11193 /1 undetected,output,,N11193,N11193,1,undetected,N11193,N11193,N11193,sa1,1
35849,N78481 /1 undetected,output,,N78481,N78481,1,undetected,N78481,N78481,N78481,sa1,1
35850,N78476 /1 undetected,output,,N78476,N78476,1,undetected,N78476,N78476,N78476,sa1,1
35851,N1443 /1 undetected,output,,N1443,N1443,1,undetected,N1443,N1443,N1443,sa1,1
35852,N11199 /1 undetected,output,,N11199,N11199,1,undetected,N11199,N11199,N11199,sa1,1
35853,N78485 /1 undetected,output,,N78485,N78485,1,undetected,N78485,N78485,N78485,sa1,1
35854,N11196 /1 undetected,output,,N11196,N11196,1,undetected,N11196,N11196,N11196,sa1,1
35855,N11191 /1 undetected,output,,N11191,N11191,1,undetected,N11191,N11191,N11191,sa1,1
35856,N87417 /1 undetected,output,,N87417,N87417,1,undetected,N87417,N87417,N87417,sa1,1
35857,N78480 /1 undetected,output,,N78480,N78480,1,undetected,N78480,N78480,N78480,sa1,1
35858,N11189 /1 undetected,output,,N11189,N11189,1,undetected,N11189,N11189,N11189,sa1,1
35859,N87419 /1 undetected,output,,N87419,N87419,1,undetected,N87419,N87419,N87419,sa1,1
35860,N78475 /1 undetected,output,,N78475,N78475,1,undetected,N78475,N78475,N78475,sa1,1
35861,N11163 /1 undetected,output,,N11163,N11163,1,undetected,N11163,N11163,N11163,sa1,1
35862,N11162 /1 undetected,output,,N11162,N11162,1,undetected,N11162,N11162,N11162,sa1,1
35863,N87458 /1 undetected,output,,N87458,N87458,1,undetected,N87458,N87458,N87458,sa1,1
35864,N87456 /1 undetected,output,,N87456,N87456,1,undetected,N87456,N87456,N87456,sa1,1
35865,N11154 /1 undetected,output,,N11154,N11154,1,undetected,N11154,N11154,N11154,sa1,1
35866,N78582 /1 undetected,output,,N78582,N78582,1,undetected,N78582,N78582,N78582,sa1,1
35867,N78577 /1 undetected,output,,N78577,N78577,1,undetected,N78577,N78577,N78577,sa1,1
35868,N11147 /1 undetected,output,,N11147,N11147,1,undetected,N11147,N11147,N11147,sa1,1
35869,N11142 /1 undetected,output,,N11142,N11142,1,undetected,N11142,N11142,N11142,sa1,1
35870,N78591 /1 undetected,output,,N78591,N78591,1,undetected,N78591,N78591,N78591,sa1,1
35871,N78586 /1 undetected,output,,N78586,N78586,1,undetected,N78586,N78586,N78586,sa1,1
35872,N11140 /1 undetected,output,,N11140,N11140,1,undetected,N11140,N11140,N11140,sa1,1
35873,N87461 /1 undetected,output,,N87461,N87461,1,undetected,N87461,N87461,N87461,sa1,1
35874,N87459 /1 undetected,output,,N87459,N87459,1,undetected,N87459,N87459,N87459,sa1,1
35875,N11160 /1 undetected,output,,N11160,N11160,1,undetected,N11160,N11160,N11160,sa1,1
35876,N11157 /1 undetected,output,,N11157,N11157,1,undetected,N11157,N11157,N11157,sa1,1
35877,N11152 /1 undetected,output,,N11152,N11152,1,undetected,N11152,N11152,N11152,sa1,1
35878,N87455 /1 undetected,output,,N87455,N87455,1,undetected,N87455,N87455,N87455,sa1,1
35879,N78581 /1 undetected,output,,N78581,N78581,1,undetected,N78581,N78581,N78581,sa1,1
35880,N11150 /1 undetected,output,,N11150,N11150,1,undetected,N11150,N11150,N11150,sa1,1
35881,N87457 /1 undetected,output,,N87457,N87457,1,undetected,N87457,N87457,N87457,sa1,1
35882,N78576 /1 undetected,output,,N78576,N78576,1,undetected,N78576,N78576,N78576,sa1,1
35883,N87460 /1 undetected,output,,N87460,N87460,1,undetected,N87460,N87460,N87460,sa1,1
35884,N78592 /1 undetected,output,,N78592,N78592,1,undetected,N78592,N78592,N78592,sa1,1
35885,N11144 /1 undetected,output,,N11144,N11144,1,undetected,N11144,N11144,N11144,sa1,1
35886,N87462 /1 undetected,output,,N87462,N87462,1,undetected,N87462,N87462,N87462,sa1,1
35887,N78587 /1 undetected,output,,N78587,N78587,1,undetected,N78587,N78587,N78587,sa1,1
35888,N10913 /1 undetected,output,,N10913,N10913,1,undetected,N10913,N10913,N10913,sa1,1
35889,N10909 /1 undetected,output,,N10909,N10909,1,undetected,N10909,N10909,N10909,sa1,1
35890,N10907 /1 undetected,output,,N10907,N10907,1,undetected,N10907,N10907,N10907,sa1,1
35891,N87338 /1 undetected,output,,N87338,N87338,1,undetected,N87338,N87338,N87338,sa1,1
35892,N87336 /1 undetected,output,,N87336,N87336,1,undetected,N87336,N87336,N87336,sa1,1
35893,N10905 /1 undetected,output,,N10905,N10905,1,undetected,N10905,N10905,N10905,sa1,1
35894,N78239 /1 undetected,output,,N78239,N78239,1,undetected,N78239,N78239,N78239,sa1,1
35895,N78234 /1 undetected,output,,N78234,N78234,1,undetected,N78234,N78234,N78234,sa1,1
35896,N78243 /1 undetected,output,,N78243,N78243,1,undetected,N78243,N78243,N78243,sa1,1
35897,N10903 /1 undetected,output,,N10903,N10903,1,undetected,N10903,N10903,N10903,sa1,1
35898,N87335 /1 undetected,output,,N87335,N87335,1,undetected,N87335,N87335,N87335,sa1,1
35899,N87337 /1 undetected,output,,N87337,N87337,1,undetected,N87337,N87337,N87337,sa1,1
35900,N10852 /1 undetected,output,,N10852,N10852,1,undetected,N10852,N10852,N10852,sa1,1
35901,N10852 /0 undetected,output,,N10852,N10852,0,undetected,N10852,N10852,N10852,sa0,1
35902,N10851 /1 undetected,output,,N10851,N10851,1,undetected,N10851,N10851,N10851,sa1,1
35903,N10847 /1 undetected,output,,N10847,N10847,1,undetected,N10847,N10847,N10847,sa1,1
35904,N10845 /1 undetected,output,,N10845,N10845,1,undetected,N10845,N10845,N10845,sa1,1
35905,N87344 /1 undetected,output,,N87344,N87344,1,undetected,N87344,N87344,N87344,sa1,1
35906,N87302 /1 undetected,output,,N87302,N87302,1,undetected,N87302,N87302,N87302,sa1,1
35907,N10843 /1 undetected,output,,N10843,N10843,1,undetected,N10843,N10843,N10843,sa1,1
35908,N78277 /1 undetected,output,,N78277,N78277,1,undetected,N78277,N78277,N78277,sa1,1
35909,N78124 /1 undetected,output,,N78124,N78124,1,undetected,N78124,N78124,N78124,sa1,1
35910,N1398 /1 undetected,output,,N1398,N1398,1,undetected,N1398,N1398,N1398,sa1,1
35911,N10849 /1 undetected,output,,N10849,N10849,1,undetected,N10849,N10849,N10849,sa1,1
35912,N78280 /1 undetected,output,,N78280,N78280,1,undetected,N78280,N78280,N78280,sa1,1
35913,N10846 /1 undetected,output,,N10846,N10846,1,undetected,N10846,N10846,N10846,sa1,1
35914,N10841 /1 undetected,output,,N10841,N10841,1,undetected,N10841,N10841,N10841,sa1,1
35915,N87301 /1 undetected,output,,N87301,N87301,1,undetected,N87301,N87301,N87301,sa1,1
35916,N78276 /1 undetected,output,,N78276,N78276,1,undetected,N78276,N78276,N78276,sa1,1
35917,N10839 /1 undetected,output,,N10839,N10839,1,undetected,N10839,N10839,N10839,sa1,1
35918,N87343 /1 undetected,output,,N87343,N87343,1,undetected,N87343,N87343,N87343,sa1,1
35919,N78123 /1 undetected,output,,N78123,N78123,1,undetected,N78123,N78123,N78123,sa1,1
35920,N10694 /1 undetected,output,,N10694,N10694,1,undetected,N10694,N10694,N10694,sa1,1
35921,N10694 /0 undetected,output,,N10694,N10694,0,undetected,N10694,N10694,N10694,sa0,1
35922,N10693 /1 undetected,output,,N10693,N10693,1,undetected,N10693,N10693,N10693,sa1,1
35923,N10689 /1 undetected,output,,N10689,N10689,1,undetected,N10689,N10689,N10689,sa1,1
35924,N10687 /1 undetected,output,,N10687,N10687,1,undetected,N10687,N10687,N10687,sa1,1
35925,N87187 /1 undetected,output,,N87187,N87187,1,undetected,N87187,N87187,N87187,sa1,1
35926,N87185 /1 undetected,output,,N87185,N87185,1,undetected,N87185,N87185,N87185,sa1,1
35927,N10685 /1 undetected,output,,N10685,N10685,1,undetected,N10685,N10685,N10685,sa1,1
35928,N77909 /1 undetected,output,,N77909,N77909,1,undetected,N77909,N77909,N77909,sa1,1
35929,N77904 /1 undetected,output,,N77904,N77904,1,undetected,N77904,N77904,N77904,sa1,1
35930,N1327 /1 undetected,output,,N1327,N1327,1,undetected,N1327,N1327,N1327,sa1,1
35931,N10691 /1 undetected,output,,N10691,N10691,1,undetected,N10691,N10691,N10691,sa1,1
35932,N77913 /1 undetected,output,,N77913,N77913,1,undetected,N77913,N77913,N77913,sa1,1
35933,N10688 /1 undetected,output,,N10688,N10688,1,undetected,N10688,N10688,N10688,sa1,1
35934,N10683 /1 undetected,output,,N10683,N10683,1,undetected,N10683,N10683,N10683,sa1,1
35935,N87184 /1 undetected,output,,N87184,N87184,1,undetected,N87184,N87184,N87184,sa1,1
35936,N77908 /1 undetected,output,,N77908,N77908,1,undetected,N77908,N77908,N77908,sa1,1
35937,N10681 /1 undetected,output,,N10681,N10681,1,undetected,N10681,N10681,N10681,sa1,1
35938,N87186 /1 undetected,output,,N87186,N87186,1,undetected,N87186,N87186,N87186,sa1,1
35939,N77903 /1 undetected,output,,N77903,N77903,1,undetected,N77903,N77903,N77903,sa1,1
35940,N10576 /1 undetected,output,,N10576,N10576,1,undetected,N10576,N10576,N10576,sa1,1
35941,N10575 /1 undetected,output,,N10575,N10575,1,undetected,N10575,N10575,N10575,sa1,1
35942,N87246 /1 undetected,output,,N87246,N87246,1,undetected,N87246,N87246,N87246,sa1,1
35943,N87244 /1 undetected,output,,N87244,N87244,1,undetected,N87244,N87244,N87244,sa1,1
35944,N10567 /1 undetected,output,,N10567,N10567,1,undetected,N10567,N10567,N10567,sa1,1
35945,N78005 /1 undetected,output,,N78005,N78005,1,undetected,N78005,N78005,N78005,sa1,1
35946,N78000 /1 undetected,output,,N78000,N78000,1,undetected,N78000,N78000,N78000,sa1,1
35947,N1340 /1 undetected,output,,N1340,N1340,1,undetected,N1340,N1340,N1340,sa1,1
35948,N10573 /1 undetected,output,,N10573,N10573,1,undetected,N10573,N10573,N10573,sa1,1
35949,N10570 /1 undetected,output,,N10570,N10570,1,undetected,N10570,N10570,N10570,sa1,1
35950,N10565 /1 undetected,output,,N10565,N10565,1,undetected,N10565,N10565,N10565,sa1,1
35951,N87243 /1 undetected,output,,N87243,N87243,1,undetected,N87243,N87243,N87243,sa1,1
35952,N78004 /1 undetected,output,,N78004,N78004,1,undetected,N78004,N78004,N78004,sa1,1
35953,N10563 /1 undetected,output,,N10563,N10563,1,undetected,N10563,N10563,N10563,sa1,1
35954,N87245 /1 undetected,output,,N87245,N87245,1,undetected,N87245,N87245,N87245,sa1,1
35955,N77999 /1 undetected,output,,N77999,N77999,1,undetected,N77999,N77999,N77999,sa1,1
35956,N10479 /1 undetected,output,,N10479,N10479,1,undetected,N10479,N10479,N10479,sa1,1
35957,N10479 /0 undetected,output,,N10479,N10479,0,undetected,N10479,N10479,N10479,sa0,1
35958,N10478 /1 undetected,output,,N10478,N10478,1,undetected,N10478,N10478,N10478,sa1,1
35959,N10474 /1 undetected,output,,N10474,N10474,1,undetected,N10474,N10474,N10474,sa1,1
35960,N10472 /1 undetected,output,,N10472,N10472,1,undetected,N10472,N10472,N10472,sa1,1
35961,N87348 /1 undetected,output,,N87348,N87348,1,undetected,N87348,N87348,N87348,sa1,1
35962,N87346 /1 undetected,output,,N87346,N87346,1,undetected,N87346,N87346,N87346,sa1,1
35963,N10470 /1 undetected,output,,N10470,N10470,1,undetected,N10470,N10470,N10470,sa1,1
35964,N78298 /1 undetected,output,,N78298,N78298,1,undetected,N78298,N78298,N78298,sa1,1
35965,N78293 /1 undetected,output,,N78293,N78293,1,undetected,N78293,N78293,N78293,sa1,1
35966,N1408 /1 undetected,output,,N1408,N1408,1,undetected,N1408,N1408,N1408,sa1,1
35967,N10476 /1 undetected,output,,N10476,N10476,1,undetected,N10476,N10476,N10476,sa1,1
35968,N78325 /1 undetected,output,,N78325,N78325,1,undetected,N78325,N78325,N78325,sa1,1
35969,N10473 /1 undetected,output,,N10473,N10473,1,undetected,N10473,N10473,N10473,sa1,1
35970,N10468 /1 undetected,output,,N10468,N10468,1,undetected,N10468,N10468,N10468,sa1,1
35971,N87345 /1 undetected,output,,N87345,N87345,1,undetected,N87345,N87345,N87345,sa1,1
35972,N78297 /1 undetected,output,,N78297,N78297,1,undetected,N78297,N78297,N78297,sa1,1
35973,N10466 /1 undetected,output,,N10466,N10466,1,undetected,N10466,N10466,N10466,sa1,1
35974,N87347 /1 undetected,output,,N87347,N87347,1,undetected,N87347,N87347,N87347,sa1,1
35975,N78292 /1 undetected,output,,N78292,N78292,1,undetected,N78292,N78292,N78292,sa1,1
35976,N10437 /1 undetected,output,,N10437,N10437,1,undetected,N10437,N10437,N10437,sa1,1
35977,N10436 /1 undetected,output,,N10436,N10436,1,undetected,N10436,N10436,N10436,sa1,1
35978,N10430 /1 undetected,output,,N10430,N10430,1,undetected,N10430,N10430,N10430,sa1,1
35979,N87388 /1 undetected,output,,N87388,N87388,1,undetected,N87388,N87388,N87388,sa1,1
35980,N87386 /1 undetected,output,,N87386,N87386,1,undetected,N87386,N87386,N87386,sa1,1
35981,N78438 /1 undetected,output,,N78438,N78438,1,undetected,N78438,N78438,N78438,sa1,1
35982,N78426 /1 undetected,output,,N78426,N78426,1,undetected,N78426,N78426,N78426,sa1,1
35983,N1434 /1 undetected,output,,N1434,N1434,1,undetected,N1434,N1434,N1434,sa1,1
35984,N10434 /1 undetected,output,,N10434,N10434,1,undetected,N10434,N10434,N10434,sa1,1
35985,N10431 /1 undetected,output,,N10431,N10431,1,undetected,N10431,N10431,N10431,sa1,1
35986,N10426 /1 undetected,output,,N10426,N10426,1,undetected,N10426,N10426,N10426,sa1,1
35987,N87385 /1 undetected,output,,N87385,N87385,1,undetected,N87385,N87385,N87385,sa1,1
35988,N78437 /1 undetected,output,,N78437,N78437,1,undetected,N78437,N78437,N78437,sa1,1
35989,N10424 /1 undetected,output,,N10424,N10424,1,undetected,N10424,N10424,N10424,sa1,1
35990,N87387 /1 undetected,output,,N87387,N87387,1,undetected,N87387,N87387,N87387,sa1,1
35991,N78425 /1 undetected,output,,N78425,N78425,1,undetected,N78425,N78425,N78425,sa1,1
35992,N77661 /1 undetected,output,,N77661,N77661,1,undetected,N77661,N77661,N77661,sa1,1
35993,N53196 /1 undetected,output,,N53196,N53196,1,undetected,N53196,N53196,N53196,sa1,1
35994,N53196 /0 undetected,output,,N53196,N53196,0,undetected,N53196,N53196,N53196,sa0,1
35995,N94350 /1 undetected,output,,N94350,N94350,1,undetected,N94350,N94350,N94350,sa1,1
35996,N75976 /1 undetected,output,,N75976,N75976,1,undetected,N75976,N75976,N75976,sa1,1
35997,N52680 /1 undetected,output,,N52680,N52680,1,undetected,N52680,N52680,N52680,sa1,1
35998,N52680 /0 undetected,output,,N52680,N52680,0,undetected,N52680,N52680,N52680,sa0,1
35999,N52679 /1 undetected,output,,N52679,N52679,1,undetected,N52679,N52679,N52679,sa1,1
36000,N113316 /1 undetected,output,,N113316,N113316,1,undetected,N113316,N113316,N113316,sa1,1
36001,N82093 /1 undetected,output,,N82093,N82093,1,undetected,N82093,N82093,N82093,sa1,1
36002,N52677 /1 undetected,output,,N52677,N52677,1,undetected,N52677,N52677,N52677,sa1,1
36003,N82082 /1 undetected,output,,N82082,N82082,1,undetected,N82082,N82082,N82082,sa1,1
36004,N75964 /1 undetected,output,,N75964,N75964,1,undetected,N75964,N75964,N75964,sa1,1
36005,N25504 /0 undetected,output,,N25504,N25504,0,undetected,N25504,N25504,N25504,sa0,1
36006,N108154 /1 undetected,output,,N108154,N108154,1,undetected,N108154,N108154,N108154,sa1,1
36007,N89354 /1 undetected,output,,N89354,N89354,1,undetected,N89354,N89354,N89354,sa1,1
36008,N81042 /1 undetected,output,,N81042,N81042,1,undetected,N81042,N81042,N81042,sa1,1
36009,N89423 /1 undetected,output,,N89423,N89423,1,undetected,N89423,N89423,N89423,sa1,1
36010,N84443 /1 undetected,output,,N84443,N84443,1,undetected,N84443,N84443,N84443,sa1,1
36011,N74654 /1 undetected,output,,N74654,N74654,1,undetected,N74654,N74654,N74654,sa1,1
36012,N2740 /1 undetected,output,,N2740,N2740,1,undetected,N2740,N2740,N2740,sa1,1
36013,N12527 /0 undetected,output,,N12527,N12527,0,undetected,N12527,N12527,N12527,sa0,1
36014,N91331 /1 undetected,output,,N91331,N91331,1,undetected,N91331,N91331,N91331,sa1,1
36015,N2097 /1 undetected,output,,N2097,N2097,1,undetected,N2097,N2097,N2097,sa1,1
36016,N84659 /1 undetected,output,,N84659,N84659,1,undetected,N84659,N84659,N84659,sa1,1
36017,N84658 /1 undetected,output,,N84658,N84658,1,undetected,N84658,N84658,N84658,sa1,1
36018,N97149 /1 undetected,output,,N97149,N97149,1,undetected,N97149,N97149,N97149,sa1,1
36019,N84656 /1 undetected,output,,N84656,N84656,1,undetected,N84656,N84656,N84656,sa1,1
36020,N84655 /1 undetected,output,,N84655,N84655,1,undetected,N84655,N84655,N84655,sa1,1
36021,N84654 /1 undetected,output,,N84654,N84654,1,undetected,N84654,N84654,N84654,sa1,1
36022,N5062 /1 undetected,output,,N5062,N5062,1,undetected,N5062,N5062,N5062,sa1,1
36023,N84653 /1 undetected,output,,N84653,N84653,1,undetected,N84653,N84653,N84653,sa1,1
36024,N4745 /1 undetected,output,,N4745,N4745,1,undetected,N4745,N4745,N4745,sa1,1
36025,N3025 /1 undetected,output,,N3025,N3025,1,undetected,N3025,N3025,N3025,sa1,1
36026,N75140 /1 undetected,output,,N75140,N75140,1,undetected,N75140,N75140,N75140,sa1,1
36027,N2628 /1 undetected,output,,N2628,N2628,1,undetected,N2628,N2628,N2628,sa1,1
36028,N52986 /1 undetected,output,,N52986,N52986,1,undetected,N52986,N52986,N52986,sa1,1
36029,N52986 /0 undetected,output,,N52986,N52986,0,undetected,N52986,N52986,N52986,sa0,1
36030,N25803 /1 undetected,output,,N25803,N25803,1,undetected,N25803,N25803,N25803,sa1,1
36031,N24365 /1 undetected,output,,N24365,N24365,1,undetected,N24365,N24365,N24365,sa1,1
36032,N24360 /1 undetected,output,,N24360,N24360,1,undetected,N24360,N24360,N24360,sa1,1
36033,N25034 /1 undetected,output,,N25034,N25034,1,undetected,N25034,N25034,N25034,sa1,1
36034,N25034 /0 undetected,output,,N25034,N25034,0,undetected,N25034,N25034,N25034,sa0,1
36035,N108923 /1 undetected,output,,N108923,N108923,1,undetected,N108923,N108923,N108923,sa1,1
36036,N106491 /1 undetected,output,,N106491,N106491,1,undetected,N106491,N106491,N106491,sa1,1
36037,N87484 /1 undetected,output,,N87484,N87484,1,undetected,N87484,N87484,N87484,sa1,1
36038,N21081 /1 undetected,output,,N21081,N21081,1,undetected,N21081,N21081,N21081,sa1,1
36039,N21081 /0 undetected,output,,N21081,N21081,0,undetected,N21081,N21081,N21081,sa0,1
36040,N104716 /1 undetected,output,,N104716,N104716,1,undetected,N104716,N104716,N104716,sa1,1
36041,N93339 /1 undetected,output,,N93339,N93339,1,undetected,N93339,N93339,N93339,sa1,1
36042,N86194 /1 undetected,output,,N86194,N86194,1,undetected,N86194,N86194,N86194,sa1,1
36043,N14390 /1 undetected,output,,N14390,N14390,1,undetected,N14390,N14390,N14390,sa1,1
36044,N14390 /0 undetected,output,,N14390,N14390,0,undetected,N14390,N14390,N14390,sa0,1
36045,N86010 /1 undetected,output,,N86010,N86010,1,undetected,N86010,N86010,N86010,sa1,1
36046,N14389 /1 undetected,output,,N14389,N14389,1,undetected,N14389,N14389,N14389,sa1,1
36047,N93188 /1 undetected,output,,N93188,N93188,1,undetected,N93188,N93188,N93188,sa1,1
36048,N92046 /1 undetected,output,,N92046,N92046,1,undetected,N92046,N92046,N92046,sa1,1
36049,N13894 /1 undetected,output,,N13894,N13894,1,undetected,N13894,N13894,N13894,sa1,1
36050,N13894 /0 undetected,output,,N13894,N13894,0,undetected,N13894,N13894,N13894,sa0,1
36051,N13893 /1 undetected,output,,N13893,N13893,1,undetected,N13893,N13893,N13893,sa1,1
36052,N13821 /1 undetected,output,,N13821,N13821,1,undetected,N13821,N13821,N13821,sa1,1
36053,N13011 /1 undetected,output,,N13011,N13011,1,undetected,N13011,N13011,N13011,sa1,1
36054,N13011 /0 undetected,output,,N13011,N13011,0,undetected,N13011,N13011,N13011,sa0,1
36055,N93286 /1 undetected,output,,N93286,N93286,1,undetected,N93286,N93286,N93286,sa1,1
36056,N76238 /1 undetected,output,,N76238,N76238,1,undetected,N76238,N76238,N76238,sa1,1
36057,N8711 /1 undetected,output,,N8711,N8711,1,undetected,N8711,N8711,N8711,sa1,1
36058,N86615 /1 undetected,output,,N86615,N86615,1,undetected,N86615,N86615,N86615,sa1,1
36059,N8556 /1 undetected,output,,N8556,N8556,1,undetected,N8556,N8556,N8556,sa1,1
36060,N8556 /0 undetected,output,,N8556,N8556,0,undetected,N8556,N8556,N8556,sa0,1
36061,N8555 /1 undetected,output,,N8555,N8555,1,undetected,N8555,N8555,N8555,sa1,1
36062,N8553 /1 undetected,output,,N8553,N8553,1,undetected,N8553,N8553,N8553,sa1,1
36063,N86022 /1 undetected,output,,N86022,N86022,1,undetected,N86022,N86022,N86022,sa1,1
36064,N75486 /1 undetected,output,,N75486,N75486,1,undetected,N75486,N75486,N75486,sa1,1
36065,N97849 /1 undetected,output,,N97849,N97849,1,undetected,N97849,N97849,N97849,sa1,1
36066,N2811 /1 undetected,output,,N2811,N2811,1,undetected,N2811,N2811,N2811,sa1,1
36067,N2527 /1 undetected,output,,N2527,N2527,1,undetected,N2527,N2527,N2527,sa1,1
36068,N2527 /0 undetected,output,,N2527,N2527,0,undetected,N2527,N2527,N2527,sa0,1
36069,N93598 /1 undetected,output,,N93598,N93598,1,undetected,N93598,N93598,N93598,sa1,1
36070,N85761 /1 undetected,output,,N85761,N85761,1,undetected,N85761,N85761,N85761,sa1,1
36071,N2486 /1 undetected,output,,N2486,N2486,1,undetected,N2486,N2486,N2486,sa1,1
36072,N2486 /0 undetected,output,,N2486,N2486,0,undetected,N2486,N2486,N2486,sa0,1
36073,N1997 /1 undetected,output,,N1997,N1997,1,undetected,N1997,N1997,N1997,sa1,1
36074,N1997 /0 undetected,output,,N1997,N1997,0,undetected,N1997,N1997,N1997,sa0,1
36075,N91380 /1 undetected,output,,N91380,N91380,1,undetected,N91380,N91380,N91380,sa1,1
36076,N91370 /1 undetected,output,,N91370,N91370,1,undetected,N91370,N91370,N91370,sa1,1
36077,N2548 /0 undetected,output,,N2548,N2548,0,undetected,N2548,N2548,N2548,sa0,1
36078,N93738 /1 undetected,output,,N93738,N93738,1,undetected,N93738,N93738,N93738,sa1,1
36079,N2544 /0 undetected,output,,N2544,N2544,0,undetected,N2544,N2544,N2544,sa0,1
36080,N85820 /1 undetected,output,,N85820,N85820,1,undetected,N85820,N85820,N85820,sa1,1
36081,N81440 /1 undetected,output,,N81440,N81440,1,undetected,N81440,N81440,N81440,sa1,1
36082,N78826 /1 undetected,output,,N78826,N78826,1,undetected,N78826,N78826,N78826,sa1,1
36083,N53603 /1 undetected,output,,N53603,N53603,1,undetected,N53603,N53603,N53603,sa1,1
36084,N53603 /0 undetected,output,,N53603,N53603,0,undetected,N53603,N53603,N53603,sa0,1
36085,N93603 /1 undetected,output,,N93603,N93603,1,undetected,N93603,N93603,N93603,sa1,1
36086,N75743 /1 undetected,output,,N75743,N75743,1,undetected,N75743,N75743,N75743,sa1,1
36087,N53383 /1 undetected,output,,N53383,N53383,1,undetected,N53383,N53383,N53383,sa1,1
36088,N53383 /0 undetected,output,,N53383,N53383,0,undetected,N53383,N53383,N53383,sa0,1
36089,N113317 /1 undetected,output,,N113317,N113317,1,undetected,N113317,N113317,N113317,sa1,1
36090,N75859 /1 undetected,output,,N75859,N75859,1,undetected,N75859,N75859,N75859,sa1,1
36091,N53136 /1 undetected,output,,N53136,N53136,1,undetected,N53136,N53136,N53136,sa1,1
36092,N53136 /0 undetected,output,,N53136,N53136,0,undetected,N53136,N53136,N53136,sa0,1
36093,N52951 /1 undetected,output,,N52951,N52951,1,undetected,N52951,N52951,N52951,sa1,1
36094,N52951 /0 undetected,output,,N52951,N52951,0,undetected,N52951,N52951,N52951,sa0,1
36095,N49486 /1 undetected,output,,N49486,N49486,1,undetected,N49486,N49486,N49486,sa1,1
36096,N49486 /0 undetected,output,,N49486,N49486,0,undetected,N49486,N49486,N49486,sa0,1
36097,N118978 /1 undetected,output,,N118978,N118978,1,undetected,N118978,N118978,N118978,sa1,1
36098,N106498 /1 undetected,output,,N106498,N106498,1,undetected,N106498,N106498,N106498,sa1,1
36099,N24900 /1 undetected,output,,N24900,N24900,1,undetected,N24900,N24900,N24900,sa1,1
36100,N24900 /0 undetected,output,,N24900,N24900,0,undetected,N24900,N24900,N24900,sa0,1
36101,N108901 /1 undetected,output,,N108901,N108901,1,undetected,N108901,N108901,N108901,sa1,1
36102,N107691 /1 undetected,output,,N107691,N107691,1,undetected,N107691,N107691,N107691,sa1,1
36103,N24545 /1 undetected,output,,N24545,N24545,1,undetected,N24545,N24545,N24545,sa1,1
36104,N24545 /0 undetected,output,,N24545,N24545,0,undetected,N24545,N24545,N24545,sa0,1
36105,N93349 /1 undetected,output,,N93349,N93349,1,undetected,N93349,N93349,N93349,sa1,1
36106,N75716 /1 undetected,output,,N75716,N75716,1,undetected,N75716,N75716,N75716,sa1,1
36107,N23138 /1 undetected,output,,N23138,N23138,1,undetected,N23138,N23138,N23138,sa1,1
36108,N23138 /0 undetected,output,,N23138,N23138,0,undetected,N23138,N23138,N23138,sa0,1
36109,N94122 /1 undetected,output,,N94122,N94122,1,undetected,N94122,N94122,N94122,sa1,1
36110,N79276 /1 undetected,output,,N79276,N79276,1,undetected,N79276,N79276,N79276,sa1,1
36111,N21932 /1 undetected,output,,N21932,N21932,1,undetected,N21932,N21932,N21932,sa1,1
36112,N21932 /0 undetected,output,,N21932,N21932,0,undetected,N21932,N21932,N21932,sa0,1
36113,N21035 /1 undetected,output,,N21035,N21035,1,undetected,N21035,N21035,N21035,sa1,1
36114,N101492 /1 undetected,output,,N101492,N101492,1,undetected,N101492,N101492,N101492,sa1,1
36115,N75546 /1 undetected,output,,N75546,N75546,1,undetected,N75546,N75546,N75546,sa1,1
36116,N20292 /0 undetected,output,,N20292,N20292,0,undetected,N20292,N20292,N20292,sa0,1
36117,N104507 /1 undetected,output,,N104507,N104507,1,undetected,N104507,N104507,N104507,sa1,1
36118,N94493 /1 undetected,output,,N94493,N94493,1,undetected,N94493,N94493,N94493,sa1,1
36119,N20279 /0 undetected,output,,N20279,N20279,0,undetected,N20279,N20279,N20279,sa0,1
36120,N93332 /1 undetected,output,,N93332,N93332,1,undetected,N93332,N93332,N93332,sa1,1
36121,N85260 /1 undetected,output,,N85260,N85260,1,undetected,N85260,N85260,N85260,sa1,1
36122,N19674 /0 undetected,output,,N19674,N19674,0,undetected,N19674,N19674,N19674,sa0,1
36123,N75200 /1 undetected,output,,N75200,N75200,1,undetected,N75200,N75200,N75200,sa1,1
36124,N19671 /0 undetected,output,,N19671,N19671,0,undetected,N19671,N19671,N19671,sa0,1
36125,N103916 /1 undetected,output,,N103916,N103916,1,undetected,N103916,N103916,N103916,sa1,1
36126,N95119 /1 undetected,output,,N95119,N95119,1,undetected,N95119,N95119,N95119,sa1,1
36127,N19091 /1 undetected,output,,N19091,N19091,1,undetected,N19091,N19091,N19091,sa1,1
36128,N19091 /0 undetected,output,,N19091,N19091,0,undetected,N19091,N19091,N19091,sa0,1
36129,N93319 /1 undetected,output,,N93319,N93319,1,undetected,N93319,N93319,N93319,sa1,1
36130,N79393 /1 undetected,output,,N79393,N79393,1,undetected,N79393,N79393,N79393,sa1,1
36131,N18945 /1 undetected,output,,N18945,N18945,1,undetected,N18945,N18945,N18945,sa1,1
36132,N18945 /0 undetected,output,,N18945,N18945,0,undetected,N18945,N18945,N18945,sa0,1
36133,N93317 /1 undetected,output,,N93317,N93317,1,undetected,N93317,N93317,N93317,sa1,1
36134,N88309 /1 undetected,output,,N88309,N88309,1,undetected,N88309,N88309,N88309,sa1,1
36135,N18941 /1 undetected,output,,N18941,N18941,1,undetected,N18941,N18941,N18941,sa1,1
36136,N18941 /0 undetected,output,,N18941,N18941,0,undetected,N18941,N18941,N18941,sa0,1
36137,N93316 /1 undetected,output,,N93316,N93316,1,undetected,N93316,N93316,N93316,sa1,1
36138,N79373 /1 undetected,output,,N79373,N79373,1,undetected,N79373,N79373,N79373,sa1,1
36139,N93315 /1 undetected,output,,N93315,N93315,1,undetected,N93315,N93315,N93315,sa1,1
36140,N16812 /1 undetected,output,,N16812,N16812,1,undetected,N16812,N16812,N16812,sa1,1
36141,N16812 /0 undetected,output,,N16812,N16812,0,undetected,N16812,N16812,N16812,sa0,1
36142,N93309 /1 undetected,output,,N93309,N93309,1,undetected,N93309,N93309,N93309,sa1,1
36143,N76544 /1 undetected,output,,N76544,N76544,1,undetected,N76544,N76544,N76544,sa1,1
36144,N16664 /1 undetected,output,,N16664,N16664,1,undetected,N16664,N16664,N16664,sa1,1
36145,N16664 /0 undetected,output,,N16664,N16664,0,undetected,N16664,N16664,N16664,sa0,1
36146,N93306 /1 undetected,output,,N93306,N93306,1,undetected,N93306,N93306,N93306,sa1,1
36147,N76694 /1 undetected,output,,N76694,N76694,1,undetected,N76694,N76694,N76694,sa1,1
36148,N16355 /1 undetected,output,,N16355,N16355,1,undetected,N16355,N16355,N16355,sa1,1
36149,N16355 /0 undetected,output,,N16355,N16355,0,undetected,N16355,N16355,N16355,sa0,1
36150,N16345 /1 undetected,output,,N16345,N16345,1,undetected,N16345,N16345,N16345,sa1,1
36151,N16345 /0 undetected,output,,N16345,N16345,0,undetected,N16345,N16345,N16345,sa0,1
36152,N94250 /1 undetected,output,,N94250,N94250,1,undetected,N94250,N94250,N94250,sa1,1
36153,N85269 /1 undetected,output,,N85269,N85269,1,undetected,N85269,N85269,N85269,sa1,1
36154,N16047 /1 undetected,output,,N16047,N16047,1,undetected,N16047,N16047,N16047,sa1,1
36155,N16024 /1 undetected,output,,N16024,N16024,1,undetected,N16024,N16024,N16024,sa1,1
36156,N16024 /0 undetected,output,,N16024,N16024,0,undetected,N16024,N16024,N16024,sa0,1
36157,N92118 /1 undetected,output,,N92118,N92118,1,undetected,N92118,N92118,N92118,sa1,1
36158,N86012 /1 undetected,output,,N86012,N86012,1,undetected,N86012,N86012,N86012,sa1,1
36159,N15687 /1 undetected,output,,N15687,N15687,1,undetected,N15687,N15687,N15687,sa1,1
36160,N15687 /0 undetected,output,,N15687,N15687,0,undetected,N15687,N15687,N15687,sa0,1
36161,N92868 /1 undetected,output,,N92868,N92868,1,undetected,N92868,N92868,N92868,sa1,1
36162,N15686 /1 undetected,output,,N15686,N15686,1,undetected,N15686,N15686,N15686,sa1,1
36163,N84266 /1 undetected,output,,N84266,N84266,1,undetected,N84266,N84266,N84266,sa1,1
36164,N76227 /1 undetected,output,,N76227,N76227,1,undetected,N76227,N76227,N76227,sa1,1
36165,N15630 /1 undetected,output,,N15630,N15630,1,undetected,N15630,N15630,N15630,sa1,1
36166,N15630 /0 undetected,output,,N15630,N15630,0,undetected,N15630,N15630,N15630,sa0,1
36167,N100366 /1 undetected,output,,N100366,N100366,1,undetected,N100366,N100366,N100366,sa1,1
36168,N91351 /1 undetected,output,,N91351,N91351,1,undetected,N91351,N91351,N91351,sa1,1
36169,N15599 /1 undetected,output,,N15599,N15599,1,undetected,N15599,N15599,N15599,sa1,1
36170,N15599 /0 undetected,output,,N15599,N15599,0,undetected,N15599,N15599,N15599,sa0,1
36171,N100377 /1 undetected,output,,N100377,N100377,1,undetected,N100377,N100377,N100377,sa1,1
36172,N15598 /1 undetected,output,,N15598,N15598,1,undetected,N15598,N15598,N15598,sa1,1
36173,N83985 /1 undetected,output,,N83985,N83985,1,undetected,N83985,N83985,N83985,sa1,1
36174,N83973 /1 undetected,output,,N83973,N83973,1,undetected,N83973,N83973,N83973,sa1,1
36175,N15484 /1 undetected,output,,N15484,N15484,1,undetected,N15484,N15484,N15484,sa1,1
36176,N15484 /0 undetected,output,,N15484,N15484,0,undetected,N15484,N15484,N15484,sa0,1
36177,N92467 /1 undetected,output,,N92467,N92467,1,undetected,N92467,N92467,N92467,sa1,1
36178,N77086 /1 undetected,output,,N77086,N77086,1,undetected,N77086,N77086,N77086,sa1,1
36179,N14565 /1 undetected,output,,N14565,N14565,1,undetected,N14565,N14565,N14565,sa1,1
36180,N14371 /1 undetected,output,,N14371,N14371,1,undetected,N14371,N14371,N14371,sa1,1
36181,N14371 /0 undetected,output,,N14371,N14371,0,undetected,N14371,N14371,N14371,sa0,1
36182,N100375 /1 undetected,output,,N100375,N100375,1,undetected,N100375,N100375,N100375,sa1,1
36183,N92002 /1 undetected,output,,N92002,N92002,1,undetected,N92002,N92002,N92002,sa1,1
36184,N14279 /1 undetected,output,,N14279,N14279,1,undetected,N14279,N14279,N14279,sa1,1
36185,N14279 /0 undetected,output,,N14279,N14279,0,undetected,N14279,N14279,N14279,sa0,1
36186,N101687 /1 undetected,output,,N101687,N101687,1,undetected,N101687,N101687,N101687,sa1,1
36187,N12316 /1 undetected,output,,N12316,N12316,1,undetected,N12316,N12316,N12316,sa1,1
36188,N83999 /1 undetected,output,,N83999,N83999,1,undetected,N83999,N83999,N83999,sa1,1
36189,N83967 /1 undetected,output,,N83967,N83967,1,undetected,N83967,N83967,N83967,sa1,1
36190,N14139 /1 undetected,output,,N14139,N14139,1,undetected,N14139,N14139,N14139,sa1,1
36191,N14139 /0 undetected,output,,N14139,N14139,0,undetected,N14139,N14139,N14139,sa0,1
36192,N95298 /1 undetected,output,,N95298,N95298,1,undetected,N95298,N95298,N95298,sa1,1
36193,N92789 /1 undetected,output,,N92789,N92789,1,undetected,N92789,N92789,N92789,sa1,1
36194,N13568 /1 undetected,output,,N13568,N13568,1,undetected,N13568,N13568,N13568,sa1,1
36195,N13568 /0 undetected,output,,N13568,N13568,0,undetected,N13568,N13568,N13568,sa0,1
36196,N93297 /1 undetected,output,,N93297,N93297,1,undetected,N93297,N93297,N93297,sa1,1
36197,N77500 /1 undetected,output,,N77500,N77500,1,undetected,N77500,N77500,N77500,sa1,1
36198,N13401 /1 undetected,output,,N13401,N13401,1,undetected,N13401,N13401,N13401,sa1,1
36199,N13401 /0 undetected,output,,N13401,N13401,0,undetected,N13401,N13401,N13401,sa0,1
36200,N93292 /1 undetected,output,,N93292,N93292,1,undetected,N93292,N93292,N93292,sa1,1
36201,N92145 /1 undetected,output,,N92145,N92145,1,undetected,N92145,N92145,N92145,sa1,1
36202,N13209 /1 undetected,output,,N13209,N13209,1,undetected,N13209,N13209,N13209,sa1,1
36203,N13209 /0 undetected,output,,N13209,N13209,0,undetected,N13209,N13209,N13209,sa0,1
36204,N92513 /1 undetected,output,,N92513,N92513,1,undetected,N92513,N92513,N92513,sa1,1
36205,N92143 /1 undetected,output,,N92143,N92143,1,undetected,N92143,N92143,N92143,sa1,1
36206,N13114 /1 undetected,output,,N13114,N13114,1,undetected,N13114,N13114,N13114,sa1,1
36207,N13114 /0 undetected,output,,N13114,N13114,0,undetected,N13114,N13114,N13114,sa0,1
36208,N93289 /1 undetected,output,,N93289,N93289,1,undetected,N93289,N93289,N93289,sa1,1
36209,N86365 /1 undetected,output,,N86365,N86365,1,undetected,N86365,N86365,N86365,sa1,1
36210,N12699 /1 undetected,output,,N12699,N12699,1,undetected,N12699,N12699,N12699,sa1,1
36211,N12699 /0 undetected,output,,N12699,N12699,0,undetected,N12699,N12699,N12699,sa0,1
36212,N93277 /1 undetected,output,,N93277,N93277,1,undetected,N93277,N93277,N93277,sa1,1
36213,N78679 /1 undetected,output,,N78679,N78679,1,undetected,N78679,N78679,N78679,sa1,1
36214,N12689 /1 undetected,output,,N12689,N12689,1,undetected,N12689,N12689,N12689,sa1,1
36215,N12689 /0 undetected,output,,N12689,N12689,0,undetected,N12689,N12689,N12689,sa0,1
36216,N93276 /1 undetected,output,,N93276,N93276,1,undetected,N93276,N93276,N93276,sa1,1
36217,N84205 /1 undetected,output,,N84205,N84205,1,undetected,N84205,N84205,N84205,sa1,1
36218,N12563 /0 undetected,output,,N12563,N12563,0,undetected,N12563,N12563,N12563,sa0,1
36219,N91987 /1 undetected,output,,N91987,N91987,1,undetected,N91987,N91987,N91987,sa1,1
36220,N12560 /1 undetected,output,,N12560,N12560,1,undetected,N12560,N12560,N12560,sa1,1
36221,N12560 /0 undetected,output,,N12560,N12560,0,undetected,N12560,N12560,N12560,sa0,1
36222,N93145 /1 undetected,output,,N93145,N93145,1,undetected,N93145,N93145,N93145,sa1,1
36223,N84025 /1 undetected,output,,N84025,N84025,1,undetected,N84025,N84025,N84025,sa1,1
36224,N12559 /1 undetected,output,,N12559,N12559,1,undetected,N12559,N12559,N12559,sa1,1
36225,N12559 /0 undetected,output,,N12559,N12559,0,undetected,N12559,N12559,N12559,sa0,1
36226,N91973 /1 undetected,output,,N91973,N91973,1,undetected,N91973,N91973,N91973,sa1,1
36227,N84011 /1 undetected,output,,N84011,N84011,1,undetected,N84011,N84011,N84011,sa1,1
36228,N12451 /1 undetected,output,,N12451,N12451,1,undetected,N12451,N12451,N12451,sa1,1
36229,N12451 /0 undetected,output,,N12451,N12451,0,undetected,N12451,N12451,N12451,sa0,1
36230,N93272 /1 undetected,output,,N93272,N93272,1,undetected,N93272,N93272,N93272,sa1,1
36231,N77558 /1 undetected,output,,N77558,N77558,1,undetected,N77558,N77558,N77558,sa1,1
36232,N12402 /1 undetected,output,,N12402,N12402,1,undetected,N12402,N12402,N12402,sa1,1
36233,N12402 /0 undetected,output,,N12402,N12402,0,undetected,N12402,N12402,N12402,sa0,1
36234,N92377 /1 undetected,output,,N92377,N92377,1,undetected,N92377,N92377,N92377,sa1,1
36235,N85060 /1 undetected,output,,N85060,N85060,1,undetected,N85060,N85060,N85060,sa1,1
36236,N12401 /1 undetected,output,,N12401,N12401,1,undetected,N12401,N12401,N12401,sa1,1
36237,N12325 /1 undetected,output,,N12325,N12325,1,undetected,N12325,N12325,N12325,sa1,1
36238,N12325 /0 undetected,output,,N12325,N12325,0,undetected,N12325,N12325,N12325,sa0,1
36239,N93155 /1 undetected,output,,N93155,N93155,1,undetected,N93155,N93155,N93155,sa1,1
36240,N83955 /1 undetected,output,,N83955,N83955,1,undetected,N83955,N83955,N83955,sa1,1
36241,N12319 /1 undetected,output,,N12319,N12319,1,undetected,N12319,N12319,N12319,sa1,1
36242,N12319 /0 undetected,output,,N12319,N12319,0,undetected,N12319,N12319,N12319,sa0,1
36243,N93120 /1 undetected,output,,N93120,N93120,1,undetected,N93120,N93120,N93120,sa1,1
36244,N91986 /1 undetected,output,,N91986,N91986,1,undetected,N91986,N91986,N91986,sa1,1
36245,N12318 /1 undetected,output,,N12318,N12318,1,undetected,N12318,N12318,N12318,sa1,1
36246,N12318 /0 undetected,output,,N12318,N12318,0,undetected,N12318,N12318,N12318,sa0,1
36247,N100353 /1 undetected,output,,N100353,N100353,1,undetected,N100353,N100353,N100353,sa1,1
36248,N91961 /1 undetected,output,,N91961,N91961,1,undetected,N91961,N91961,N91961,sa1,1
36249,N11596 /0 undetected,output,,N11596,N11596,0,undetected,N11596,N11596,N11596,sa0,1
36250,N95730 /1 undetected,output,,N95730,N95730,1,undetected,N95730,N95730,N95730,sa1,1
36251,N11582 /1 undetected,output,,N11582,N11582,1,undetected,N11582,N11582,N11582,sa1,1
36252,N11582 /0 undetected,output,,N11582,N11582,0,undetected,N11582,N11582,N11582,sa0,1
36253,N97176 /1 undetected,output,,N97176,N97176,1,undetected,N97176,N97176,N97176,sa1,1
36254,N94502 /1 undetected,output,,N94502,N94502,1,undetected,N94502,N94502,N94502,sa1,1
36255,N11569 /1 undetected,output,,N11569,N11569,1,undetected,N11569,N11569,N11569,sa1,1
36256,N11569 /0 undetected,output,,N11569,N11569,0,undetected,N11569,N11569,N11569,sa0,1
36257,N99227 /1 undetected,output,,N99227,N99227,1,undetected,N99227,N99227,N99227,sa1,1
36258,N94249 /1 undetected,output,,N94249,N94249,1,undetected,N94249,N94249,N94249,sa1,1
36259,N11517 /0 undetected,output,,N11517,N11517,0,undetected,N11517,N11517,N11517,sa0,1
36260,N11451 /1 undetected,output,,N11451,N11451,1,undetected,N11451,N11451,N11451,sa1,1
36261,N11451 /0 undetected,output,,N11451,N11451,0,undetected,N11451,N11451,N11451,sa0,1
36262,N94248 /1 undetected,output,,N94248,N94248,1,undetected,N94248,N94248,N94248,sa1,1
36263,N87206 /1 undetected,output,,N87206,N87206,1,undetected,N87206,N87206,N87206,sa1,1
36264,N11431 /1 undetected,output,,N11431,N11431,1,undetected,N11431,N11431,N11431,sa1,1
36265,N11431 /0 undetected,output,,N11431,N11431,0,undetected,N11431,N11431,N11431,sa0,1
36266,N92044 /1 undetected,output,,N92044,N92044,1,undetected,N92044,N92044,N92044,sa1,1
36267,N92012 /1 undetected,output,,N92012,N92012,1,undetected,N92012,N92012,N92012,sa1,1
36268,N11101 /1 undetected,output,,N11101,N11101,1,undetected,N11101,N11101,N11101,sa1,1
36269,N83910 /1 undetected,output,,N83910,N83910,1,undetected,N83910,N83910,N83910,sa1,1
36270,N10220 /1 undetected,output,,N10220,N10220,1,undetected,N10220,N10220,N10220,sa1,1
36271,N10220 /0 undetected,output,,N10220,N10220,0,undetected,N10220,N10220,N10220,sa0,1
36272,N10218 /1 undetected,output,,N10218,N10218,1,undetected,N10218,N10218,N10218,sa1,1
36273,N10218 /0 undetected,output,,N10218,N10218,0,undetected,N10218,N10218,N10218,sa0,1
36274,N10216 /1 undetected,output,,N10216,N10216,1,undetected,N10216,N10216,N10216,sa1,1
36275,N85414 /1 undetected,output,,N85414,N85414,1,undetected,N85414,N85414,N85414,sa1,1
36276,N8647 /1 undetected,output,,N8647,N8647,1,undetected,N8647,N8647,N8647,sa1,1
36277,N8624 /1 undetected,output,,N8624,N8624,1,undetected,N8624,N8624,N8624,sa1,1
36278,N91590 /1 undetected,output,,N91590,N91590,1,undetected,N91590,N91590,N91590,sa1,1
36279,N84975 /1 undetected,output,,N84975,N84975,1,undetected,N84975,N84975,N84975,sa1,1
36280,N8581 /0 undetected,output,,N8581,N8581,0,undetected,N8581,N8581,N8581,sa0,1
36281,N75134 /1 undetected,output,,N75134,N75134,1,undetected,N75134,N75134,N75134,sa1,1
36282,N8575 /0 undetected,output,,N8575,N8575,0,undetected,N8575,N8575,N8575,sa0,1
36283,N85411 /1 undetected,output,,N85411,N85411,1,undetected,N85411,N85411,N85411,sa1,1
36284,N4779 /1 undetected,output,,N4779,N4779,1,undetected,N4779,N4779,N4779,sa1,1
36285,N4251 /1 undetected,output,,N4251,N4251,1,undetected,N4251,N4251,N4251,sa1,1
36286,N4251 /0 undetected,output,,N4251,N4251,0,undetected,N4251,N4251,N4251,sa0,1
36287,N3614 /1 undetected,output,,N3614,N3614,1,undetected,N3614,N3614,N3614,sa1,1
36288,N3614 /0 undetected,output,,N3614,N3614,0,undetected,N3614,N3614,N3614,sa0,1
36289,N3578 /1 undetected,output,,N3578,N3578,1,undetected,N3578,N3578,N3578,sa1,1
36290,N3578 /0 undetected,output,,N3578,N3578,0,undetected,N3578,N3578,N3578,sa0,1
36291,N92169 /1 undetected,output,,N92169,N92169,1,undetected,N92169,N92169,N92169,sa1,1
36292,N84238 /1 undetected,output,,N84238,N84238,1,undetected,N84238,N84238,N84238,sa1,1
36293,N3428 /1 undetected,output,,N3428,N3428,1,undetected,N3428,N3428,N3428,sa1,1
36294,N3428 /0 undetected,output,,N3428,N3428,0,undetected,N3428,N3428,N3428,sa0,1
36295,N92079 /1 undetected,output,,N92079,N92079,1,undetected,N92079,N92079,N92079,sa1,1
36296,N92063 /1 undetected,output,,N92063,N92063,1,undetected,N92063,N92063,N92063,sa1,1
36297,N3180 /1 undetected,output,,N3180,N3180,1,undetected,N3180,N3180,N3180,sa1,1
36298,N3180 /0 undetected,output,,N3180,N3180,0,undetected,N3180,N3180,N3180,sa0,1
36299,N92925 /1 undetected,output,,N92925,N92925,1,undetected,N92925,N92925,N92925,sa1,1
36300,N92112 /1 undetected,output,,N92112,N92112,1,undetected,N92112,N92112,N92112,sa1,1
36301,N2885 /1 undetected,output,,N2885,N2885,1,undetected,N2885,N2885,N2885,sa1,1
36302,N2885 /0 undetected,output,,N2885,N2885,0,undetected,N2885,N2885,N2885,sa0,1
36303,N2836 /1 undetected,output,,N2836,N2836,1,undetected,N2836,N2836,N2836,sa1,1
36304,N2836 /0 undetected,output,,N2836,N2836,0,undetected,N2836,N2836,N2836,sa0,1
36305,N92061 /1 undetected,output,,N92061,N92061,1,undetected,N92061,N92061,N92061,sa1,1
36306,N92054 /1 undetected,output,,N92054,N92054,1,undetected,N92054,N92054,N92054,sa1,1
36307,N2817 /1 undetected,output,,N2817,N2817,1,undetected,N2817,N2817,N2817,sa1,1
36308,N2817 /0 undetected,output,,N2817,N2817,0,undetected,N2817,N2817,N2817,sa0,1
36309,N94247 /1 undetected,output,,N94247,N94247,1,undetected,N94247,N94247,N94247,sa1,1
36310,N85286 /1 undetected,output,,N85286,N85286,1,undetected,N85286,N85286,N85286,sa1,1
36311,N2804 /1 undetected,output,,N2804,N2804,1,undetected,N2804,N2804,N2804,sa1,1
36312,N2804 /0 undetected,output,,N2804,N2804,0,undetected,N2804,N2804,N2804,sa0,1
36313,N92775 /1 undetected,output,,N92775,N92775,1,undetected,N92775,N92775,N92775,sa1,1
36314,N84792 /1 undetected,output,,N84792,N84792,1,undetected,N84792,N84792,N84792,sa1,1
36315,N2733 /0 undetected,output,,N2733,N2733,0,undetected,N2733,N2733,N2733,sa0,1
36316,N94682 /1 undetected,output,,N94682,N94682,1,undetected,N94682,N94682,N94682,sa1,1
36317,N2642 /1 undetected,output,,N2642,N2642,1,undetected,N2642,N2642,N2642,sa1,1
36318,N94489 /1 undetected,output,,N94489,N94489,1,undetected,N94489,N94489,N94489,sa1,1
36319,N76026 /1 undetected,output,,N76026,N76026,1,undetected,N76026,N76026,N76026,sa1,1
36320,N2638 /1 undetected,output,,N2638,N2638,1,undetected,N2638,N2638,N2638,sa1,1
36321,N2638 /0 undetected,output,,N2638,N2638,0,undetected,N2638,N2638,N2638,sa0,1
36322,N94488 /1 undetected,output,,N94488,N94488,1,undetected,N94488,N94488,N94488,sa1,1
36323,N85856 /1 undetected,output,,N85856,N85856,1,undetected,N85856,N85856,N85856,sa1,1
36324,N2636 /1 undetected,output,,N2636,N2636,1,undetected,N2636,N2636,N2636,sa1,1
36325,N2600 /1 undetected,output,,N2600,N2600,1,undetected,N2600,N2600,N2600,sa1,1
36326,N2600 /0 undetected,output,,N2600,N2600,0,undetected,N2600,N2600,N2600,sa0,1
36327,N2592 /1 undetected,output,,N2592,N2592,1,undetected,N2592,N2592,N2592,sa1,1
36328,N2592 /0 undetected,output,,N2592,N2592,0,undetected,N2592,N2592,N2592,sa0,1
36329,N94088 /1 undetected,output,,N94088,N94088,1,undetected,N94088,N94088,N94088,sa1,1
36330,N75188 /1 undetected,output,,N75188,N75188,1,undetected,N75188,N75188,N75188,sa1,1
36331,N2588 /1 undetected,output,,N2588,N2588,1,undetected,N2588,N2588,N2588,sa1,1
36332,N2588 /0 undetected,output,,N2588,N2588,0,undetected,N2588,N2588,N2588,sa0,1
36333,N94117 /1 undetected,output,,N94117,N94117,1,undetected,N94117,N94117,N94117,sa1,1
36334,N75372 /1 undetected,output,,N75372,N75372,1,undetected,N75372,N75372,N75372,sa1,1
36335,N2584 /1 undetected,output,,N2584,N2584,1,undetected,N2584,N2584,N2584,sa1,1
36336,N2584 /0 undetected,output,,N2584,N2584,0,undetected,N2584,N2584,N2584,sa0,1
36337,N94116 /1 undetected,output,,N94116,N94116,1,undetected,N94116,N94116,N94116,sa1,1
36338,N85337 /1 undetected,output,,N85337,N85337,1,undetected,N85337,N85337,N85337,sa1,1
36339,N2530 /1 undetected,output,,N2530,N2530,1,undetected,N2530,N2530,N2530,sa1,1
36340,N2530 /0 undetected,output,,N2530,N2530,0,undetected,N2530,N2530,N2530,sa0,1
36341,N93599 /1 undetected,output,,N93599,N93599,1,undetected,N93599,N93599,N93599,sa1,1
36342,N85754 /1 undetected,output,,N85754,N85754,1,undetected,N85754,N85754,N85754,sa1,1
36343,N2529 /1 undetected,output,,N2529,N2529,1,undetected,N2529,N2529,N2529,sa1,1
36344,N2525 /1 undetected,output,,N2525,N2525,1,undetected,N2525,N2525,N2525,sa1,1
36345,N2515 /1 undetected,output,,N2515,N2515,1,undetected,N2515,N2515,N2515,sa1,1
36346,N2515 /0 undetected,output,,N2515,N2515,0,undetected,N2515,N2515,N2515,sa0,1
36347,N2256 /1 undetected,output,,N2256,N2256,1,undetected,N2256,N2256,N2256,sa1,1
36348,N2256 /0 undetected,output,,N2256,N2256,0,undetected,N2256,N2256,N2256,sa0,1
36349,N92043 /1 undetected,output,,N92043,N92043,1,undetected,N92043,N92043,N92043,sa1,1
36350,N83919 /1 undetected,output,,N83919,N83919,1,undetected,N83919,N83919,N83919,sa1,1
36351,N2245 /1 undetected,output,,N2245,N2245,1,undetected,N2245,N2245,N2245,sa1,1
36352,N2245 /0 undetected,output,,N2245,N2245,0,undetected,N2245,N2245,N2245,sa0,1
36353,N92001 /1 undetected,output,,N92001,N92001,1,undetected,N92001,N92001,N92001,sa1,1
36354,N91329 /1 undetected,output,,N91329,N91329,1,undetected,N91329,N91329,N91329,sa1,1
36355,N2206 /1 undetected,output,,N2206,N2206,1,undetected,N2206,N2206,N2206,sa1,1
36356,N2206 /0 undetected,output,,N2206,N2206,0,undetected,N2206,N2206,N2206,sa0,1
36357,N92878 /1 undetected,output,,N92878,N92878,1,undetected,N92878,N92878,N92878,sa1,1
36358,N92109 /1 undetected,output,,N92109,N92109,1,undetected,N92109,N92109,N92109,sa1,1
36359,N2200 /1 undetected,output,,N2200,N2200,1,undetected,N2200,N2200,N2200,sa1,1
36360,N2200 /0 undetected,output,,N2200,N2200,0,undetected,N2200,N2200,N2200,sa0,1
36361,N92923 /1 undetected,output,,N92923,N92923,1,undetected,N92923,N92923,N92923,sa1,1
36362,N84045 /1 undetected,output,,N84045,N84045,1,undetected,N84045,N84045,N84045,sa1,1
36363,N2198 /1 undetected,output,,N2198,N2198,1,undetected,N2198,N2198,N2198,sa1,1
36364,N2198 /0 undetected,output,,N2198,N2198,0,undetected,N2198,N2198,N2198,sa0,1
36365,N92930 /1 undetected,output,,N92930,N92930,1,undetected,N92930,N92930,N92930,sa1,1
36366,N84067 /1 undetected,output,,N84067,N84067,1,undetected,N84067,N84067,N84067,sa1,1
36367,N2179 /1 undetected,output,,N2179,N2179,1,undetected,N2179,N2179,N2179,sa1,1
36368,N2179 /0 undetected,output,,N2179,N2179,0,undetected,N2179,N2179,N2179,sa0,1
36369,N92863 /1 undetected,output,,N92863,N92863,1,undetected,N92863,N92863,N92863,sa1,1
36370,N84113 /1 undetected,output,,N84113,N84113,1,undetected,N84113,N84113,N84113,sa1,1
36371,N2176 /1 undetected,output,,N2176,N2176,1,undetected,N2176,N2176,N2176,sa1,1
36372,N2176 /0 undetected,output,,N2176,N2176,0,undetected,N2176,N2176,N2176,sa0,1
36373,N92862 /1 undetected,output,,N92862,N92862,1,undetected,N92862,N92862,N92862,sa1,1
36374,N92152 /1 undetected,output,,N92152,N92152,1,undetected,N92152,N92152,N92152,sa1,1
36375,N2170 /1 undetected,output,,N2170,N2170,1,undetected,N2170,N2170,N2170,sa1,1
36376,N2170 /0 undetected,output,,N2170,N2170,0,undetected,N2170,N2170,N2170,sa0,1
36377,N92108 /1 undetected,output,,N92108,N92108,1,undetected,N92108,N92108,N92108,sa1,1
36378,N83886 /1 undetected,output,,N83886,N83886,1,undetected,N83886,N83886,N83886,sa1,1
36379,N2131 /0 undetected,output,,N2131,N2131,0,undetected,N2131,N2131,N2131,sa0,1
36380,N2118 /1 undetected,output,,N2118,N2118,1,undetected,N2118,N2118,N2118,sa1,1
36381,N2105 /1 undetected,output,,N2105,N2105,1,undetected,N2105,N2105,N2105,sa1,1
36382,N2105 /0 undetected,output,,N2105,N2105,0,undetected,N2105,N2105,N2105,sa0,1
36383,N92156 /1 undetected,output,,N92156,N92156,1,undetected,N92156,N92156,N92156,sa1,1
36384,N92141 /1 undetected,output,,N92141,N92141,1,undetected,N92141,N92141,N92141,sa1,1
36385,N2103 /1 undetected,output,,N2103,N2103,1,undetected,N2103,N2103,N2103,sa1,1
36386,N2103 /0 undetected,output,,N2103,N2103,0,undetected,N2103,N2103,N2103,sa0,1
36387,N92166 /1 undetected,output,,N92166,N92166,1,undetected,N92166,N92166,N92166,sa1,1
36388,N84277 /1 undetected,output,,N84277,N84277,1,undetected,N84277,N84277,N84277,sa1,1
36389,N2099 /1 undetected,output,,N2099,N2099,1,undetected,N2099,N2099,N2099,sa1,1
36390,N2099 /0 undetected,output,,N2099,N2099,0,undetected,N2099,N2099,N2099,sa0,1
36391,N92155 /1 undetected,output,,N92155,N92155,1,undetected,N92155,N92155,N92155,sa1,1
36392,N84138 /1 undetected,output,,N84138,N84138,1,undetected,N84138,N84138,N84138,sa1,1
36393,N2095 /1 undetected,output,,N2095,N2095,1,undetected,N2095,N2095,N2095,sa1,1
36394,N2088 /1 undetected,output,,N2088,N2088,1,undetected,N2088,N2088,N2088,sa1,1
36395,N2088 /0 undetected,output,,N2088,N2088,0,undetected,N2088,N2088,N2088,sa0,1
36396,N92100 /1 undetected,output,,N92100,N92100,1,undetected,N92100,N92100,N92100,sa1,1
36397,N92092 /1 undetected,output,,N92092,N92092,1,undetected,N92092,N92092,N92092,sa1,1
36398,N2087 /1 undetected,output,,N2087,N2087,1,undetected,N2087,N2087,N2087,sa1,1
36399,N2087 /0 undetected,output,,N2087,N2087,0,undetected,N2087,N2087,N2087,sa0,1
36400,N92107 /1 undetected,output,,N92107,N92107,1,undetected,N92107,N92107,N92107,sa1,1
36401,N84111 /1 undetected,output,,N84111,N84111,1,undetected,N84111,N84111,N84111,sa1,1
36402,N2083 /1 undetected,output,,N2083,N2083,1,undetected,N2083,N2083,N2083,sa1,1
36403,N2083 /0 undetected,output,,N2083,N2083,0,undetected,N2083,N2083,N2083,sa0,1
36404,N2074 /1 undetected,output,,N2074,N2074,1,undetected,N2074,N2074,N2074,sa1,1
36405,N2074 /0 undetected,output,,N2074,N2074,0,undetected,N2074,N2074,N2074,sa0,1
36406,N92060 /1 undetected,output,,N92060,N92060,1,undetected,N92060,N92060,N92060,sa1,1
36407,N84059 /1 undetected,output,,N84059,N84059,1,undetected,N84059,N84059,N84059,sa1,1
36408,N2072 /1 undetected,output,,N2072,N2072,1,undetected,N2072,N2072,N2072,sa1,1
36409,N2072 /0 undetected,output,,N2072,N2072,0,undetected,N2072,N2072,N2072,sa0,1
36410,N92052 /1 undetected,output,,N92052,N92052,1,undetected,N92052,N92052,N92052,sa1,1
36411,N84082 /1 undetected,output,,N84082,N84082,1,undetected,N84082,N84082,N84082,sa1,1
36412,N2070 /1 undetected,output,,N2070,N2070,1,undetected,N2070,N2070,N2070,sa1,1
36413,N2070 /0 undetected,output,,N2070,N2070,0,undetected,N2070,N2070,N2070,sa0,1
36414,N92042 /1 undetected,output,,N92042,N92042,1,undetected,N92042,N92042,N92042,sa1,1
36415,N84098 /1 undetected,output,,N84098,N84098,1,undetected,N84098,N84098,N84098,sa1,1
36416,N2066 /1 undetected,output,,N2066,N2066,1,undetected,N2066,N2066,N2066,sa1,1
36417,N2066 /0 undetected,output,,N2066,N2066,0,undetected,N2066,N2066,N2066,sa0,1
36418,N92000 /1 undetected,output,,N92000,N92000,1,undetected,N92000,N92000,N92000,sa1,1
36419,N83924 /1 undetected,output,,N83924,N83924,1,undetected,N83924,N83924,N83924,sa1,1
36420,N2063 /1 undetected,output,,N2063,N2063,1,undetected,N2063,N2063,N2063,sa1,1
36421,N2063 /0 undetected,output,,N2063,N2063,0,undetected,N2063,N2063,N2063,sa0,1
36422,N92011 /1 undetected,output,,N92011,N92011,1,undetected,N92011,N92011,N92011,sa1,1
36423,N92005 /1 undetected,output,,N92005,N92005,1,undetected,N92005,N92005,N92005,sa1,1
36424,N2061 /1 undetected,output,,N2061,N2061,1,undetected,N2061,N2061,N2061,sa1,1
36425,N2061 /0 undetected,output,,N2061,N2061,0,undetected,N2061,N2061,N2061,sa0,1
36426,N92004 /1 undetected,output,,N92004,N92004,1,undetected,N92004,N92004,N92004,sa1,1
36427,N83914 /1 undetected,output,,N83914,N83914,1,undetected,N83914,N83914,N83914,sa1,1
36428,N2055 /1 undetected,output,,N2055,N2055,1,undetected,N2055,N2055,N2055,sa1,1
36429,N2055 /0 undetected,output,,N2055,N2055,0,undetected,N2055,N2055,N2055,sa0,1
36430,N91326 /1 undetected,output,,N91326,N91326,1,undetected,N91326,N91326,N91326,sa1,1
36431,N83932 /1 undetected,output,,N83932,N83932,1,undetected,N83932,N83932,N83932,sa1,1
36432,N2043 /1 undetected,output,,N2043,N2043,1,undetected,N2043,N2043,N2043,sa1,1
36433,N2043 /0 undetected,output,,N2043,N2043,0,undetected,N2043,N2043,N2043,sa0,1
36434,N91959 /1 undetected,output,,N91959,N91959,1,undetected,N91959,N91959,N91959,sa1,1
36435,N84028 /1 undetected,output,,N84028,N84028,1,undetected,N84028,N84028,N84028,sa1,1
36436,N2025 /1 undetected,output,,N2025,N2025,1,undetected,N2025,N2025,N2025,sa1,1
36437,N91925 /1 undetected,output,,N91925,N91925,1,undetected,N91925,N91925,N91925,sa1,1
36438,N91922 /1 undetected,output,,N91922,N91922,1,undetected,N91922,N91922,N91922,sa1,1
36439,N2017 /0 undetected,output,,N2017,N2017,0,undetected,N2017,N2017,N2017,sa0,1
36440,N84900 /1 undetected,output,,N84900,N84900,1,undetected,N84900,N84900,N84900,sa1,1
36441,N2011 /0 undetected,output,,N2011,N2011,0,undetected,N2011,N2011,N2011,sa0,1
36442,N2008 /1 undetected,output,,N2008,N2008,1,undetected,N2008,N2008,N2008,sa1,1
36443,N2004 /1 undetected,output,,N2004,N2004,1,undetected,N2004,N2004,N2004,sa1,1
36444,N77477 /1 undetected,output,,N77477,N77477,1,undetected,N77477,N77477,N77477,sa1,1
36445,N83287 /1 undetected,output,,N83287,N83287,1,undetected,N83287,N83287,N83287,sa1,1
36446,N86193 /1 undetected,output,,N86193,N86193,1,undetected,N86193,N86193,N86193,sa1,1
36447,N11276 /1 undetected,output,,N11276,N11276,1,undetected,N11276,N11276,N11276,sa1,1
36448,N11276 /0 undetected,output,,N11276,N11276,0,undetected,N11276,N11276,N11276,sa0,1
36449,N11274 /1 undetected,output,,N11274,N11274,1,undetected,N11274,N11274,N11274,sa1,1
36450,N87436 /1 undetected,output,,N87436,N87436,1,undetected,N87436,N87436,N87436,sa1,1
36451,N87434 /1 undetected,output,,N87434,N87434,1,undetected,N87434,N87434,N87434,sa1,1
36452,N11272 /1 undetected,output,,N11272,N11272,1,undetected,N11272,N11272,N11272,sa1,1
36453,N78528 /1 undetected,output,,N78528,N78528,1,undetected,N78528,N78528,N78528,sa1,1
36454,N78523 /1 undetected,output,,N78523,N78523,1,undetected,N78523,N78523,N78523,sa1,1
36455,N11275 /1 undetected,output,,N11275,N11275,1,undetected,N11275,N11275,N11275,sa1,1
36456,N11275 /0 undetected,output,,N11275,N11275,0,undetected,N11275,N11275,N11275,sa0,1
36457,N11270 /1 undetected,output,,N11270,N11270,1,undetected,N11270,N11270,N11270,sa1,1
36458,N87433 /1 undetected,output,,N87433,N87433,1,undetected,N87433,N87433,N87433,sa1,1
36459,N78527 /1 undetected,output,,N78527,N78527,1,undetected,N78527,N78527,N78527,sa1,1
36460,N11268 /1 undetected,output,,N11268,N11268,1,undetected,N11268,N11268,N11268,sa1,1
36461,N87435 /1 undetected,output,,N87435,N87435,1,undetected,N87435,N87435,N87435,sa1,1
36462,N78522 /1 undetected,output,,N78522,N78522,1,undetected,N78522,N78522,N78522,sa1,1
36463,N11266 /1 undetected,output,,N11266,N11266,1,undetected,N11266,N11266,N11266,sa1,1
36464,N11266 /0 undetected,output,,N11266,N11266,0,undetected,N11266,N11266,N11266,sa0,1
36465,N11264 /1 undetected,output,,N11264,N11264,1,undetected,N11264,N11264,N11264,sa1,1
36466,N87442 /1 undetected,output,,N87442,N87442,1,undetected,N87442,N87442,N87442,sa1,1
36467,N78547 /1 undetected,output,,N78547,N78547,1,undetected,N78547,N78547,N78547,sa1,1
36468,N11262 /1 undetected,output,,N11262,N11262,1,undetected,N11262,N11262,N11262,sa1,1
36469,N87444 /1 undetected,output,,N87444,N87444,1,undetected,N87444,N87444,N87444,sa1,1
36470,N78542 /1 undetected,output,,N78542,N78542,1,undetected,N78542,N78542,N78542,sa1,1
36471,N11265 /1 undetected,output,,N11265,N11265,1,undetected,N11265,N11265,N11265,sa1,1
36472,N11265 /0 undetected,output,,N11265,N11265,0,undetected,N11265,N11265,N11265,sa0,1
36473,N11260 /1 undetected,output,,N11260,N11260,1,undetected,N11260,N11260,N11260,sa1,1
36474,N78546 /1 undetected,output,,N78546,N78546,1,undetected,N78546,N78546,N78546,sa1,1
36475,N78541 /1 undetected,output,,N78541,N78541,1,undetected,N78541,N78541,N78541,sa1,1
36476,N11258 /1 undetected,output,,N11258,N11258,1,undetected,N11258,N11258,N11258,sa1,1
36477,N87443 /1 undetected,output,,N87443,N87443,1,undetected,N87443,N87443,N87443,sa1,1
36478,N87441 /1 undetected,output,,N87441,N87441,1,undetected,N87441,N87441,N87441,sa1,1
36479,N11239 /1 undetected,output,,N11239,N11239,1,undetected,N11239,N11239,N11239,sa1,1
36480,N11239 /0 undetected,output,,N11239,N11239,0,undetected,N11239,N11239,N11239,sa0,1
36481,N11237 /1 undetected,output,,N11237,N11237,1,undetected,N11237,N11237,N11237,sa1,1
36482,N87428 /1 undetected,output,,N87428,N87428,1,undetected,N87428,N87428,N87428,sa1,1
36483,N87426 /1 undetected,output,,N87426,N87426,1,undetected,N87426,N87426,N87426,sa1,1
36484,N11235 /1 undetected,output,,N11235,N11235,1,undetected,N11235,N11235,N11235,sa1,1
36485,N78505 /1 undetected,output,,N78505,N78505,1,undetected,N78505,N78505,N78505,sa1,1
36486,N78500 /1 undetected,output,,N78500,N78500,1,undetected,N78500,N78500,N78500,sa1,1
36487,N11238 /1 undetected,output,,N11238,N11238,1,undetected,N11238,N11238,N11238,sa1,1
36488,N11238 /0 undetected,output,,N11238,N11238,0,undetected,N11238,N11238,N11238,sa0,1
36489,N11233 /1 undetected,output,,N11233,N11233,1,undetected,N11233,N11233,N11233,sa1,1
36490,N87425 /1 undetected,output,,N87425,N87425,1,undetected,N87425,N87425,N87425,sa1,1
36491,N78504 /1 undetected,output,,N78504,N78504,1,undetected,N78504,N78504,N78504,sa1,1
36492,N11231 /1 undetected,output,,N11231,N11231,1,undetected,N11231,N11231,N11231,sa1,1
36493,N87427 /1 undetected,output,,N87427,N87427,1,undetected,N87427,N87427,N87427,sa1,1
36494,N78499 /1 undetected,output,,N78499,N78499,1,undetected,N78499,N78499,N78499,sa1,1
36495,N11229 /1 undetected,output,,N11229,N11229,1,undetected,N11229,N11229,N11229,sa1,1
36496,N11229 /0 undetected,output,,N11229,N11229,0,undetected,N11229,N11229,N11229,sa0,1
36497,N11227 /1 undetected,output,,N11227,N11227,1,undetected,N11227,N11227,N11227,sa1,1
36498,N87432 /1 undetected,output,,N87432,N87432,1,undetected,N87432,N87432,N87432,sa1,1
36499,N78509 /1 undetected,output,,N78509,N78509,1,undetected,N78509,N78509,N78509,sa1,1
36500,N11225 /1 undetected,output,,N11225,N11225,1,undetected,N11225,N11225,N11225,sa1,1
36501,N87430 /1 undetected,output,,N87430,N87430,1,undetected,N87430,N87430,N87430,sa1,1
36502,N78514 /1 undetected,output,,N78514,N78514,1,undetected,N78514,N78514,N78514,sa1,1
36503,N11228 /1 undetected,output,,N11228,N11228,1,undetected,N11228,N11228,N11228,sa1,1
36504,N11228 /0 undetected,output,,N11228,N11228,0,undetected,N11228,N11228,N11228,sa0,1
36505,N11223 /1 undetected,output,,N11223,N11223,1,undetected,N11223,N11223,N11223,sa1,1
36506,N78513 /1 undetected,output,,N78513,N78513,1,undetected,N78513,N78513,N78513,sa1,1
36507,N78508 /1 undetected,output,,N78508,N78508,1,undetected,N78508,N78508,N78508,sa1,1
36508,N11221 /1 undetected,output,,N11221,N11221,1,undetected,N11221,N11221,N11221,sa1,1
36509,N87431 /1 undetected,output,,N87431,N87431,1,undetected,N87431,N87431,N87431,sa1,1
36510,N87429 /1 undetected,output,,N87429,N87429,1,undetected,N87429,N87429,N87429,sa1,1
36511,N11128 /1 undetected,output,,N11128,N11128,1,undetected,N11128,N11128,N11128,sa1,1
36512,N11128 /0 undetected,output,,N11128,N11128,0,undetected,N11128,N11128,N11128,sa0,1
36513,N11126 /1 undetected,output,,N11126,N11126,1,undetected,N11126,N11126,N11126,sa1,1
36514,N78567 /1 undetected,output,,N78567,N78567,1,undetected,N78567,N78567,N78567,sa1,1
36515,N78562 /1 undetected,output,,N78562,N78562,1,undetected,N78562,N78562,N78562,sa1,1
36516,N11124 /1 undetected,output,,N11124,N11124,1,undetected,N11124,N11124,N11124,sa1,1
36517,N87452 /1 undetected,output,,N87452,N87452,1,undetected,N87452,N87452,N87452,sa1,1
36518,N87450 /1 undetected,output,,N87450,N87450,1,undetected,N87450,N87450,N87450,sa1,1
36519,N11127 /0 undetected,output,,N11127,N11127,0,undetected,N11127,N11127,N11127,sa0,1
36520,N11122 /1 undetected,output,,N11122,N11122,1,undetected,N11122,N11122,N11122,sa1,1
36521,N87449 /1 undetected,output,,N87449,N87449,1,undetected,N87449,N87449,N87449,sa1,1
36522,N78566 /1 undetected,output,,N78566,N78566,1,undetected,N78566,N78566,N78566,sa1,1
36523,N87451 /1 undetected,output,,N87451,N87451,1,undetected,N87451,N87451,N87451,sa1,1
36524,N78561 /1 undetected,output,,N78561,N78561,1,undetected,N78561,N78561,N78561,sa1,1
36525,N11118 /1 undetected,output,,N11118,N11118,1,undetected,N11118,N11118,N11118,sa1,1
36526,N11118 /0 undetected,output,,N11118,N11118,0,undetected,N11118,N11118,N11118,sa0,1
36527,N11116 /1 undetected,output,,N11116,N11116,1,undetected,N11116,N11116,N11116,sa1,1
36528,N87466 /1 undetected,output,,N87466,N87466,1,undetected,N87466,N87466,N87466,sa1,1
36529,N78596 /1 undetected,output,,N78596,N78596,1,undetected,N78596,N78596,N78596,sa1,1
36530,N11114 /1 undetected,output,,N11114,N11114,1,undetected,N11114,N11114,N11114,sa1,1
36531,N87464 /1 undetected,output,,N87464,N87464,1,undetected,N87464,N87464,N87464,sa1,1
36532,N78601 /1 undetected,output,,N78601,N78601,1,undetected,N78601,N78601,N78601,sa1,1
36533,N11117 /0 undetected,output,,N11117,N11117,0,undetected,N11117,N11117,N11117,sa0,1
36534,N11112 /1 undetected,output,,N11112,N11112,1,undetected,N11112,N11112,N11112,sa1,1
36535,N78600 /1 undetected,output,,N78600,N78600,1,undetected,N78600,N78600,N78600,sa1,1
36536,N78595 /1 undetected,output,,N78595,N78595,1,undetected,N78595,N78595,N78595,sa1,1
36537,N87465 /1 undetected,output,,N87465,N87465,1,undetected,N87465,N87465,N87465,sa1,1
36538,N87463 /1 undetected,output,,N87463,N87463,1,undetected,N87463,N87463,N87463,sa1,1
36539,N11058 /1 undetected,output,,N11058,N11058,1,undetected,N11058,N11058,N11058,sa1,1
36540,N11056 /1 undetected,output,,N11056,N11056,1,undetected,N11056,N11056,N11056,sa1,1
36541,N78220 /1 undetected,output,,N78220,N78220,1,undetected,N78220,N78220,N78220,sa1,1
36542,N11054 /1 undetected,output,,N11054,N11054,1,undetected,N11054,N11054,N11054,sa1,1
36543,N78225 /1 undetected,output,,N78225,N78225,1,undetected,N78225,N78225,N78225,sa1,1
36544,N11057 /1 undetected,output,,N11057,N11057,1,undetected,N11057,N11057,N11057,sa1,1
36545,N11057 /0 undetected,output,,N11057,N11057,0,undetected,N11057,N11057,N11057,sa0,1
36546,N11052 /1 undetected,output,,N11052,N11052,1,undetected,N11052,N11052,N11052,sa1,1
36547,N78224 /1 undetected,output,,N78224,N78224,1,undetected,N78224,N78224,N78224,sa1,1
36548,N78219 /1 undetected,output,,N78219,N78219,1,undetected,N78219,N78219,N78219,sa1,1
36549,N11050 /1 undetected,output,,N11050,N11050,1,undetected,N11050,N11050,N11050,sa1,1
36550,N87331 /1 undetected,output,,N87331,N87331,1,undetected,N87331,N87331,N87331,sa1,1
36551,N87329 /1 undetected,output,,N87329,N87329,1,undetected,N87329,N87329,N87329,sa1,1
36552,N11048 /1 undetected,output,,N11048,N11048,1,undetected,N11048,N11048,N11048,sa1,1
36553,N11046 /1 undetected,output,,N11046,N11046,1,undetected,N11046,N11046,N11046,sa1,1
36554,N87318 /1 undetected,output,,N87318,N87318,1,undetected,N87318,N87318,N87318,sa1,1
36555,N11044 /1 undetected,output,,N11044,N11044,1,undetected,N11044,N11044,N11044,sa1,1
36556,N78192 /1 undetected,output,,N78192,N78192,1,undetected,N78192,N78192,N78192,sa1,1
36557,N11047 /1 undetected,output,,N11047,N11047,1,undetected,N11047,N11047,N11047,sa1,1
36558,N11047 /0 undetected,output,,N11047,N11047,0,undetected,N11047,N11047,N11047,sa0,1
36559,N11042 /1 undetected,output,,N11042,N11042,1,undetected,N11042,N11042,N11042,sa1,1
36560,N87317 /1 undetected,output,,N87317,N87317,1,undetected,N87317,N87317,N87317,sa1,1
36561,N78191 /1 undetected,output,,N78191,N78191,1,undetected,N78191,N78191,N78191,sa1,1
36562,N11040 /1 undetected,output,,N11040,N11040,1,undetected,N11040,N11040,N11040,sa1,1
36563,N87319 /1 undetected,output,,N87319,N87319,1,undetected,N87319,N87319,N87319,sa1,1
36564,N78186 /1 undetected,output,,N78186,N78186,1,undetected,N78186,N78186,N78186,sa1,1
36565,N11028 /1 undetected,output,,N11028,N11028,1,undetected,N11028,N11028,N11028,sa1,1
36566,N11028 /0 undetected,output,,N11028,N11028,0,undetected,N11028,N11028,N11028,sa0,1
36567,N11026 /1 undetected,output,,N11026,N11026,1,undetected,N11026,N11026,N11026,sa1,1
36568,N87324 /1 undetected,output,,N87324,N87324,1,undetected,N87324,N87324,N87324,sa1,1
36569,N87322 /1 undetected,output,,N87322,N87322,1,undetected,N87322,N87322,N87322,sa1,1
36570,N11024 /1 undetected,output,,N11024,N11024,1,undetected,N11024,N11024,N11024,sa1,1
36571,N78206 /1 undetected,output,,N78206,N78206,1,undetected,N78206,N78206,N78206,sa1,1
36572,N78201 /1 undetected,output,,N78201,N78201,1,undetected,N78201,N78201,N78201,sa1,1
36573,N11027 /1 undetected,output,,N11027,N11027,1,undetected,N11027,N11027,N11027,sa1,1
36574,N11022 /1 undetected,output,,N11022,N11022,1,undetected,N11022,N11022,N11022,sa1,1
36575,N78205 /1 undetected,output,,N78205,N78205,1,undetected,N78205,N78205,N78205,sa1,1
36576,N11020 /1 undetected,output,,N11020,N11020,1,undetected,N11020,N11020,N11020,sa1,1
36577,N78200 /1 undetected,output,,N78200,N78200,1,undetected,N78200,N78200,N78200,sa1,1
36578,N11018 /1 undetected,output,,N11018,N11018,1,undetected,N11018,N11018,N11018,sa1,1
36579,N11018 /0 undetected,output,,N11018,N11018,0,undetected,N11018,N11018,N11018,sa0,1
36580,N11016 /1 undetected,output,,N11016,N11016,1,undetected,N11016,N11016,N11016,sa1,1
36581,N87326 /1 undetected,output,,N87326,N87326,1,undetected,N87326,N87326,N87326,sa1,1
36582,N78216 /1 undetected,output,,N78216,N78216,1,undetected,N78216,N78216,N78216,sa1,1
36583,N11014 /1 undetected,output,,N11014,N11014,1,undetected,N11014,N11014,N11014,sa1,1
36584,N87328 /1 undetected,output,,N87328,N87328,1,undetected,N87328,N87328,N87328,sa1,1
36585,N78211 /1 undetected,output,,N78211,N78211,1,undetected,N78211,N78211,N78211,sa1,1
36586,N11017 /1 undetected,output,,N11017,N11017,1,undetected,N11017,N11017,N11017,sa1,1
36587,N11012 /1 undetected,output,,N11012,N11012,1,undetected,N11012,N11012,N11012,sa1,1
36588,N78210 /1 undetected,output,,N78210,N78210,1,undetected,N78210,N78210,N78210,sa1,1
36589,N11010 /1 undetected,output,,N11010,N11010,1,undetected,N11010,N11010,N11010,sa1,1
36590,N87327 /1 undetected,output,,N87327,N87327,1,undetected,N87327,N87327,N87327,sa1,1
36591,N10965 /1 undetected,output,,N10965,N10965,1,undetected,N10965,N10965,N10965,sa1,1
36592,N10963 /1 undetected,output,,N10963,N10963,1,undetected,N10963,N10963,N10963,sa1,1
36593,N87310 /1 undetected,output,,N87310,N87310,1,undetected,N87310,N87310,N87310,sa1,1
36594,N10961 /1 undetected,output,,N10961,N10961,1,undetected,N10961,N10961,N10961,sa1,1
36595,N78173 /1 undetected,output,,N78173,N78173,1,undetected,N78173,N78173,N78173,sa1,1
36596,N10964 /1 undetected,output,,N10964,N10964,1,undetected,N10964,N10964,N10964,sa1,1
36597,N10964 /0 undetected,output,,N10964,N10964,0,undetected,N10964,N10964,N10964,sa0,1
36598,N10959 /1 undetected,output,,N10959,N10959,1,undetected,N10959,N10959,N10959,sa1,1
36599,N87309 /1 undetected,output,,N87309,N87309,1,undetected,N87309,N87309,N87309,sa1,1
36600,N78172 /1 undetected,output,,N78172,N78172,1,undetected,N78172,N78172,N78172,sa1,1
36601,N10957 /1 undetected,output,,N10957,N10957,1,undetected,N10957,N10957,N10957,sa1,1
36602,N87311 /1 undetected,output,,N87311,N87311,1,undetected,N87311,N87311,N87311,sa1,1
36603,N78167 /1 undetected,output,,N78167,N78167,1,undetected,N78167,N78167,N78167,sa1,1
36604,N10955 /1 undetected,output,,N10955,N10955,1,undetected,N10955,N10955,N10955,sa1,1
36605,N10955 /0 undetected,output,,N10955,N10955,0,undetected,N10955,N10955,N10955,sa0,1
36606,N10953 /1 undetected,output,,N10953,N10953,1,undetected,N10953,N10953,N10953,sa1,1
36607,N87316 /1 undetected,output,,N87316,N87316,1,undetected,N87316,N87316,N87316,sa1,1
36608,N78177 /1 undetected,output,,N78177,N78177,1,undetected,N78177,N78177,N78177,sa1,1
36609,N10951 /1 undetected,output,,N10951,N10951,1,undetected,N10951,N10951,N10951,sa1,1
36610,N87314 /1 undetected,output,,N87314,N87314,1,undetected,N87314,N87314,N87314,sa1,1
36611,N78182 /1 undetected,output,,N78182,N78182,1,undetected,N78182,N78182,N78182,sa1,1
36612,N10954 /1 undetected,output,,N10954,N10954,1,undetected,N10954,N10954,N10954,sa1,1
36613,N10949 /1 undetected,output,,N10949,N10949,1,undetected,N10949,N10949,N10949,sa1,1
36614,N78176 /1 undetected,output,,N78176,N78176,1,undetected,N78176,N78176,N78176,sa1,1
36615,N10947 /1 undetected,output,,N10947,N10947,1,undetected,N10947,N10947,N10947,sa1,1
36616,N87315 /1 undetected,output,,N87315,N87315,1,undetected,N87315,N87315,N87315,sa1,1
36617,N10768 /1 undetected,output,,N10768,N10768,1,undetected,N10768,N10768,N10768,sa1,1
36618,N10768 /0 undetected,output,,N10768,N10768,0,undetected,N10768,N10768,N10768,sa0,1
36619,N10766 /1 undetected,output,,N10766,N10766,1,undetected,N10766,N10766,N10766,sa1,1
36620,N87175 /1 undetected,output,,N87175,N87175,1,undetected,N87175,N87175,N87175,sa1,1
36621,N77876 /1 undetected,output,,N77876,N77876,1,undetected,N77876,N77876,N77876,sa1,1
36622,N10764 /1 undetected,output,,N10764,N10764,1,undetected,N10764,N10764,N10764,sa1,1
36623,N87177 /1 undetected,output,,N87177,N87177,1,undetected,N87177,N87177,N87177,sa1,1
36624,N77871 /1 undetected,output,,N77871,N77871,1,undetected,N77871,N77871,N77871,sa1,1
36625,N10767 /1 undetected,output,,N10767,N10767,1,undetected,N10767,N10767,N10767,sa1,1
36626,N10762 /1 undetected,output,,N10762,N10762,1,undetected,N10762,N10762,N10762,sa1,1
36627,N77875 /1 undetected,output,,N77875,N77875,1,undetected,N77875,N77875,N77875,sa1,1
36628,N10760 /1 undetected,output,,N10760,N10760,1,undetected,N10760,N10760,N10760,sa1,1
36629,N87174 /1 undetected,output,,N87174,N87174,1,undetected,N87174,N87174,N87174,sa1,1
36630,N10758 /1 undetected,output,,N10758,N10758,1,undetected,N10758,N10758,N10758,sa1,1
36631,N10756 /1 undetected,output,,N10756,N10756,1,undetected,N10756,N10756,N10756,sa1,1
36632,N77857 /1 undetected,output,,N77857,N77857,1,undetected,N77857,N77857,N77857,sa1,1
36633,N10754 /1 undetected,output,,N10754,N10754,1,undetected,N10754,N10754,N10754,sa1,1
36634,N87173 /1 undetected,output,,N87173,N87173,1,undetected,N87173,N87173,N87173,sa1,1
36635,N10757 /1 undetected,output,,N10757,N10757,1,undetected,N10757,N10757,N10757,sa1,1
36636,N10757 /0 undetected,output,,N10757,N10757,0,undetected,N10757,N10757,N10757,sa0,1
36637,N10752 /1 undetected,output,,N10752,N10752,1,undetected,N10752,N10752,N10752,sa1,1
36638,N87170 /1 undetected,output,,N87170,N87170,1,undetected,N87170,N87170,N87170,sa1,1
36639,N77861 /1 undetected,output,,N77861,N77861,1,undetected,N77861,N77861,N77861,sa1,1
36640,N10750 /1 undetected,output,,N10750,N10750,1,undetected,N10750,N10750,N10750,sa1,1
36641,N87172 /1 undetected,output,,N87172,N87172,1,undetected,N87172,N87172,N87172,sa1,1
36642,N77856 /1 undetected,output,,N77856,N77856,1,undetected,N77856,N77856,N77856,sa1,1
36643,N10731 /1 undetected,output,,N10731,N10731,1,undetected,N10731,N10731,N10731,sa1,1
36644,N10731 /0 undetected,output,,N10731,N10731,0,undetected,N10731,N10731,N10731,sa0,1
36645,N10729 /1 undetected,output,,N10729,N10729,1,undetected,N10729,N10729,N10729,sa1,1
36646,N87195 /1 undetected,output,,N87195,N87195,1,undetected,N87195,N87195,N87195,sa1,1
36647,N87193 /1 undetected,output,,N87193,N87193,1,undetected,N87193,N87193,N87193,sa1,1
36648,N10727 /1 undetected,output,,N10727,N10727,1,undetected,N10727,N10727,N10727,sa1,1
36649,N77932 /1 undetected,output,,N77932,N77932,1,undetected,N77932,N77932,N77932,sa1,1
36650,N77927 /1 undetected,output,,N77927,N77927,1,undetected,N77927,N77927,N77927,sa1,1
36651,N10730 /1 undetected,output,,N10730,N10730,1,undetected,N10730,N10730,N10730,sa1,1
36652,N10730 /0 undetected,output,,N10730,N10730,0,undetected,N10730,N10730,N10730,sa0,1
36653,N10725 /1 undetected,output,,N10725,N10725,1,undetected,N10725,N10725,N10725,sa1,1
36654,N87192 /1 undetected,output,,N87192,N87192,1,undetected,N87192,N87192,N87192,sa1,1
36655,N77931 /1 undetected,output,,N77931,N77931,1,undetected,N77931,N77931,N77931,sa1,1
36656,N10723 /1 undetected,output,,N10723,N10723,1,undetected,N10723,N10723,N10723,sa1,1
36657,N87194 /1 undetected,output,,N87194,N87194,1,undetected,N87194,N87194,N87194,sa1,1
36658,N77926 /1 undetected,output,,N77926,N77926,1,undetected,N77926,N77926,N77926,sa1,1
36659,N10721 /1 undetected,output,,N10721,N10721,1,undetected,N10721,N10721,N10721,sa1,1
36660,N10721 /0 undetected,output,,N10721,N10721,0,undetected,N10721,N10721,N10721,sa0,1
36661,N10719 /1 undetected,output,,N10719,N10719,1,undetected,N10719,N10719,N10719,sa1,1
36662,N87199 /1 undetected,output,,N87199,N87199,1,undetected,N87199,N87199,N87199,sa1,1
36663,N77937 /1 undetected,output,,N77937,N77937,1,undetected,N77937,N77937,N77937,sa1,1
36664,N10717 /1 undetected,output,,N10717,N10717,1,undetected,N10717,N10717,N10717,sa1,1
36665,N87197 /1 undetected,output,,N87197,N87197,1,undetected,N87197,N87197,N87197,sa1,1
36666,N77942 /1 undetected,output,,N77942,N77942,1,undetected,N77942,N77942,N77942,sa1,1
36667,N10720 /1 undetected,output,,N10720,N10720,1,undetected,N10720,N10720,N10720,sa1,1
36668,N10720 /0 undetected,output,,N10720,N10720,0,undetected,N10720,N10720,N10720,sa0,1
36669,N10715 /1 undetected,output,,N10715,N10715,1,undetected,N10715,N10715,N10715,sa1,1
36670,N77941 /1 undetected,output,,N77941,N77941,1,undetected,N77941,N77941,N77941,sa1,1
36671,N77936 /1 undetected,output,,N77936,N77936,1,undetected,N77936,N77936,N77936,sa1,1
36672,N10713 /1 undetected,output,,N10713,N10713,1,undetected,N10713,N10713,N10713,sa1,1
36673,N87198 /1 undetected,output,,N87198,N87198,1,undetected,N87198,N87198,N87198,sa1,1
36674,N87196 /1 undetected,output,,N87196,N87196,1,undetected,N87196,N87196,N87196,sa1,1
36675,N10633 /1 undetected,output,,N10633,N10633,1,undetected,N10633,N10633,N10633,sa1,1
36676,N10632 /1 undetected,output,,N10632,N10632,1,undetected,N10632,N10632,N10632,sa1,1
36677,N87252 /1 undetected,output,,N87252,N87252,1,undetected,N87252,N87252,N87252,sa1,1
36678,N10630 /1 undetected,output,,N10630,N10630,1,undetected,N10630,N10630,N10630,sa1,1
36679,N87250 /1 undetected,output,,N87250,N87250,1,undetected,N87250,N87250,N87250,sa1,1
36680,N10623 /1 undetected,output,,N10623,N10623,1,undetected,N10623,N10623,N10623,sa1,1
36681,N10623 /0 undetected,output,,N10623,N10623,0,undetected,N10623,N10623,N10623,sa0,1
36682,N10622 /1 undetected,output,,N10622,N10622,1,undetected,N10622,N10622,N10622,sa1,1
36683,N87247 /1 undetected,output,,N87247,N87247,1,undetected,N87247,N87247,N87247,sa1,1
36684,N78060 /1 undetected,output,,N78060,N78060,1,undetected,N78060,N78060,N78060,sa1,1
36685,N10620 /1 undetected,output,,N10620,N10620,1,undetected,N10620,N10620,N10620,sa1,1
36686,N87249 /1 undetected,output,,N87249,N87249,1,undetected,N87249,N87249,N87249,sa1,1
36687,N78055 /1 undetected,output,,N78055,N78055,1,undetected,N78055,N78055,N78055,sa1,1
36688,N10500 /1 undetected,output,,N10500,N10500,1,undetected,N10500,N10500,N10500,sa1,1
36689,N10500 /0 undetected,output,,N10500,N10500,0,undetected,N10500,N10500,N10500,sa0,1
36690,N10498 /1 undetected,output,,N10498,N10498,1,undetected,N10498,N10498,N10498,sa1,1
36691,N87354 /1 undetected,output,,N87354,N87354,1,undetected,N87354,N87354,N87354,sa1,1
36692,N78317 /1 undetected,output,,N78317,N78317,1,undetected,N78317,N78317,N78317,sa1,1
36693,N10496 /1 undetected,output,,N10496,N10496,1,undetected,N10496,N10496,N10496,sa1,1
36694,N87356 /1 undetected,output,,N87356,N87356,1,undetected,N87356,N87356,N87356,sa1,1
36695,N78312 /1 undetected,output,,N78312,N78312,1,undetected,N78312,N78312,N78312,sa1,1
36696,N10499 /1 undetected,output,,N10499,N10499,1,undetected,N10499,N10499,N10499,sa1,1
36697,N10499 /0 undetected,output,,N10499,N10499,0,undetected,N10499,N10499,N10499,sa0,1
36698,N10494 /1 undetected,output,,N10494,N10494,1,undetected,N10494,N10494,N10494,sa1,1
36699,N78316 /1 undetected,output,,N78316,N78316,1,undetected,N78316,N78316,N78316,sa1,1
36700,N78311 /1 undetected,output,,N78311,N78311,1,undetected,N78311,N78311,N78311,sa1,1
36701,N10492 /1 undetected,output,,N10492,N10492,1,undetected,N10492,N10492,N10492,sa1,1
36702,N87355 /1 undetected,output,,N87355,N87355,1,undetected,N87355,N87355,N87355,sa1,1
36703,N87353 /1 undetected,output,,N87353,N87353,1,undetected,N87353,N87353,N87353,sa1,1
36704,N10490 /1 undetected,output,,N10490,N10490,1,undetected,N10490,N10490,N10490,sa1,1
36705,N10490 /0 undetected,output,,N10490,N10490,0,undetected,N10490,N10490,N10490,sa0,1
36706,N10488 /1 undetected,output,,N10488,N10488,1,undetected,N10488,N10488,N10488,sa1,1
36707,N78307 /1 undetected,output,,N78307,N78307,1,undetected,N78307,N78307,N78307,sa1,1
36708,N78302 /1 undetected,output,,N78302,N78302,1,undetected,N78302,N78302,N78302,sa1,1
36709,N10486 /1 undetected,output,,N10486,N10486,1,undetected,N10486,N10486,N10486,sa1,1
36710,N87352 /1 undetected,output,,N87352,N87352,1,undetected,N87352,N87352,N87352,sa1,1
36711,N87350 /1 undetected,output,,N87350,N87350,1,undetected,N87350,N87350,N87350,sa1,1
36712,N10489 /1 undetected,output,,N10489,N10489,1,undetected,N10489,N10489,N10489,sa1,1
36713,N10489 /0 undetected,output,,N10489,N10489,0,undetected,N10489,N10489,N10489,sa0,1
36714,N10484 /1 undetected,output,,N10484,N10484,1,undetected,N10484,N10484,N10484,sa1,1
36715,N87349 /1 undetected,output,,N87349,N87349,1,undetected,N87349,N87349,N87349,sa1,1
36716,N78306 /1 undetected,output,,N78306,N78306,1,undetected,N78306,N78306,N78306,sa1,1
36717,N10482 /1 undetected,output,,N10482,N10482,1,undetected,N10482,N10482,N10482,sa1,1
36718,N87351 /1 undetected,output,,N87351,N87351,1,undetected,N87351,N87351,N87351,sa1,1
36719,N78301 /1 undetected,output,,N78301,N78301,1,undetected,N78301,N78301,N78301,sa1,1
36720,N10422 /0 undetected,output,,N10422,N10422,0,undetected,N10422,N10422,N10422,sa0,1
36721,N10420 /1 undetected,output,,N10420,N10420,1,undetected,N10420,N10420,N10420,sa1,1
36722,N78421 /1 undetected,output,,N78421,N78421,1,undetected,N78421,N78421,N78421,sa1,1
36723,N78416 /1 undetected,output,,N78416,N78416,1,undetected,N78416,N78416,N78416,sa1,1
36724,N87384 /1 undetected,output,,N87384,N87384,1,undetected,N87384,N87384,N87384,sa1,1
36725,N87382 /1 undetected,output,,N87382,N87382,1,undetected,N87382,N87382,N87382,sa1,1
36726,N10421 /1 undetected,output,,N10421,N10421,1,undetected,N10421,N10421,N10421,sa1,1
36727,N10421 /0 undetected,output,,N10421,N10421,0,undetected,N10421,N10421,N10421,sa0,1
36728,N10416 /1 undetected,output,,N10416,N10416,1,undetected,N10416,N10416,N10416,sa1,1
36729,N87381 /1 undetected,output,,N87381,N87381,1,undetected,N87381,N87381,N87381,sa1,1
36730,N78420 /1 undetected,output,,N78420,N78420,1,undetected,N78420,N78420,N78420,sa1,1
36731,N10414 /1 undetected,output,,N10414,N10414,1,undetected,N10414,N10414,N10414,sa1,1
36732,N87383 /1 undetected,output,,N87383,N87383,1,undetected,N87383,N87383,N87383,sa1,1
36733,N78415 /1 undetected,output,,N78415,N78415,1,undetected,N78415,N78415,N78415,sa1,1
36734,N10379 /1 undetected,output,,N10379,N10379,1,undetected,N10379,N10379,N10379,sa1,1
36735,N10379 /0 undetected,output,,N10379,N10379,0,undetected,N10379,N10379,N10379,sa0,1
36736,N10377 /1 undetected,output,,N10377,N10377,1,undetected,N10377,N10377,N10377,sa1,1
36737,N87372 /1 undetected,output,,N87372,N87372,1,undetected,N87372,N87372,N87372,sa1,1
36738,N78375 /1 undetected,output,,N78375,N78375,1,undetected,N78375,N78375,N78375,sa1,1
36739,N10375 /1 undetected,output,,N10375,N10375,1,undetected,N10375,N10375,N10375,sa1,1
36740,N87370 /1 undetected,output,,N87370,N87370,1,undetected,N87370,N87370,N87370,sa1,1
36741,N78380 /1 undetected,output,,N78380,N78380,1,undetected,N78380,N78380,N78380,sa1,1
36742,N78374 /1 undetected,output,,N78374,N78374,1,undetected,N78374,N78374,N78374,sa1,1
36743,N10371 /1 undetected,output,,N10371,N10371,1,undetected,N10371,N10371,N10371,sa1,1
36744,N87371 /1 undetected,output,,N87371,N87371,1,undetected,N87371,N87371,N87371,sa1,1
36745,N10349 /0 undetected,output,,N10349,N10349,0,undetected,N10349,N10349,N10349,sa0,1
36746,N10347 /1 undetected,output,,N10347,N10347,1,undetected,N10347,N10347,N10347,sa1,1
36747,N87376 /1 undetected,output,,N87376,N87376,1,undetected,N87376,N87376,N87376,sa1,1
36748,N87374 /1 undetected,output,,N87374,N87374,1,undetected,N87374,N87374,N87374,sa1,1
36749,N78401 /1 undetected,output,,N78401,N78401,1,undetected,N78401,N78401,N78401,sa1,1
36750,N78396 /1 undetected,output,,N78396,N78396,1,undetected,N78396,N78396,N78396,sa1,1
36751,N10348 /1 undetected,output,,N10348,N10348,1,undetected,N10348,N10348,N10348,sa1,1
36752,N10343 /1 undetected,output,,N10343,N10343,1,undetected,N10343,N10343,N10343,sa1,1
36753,N78400 /1 undetected,output,,N78400,N78400,1,undetected,N78400,N78400,N78400,sa1,1
36754,N10341 /1 undetected,output,,N10341,N10341,1,undetected,N10341,N10341,N10341,sa1,1
36755,N78395 /1 undetected,output,,N78395,N78395,1,undetected,N78395,N78395,N78395,sa1,1
36756,N10337 /1 undetected,output,,N10337,N10337,1,undetected,N10337,N10337,N10337,sa1,1
36757,N87378 /1 undetected,output,,N87378,N87378,1,undetected,N87378,N87378,N87378,sa1,1
36758,N87380 /1 undetected,output,,N87380,N87380,1,undetected,N87380,N87380,N87380,sa1,1
36759,N10338 /1 undetected,output,,N10338,N10338,1,undetected,N10338,N10338,N10338,sa1,1
36760,N10338 /0 undetected,output,,N10338,N10338,0,undetected,N10338,N10338,N10338,sa0,1
36761,N10333 /1 undetected,output,,N10333,N10333,1,undetected,N10333,N10333,N10333,sa1,1
36762,N78410 /1 undetected,output,,N78410,N78410,1,undetected,N78410,N78410,N78410,sa1,1
36763,N78405 /1 undetected,output,,N78405,N78405,1,undetected,N78405,N78405,N78405,sa1,1
36764,N10331 /1 undetected,output,,N10331,N10331,1,undetected,N10331,N10331,N10331,sa1,1
36765,N87379 /1 undetected,output,,N87379,N87379,1,undetected,N87379,N87379,N87379,sa1,1
36766,N87377 /1 undetected,output,,N87377,N87377,1,undetected,N87377,N87377,N87377,sa1,1
36767,N10244 /1 undetected,output,,N10244,N10244,1,undetected,N10244,N10244,N10244,sa1,1
36768,N10244 /0 undetected,output,,N10244,N10244,0,undetected,N10244,N10244,N10244,sa0,1
36769,N10242 /1 undetected,output,,N10242,N10242,1,undetected,N10242,N10242,N10242,sa1,1
36770,N87360 /1 undetected,output,,N87360,N87360,1,undetected,N87360,N87360,N87360,sa1,1
36771,N87358 /1 undetected,output,,N87358,N87358,1,undetected,N87358,N87358,N87358,sa1,1
36772,N10240 /1 undetected,output,,N10240,N10240,1,undetected,N10240,N10240,N10240,sa1,1
36773,N78339 /1 undetected,output,,N78339,N78339,1,undetected,N78339,N78339,N78339,sa1,1
36774,N78334 /1 undetected,output,,N78334,N78334,1,undetected,N78334,N78334,N78334,sa1,1
36775,N10243 /1 undetected,output,,N10243,N10243,1,undetected,N10243,N10243,N10243,sa1,1
36776,N10243 /0 undetected,output,,N10243,N10243,0,undetected,N10243,N10243,N10243,sa0,1
36777,N10238 /1 undetected,output,,N10238,N10238,1,undetected,N10238,N10238,N10238,sa1,1
36778,N87357 /1 undetected,output,,N87357,N87357,1,undetected,N87357,N87357,N87357,sa1,1
36779,N78338 /1 undetected,output,,N78338,N78338,1,undetected,N78338,N78338,N78338,sa1,1
36780,N10236 /1 undetected,output,,N10236,N10236,1,undetected,N10236,N10236,N10236,sa1,1
36781,N87359 /1 undetected,output,,N87359,N87359,1,undetected,N87359,N87359,N87359,sa1,1
36782,N78333 /1 undetected,output,,N78333,N78333,1,undetected,N78333,N78333,N78333,sa1,1
36783,N10234 /1 undetected,output,,N10234,N10234,1,undetected,N10234,N10234,N10234,sa1,1
36784,N10234 /0 undetected,output,,N10234,N10234,0,undetected,N10234,N10234,N10234,sa0,1
36785,N10232 /1 undetected,output,,N10232,N10232,1,undetected,N10232,N10232,N10232,sa1,1
36786,N87362 /1 undetected,output,,N87362,N87362,1,undetected,N87362,N87362,N87362,sa1,1
36787,N78349 /1 undetected,output,,N78349,N78349,1,undetected,N78349,N78349,N78349,sa1,1
36788,N10230 /1 undetected,output,,N10230,N10230,1,undetected,N10230,N10230,N10230,sa1,1
36789,N87364 /1 undetected,output,,N87364,N87364,1,undetected,N87364,N87364,N87364,sa1,1
36790,N78344 /1 undetected,output,,N78344,N78344,1,undetected,N78344,N78344,N78344,sa1,1
36791,N10233 /1 undetected,output,,N10233,N10233,1,undetected,N10233,N10233,N10233,sa1,1
36792,N10233 /0 undetected,output,,N10233,N10233,0,undetected,N10233,N10233,N10233,sa0,1
36793,N10228 /1 undetected,output,,N10228,N10228,1,undetected,N10228,N10228,N10228,sa1,1
36794,N78348 /1 undetected,output,,N78348,N78348,1,undetected,N78348,N78348,N78348,sa1,1
36795,N78343 /1 undetected,output,,N78343,N78343,1,undetected,N78343,N78343,N78343,sa1,1
36796,N10226 /1 undetected,output,,N10226,N10226,1,undetected,N10226,N10226,N10226,sa1,1
36797,N87363 /1 undetected,output,,N87363,N87363,1,undetected,N87363,N87363,N87363,sa1,1
36798,N87361 /1 undetected,output,,N87361,N87361,1,undetected,N87361,N87361,N87361,sa1,1
36799,N7712 /1 undetected,output,,N7712,N7712,1,undetected,N7712,N7712,N7712,sa1,1
36800,N7712 /0 undetected,output,,N7712,N7712,0,undetected,N7712,N7712,N7712,sa0,1
36801,N86608 /1 undetected,output,,N86608,N86608,1,undetected,N86608,N86608,N86608,sa1,1
36802,N7711 /1 undetected,output,,N7711,N7711,1,undetected,N7711,N7711,N7711,sa1,1
36803,N87109 /1 undetected,output,,N87109,N87109,1,undetected,N87109,N87109,N87109,sa1,1
36804,N76651 /1 undetected,output,,N76651,N76651,1,undetected,N76651,N76651,N76651,sa1,1
36805,N7230 /1 undetected,output,,N7230,N7230,1,undetected,N7230,N7230,N7230,sa1,1
36806,N7230 /0 undetected,output,,N7230,N7230,0,undetected,N7230,N7230,N7230,sa0,1
36807,N86605 /1 undetected,output,,N86605,N86605,1,undetected,N86605,N86605,N86605,sa1,1
36808,N7229 /1 undetected,output,,N7229,N7229,1,undetected,N7229,N7229,N7229,sa1,1
36809,N87062 /1 undetected,output,,N87062,N87062,1,undetected,N87062,N87062,N87062,sa1,1
36810,N76691 /1 undetected,output,,N76691,N76691,1,undetected,N76691,N76691,N76691,sa1,1
36811,N2627 /1 undetected,output,,N2627,N2627,1,undetected,N2627,N2627,N2627,sa1,1
36812,N2627 /0 undetected,output,,N2627,N2627,0,undetected,N2627,N2627,N2627,sa0,1
36813,N2626 /1 undetected,output,,N2626,N2626,1,undetected,N2626,N2626,N2626,sa1,1
36814,N2625 /1 undetected,output,,N2625,N2625,1,undetected,N2625,N2625,N2625,sa1,1
36815,N1133 /1 undetected,output,,N1133,N1133,1,undetected,N1133,N1133,N1133,sa1,1
36816,N1132 /1 undetected,output,,N1132,N1132,1,undetected,N1132,N1132,N1132,sa1,1
36817,N2624 /1 undetected,output,,N2624,N2624,1,undetected,N2624,N2624,N2624,sa1,1
36818,N1131 /1 undetected,output,,N1131,N1131,1,undetected,N1131,N1131,N1131,sa1,1
36819,N1130 /1 undetected,output,,N1130,N1130,1,undetected,N1130,N1130,N1130,sa1,1
36820,N2623 /1 undetected,output,,N2623,N2623,1,undetected,N2623,N2623,N2623,sa1,1
36821,N2622 /1 undetected,output,,N2622,N2622,1,undetected,N2622,N2622,N2622,sa1,1
36822,N1137 /1 undetected,output,,N1137,N1137,1,undetected,N1137,N1137,N1137,sa1,1
36823,N1136 /1 undetected,output,,N1136,N1136,1,undetected,N1136,N1136,N1136,sa1,1
36824,N2621 /1 undetected,output,,N2621,N2621,1,undetected,N2621,N2621,N2621,sa1,1
36825,N85971 /1 undetected,output,,N85971,N85971,1,undetected,N85971,N85971,N85971,sa1,1
36826,N85968 /1 undetected,output,,N85968,N85968,1,undetected,N85968,N85968,N85968,sa1,1
36827,N69993 /1 undetected,output,,N69993,N69993,1,undetected,N69993,N69993,N69993,sa1,1
36828,N83284 /1 undetected,output,,N83284,N83284,1,undetected,N83284,N83284,N83284,sa1,1
36829,N69984 /1 undetected,output,,N69984,N69984,1,undetected,N69984,N69984,N69984,sa1,1
36830,N86765 /1 undetected,output,,N86765,N86765,1,undetected,N86765,N86765,N86765,sa1,1
36831,N86798 /1 undetected,output,,N86798,N86798,1,undetected,N86798,N86798,N86798,sa1,1
36832,N83271 /1 undetected,output,,N83271,N83271,1,undetected,N83271,N83271,N83271,sa1,1
36833,N69972 /1 undetected,output,,N69972,N69972,1,undetected,N69972,N69972,N69972,sa1,1
36834,N86859 /1 undetected,output,,N86859,N86859,1,undetected,N86859,N86859,N86859,sa1,1
36835,N69964 /1 undetected,output,,N69964,N69964,1,undetected,N69964,N69964,N69964,sa1,1
36836,N86894 /1 undetected,output,,N86894,N86894,1,undetected,N86894,N86894,N86894,sa1,1
36837,N69906 /1 undetected,output,,N69906,N69906,1,undetected,N69906,N69906,N69906,sa1,1
36838,N86957 /1 undetected,output,,N86957,N86957,1,undetected,N86957,N86957,N86957,sa1,1
36839,N69387 /1 undetected,output,,N69387,N69387,1,undetected,N69387,N69387,N69387,sa1,1
36840,N69387 /0 undetected,output,,N69387,N69387,0,undetected,N69387,N69387,N69387,sa0,1
36841,N90834 /1 undetected,output,,N90834,N90834,1,undetected,N90834,N90834,N90834,sa1,1
36842,N87025 /1 undetected,output,,N87025,N87025,1,undetected,N87025,N87025,N87025,sa1,1
36843,N89601 /1 undetected,output,,N89601,N89601,1,undetected,N89601,N89601,N89601,sa1,1
36844,N88097 /1 undetected,output,,N88097,N88097,1,undetected,N88097,N88097,N88097,sa1,1
36845,N88096 /1 undetected,output,,N88096,N88096,1,undetected,N88096,N88096,N88096,sa1,1
36846,N74711 /1 undetected,output,,N74711,N74711,1,undetected,N74711,N74711,N74711,sa1,1
36847,N53160 /1 undetected,output,,N53160,N53160,1,undetected,N53160,N53160,N53160,sa1,1
36848,N53160 /0 undetected,output,,N53160,N53160,0,undetected,N53160,N53160,N53160,sa0,1
36849,N85853 /1 undetected,output,,N85853,N85853,1,undetected,N85853,N85853,N85853,sa1,1
36850,N53134 /1 undetected,output,,N53134,N53134,1,undetected,N53134,N53134,N53134,sa1,1
36851,N52985 /1 undetected,output,,N52985,N52985,1,undetected,N52985,N52985,N52985,sa1,1
36852,N52985 /0 undetected,output,,N52985,N52985,0,undetected,N52985,N52985,N52985,sa0,1
36853,N85848 /1 undetected,output,,N85848,N85848,1,undetected,N85848,N85848,N85848,sa1,1
36854,N52949 /1 undetected,output,,N52949,N52949,1,undetected,N52949,N52949,N52949,sa1,1
36855,N75900 /1 undetected,output,,N75900,N75900,1,undetected,N75900,N75900,N75900,sa1,1
36856,N49040 /1 undetected,output,,N49040,N49040,1,undetected,N49040,N49040,N49040,sa1,1
36857,N49040 /0 undetected,output,,N49040,N49040,0,undetected,N49040,N49040,N49040,sa0,1
36858,N85997 /1 undetected,output,,N85997,N85997,1,undetected,N85997,N85997,N85997,sa1,1
36859,N75621 /1 undetected,output,,N75621,N75621,1,undetected,N75621,N75621,N75621,sa1,1
36860,N30600 /1 undetected,output,,N30600,N30600,1,undetected,N30600,N30600,N30600,sa1,1
36861,N30600 /0 undetected,output,,N30600,N30600,0,undetected,N30600,N30600,N30600,sa0,1
36862,N89933 /1 undetected,output,,N89933,N89933,1,undetected,N89933,N89933,N89933,sa1,1
36863,N75935 /1 undetected,output,,N75935,N75935,1,undetected,N75935,N75935,N75935,sa1,1
36864,N25554 /1 undetected,output,,N25554,N25554,1,undetected,N25554,N25554,N25554,sa1,1
36865,N24933 /1 undetected,output,,N24933,N24933,1,undetected,N24933,N24933,N24933,sa1,1
36866,N24933 /0 undetected,output,,N24933,N24933,0,undetected,N24933,N24933,N24933,sa0,1
36867,N88841 /1 undetected,output,,N88841,N88841,1,undetected,N88841,N88841,N88841,sa1,1
36868,N75719 /1 undetected,output,,N75719,N75719,1,undetected,N75719,N75719,N75719,sa1,1
36869,N22348 /1 undetected,output,,N22348,N22348,1,undetected,N22348,N22348,N22348,sa1,1
36870,N22348 /0 undetected,output,,N22348,N22348,0,undetected,N22348,N22348,N22348,sa0,1
36871,N88316 /1 undetected,output,,N88316,N88316,1,undetected,N88316,N88316,N88316,sa1,1
36872,N74452 /1 undetected,output,,N74452,N74452,1,undetected,N74452,N74452,N74452,sa1,1
36873,N21561 /1 undetected,output,,N21561,N21561,1,undetected,N21561,N21561,N21561,sa1,1
36874,N21561 /0 undetected,output,,N21561,N21561,0,undetected,N21561,N21561,N21561,sa0,1
36875,N86674 /1 undetected,output,,N86674,N86674,1,undetected,N86674,N86674,N86674,sa1,1
36876,N74449 /1 undetected,output,,N74449,N74449,1,undetected,N74449,N74449,N74449,sa1,1
36877,N19192 /1 undetected,output,,N19192,N19192,1,undetected,N19192,N19192,N19192,sa1,1
36878,N19192 /0 undetected,output,,N19192,N19192,0,undetected,N19192,N19192,N19192,sa0,1
36879,N88334 /1 undetected,output,,N88334,N88334,1,undetected,N88334,N88334,N88334,sa1,1
36880,N87568 /1 undetected,output,,N87568,N87568,1,undetected,N87568,N87568,N87568,sa1,1
36881,N19052 /1 undetected,output,,N19052,N19052,1,undetected,N19052,N19052,N19052,sa1,1
36882,N19052 /0 undetected,output,,N19052,N19052,0,undetected,N19052,N19052,N19052,sa0,1
36883,N87507 /1 undetected,output,,N87507,N87507,1,undetected,N87507,N87507,N87507,sa1,1
36884,N75538 /1 undetected,output,,N75538,N75538,1,undetected,N75538,N75538,N75538,sa1,1
36885,N17387 /1 undetected,output,,N17387,N17387,1,undetected,N17387,N17387,N17387,sa1,1
36886,N15596 /1 undetected,output,,N15596,N15596,1,undetected,N15596,N15596,N15596,sa1,1
36887,N15596 /0 undetected,output,,N15596,N15596,0,undetected,N15596,N15596,N15596,sa0,1
36888,N84026 /1 undetected,output,,N84026,N84026,1,undetected,N84026,N84026,N84026,sa1,1
36889,N15595 /1 undetected,output,,N15595,N15595,1,undetected,N15595,N15595,N15595,sa1,1
36890,N83983 /1 undetected,output,,N83983,N83983,1,undetected,N83983,N83983,N83983,sa1,1
36891,N83928 /1 undetected,output,,N83928,N83928,1,undetected,N83928,N83928,N83928,sa1,1
36892,N86192 /1 undetected,output,,N86192,N86192,1,undetected,N86192,N86192,N86192,sa1,1
36893,N86422 /1 undetected,output,,N86422,N86422,1,undetected,N86422,N86422,N86422,sa1,1
36894,N9128 /1 undetected,output,,N9128,N9128,1,undetected,N9128,N9128,N9128,sa1,1
36895,N9128 /0 undetected,output,,N9128,N9128,0,undetected,N9128,N9128,N9128,sa0,1
36896,N98893 /1 undetected,output,,N98893,N98893,1,undetected,N98893,N98893,N98893,sa1,1
36897,N93479 /1 undetected,output,,N93479,N93479,1,undetected,N93479,N93479,N93479,sa1,1
36898,N2794 /1 undetected,output,,N2794,N2794,1,undetected,N2794,N2794,N2794,sa1,1
36899,N2794 /0 undetected,output,,N2794,N2794,0,undetected,N2794,N2794,N2794,sa0,1
36900,N94783 /1 undetected,output,,N94783,N94783,1,undetected,N94783,N94783,N94783,sa1,1
36901,N84338 /1 undetected,output,,N84338,N84338,1,undetected,N84338,N84338,N84338,sa1,1
36902,N2485 /1 undetected,output,,N2485,N2485,1,undetected,N2485,N2485,N2485,sa1,1
36903,N2485 /0 undetected,output,,N2485,N2485,0,undetected,N2485,N2485,N2485,sa0,1
36904,N93458 /1 undetected,output,,N93458,N93458,1,undetected,N93458,N93458,N93458,sa1,1
36905,N85372 /1 undetected,output,,N85372,N85372,1,undetected,N85372,N85372,N85372,sa1,1
36906,N2484 /1 undetected,output,,N2484,N2484,1,undetected,N2484,N2484,N2484,sa1,1
36907,N2484 /0 undetected,output,,N2484,N2484,0,undetected,N2484,N2484,N2484,sa0,1
36908,N11377 /1 undetected,output,,N11377,N11377,1,undetected,N11377,N11377,N11377,sa1,1
36909,N11376 /1 undetected,output,,N11376,N11376,1,undetected,N11376,N11376,N11376,sa1,1
36910,N1440 /1 undetected,output,,N1440,N1440,1,undetected,N1440,N1440,N1440,sa1,1
36911,N11374 /1 undetected,output,,N11374,N11374,1,undetected,N11374,N11374,N11374,sa1,1
36912,N1468 /1 undetected,output,,N1468,N1468,1,undetected,N1468,N1468,N1468,sa1,1
36913,N11371 /1 undetected,output,,N11371,N11371,1,undetected,N11371,N11371,N11371,sa1,1
36914,N11370 /1 undetected,output,,N11370,N11370,1,undetected,N11370,N11370,N11370,sa1,1
36915,N78613 /1 undetected,output,,N78613,N78613,1,undetected,N78613,N78613,N78613,sa1,1
36916,N11368 /1 undetected,output,,N11368,N11368,1,undetected,N11368,N11368,N11368,sa1,1
36917,N1469 /1 undetected,output,,N1469,N1469,1,undetected,N1469,N1469,N1469,sa1,1
36918,N10996 /1 undetected,output,,N10996,N10996,1,undetected,N10996,N10996,N10996,sa1,1
36919,N10995 /1 undetected,output,,N10995,N10995,1,undetected,N10995,N10995,N10995,sa1,1
36920,N1370 /1 undetected,output,,N1370,N1370,1,undetected,N1370,N1370,N1370,sa1,1
36921,N10993 /1 undetected,output,,N10993,N10993,1,undetected,N10993,N10993,N10993,sa1,1
36922,N1369 /1 undetected,output,,N1369,N1369,1,undetected,N1369,N1369,N1369,sa1,1
36923,N1390 /1 undetected,output,,N1390,N1390,1,undetected,N1390,N1390,N1390,sa1,1
36924,N10917 /1 undetected,output,,N10917,N10917,1,undetected,N10917,N10917,N10917,sa1,1
36925,N1391 /1 undetected,output,,N1391,N1391,1,undetected,N1391,N1391,N1391,sa1,1
36926,N78255 /1 undetected,output,,N78255,N78255,1,undetected,N78255,N78255,N78255,sa1,1
36927,N10889 /1 undetected,output,,N10889,N10889,1,undetected,N10889,N10889,N10889,sa1,1
36928,N78262 /1 undetected,output,,N78262,N78262,1,undetected,N78262,N78262,N78262,sa1,1
36929,N10830 /1 undetected,output,,N10830,N10830,1,undetected,N10830,N10830,N10830,sa1,1
36930,N10830 /0 undetected,output,,N10830,N10830,0,undetected,N10830,N10830,N10830,sa0,1
36931,N10829 /1 undetected,output,,N10829,N10829,1,undetected,N10829,N10829,N10829,sa1,1
36932,N78133 /1 undetected,output,,N78133,N78133,1,undetected,N78133,N78133,N78133,sa1,1
36933,N1367 /1 undetected,output,,N1367,N1367,1,undetected,N1367,N1367,N1367,sa1,1
36934,N10827 /1 undetected,output,,N10827,N10827,1,undetected,N10827,N10827,N10827,sa1,1
36935,N78141 /1 undetected,output,,N78141,N78141,1,undetected,N78141,N78141,N78141,sa1,1
36936,N1365 /1 undetected,output,,N1365,N1365,1,undetected,N1365,N1365,N1365,sa1,1
36937,N10789 /0 undetected,output,,N10789,N10789,0,undetected,N10789,N10789,N10789,sa0,1
36938,N10788 /1 undetected,output,,N10788,N10788,1,undetected,N10788,N10788,N10788,sa1,1
36939,N1322 /1 undetected,output,,N1322,N1322,1,undetected,N1322,N1322,N1322,sa1,1
36940,N1315 /1 undetected,output,,N1315,N1315,1,undetected,N1315,N1315,N1315,sa1,1
36941,N77880 /1 undetected,output,,N77880,N77880,1,undetected,N77880,N77880,N77880,sa1,1
36942,N77849 /1 undetected,output,,N77849,N77849,1,undetected,N77849,N77849,N77849,sa1,1
36943,N10783 /1 undetected,output,,N10783,N10783,1,undetected,N10783,N10783,N10783,sa1,1
36944,N10782 /1 undetected,output,,N10782,N10782,1,undetected,N10782,N10782,N10782,sa1,1
36945,N1319 /1 undetected,output,,N1319,N1319,1,undetected,N1319,N1319,N1319,sa1,1
36946,N10780 /1 undetected,output,,N10780,N10780,1,undetected,N10780,N10780,N10780,sa1,1
36947,N1316 /1 undetected,output,,N1316,N1316,1,undetected,N1316,N1316,N1316,sa1,1
36948,N10651 /0 undetected,output,,N10651,N10651,0,undetected,N10651,N10651,N10651,sa0,1
36949,N10650 /1 undetected,output,,N10650,N10650,1,undetected,N10650,N10650,N10650,sa1,1
36950,N78032 /1 undetected,output,,N78032,N78032,1,undetected,N78032,N78032,N78032,sa1,1
36951,N1348 /1 undetected,output,,N1348,N1348,1,undetected,N1348,N1348,N1348,sa1,1
36952,N78040 /1 undetected,output,,N78040,N78040,1,undetected,N78040,N78040,N78040,sa1,1
36953,N1346 /1 undetected,output,,N1346,N1346,1,undetected,N1346,N1346,N1346,sa1,1
36954,N10611 /0 undetected,output,,N10611,N10611,0,undetected,N10611,N10611,N10611,sa0,1
36955,N1350 /1 undetected,output,,N1350,N1350,1,undetected,N1350,N1350,N1350,sa1,1
36956,N1349 /1 undetected,output,,N1349,N1349,1,undetected,N1349,N1349,N1349,sa1,1
36957,N10608 /1 undetected,output,,N10608,N10608,1,undetected,N10608,N10608,N10608,sa1,1
36958,N78048 /1 undetected,output,,N78048,N78048,1,undetected,N78048,N78048,N78048,sa1,1
36959,N78044 /1 undetected,output,,N78044,N78044,1,undetected,N78044,N78044,N78044,sa1,1
36960,N10582 /0 undetected,output,,N10582,N10582,0,undetected,N10582,N10582,N10582,sa0,1
36961,N78017 /1 undetected,output,,N78017,N78017,1,undetected,N78017,N78017,N78017,sa1,1
36962,N1341 /1 undetected,output,,N1341,N1341,1,undetected,N1341,N1341,N1341,sa1,1
36963,N10579 /1 undetected,output,,N10579,N10579,1,undetected,N10579,N10579,N10579,sa1,1
36964,N78013 /1 undetected,output,,N78013,N78013,1,undetected,N78013,N78013,N78013,sa1,1
36965,N1342 /1 undetected,output,,N1342,N1342,1,undetected,N1342,N1342,N1342,sa1,1
36966,N10554 /0 undetected,output,,N10554,N10554,0,undetected,N10554,N10554,N10554,sa0,1
36967,N78021 /1 undetected,output,,N78021,N78021,1,undetected,N78021,N78021,N78021,sa1,1
36968,N1345 /1 undetected,output,,N1345,N1345,1,undetected,N1345,N1345,N1345,sa1,1
36969,N10551 /1 undetected,output,,N10551,N10551,1,undetected,N10551,N10551,N10551,sa1,1
36970,N78028 /1 undetected,output,,N78028,N78028,1,undetected,N78028,N78028,N78028,sa1,1
36971,N1343 /1 undetected,output,,N1343,N1343,1,undetected,N1343,N1343,N1343,sa1,1
36972,N10515 /1 undetected,output,,N10515,N10515,1,undetected,N10515,N10515,N10515,sa1,1
36973,N10515 /0 undetected,output,,N10515,N10515,0,undetected,N10515,N10515,N10515,sa0,1
36974,N10514 /1 undetected,output,,N10514,N10514,1,undetected,N10514,N10514,N10514,sa1,1
36975,N78329 /1 undetected,output,,N78329,N78329,1,undetected,N78329,N78329,N78329,sa1,1
36976,N78321 /1 undetected,output,,N78321,N78321,1,undetected,N78321,N78321,N78321,sa1,1
36977,N10512 /1 undetected,output,,N10512,N10512,1,undetected,N10512,N10512,N10512,sa1,1
36978,N1409 /1 undetected,output,,N1409,N1409,1,undetected,N1409,N1409,N1409,sa1,1
36979,N1407 /1 undetected,output,,N1407,N1407,1,undetected,N1407,N1407,N1407,sa1,1
36980,N10405 /1 undetected,output,,N10405,N10405,1,undetected,N10405,N10405,N10405,sa1,1
36981,N10404 /1 undetected,output,,N10404,N10404,1,undetected,N10404,N10404,N10404,sa1,1
36982,N78433 /1 undetected,output,,N78433,N78433,1,undetected,N78433,N78433,N78433,sa1,1
36983,N10402 /1 undetected,output,,N10402,N10402,1,undetected,N10402,N10402,N10402,sa1,1
36984,N1431 /1 undetected,output,,N1431,N1431,1,undetected,N1431,N1431,N1431,sa1,1
36985,N10321 /1 undetected,output,,N10321,N10321,1,undetected,N10321,N10321,N10321,sa1,1
36986,N78383 /1 undetected,output,,N78383,N78383,1,undetected,N78383,N78383,N78383,sa1,1
36987,N78391 /1 undetected,output,,N78391,N78391,1,undetected,N78391,N78391,N78391,sa1,1
36988,N10259 /1 undetected,output,,N10259,N10259,1,undetected,N10259,N10259,N10259,sa1,1
36989,N10259 /0 undetected,output,,N10259,N10259,0,undetected,N10259,N10259,N10259,sa0,1
36990,N10258 /1 undetected,output,,N10258,N10258,1,undetected,N10258,N10258,N10258,sa1,1
36991,N78358 /1 undetected,output,,N78358,N78358,1,undetected,N78358,N78358,N78358,sa1,1
36992,N1417 /1 undetected,output,,N1417,N1417,1,undetected,N1417,N1417,N1417,sa1,1
36993,N10256 /1 undetected,output,,N10256,N10256,1,undetected,N10256,N10256,N10256,sa1,1
36994,N78365 /1 undetected,output,,N78365,N78365,1,undetected,N78365,N78365,N78365,sa1,1
36995,N1415 /1 undetected,output,,N1415,N1415,1,undetected,N1415,N1415,N1415,sa1,1
36996,N2542 /0 undetected,output,,N2542,N2542,0,undetected,N2542,N2542,N2542,sa0,1
36997,N2541 /1 undetected,output,,N2541,N2541,1,undetected,N2541,N2541,N2541,sa1,1
36998,N2540 /1 undetected,output,,N2540,N2540,1,undetected,N2540,N2540,N2540,sa1,1
36999,N1126 /1 undetected,output,,N1126,N1126,1,undetected,N1126,N1126,N1126,sa1,1
37000,N1125 /1 undetected,output,,N1125,N1125,1,undetected,N1125,N1125,N1125,sa1,1
37001,N2539 /1 undetected,output,,N2539,N2539,1,undetected,N2539,N2539,N2539,sa1,1
37002,N1124 /1 undetected,output,,N1124,N1124,1,undetected,N1124,N1124,N1124,sa1,1
37003,N1123 /1 undetected,output,,N1123,N1123,1,undetected,N1123,N1123,N1123,sa1,1
37004,N2538 /1 undetected,output,,N2538,N2538,1,undetected,N2538,N2538,N2538,sa1,1
37005,N1122 /1 undetected,output,,N1122,N1122,1,undetected,N1122,N1122,N1122,sa1,1
37006,N1121 /1 undetected,output,,N1121,N1121,1,undetected,N1121,N1121,N1121,sa1,1
37007,N67847 /0 undetected,output,,N67847,N67847,0,undetected,N67847,N67847,N67847,sa0,1
37008,N81284 /1 undetected,output,,N81284,N81284,1,undetected,N81284,N81284,N81284,sa1,1
37009,N67758 /0 undetected,output,,N67758,N67758,0,undetected,N67758,N67758,N67758,sa0,1
37010,N81443 /1 undetected,output,,N81443,N81443,1,undetected,N81443,N81443,N81443,sa1,1
37011,N64806 /0 undetected,output,,N64806,N64806,0,undetected,N64806,N64806,N64806,sa0,1
37012,N80935 /1 undetected,output,,N80935,N80935,1,undetected,N80935,N80935,N80935,sa1,1
37013,N80933 /1 undetected,output,,N80933,N80933,1,undetected,N80933,N80933,N80933,sa1,1
37014,N90543 /1 undetected,output,,N90543,N90543,1,undetected,N90543,N90543,N90543,sa1,1
37015,N60934 /1 undetected,output,,N60934,N60934,1,undetected,N60934,N60934,N60934,sa1,1
37016,N60934 /0 undetected,output,,N60934,N60934,0,undetected,N60934,N60934,N60934,sa0,1
37017,N90658 /1 undetected,output,,N90658,N90658,1,undetected,N90658,N90658,N90658,sa1,1
37018,N80707 /1 undetected,output,,N80707,N80707,1,undetected,N80707,N80707,N80707,sa1,1
37019,N89322 /1 undetected,output,,N89322,N89322,1,undetected,N89322,N89322,N89322,sa1,1
37020,N55754 /1 undetected,output,,N55754,N55754,1,undetected,N55754,N55754,N55754,sa1,1
37021,N55754 /0 undetected,output,,N55754,N55754,0,undetected,N55754,N55754,N55754,sa0,1
37022,N85878 /1 undetected,output,,N85878,N85878,1,undetected,N85878,N85878,N85878,sa1,1
37023,N75846 /1 undetected,output,,N75846,N75846,1,undetected,N75846,N75846,N75846,sa1,1
37024,N55719 /1 undetected,output,,N55719,N55719,1,undetected,N55719,N55719,N55719,sa1,1
37025,N55719 /0 undetected,output,,N55719,N55719,0,undetected,N55719,N55719,N55719,sa0,1
37026,N55500 /1 undetected,output,,N55500,N55500,1,undetected,N55500,N55500,N55500,sa1,1
37027,N85709 /1 undetected,output,,N85709,N85709,1,undetected,N85709,N85709,N85709,sa1,1
37028,N75759 /1 undetected,output,,N75759,N75759,1,undetected,N75759,N75759,N75759,sa1,1
37029,N55460 /1 undetected,output,,N55460,N55460,1,undetected,N55460,N55460,N55460,sa1,1
37030,N55460 /0 undetected,output,,N55460,N55460,0,undetected,N55460,N55460,N55460,sa0,1
37031,N85876 /1 undetected,output,,N85876,N85876,1,undetected,N85876,N85876,N85876,sa1,1
37032,N75771 /1 undetected,output,,N75771,N75771,1,undetected,N75771,N75771,N75771,sa1,1
37033,N54884 /1 undetected,output,,N54884,N54884,1,undetected,N54884,N54884,N54884,sa1,1
37034,N54884 /0 undetected,output,,N54884,N54884,0,undetected,N54884,N54884,N54884,sa0,1
37035,N85958 /1 undetected,output,,N85958,N85958,1,undetected,N85958,N85958,N85958,sa1,1
37036,N75893 /1 undetected,output,,N75893,N75893,1,undetected,N75893,N75893,N75893,sa1,1
37037,N54828 /1 undetected,output,,N54828,N54828,1,undetected,N54828,N54828,N54828,sa1,1
37038,N54828 /0 undetected,output,,N54828,N54828,0,undetected,N54828,N54828,N54828,sa0,1
37039,N54533 /1 undetected,output,,N54533,N54533,1,undetected,N54533,N54533,N54533,sa1,1
37040,N54533 /0 undetected,output,,N54533,N54533,0,undetected,N54533,N54533,N54533,sa0,1
37041,N85952 /1 undetected,output,,N85952,N85952,1,undetected,N85952,N85952,N85952,sa1,1
37042,N75691 /1 undetected,output,,N75691,N75691,1,undetected,N75691,N75691,N75691,sa1,1
37043,N53894 /1 undetected,output,,N53894,N53894,1,undetected,N53894,N53894,N53894,sa1,1
37044,N53894 /0 undetected,output,,N53894,N53894,0,undetected,N53894,N53894,N53894,sa0,1
37045,N85903 /1 undetected,output,,N85903,N85903,1,undetected,N85903,N85903,N85903,sa1,1
37046,N75867 /1 undetected,output,,N75867,N75867,1,undetected,N75867,N75867,N75867,sa1,1
37047,N53853 /1 undetected,output,,N53853,N53853,1,undetected,N53853,N53853,N53853,sa1,1
37048,N53853 /0 undetected,output,,N53853,N53853,0,undetected,N53853,N53853,N53853,sa0,1
37049,N53839 /1 undetected,output,,N53839,N53839,1,undetected,N53839,N53839,N53839,sa1,1
37050,N53839 /0 undetected,output,,N53839,N53839,0,undetected,N53839,N53839,N53839,sa0,1
37051,N85756 /1 undetected,output,,N85756,N85756,1,undetected,N85756,N85756,N85756,sa1,1
37052,N75878 /1 undetected,output,,N75878,N75878,1,undetected,N75878,N75878,N75878,sa1,1
37053,N53726 /1 undetected,output,,N53726,N53726,1,undetected,N53726,N53726,N53726,sa1,1
37054,N53726 /0 undetected,output,,N53726,N53726,0,undetected,N53726,N53726,N53726,sa0,1
37055,N84785 /1 undetected,output,,N84785,N84785,1,undetected,N84785,N84785,N84785,sa1,1
37056,N75748 /1 undetected,output,,N75748,N75748,1,undetected,N75748,N75748,N75748,sa1,1
37057,N53218 /0 undetected,output,,N53218,N53218,0,undetected,N53218,N53218,N53218,sa0,1
37058,N85685 /1 undetected,output,,N85685,N85685,1,undetected,N85685,N85685,N85685,sa1,1
37059,N53135 /1 undetected,output,,N53135,N53135,1,undetected,N53135,N53135,N53135,sa1,1
37060,N53135 /0 undetected,output,,N53135,N53135,0,undetected,N53135,N53135,N53135,sa0,1
37061,N120273 /1 undetected,output,,N120273,N120273,1,undetected,N120273,N120273,N120273,sa1,1
37062,N85852 /1 undetected,output,,N85852,N85852,1,undetected,N85852,N85852,N85852,sa1,1
37063,N52950 /1 undetected,output,,N52950,N52950,1,undetected,N52950,N52950,N52950,sa1,1
37064,N52950 /0 undetected,output,,N52950,N52950,0,undetected,N52950,N52950,N52950,sa0,1
37065,N120220 /1 undetected,output,,N120220,N120220,1,undetected,N120220,N120220,N120220,sa1,1
37066,N85846 /1 undetected,output,,N85846,N85846,1,undetected,N85846,N85846,N85846,sa1,1
37067,N52492 /0 undetected,output,,N52492,N52492,0,undetected,N52492,N52492,N52492,sa0,1
37068,N52454 /1 undetected,output,,N52454,N52454,1,undetected,N52454,N52454,N52454,sa1,1
37069,N90364 /1 undetected,output,,N90364,N90364,1,undetected,N90364,N90364,N90364,sa1,1
37070,N82197 /1 undetected,output,,N82197,N82197,1,undetected,N82197,N82197,N82197,sa1,1
37071,N52120 /1 undetected,output,,N52120,N52120,1,undetected,N52120,N52120,N52120,sa1,1
37072,N52120 /0 undetected,output,,N52120,N52120,0,undetected,N52120,N52120,N52120,sa0,1
37073,N89400 /1 undetected,output,,N89400,N89400,1,undetected,N89400,N89400,N89400,sa1,1
37074,N81103 /1 undetected,output,,N81103,N81103,1,undetected,N81103,N81103,N81103,sa1,1
37075,N52117 /1 undetected,output,,N52117,N52117,1,undetected,N52117,N52117,N52117,sa1,1
37076,N52117 /0 undetected,output,,N52117,N52117,0,undetected,N52117,N52117,N52117,sa0,1
37077,N89484 /1 undetected,output,,N89484,N89484,1,undetected,N89484,N89484,N89484,sa1,1
37078,N81017 /1 undetected,output,,N81017,N81017,1,undetected,N81017,N81017,N81017,sa1,1
37079,N49822 /1 undetected,output,,N49822,N49822,1,undetected,N49822,N49822,N49822,sa1,1
37080,N49822 /0 undetected,output,,N49822,N49822,0,undetected,N49822,N49822,N49822,sa0,1
37081,N88837 /1 undetected,output,,N88837,N88837,1,undetected,N88837,N88837,N88837,sa1,1
37082,N82089 /1 undetected,output,,N82089,N82089,1,undetected,N82089,N82089,N82089,sa1,1
37083,N49796 /1 undetected,output,,N49796,N49796,1,undetected,N49796,N49796,N49796,sa1,1
37084,N49796 /0 undetected,output,,N49796,N49796,0,undetected,N49796,N49796,N49796,sa0,1
37085,N88836 /1 undetected,output,,N88836,N88836,1,undetected,N88836,N88836,N88836,sa1,1
37086,N76412 /1 undetected,output,,N76412,N76412,1,undetected,N76412,N76412,N76412,sa1,1
37087,N49790 /1 undetected,output,,N49790,N49790,1,undetected,N49790,N49790,N49790,sa1,1
37088,N49790 /0 undetected,output,,N49790,N49790,0,undetected,N49790,N49790,N49790,sa0,1
37089,N88835 /1 undetected,output,,N88835,N88835,1,undetected,N88835,N88835,N88835,sa1,1
37090,N86183 /1 undetected,output,,N86183,N86183,1,undetected,N86183,N86183,N86183,sa1,1
37091,N49462 /1 undetected,output,,N49462,N49462,1,undetected,N49462,N49462,N49462,sa1,1
37092,N49462 /0 undetected,output,,N49462,N49462,0,undetected,N49462,N49462,N49462,sa0,1
37093,N49191 /1 undetected,output,,N49191,N49191,1,undetected,N49191,N49191,N49191,sa1,1
37094,N49191 /0 undetected,output,,N49191,N49191,0,undetected,N49191,N49191,N49191,sa0,1
37095,N48995 /0 undetected,output,,N48995,N48995,0,undetected,N48995,N48995,N48995,sa0,1
37096,N47990 /1 undetected,output,,N47990,N47990,1,undetected,N47990,N47990,N47990,sa1,1
37097,N47990 /0 undetected,output,,N47990,N47990,0,undetected,N47990,N47990,N47990,sa0,1
37098,N90270 /1 undetected,output,,N90270,N90270,1,undetected,N90270,N90270,N90270,sa1,1
37099,N78756 /1 undetected,output,,N78756,N78756,1,undetected,N78756,N78756,N78756,sa1,1
37100,N47716 /1 undetected,output,,N47716,N47716,1,undetected,N47716,N47716,N47716,sa1,1
37101,N90269 /1 undetected,output,,N90269,N90269,1,undetected,N90269,N90269,N90269,sa1,1
37102,N87638 /1 undetected,output,,N87638,N87638,1,undetected,N87638,N87638,N87638,sa1,1
37103,N46998 /1 undetected,output,,N46998,N46998,1,undetected,N46998,N46998,N46998,sa1,1
37104,N46998 /0 undetected,output,,N46998,N46998,0,undetected,N46998,N46998,N46998,sa0,1
37105,N88381 /1 undetected,output,,N88381,N88381,1,undetected,N88381,N88381,N88381,sa1,1
37106,N82044 /1 undetected,output,,N82044,N82044,1,undetected,N82044,N82044,N82044,sa1,1
37107,N46294 /1 undetected,output,,N46294,N46294,1,undetected,N46294,N46294,N46294,sa1,1
37108,N46294 /0 undetected,output,,N46294,N46294,0,undetected,N46294,N46294,N46294,sa0,1
37109,N87594 /1 undetected,output,,N87594,N87594,1,undetected,N87594,N87594,N87594,sa1,1
37110,N82011 /1 undetected,output,,N82011,N82011,1,undetected,N82011,N82011,N82011,sa1,1
37111,N45581 /1 undetected,output,,N45581,N45581,1,undetected,N45581,N45581,N45581,sa1,1
37112,N45581 /0 undetected,output,,N45581,N45581,0,undetected,N45581,N45581,N45581,sa0,1
37113,N88339 /1 undetected,output,,N88339,N88339,1,undetected,N88339,N88339,N88339,sa1,1
37114,N81992 /1 undetected,output,,N81992,N81992,1,undetected,N81992,N81992,N81992,sa1,1
37115,N44593 /1 undetected,output,,N44593,N44593,1,undetected,N44593,N44593,N44593,sa1,1
37116,N44593 /0 undetected,output,,N44593,N44593,0,undetected,N44593,N44593,N44593,sa0,1
37117,N86279 /1 undetected,output,,N86279,N86279,1,undetected,N86279,N86279,N86279,sa1,1
37118,N81963 /1 undetected,output,,N81963,N81963,1,undetected,N81963,N81963,N81963,sa1,1
37119,N42755 /1 undetected,output,,N42755,N42755,1,undetected,N42755,N42755,N42755,sa1,1
37120,N42755 /0 undetected,output,,N42755,N42755,0,undetected,N42755,N42755,N42755,sa0,1
37121,N90195 /1 undetected,output,,N90195,N90195,1,undetected,N90195,N90195,N90195,sa1,1
37122,N87606 /1 undetected,output,,N87606,N87606,1,undetected,N87606,N87606,N87606,sa1,1
37123,N42334 /1 undetected,output,,N42334,N42334,1,undetected,N42334,N42334,N42334,sa1,1
37124,N42334 /0 undetected,output,,N42334,N42334,0,undetected,N42334,N42334,N42334,sa0,1
37125,N90030 /1 undetected,output,,N90030,N90030,1,undetected,N90030,N90030,N90030,sa1,1
37126,N79362 /1 undetected,output,,N79362,N79362,1,undetected,N79362,N79362,N79362,sa1,1
37127,N90029 /1 undetected,output,,N90029,N90029,1,undetected,N90029,N90029,N90029,sa1,1
37128,N88290 /1 undetected,output,,N88290,N88290,1,undetected,N88290,N88290,N88290,sa1,1
37129,N41030 /1 undetected,output,,N41030,N41030,1,undetected,N41030,N41030,N41030,sa1,1
37130,N41030 /0 undetected,output,,N41030,N41030,0,undetected,N41030,N41030,N41030,sa0,1
37131,N88212 /1 undetected,output,,N88212,N88212,1,undetected,N88212,N88212,N88212,sa1,1
37132,N81938 /1 undetected,output,,N81938,N81938,1,undetected,N81938,N81938,N81938,sa1,1
37133,N40619 /0 undetected,output,,N40619,N40619,0,undetected,N40619,N40619,N40619,sa0,1
37134,N81789 /1 undetected,output,,N81789,N81789,1,undetected,N81789,N81789,N81789,sa1,1
37135,N39900 /1 undetected,output,,N39900,N39900,1,undetected,N39900,N39900,N39900,sa1,1
37136,N86130 /1 undetected,output,,N86130,N86130,1,undetected,N86130,N86130,N86130,sa1,1
37137,N81928 /1 undetected,output,,N81928,N81928,1,undetected,N81928,N81928,N81928,sa1,1
37138,N39462 /1 undetected,output,,N39462,N39462,1,undetected,N39462,N39462,N39462,sa1,1
37139,N39462 /0 undetected,output,,N39462,N39462,0,undetected,N39462,N39462,N39462,sa0,1
37140,N90150 /1 undetected,output,,N90150,N90150,1,undetected,N90150,N90150,N90150,sa1,1
37141,N76377 /1 undetected,output,,N76377,N76377,1,undetected,N76377,N76377,N76377,sa1,1
37142,N39459 /1 undetected,output,,N39459,N39459,1,undetected,N39459,N39459,N39459,sa1,1
37143,N39459 /0 undetected,output,,N39459,N39459,0,undetected,N39459,N39459,N39459,sa0,1
37144,N86154 /1 undetected,output,,N86154,N86154,1,undetected,N86154,N86154,N86154,sa1,1
37145,N81918 /1 undetected,output,,N81918,N81918,1,undetected,N81918,N81918,N81918,sa1,1
37146,N39172 /1 undetected,output,,N39172,N39172,1,undetected,N39172,N39172,N39172,sa1,1
37147,N90149 /1 undetected,output,,N90149,N90149,1,undetected,N90149,N90149,N90149,sa1,1
37148,N86149 /1 undetected,output,,N86149,N86149,1,undetected,N86149,N86149,N86149,sa1,1
37149,N38752 /1 undetected,output,,N38752,N38752,1,undetected,N38752,N38752,N38752,sa1,1
37150,N38752 /0 undetected,output,,N38752,N38752,0,undetected,N38752,N38752,N38752,sa0,1
37151,N86113 /1 undetected,output,,N86113,N86113,1,undetected,N86113,N86113,N86113,sa1,1
37152,N81906 /1 undetected,output,,N81906,N81906,1,undetected,N81906,N81906,N81906,sa1,1
37153,N38751 /1 undetected,output,,N38751,N38751,1,undetected,N38751,N38751,N38751,sa1,1
37154,N38751 /0 undetected,output,,N38751,N38751,0,undetected,N38751,N38751,N38751,sa0,1
37155,N90137 /1 undetected,output,,N90137,N90137,1,undetected,N90137,N90137,N90137,sa1,1
37156,N76338 /1 undetected,output,,N76338,N76338,1,undetected,N76338,N76338,N76338,sa1,1
37157,N38443 /1 undetected,output,,N38443,N38443,1,undetected,N38443,N38443,N38443,sa1,1
37158,N90136 /1 undetected,output,,N90136,N90136,1,undetected,N90136,N90136,N90136,sa1,1
37159,N86108 /1 undetected,output,,N86108,N86108,1,undetected,N86108,N86108,N86108,sa1,1
37160,N37815 /1 undetected,output,,N37815,N37815,1,undetected,N37815,N37815,N37815,sa1,1
37161,N37815 /0 undetected,output,,N37815,N37815,0,undetected,N37815,N37815,N37815,sa0,1
37162,N90105 /1 undetected,output,,N90105,N90105,1,undetected,N90105,N90105,N90105,sa1,1
37163,N88253 /1 undetected,output,,N88253,N88253,1,undetected,N88253,N88253,N88253,sa1,1
37164,N37021 /1 undetected,output,,N37021,N37021,1,undetected,N37021,N37021,N37021,sa1,1
37165,N37021 /0 undetected,output,,N37021,N37021,0,undetected,N37021,N37021,N37021,sa0,1
37166,N87580 /1 undetected,output,,N87580,N87580,1,undetected,N87580,N87580,N87580,sa1,1
37167,N81892 /1 undetected,output,,N81892,N81892,1,undetected,N81892,N81892,N81892,sa1,1
37168,N34892 /1 undetected,output,,N34892,N34892,1,undetected,N34892,N34892,N34892,sa1,1
37169,N34892 /0 undetected,output,,N34892,N34892,0,undetected,N34892,N34892,N34892,sa0,1
37170,N88237 /1 undetected,output,,N88237,N88237,1,undetected,N88237,N88237,N88237,sa1,1
37171,N81843 /1 undetected,output,,N81843,N81843,1,undetected,N81843,N81843,N81843,sa1,1
37172,N34252 /1 undetected,output,,N34252,N34252,1,undetected,N34252,N34252,N34252,sa1,1
37173,N34252 /0 undetected,output,,N34252,N34252,0,undetected,N34252,N34252,N34252,sa0,1
37174,N86254 /1 undetected,output,,N86254,N86254,1,undetected,N86254,N86254,N86254,sa1,1
37175,N81829 /1 undetected,output,,N81829,N81829,1,undetected,N81829,N81829,N81829,sa1,1
37176,N33482 /1 undetected,output,,N33482,N33482,1,undetected,N33482,N33482,N33482,sa1,1
37177,N33482 /0 undetected,output,,N33482,N33482,0,undetected,N33482,N33482,N33482,sa0,1
37178,N90043 /1 undetected,output,,N90043,N90043,1,undetected,N90043,N90043,N90043,sa1,1
37179,N79383 /1 undetected,output,,N79383,N79383,1,undetected,N79383,N79383,N79383,sa1,1
37180,N33477 /1 undetected,output,,N33477,N33477,1,undetected,N33477,N33477,N33477,sa1,1
37181,N90042 /1 undetected,output,,N90042,N90042,1,undetected,N90042,N90042,N90042,sa1,1
37182,N88323 /1 undetected,output,,N88323,N88323,1,undetected,N88323,N88323,N88323,sa1,1
37183,N32762 /1 undetected,output,,N32762,N32762,1,undetected,N32762,N32762,N32762,sa1,1
37184,N32762 /0 undetected,output,,N32762,N32762,0,undetected,N32762,N32762,N32762,sa0,1
37185,N90236 /1 undetected,output,,N90236,N90236,1,undetected,N90236,N90236,N90236,sa1,1
37186,N84771 /1 undetected,output,,N84771,N84771,1,undetected,N84771,N84771,N84771,sa1,1
37187,N32557 /1 undetected,output,,N32557,N32557,1,undetected,N32557,N32557,N32557,sa1,1
37188,N32557 /0 undetected,output,,N32557,N32557,0,undetected,N32557,N32557,N32557,sa0,1
37189,N90224 /1 undetected,output,,N90224,N90224,1,undetected,N90224,N90224,N90224,sa1,1
37190,N84770 /1 undetected,output,,N84770,N84770,1,undetected,N84770,N84770,N84770,sa1,1
37191,N31791 /1 undetected,output,,N31791,N31791,1,undetected,N31791,N31791,N31791,sa1,1
37192,N31791 /0 undetected,output,,N31791,N31791,0,undetected,N31791,N31791,N31791,sa0,1
37193,N85981 /1 undetected,output,,N85981,N85981,1,undetected,N85981,N85981,N85981,sa1,1
37194,N75602 /1 undetected,output,,N75602,N75602,1,undetected,N75602,N75602,N75602,sa1,1
37195,N86069 /1 undetected,output,,N86069,N86069,1,undetected,N86069,N86069,N86069,sa1,1
37196,N81900 /1 undetected,output,,N81900,N81900,1,undetected,N81900,N81900,N81900,sa1,1
37197,N90117 /1 undetected,output,,N90117,N90117,1,undetected,N90117,N90117,N90117,sa1,1
37198,N31513 /0 undetected,output,,N31513,N31513,0,undetected,N31513,N31513,N31513,sa0,1
37199,N81890 /1 undetected,output,,N81890,N81890,1,undetected,N81890,N81890,N81890,sa1,1
37200,N31474 /1 undetected,output,,N31474,N31474,1,undetected,N31474,N31474,N31474,sa1,1
37201,N90110 /1 undetected,output,,N90110,N90110,1,undetected,N90110,N90110,N90110,sa1,1
37202,N90101 /1 undetected,output,,N90101,N90101,1,undetected,N90101,N90101,N90101,sa1,1
37203,N31403 /1 undetected,output,,N31403,N31403,1,undetected,N31403,N31403,N31403,sa1,1
37204,N90095 /1 undetected,output,,N90095,N90095,1,undetected,N90095,N90095,N90095,sa1,1
37205,N90087 /1 undetected,output,,N90087,N90087,1,undetected,N90087,N90087,N90087,sa1,1
37206,N31379 /1 undetected,output,,N31379,N31379,1,undetected,N31379,N31379,N31379,sa1,1
37207,N90094 /1 undetected,output,,N90094,N90094,1,undetected,N90094,N90094,N90094,sa1,1
37208,N81867 /1 undetected,output,,N81867,N81867,1,undetected,N81867,N81867,N81867,sa1,1
37209,N31257 /1 undetected,output,,N31257,N31257,1,undetected,N31257,N31257,N31257,sa1,1
37210,N31257 /0 undetected,output,,N31257,N31257,0,undetected,N31257,N31257,N31257,sa0,1
37211,N90063 /1 undetected,output,,N90063,N90063,1,undetected,N90063,N90063,N90063,sa1,1
37212,N84768 /1 undetected,output,,N84768,N84768,1,undetected,N84768,N84768,N84768,sa1,1
37213,N88271 /1 undetected,output,,N88271,N88271,1,undetected,N88271,N88271,N88271,sa1,1
37214,N81798 /1 undetected,output,,N81798,N81798,1,undetected,N81798,N81798,N81798,sa1,1
37215,N29808 /1 undetected,output,,N29808,N29808,1,undetected,N29808,N29808,N29808,sa1,1
37216,N29808 /0 undetected,output,,N29808,N29808,0,undetected,N29808,N29808,N29808,sa0,1
37217,N89990 /1 undetected,output,,N89990,N89990,1,undetected,N89990,N89990,N89990,sa1,1
37218,N76315 /1 undetected,output,,N76315,N76315,1,undetected,N76315,N76315,N76315,sa1,1
37219,N29803 /1 undetected,output,,N29803,N29803,1,undetected,N29803,N29803,N29803,sa1,1
37220,N89989 /1 undetected,output,,N89989,N89989,1,undetected,N89989,N89989,N89989,sa1,1
37221,N86086 /1 undetected,output,,N86086,N86086,1,undetected,N86086,N86086,N86086,sa1,1
37222,N29081 /1 undetected,output,,N29081,N29081,1,undetected,N29081,N29081,N29081,sa1,1
37223,N29081 /0 undetected,output,,N29081,N29081,0,undetected,N29081,N29081,N29081,sa0,1
37224,N86228 /1 undetected,output,,N86228,N86228,1,undetected,N86228,N86228,N86228,sa1,1
37225,N81750 /1 undetected,output,,N81750,N81750,1,undetected,N81750,N81750,N81750,sa1,1
37226,N28056 /1 undetected,output,,N28056,N28056,1,undetected,N28056,N28056,N28056,sa1,1
37227,N28056 /0 undetected,output,,N28056,N28056,0,undetected,N28056,N28056,N28056,sa0,1
37228,N89960 /1 undetected,output,,N89960,N89960,1,undetected,N89960,N89960,N89960,sa1,1
37229,N88305 /1 undetected,output,,N88305,N88305,1,undetected,N88305,N88305,N88305,sa1,1
37230,N27688 /1 undetected,output,,N27688,N27688,1,undetected,N27688,N27688,N27688,sa1,1
37231,N27688 /0 undetected,output,,N27688,N27688,0,undetected,N27688,N27688,N27688,sa0,1
37232,N89947 /1 undetected,output,,N89947,N89947,1,undetected,N89947,N89947,N89947,sa1,1
37233,N86313 /1 undetected,output,,N86313,N86313,1,undetected,N86313,N86313,N86313,sa1,1
37234,N27427 /1 undetected,output,,N27427,N27427,1,undetected,N27427,N27427,N27427,sa1,1
37235,N27427 /0 undetected,output,,N27427,N27427,0,undetected,N27427,N27427,N27427,sa0,1
37236,N89949 /1 undetected,output,,N89949,N89949,1,undetected,N89949,N89949,N89949,sa1,1
37237,N76617 /1 undetected,output,,N76617,N76617,1,undetected,N76617,N76617,N76617,sa1,1
37238,N27235 /0 undetected,output,,N27235,N27235,0,undetected,N27235,N27235,N27235,sa0,1
37239,N89944 /1 undetected,output,,N89944,N89944,1,undetected,N89944,N89944,N89944,sa1,1
37240,N26088 /1 undetected,output,,N26088,N26088,1,undetected,N26088,N26088,N26088,sa1,1
37241,N26088 /0 undetected,output,,N26088,N26088,0,undetected,N26088,N26088,N26088,sa0,1
37242,N87685 /1 undetected,output,,N87685,N87685,1,undetected,N87685,N87685,N87685,sa1,1
37243,N81688 /1 undetected,output,,N81688,N81688,1,undetected,N81688,N81688,N81688,sa1,1
37244,N25691 /0 undetected,output,,N25691,N25691,0,undetected,N25691,N25691,N25691,sa0,1
37245,N25618 /1 undetected,output,,N25618,N25618,1,undetected,N25618,N25618,N25618,sa1,1
37246,N89772 /1 undetected,output,,N89772,N89772,1,undetected,N89772,N89772,N89772,sa1,1
37247,N81449 /1 undetected,output,,N81449,N81449,1,undetected,N81449,N81449,N81449,sa1,1
37248,N25561 /1 undetected,output,,N25561,N25561,1,undetected,N25561,N25561,N25561,sa1,1
37249,N89571 /1 undetected,output,,N89571,N89571,1,undetected,N89571,N89571,N89571,sa1,1
37250,N24994 /1 undetected,output,,N24994,N24994,1,undetected,N24994,N24994,N24994,sa1,1
37251,N24994 /0 undetected,output,,N24994,N24994,0,undetected,N24994,N24994,N24994,sa0,1
37252,N24898 /1 undetected,output,,N24898,N24898,1,undetected,N24898,N24898,N24898,sa1,1
37253,N24898 /0 undetected,output,,N24898,N24898,0,undetected,N24898,N24898,N24898,sa0,1
37254,N88834 /1 undetected,output,,N88834,N88834,1,undetected,N88834,N88834,N88834,sa1,1
37255,N75718 /1 undetected,output,,N75718,N75718,1,undetected,N75718,N75718,N75718,sa1,1
37256,N24692 /1 undetected,output,,N24692,N24692,1,undetected,N24692,N24692,N24692,sa1,1
37257,N88845 /1 undetected,output,,N88845,N88845,1,undetected,N88845,N88845,N88845,sa1,1
37258,N87677 /1 undetected,output,,N87677,N87677,1,undetected,N87677,N87677,N87677,sa1,1
37259,N24531 /1 undetected,output,,N24531,N24531,1,undetected,N24531,N24531,N24531,sa1,1
37260,N24531 /0 undetected,output,,N24531,N24531,0,undetected,N24531,N24531,N24531,sa0,1
37261,N88844 /1 undetected,output,,N88844,N88844,1,undetected,N88844,N88844,N88844,sa1,1
37262,N78790 /1 undetected,output,,N78790,N78790,1,undetected,N78790,N78790,N78790,sa1,1
37263,N24407 /1 undetected,output,,N24407,N24407,1,undetected,N24407,N24407,N24407,sa1,1
37264,N24407 /0 undetected,output,,N24407,N24407,0,undetected,N24407,N24407,N24407,sa0,1
37265,N87676 /1 undetected,output,,N87676,N87676,1,undetected,N87676,N87676,N87676,sa1,1
37266,N80362 /1 undetected,output,,N80362,N80362,1,undetected,N80362,N80362,N80362,sa1,1
37267,N24368 /0 undetected,output,,N24368,N24368,0,undetected,N24368,N24368,N24368,sa0,1
37268,N88957 /1 undetected,output,,N88957,N88957,1,undetected,N88957,N88957,N88957,sa1,1
37269,N88856 /1 undetected,output,,N88856,N88856,1,undetected,N88856,N88856,N88856,sa1,1
37270,N80376 /1 undetected,output,,N80376,N80376,1,undetected,N80376,N80376,N80376,sa1,1
37271,N23121 /1 undetected,output,,N23121,N23121,1,undetected,N23121,N23121,N23121,sa1,1
37272,N87680 /1 undetected,output,,N87680,N87680,1,undetected,N87680,N87680,N87680,sa1,1
37273,N85514 /1 undetected,output,,N85514,N85514,1,undetected,N85514,N85514,N85514,sa1,1
37274,N79450 /1 undetected,output,,N79450,N79450,1,undetected,N79450,N79450,N79450,sa1,1
37275,N22997 /1 undetected,output,,N22997,N22997,1,undetected,N22997,N22997,N22997,sa1,1
37276,N85513 /1 undetected,output,,N85513,N85513,1,undetected,N85513,N85513,N85513,sa1,1
37277,N79358 /1 undetected,output,,N79358,N79358,1,undetected,N79358,N79358,N79358,sa1,1
37278,N88393 /1 undetected,output,,N88393,N88393,1,undetected,N88393,N88393,N88393,sa1,1
37279,N22725 /1 undetected,output,,N22725,N22725,1,undetected,N22725,N22725,N22725,sa1,1
37280,N88378 /1 undetected,output,,N88378,N88378,1,undetected,N88378,N88378,N88378,sa1,1
37281,N85511 /1 undetected,output,,N85511,N85511,1,undetected,N85511,N85511,N85511,sa1,1
37282,N22605 /1 undetected,output,,N22605,N22605,1,undetected,N22605,N22605,N22605,sa1,1
37283,N22605 /0 undetected,output,,N22605,N22605,0,undetected,N22605,N22605,N22605,sa0,1
37284,N98901 /1 undetected,output,,N98901,N98901,1,undetected,N98901,N98901,N98901,sa1,1
37285,N77186 /1 undetected,output,,N77186,N77186,1,undetected,N77186,N77186,N77186,sa1,1
37286,N22354 /1 undetected,output,,N22354,N22354,1,undetected,N22354,N22354,N22354,sa1,1
37287,N88336 /1 undetected,output,,N88336,N88336,1,undetected,N88336,N88336,N88336,sa1,1
37288,N85507 /1 undetected,output,,N85507,N85507,1,undetected,N85507,N85507,N85507,sa1,1
37289,N22072 /1 undetected,output,,N22072,N22072,1,undetected,N22072,N22072,N22072,sa1,1
37290,N87588 /1 undetected,output,,N87588,N87588,1,undetected,N87588,N87588,N87588,sa1,1
37291,N85505 /1 undetected,output,,N85505,N85505,1,undetected,N85505,N85505,N85505,sa1,1
37292,N21931 /1 undetected,output,,N21931,N21931,1,undetected,N21931,N21931,N21931,sa1,1
37293,N21931 /0 undetected,output,,N21931,N21931,0,undetected,N21931,N21931,N21931,sa0,1
37294,N84731 /1 undetected,output,,N84731,N84731,1,undetected,N84731,N84731,N84731,sa1,1
37295,N74659 /1 undetected,output,,N74659,N74659,1,undetected,N74659,N74659,N74659,sa1,1
37296,N21488 /1 undetected,output,,N21488,N21488,1,undetected,N21488,N21488,N21488,sa1,1
37297,N21488 /0 undetected,output,,N21488,N21488,0,undetected,N21488,N21488,N21488,sa0,1
37298,N86673 /1 undetected,output,,N86673,N86673,1,undetected,N86673,N86673,N86673,sa1,1
37299,N86393 /1 undetected,output,,N86393,N86393,1,undetected,N86393,N86393,N86393,sa1,1
37300,N20988 /1 undetected,output,,N20988,N20988,1,undetected,N20988,N20988,N20988,sa1,1
37301,N20988 /0 undetected,output,,N20988,N20988,0,undetected,N20988,N20988,N20988,sa0,1
37302,N86078 /1 undetected,output,,N86078,N86078,1,undetected,N86078,N86078,N86078,sa1,1
37303,N76527 /1 undetected,output,,N76527,N76527,1,undetected,N76527,N76527,N76527,sa1,1
37304,N20768 /1 undetected,output,,N20768,N20768,1,undetected,N20768,N20768,N20768,sa1,1
37305,N20768 /0 undetected,output,,N20768,N20768,0,undetected,N20768,N20768,N20768,sa0,1
37306,N86844 /1 undetected,output,,N86844,N86844,1,undetected,N86844,N86844,N86844,sa1,1
37307,N74448 /1 undetected,output,,N74448,N74448,1,undetected,N74448,N74448,N74448,sa1,1
37308,N19367 /1 undetected,output,,N19367,N19367,1,undetected,N19367,N19367,N19367,sa1,1
37309,N19367 /0 undetected,output,,N19367,N19367,0,undetected,N19367,N19367,N19367,sa0,1
37310,N103913 /1 undetected,output,,N103913,N103913,1,undetected,N103913,N103913,N103913,sa1,1
37311,N83691 /1 undetected,output,,N83691,N83691,1,undetected,N83691,N83691,N83691,sa1,1
37312,N19003 /1 undetected,output,,N19003,N19003,1,undetected,N19003,N19003,N19003,sa1,1
37313,N85492 /1 undetected,output,,N85492,N85492,1,undetected,N85492,N85492,N85492,sa1,1
37314,N79392 /1 undetected,output,,N79392,N79392,1,undetected,N79392,N79392,N79392,sa1,1
37315,N18902 /1 undetected,output,,N18902,N18902,1,undetected,N18902,N18902,N18902,sa1,1
37316,N18902 /0 undetected,output,,N18902,N18902,0,undetected,N18902,N18902,N18902,sa0,1
37317,N87010 /1 undetected,output,,N87010,N87010,1,undetected,N87010,N87010,N87010,sa1,1
37318,N86776 /1 undetected,output,,N86776,N86776,1,undetected,N86776,N86776,N86776,sa1,1
37319,N18899 /0 undetected,output,,N18899,N18899,0,undetected,N18899,N18899,N18899,sa0,1
37320,N87009 /1 undetected,output,,N87009,N87009,1,undetected,N87009,N87009,N87009,sa1,1
37321,N18896 /1 undetected,output,,N18896,N18896,1,undetected,N18896,N18896,N18896,sa1,1
37322,N18896 /0 undetected,output,,N18896,N18896,0,undetected,N18896,N18896,N18896,sa0,1
37323,N86775 /1 undetected,output,,N86775,N86775,1,undetected,N86775,N86775,N86775,sa1,1
37324,N77613 /1 undetected,output,,N77613,N77613,1,undetected,N77613,N77613,N77613,sa1,1
37325,N86199 /1 undetected,output,,N86199,N86199,1,undetected,N86199,N86199,N86199,sa1,1
37326,N85481 /1 undetected,output,,N85481,N85481,1,undetected,N85481,N85481,N85481,sa1,1
37327,N79310 /1 undetected,output,,N79310,N79310,1,undetected,N79310,N79310,N79310,sa1,1
37328,N16830 /1 undetected,output,,N16830,N16830,1,undetected,N16830,N16830,N16830,sa1,1
37329,N16830 /0 undetected,output,,N16830,N16830,0,undetected,N16830,N16830,N16830,sa0,1
37330,N86117 /1 undetected,output,,N86117,N86117,1,undetected,N86117,N86117,N86117,sa1,1
37331,N74477 /1 undetected,output,,N74477,N74477,1,undetected,N74477,N74477,N74477,sa1,1
37332,N16768 /1 undetected,output,,N16768,N16768,1,undetected,N16768,N16768,N16768,sa1,1
37333,N16768 /0 undetected,output,,N16768,N16768,0,undetected,N16768,N16768,N16768,sa0,1
37334,N86389 /1 undetected,output,,N86389,N86389,1,undetected,N86389,N86389,N86389,sa1,1
37335,N77121 /1 undetected,output,,N77121,N77121,1,undetected,N77121,N77121,N77121,sa1,1
37336,N16354 /1 undetected,output,,N16354,N16354,1,undetected,N16354,N16354,N16354,sa1,1
37337,N16354 /0 undetected,output,,N16354,N16354,0,undetected,N16354,N16354,N16354,sa0,1
37338,N103057 /1 undetected,output,,N103057,N103057,1,undetected,N103057,N103057,N103057,sa1,1
37339,N94244 /1 undetected,output,,N94244,N94244,1,undetected,N94244,N94244,N94244,sa1,1
37340,N16301 /1 undetected,output,,N16301,N16301,1,undetected,N16301,N16301,N16301,sa1,1
37341,N16301 /0 undetected,output,,N16301,N16301,0,undetected,N16301,N16301,N16301,sa0,1
37342,N85292 /1 undetected,output,,N85292,N85292,1,undetected,N85292,N85292,N85292,sa1,1
37343,N84150 /1 undetected,output,,N84150,N84150,1,undetected,N84150,N84150,N84150,sa1,1
37344,N16287 /1 undetected,output,,N16287,N16287,1,undetected,N16287,N16287,N16287,sa1,1
37345,N16287 /0 undetected,output,,N16287,N16287,0,undetected,N16287,N16287,N16287,sa0,1
37346,N86052 /1 undetected,output,,N86052,N86052,1,undetected,N86052,N86052,N86052,sa1,1
37347,N79267 /1 undetected,output,,N79267,N79267,1,undetected,N79267,N79267,N79267,sa1,1
37348,N16060 /0 undetected,output,,N16060,N16060,0,undetected,N16060,N16060,N16060,sa0,1
37349,N84406 /1 undetected,output,,N84406,N84406,1,undetected,N84406,N84406,N84406,sa1,1
37350,N16046 /0 undetected,output,,N16046,N16046,0,undetected,N16046,N16046,N16046,sa0,1
37351,N84368 /1 undetected,output,,N84368,N84368,1,undetected,N84368,N84368,N84368,sa1,1
37352,N15653 /1 undetected,output,,N15653,N15653,1,undetected,N15653,N15653,N15653,sa1,1
37353,N15653 /0 undetected,output,,N15653,N15653,0,undetected,N15653,N15653,N15653,sa0,1
37354,N91386 /1 undetected,output,,N91386,N91386,1,undetected,N91386,N91386,N91386,sa1,1
37355,N85280 /1 undetected,output,,N85280,N85280,1,undetected,N85280,N85280,N85280,sa1,1
37356,N14786 /1 undetected,output,,N14786,N14786,1,undetected,N14786,N14786,N14786,sa1,1
37357,N86463 /1 undetected,output,,N86463,N86463,1,undetected,N86463,N86463,N86463,sa1,1
37358,N76749 /1 undetected,output,,N76749,N76749,1,undetected,N76749,N76749,N76749,sa1,1
37359,N14306 /1 undetected,output,,N14306,N14306,1,undetected,N14306,N14306,N14306,sa1,1
37360,N14306 /0 undetected,output,,N14306,N14306,0,undetected,N14306,N14306,N14306,sa0,1
37361,N87717 /1 undetected,output,,N87717,N87717,1,undetected,N87717,N87717,N87717,sa1,1
37362,N83720 /1 undetected,output,,N83720,N83720,1,undetected,N83720,N83720,N83720,sa1,1
37363,N14278 /1 undetected,output,,N14278,N14278,1,undetected,N14278,N14278,N14278,sa1,1
37364,N14278 /0 undetected,output,,N14278,N14278,0,undetected,N14278,N14278,N14278,sa0,1
37365,N83978 /1 undetected,output,,N83978,N83978,1,undetected,N83978,N83978,N83978,sa1,1
37366,N83971 /1 undetected,output,,N83971,N83971,1,undetected,N83971,N83971,N83971,sa1,1
37367,N13892 /1 undetected,output,,N13892,N13892,1,undetected,N13892,N13892,N13892,sa1,1
37368,N87715 /1 undetected,output,,N87715,N87715,1,undetected,N87715,N87715,N87715,sa1,1
37369,N75517 /1 undetected,output,,N75517,N75517,1,undetected,N75517,N75517,N75517,sa1,1
37370,N13860 /1 undetected,output,,N13860,N13860,1,undetected,N13860,N13860,N13860,sa1,1
37371,N13860 /0 undetected,output,,N13860,N13860,0,undetected,N13860,N13860,N13860,sa0,1
37372,N87714 /1 undetected,output,,N87714,N87714,1,undetected,N87714,N87714,N87714,sa1,1
37373,N84507 /1 undetected,output,,N84507,N84507,1,undetected,N84507,N84507,N84507,sa1,1
37374,N13850 /1 undetected,output,,N13850,N13850,1,undetected,N13850,N13850,N13850,sa1,1
37375,N84506 /1 undetected,output,,N84506,N84506,1,undetected,N84506,N84506,N84506,sa1,1
37376,N78816 /1 undetected,output,,N78816,N78816,1,undetected,N78816,N78816,N78816,sa1,1
37377,N13826 /1 undetected,output,,N13826,N13826,1,undetected,N13826,N13826,N13826,sa1,1
37378,N85465 /1 undetected,output,,N85465,N85465,1,undetected,N85465,N85465,N85465,sa1,1
37379,N78809 /1 undetected,output,,N78809,N78809,1,undetected,N78809,N78809,N78809,sa1,1
37380,N13820 /1 undetected,output,,N13820,N13820,1,undetected,N13820,N13820,N13820,sa1,1
37381,N87702 /1 undetected,output,,N87702,N87702,1,undetected,N87702,N87702,N87702,sa1,1
37382,N85464 /1 undetected,output,,N85464,N85464,1,undetected,N85464,N85464,N85464,sa1,1
37383,N13777 /1 undetected,output,,N13777,N13777,1,undetected,N13777,N13777,N13777,sa1,1
37384,N86060 /1 undetected,output,,N86060,N86060,1,undetected,N86060,N86060,N86060,sa1,1
37385,N75516 /1 undetected,output,,N75516,N75516,1,undetected,N75516,N75516,N75516,sa1,1
37386,N13754 /1 undetected,output,,N13754,N13754,1,undetected,N13754,N13754,N13754,sa1,1
37387,N13754 /0 undetected,output,,N13754,N13754,0,undetected,N13754,N13754,N13754,sa0,1
37388,N86328 /1 undetected,output,,N86328,N86328,1,undetected,N86328,N86328,N86328,sa1,1
37389,N76654 /1 undetected,output,,N76654,N76654,1,undetected,N76654,N76654,N76654,sa1,1
37390,N13747 /1 undetected,output,,N13747,N13747,1,undetected,N13747,N13747,N13747,sa1,1
37391,N86343 /1 undetected,output,,N86343,N86343,1,undetected,N86343,N86343,N86343,sa1,1
37392,N86327 /1 undetected,output,,N86327,N86327,1,undetected,N86327,N86327,N86327,sa1,1
37393,N13744 /1 undetected,output,,N13744,N13744,1,undetected,N13744,N13744,N13744,sa1,1
37394,N13744 /0 undetected,output,,N13744,N13744,0,undetected,N13744,N13744,N13744,sa0,1
37395,N86342 /1 undetected,output,,N86342,N86342,1,undetected,N86342,N86342,N86342,sa1,1
37396,N76636 /1 undetected,output,,N76636,N76636,1,undetected,N76636,N76636,N76636,sa1,1
37397,N12966 /1 undetected,output,,N12966,N12966,1,undetected,N12966,N12966,N12966,sa1,1
37398,N12966 /0 undetected,output,,N12966,N12966,0,undetected,N12966,N12966,N12966,sa0,1
37399,N86364 /1 undetected,output,,N86364,N86364,1,undetected,N86364,N86364,N86364,sa1,1
37400,N77336 /1 undetected,output,,N77336,N77336,1,undetected,N77336,N77336,N77336,sa1,1
37401,N12950 /1 undetected,output,,N12950,N12950,1,undetected,N12950,N12950,N12950,sa1,1
37402,N12950 /0 undetected,output,,N12950,N12950,0,undetected,N12950,N12950,N12950,sa0,1
37403,N86843 /1 undetected,output,,N86843,N86843,1,undetected,N86843,N86843,N86843,sa1,1
37404,N86363 /1 undetected,output,,N86363,N86363,1,undetected,N86363,N86363,N86363,sa1,1
37405,N12938 /1 undetected,output,,N12938,N12938,1,undetected,N12938,N12938,N12938,sa1,1
37406,N12938 /0 undetected,output,,N12938,N12938,0,undetected,N12938,N12938,N12938,sa0,1
37407,N86842 /1 undetected,output,,N86842,N86842,1,undetected,N86842,N86842,N86842,sa1,1
37408,N76675 /1 undetected,output,,N76675,N76675,1,undetected,N76675,N76675,N76675,sa1,1
37409,N86067 /1 undetected,output,,N86067,N86067,1,undetected,N86067,N86067,N86067,sa1,1
37410,N75512 /1 undetected,output,,N75512,N75512,1,undetected,N75512,N75512,N75512,sa1,1
37411,N12877 /1 undetected,output,,N12877,N12877,1,undetected,N12877,N12877,N12877,sa1,1
37412,N12877 /0 undetected,output,,N12877,N12877,0,undetected,N12877,N12877,N12877,sa0,1
37413,N86235 /1 undetected,output,,N86235,N86235,1,undetected,N86235,N86235,N86235,sa1,1
37414,N78683 /1 undetected,output,,N78683,N78683,1,undetected,N78683,N78683,N78683,sa1,1
37415,N12848 /1 undetected,output,,N12848,N12848,1,undetected,N12848,N12848,N12848,sa1,1
37416,N12848 /0 undetected,output,,N12848,N12848,0,undetected,N12848,N12848,N12848,sa0,1
37417,N87545 /1 undetected,output,,N87545,N87545,1,undetected,N87545,N87545,N87545,sa1,1
37418,N86234 /1 undetected,output,,N86234,N86234,1,undetected,N86234,N86234,N86234,sa1,1
37419,N12808 /1 undetected,output,,N12808,N12808,1,undetected,N12808,N12808,N12808,sa1,1
37420,N12808 /0 undetected,output,,N12808,N12808,0,undetected,N12808,N12808,N12808,sa0,1
37421,N84207 /1 undetected,output,,N84207,N84207,1,undetected,N84207,N84207,N84207,sa1,1
37422,N74488 /1 undetected,output,,N74488,N74488,1,undetected,N74488,N74488,N74488,sa1,1
37423,N86049 /1 undetected,output,,N86049,N86049,1,undetected,N86049,N86049,N86049,sa1,1
37424,N12471 /1 undetected,output,,N12471,N12471,1,undetected,N12471,N12471,N12471,sa1,1
37425,N12471 /0 undetected,output,,N12471,N12471,0,undetected,N12471,N12471,N12471,sa0,1
37426,N85450 /1 undetected,output,,N85450,N85450,1,undetected,N85450,N85450,N85450,sa1,1
37427,N78697 /1 undetected,output,,N78697,N78697,1,undetected,N78697,N78697,N78697,sa1,1
37428,N85059 /1 undetected,output,,N85059,N85059,1,undetected,N85059,N85059,N85059,sa1,1
37429,N12379 /1 undetected,output,,N12379,N12379,1,undetected,N12379,N12379,N12379,sa1,1
37430,N12379 /0 undetected,output,,N12379,N12379,0,undetected,N12379,N12379,N12379,sa0,1
37431,N84680 /1 undetected,output,,N84680,N84680,1,undetected,N84680,N84680,N84680,sa1,1
37432,N84297 /1 undetected,output,,N84297,N84297,1,undetected,N84297,N84297,N84297,sa1,1
37433,N12332 /1 undetected,output,,N12332,N12332,1,undetected,N12332,N12332,N12332,sa1,1
37434,N12332 /0 undetected,output,,N12332,N12332,0,undetected,N12332,N12332,N12332,sa0,1
37435,N84010 /1 undetected,output,,N84010,N84010,1,undetected,N84010,N84010,N84010,sa1,1
37436,N84000 /1 undetected,output,,N84000,N84000,1,undetected,N84000,N84000,N84000,sa1,1
37437,N12328 /1 undetected,output,,N12328,N12328,1,undetected,N12328,N12328,N12328,sa1,1
37438,N12328 /0 undetected,output,,N12328,N12328,0,undetected,N12328,N12328,N12328,sa0,1
37439,N84005 /1 undetected,output,,N84005,N84005,1,undetected,N84005,N84005,N84005,sa1,1
37440,N83968 /1 undetected,output,,N83968,N83968,1,undetected,N83968,N83968,N83968,sa1,1
37441,N12324 /1 undetected,output,,N12324,N12324,1,undetected,N12324,N12324,N12324,sa1,1
37442,N12324 /0 undetected,output,,N12324,N12324,0,undetected,N12324,N12324,N12324,sa0,1
37443,N83959 /1 undetected,output,,N83959,N83959,1,undetected,N83959,N83959,N83959,sa1,1
37444,N83954 /1 undetected,output,,N83954,N83954,1,undetected,N83954,N83954,N83954,sa1,1
37445,N12320 /1 undetected,output,,N12320,N12320,1,undetected,N12320,N12320,N12320,sa1,1
37446,N12320 /0 undetected,output,,N12320,N12320,0,undetected,N12320,N12320,N12320,sa0,1
37447,N83993 /1 undetected,output,,N83993,N83993,1,undetected,N83993,N83993,N83993,sa1,1
37448,N83977 /1 undetected,output,,N83977,N83977,1,undetected,N83977,N83977,N83977,sa1,1
37449,N12317 /1 undetected,output,,N12317,N12317,1,undetected,N12317,N12317,N12317,sa1,1
37450,N12317 /0 undetected,output,,N12317,N12317,0,undetected,N12317,N12317,N12317,sa0,1
37451,N83996 /1 undetected,output,,N83996,N83996,1,undetected,N83996,N83996,N83996,sa1,1
37452,N83927 /1 undetected,output,,N83927,N83927,1,undetected,N83927,N83927,N83927,sa1,1
37453,N12305 /1 undetected,output,,N12305,N12305,1,undetected,N12305,N12305,N12305,sa1,1
37454,N12305 /0 undetected,output,,N12305,N12305,0,undetected,N12305,N12305,N12305,sa0,1
37455,N87157 /1 undetected,output,,N87157,N87157,1,undetected,N87157,N87157,N87157,sa1,1
37456,N86006 /1 undetected,output,,N86006,N86006,1,undetected,N86006,N86006,N86006,sa1,1
37457,N12183 /1 undetected,output,,N12183,N12183,1,undetected,N12183,N12183,N12183,sa1,1
37458,N12183 /0 undetected,output,,N12183,N12183,0,undetected,N12183,N12183,N12183,sa0,1
37459,N87229 /1 undetected,output,,N87229,N87229,1,undetected,N87229,N87229,N87229,sa1,1
37460,N84997 /1 undetected,output,,N84997,N84997,1,undetected,N84997,N84997,N84997,sa1,1
37461,N12022 /1 undetected,output,,N12022,N12022,1,undetected,N12022,N12022,N12022,sa1,1
37462,N87254 /1 undetected,output,,N87254,N87254,1,undetected,N87254,N87254,N87254,sa1,1
37463,N87227 /1 undetected,output,,N87227,N87227,1,undetected,N87227,N87227,N87227,sa1,1
37464,N11865 /1 undetected,output,,N11865,N11865,1,undetected,N11865,N11865,N11865,sa1,1
37465,N11865 /0 undetected,output,,N11865,N11865,0,undetected,N11865,N11865,N11865,sa0,1
37466,N87334 /1 undetected,output,,N87334,N87334,1,undetected,N87334,N87334,N87334,sa1,1
37467,N77980 /1 undetected,output,,N77980,N77980,1,undetected,N77980,N77980,N77980,sa1,1
37468,N11821 /1 undetected,output,,N11821,N11821,1,undetected,N11821,N11821,N11821,sa1,1
37469,N11821 /0 undetected,output,,N11821,N11821,0,undetected,N11821,N11821,N11821,sa0,1
37470,N87242 /1 undetected,output,,N87242,N87242,1,undetected,N87242,N87242,N87242,sa1,1
37471,N87226 /1 undetected,output,,N87226,N87226,1,undetected,N87226,N87226,N87226,sa1,1
37472,N75085 /1 undetected,output,,N75085,N75085,1,undetected,N75085,N75085,N75085,sa1,1
37473,N11449 /1 undetected,output,,N11449,N11449,1,undetected,N11449,N11449,N11449,sa1,1
37474,N11449 /0 undetected,output,,N11449,N11449,0,undetected,N11449,N11449,N11449,sa0,1
37475,N87205 /1 undetected,output,,N87205,N87205,1,undetected,N87205,N87205,N87205,sa1,1
37476,N75368 /1 undetected,output,,N75368,N75368,1,undetected,N75368,N75368,N75368,sa1,1
37477,N11177 /1 undetected,output,,N11177,N11177,1,undetected,N11177,N11177,N11177,sa1,1
37478,N11177 /0 undetected,output,,N11177,N11177,0,undetected,N11177,N11177,N11177,sa0,1
37479,N87453 /1 undetected,output,,N87453,N87453,1,undetected,N87453,N87453,N87453,sa1,1
37480,N87222 /1 undetected,output,,N87222,N87222,1,undetected,N87222,N87222,N87222,sa1,1
37481,N11175 /1 undetected,output,,N11175,N11175,1,undetected,N11175,N11175,N11175,sa1,1
37482,N11175 /0 undetected,output,,N11175,N11175,0,undetected,N11175,N11175,N11175,sa0,1
37483,N87221 /1 undetected,output,,N87221,N87221,1,undetected,N87221,N87221,N87221,sa1,1
37484,N78571 /1 undetected,output,,N78571,N78571,1,undetected,N78571,N78571,N78571,sa1,1
37485,N10217 /1 undetected,output,,N10217,N10217,1,undetected,N10217,N10217,N10217,sa1,1
37486,N87203 /1 undetected,output,,N87203,N87203,1,undetected,N87203,N87203,N87203,sa1,1
37487,N75313 /1 undetected,output,,N75313,N75313,1,undetected,N75313,N75313,N75313,sa1,1
37488,N10215 /1 undetected,output,,N10215,N10215,1,undetected,N10215,N10215,N10215,sa1,1
37489,N87217 /1 undetected,output,,N87217,N87217,1,undetected,N87217,N87217,N87217,sa1,1
37490,N78070 /1 undetected,output,,N78070,N78070,1,undetected,N78070,N78070,N78070,sa1,1
37491,N9956 /1 undetected,output,,N9956,N9956,1,undetected,N9956,N9956,N9956,sa1,1
37492,N9956 /0 undetected,output,,N9956,N9956,0,undetected,N9956,N9956,N9956,sa0,1
37493,N86635 /1 undetected,output,,N86635,N86635,1,undetected,N86635,N86635,N86635,sa1,1
37494,N76016 /1 undetected,output,,N76016,N76016,1,undetected,N76016,N76016,N76016,sa1,1
37495,N9778 /1 undetected,output,,N9778,N9778,1,undetected,N9778,N9778,N9778,sa1,1
37496,N9778 /0 undetected,output,,N9778,N9778,0,undetected,N9778,N9778,N9778,sa0,1
37497,N86634 /1 undetected,output,,N86634,N86634,1,undetected,N86634,N86634,N86634,sa1,1
37498,N76021 /1 undetected,output,,N76021,N76021,1,undetected,N76021,N76021,N76021,sa1,1
37499,N9617 /1 undetected,output,,N9617,N9617,1,undetected,N9617,N9617,N9617,sa1,1
37500,N9617 /0 undetected,output,,N9617,N9617,0,undetected,N9617,N9617,N9617,sa0,1
37501,N86633 /1 undetected,output,,N86633,N86633,1,undetected,N86633,N86633,N86633,sa1,1
37502,N75991 /1 undetected,output,,N75991,N75991,1,undetected,N75991,N75991,N75991,sa1,1
37503,N9455 /1 undetected,output,,N9455,N9455,1,undetected,N9455,N9455,N9455,sa1,1
37504,N9455 /0 undetected,output,,N9455,N9455,0,undetected,N9455,N9455,N9455,sa0,1
37505,N86632 /1 undetected,output,,N86632,N86632,1,undetected,N86632,N86632,N86632,sa1,1
37506,N75997 /1 undetected,output,,N75997,N75997,1,undetected,N75997,N75997,N75997,sa1,1
37507,N9293 /1 undetected,output,,N9293,N9293,1,undetected,N9293,N9293,N9293,sa1,1
37508,N9293 /0 undetected,output,,N9293,N9293,0,undetected,N9293,N9293,N9293,sa0,1
37509,N86631 /1 undetected,output,,N86631,N86631,1,undetected,N86631,N86631,N86631,sa1,1
37510,N76003 /1 undetected,output,,N76003,N76003,1,undetected,N76003,N76003,N76003,sa1,1
37511,N9079 /1 undetected,output,,N9079,N9079,1,undetected,N9079,N9079,N9079,sa1,1
37512,N9079 /0 undetected,output,,N9079,N9079,0,undetected,N9079,N9079,N9079,sa0,1
37513,N86625 /1 undetected,output,,N86625,N86625,1,undetected,N86625,N86625,N86625,sa1,1
37514,N76009 /1 undetected,output,,N76009,N76009,1,undetected,N76009,N76009,N76009,sa1,1
37515,N86188 /1 undetected,output,,N86188,N86188,1,undetected,N86188,N86188,N86188,sa1,1
37516,N84667 /1 undetected,output,,N84667,N84667,1,undetected,N84667,N84667,N84667,sa1,1
37517,N8700 /1 undetected,output,,N8700,N8700,1,undetected,N8700,N8700,N8700,sa1,1
37518,N8700 /0 undetected,output,,N8700,N8700,0,undetected,N8700,N8700,N8700,sa0,1
37519,N93477 /1 undetected,output,,N93477,N93477,1,undetected,N93477,N93477,N93477,sa1,1
37520,N92847 /1 undetected,output,,N92847,N92847,1,undetected,N92847,N92847,N92847,sa1,1
37521,N6920 /1 undetected,output,,N6920,N6920,1,undetected,N6920,N6920,N6920,sa1,1
37522,N6920 /0 undetected,output,,N6920,N6920,0,undetected,N6920,N6920,N6920,sa0,1
37523,N86604 /1 undetected,output,,N86604,N86604,1,undetected,N86604,N86604,N86604,sa1,1
37524,N77612 /1 undetected,output,,N77612,N77612,1,undetected,N77612,N77612,N77612,sa1,1
37525,N84472 /1 undetected,output,,N84472,N84472,1,undetected,N84472,N84472,N84472,sa1,1
37526,N6237 /1 undetected,output,,N6237,N6237,1,undetected,N6237,N6237,N6237,sa1,1
37527,N6237 /0 undetected,output,,N6237,N6237,0,undetected,N6237,N6237,N6237,sa0,1
37528,N85359 /1 undetected,output,,N85359,N85359,1,undetected,N85359,N85359,N85359,sa1,1
37529,N77495 /1 undetected,output,,N77495,N77495,1,undetected,N77495,N77495,N77495,sa1,1
37530,N77498 /1 undetected,output,,N77498,N77498,1,undetected,N77498,N77498,N77498,sa1,1
37531,N85384 /1 undetected,output,,N85384,N85384,1,undetected,N85384,N85384,N85384,sa1,1
37532,N77067 /1 undetected,output,,N77067,N77067,1,undetected,N77067,N77067,N77067,sa1,1
37533,N4702 /1 undetected,output,,N4702,N4702,1,undetected,N4702,N4702,N4702,sa1,1
37534,N4702 /0 undetected,output,,N4702,N4702,0,undetected,N4702,N4702,N4702,sa0,1
37535,N86807 /1 undetected,output,,N86807,N86807,1,undetected,N86807,N86807,N86807,sa1,1
37536,N86321 /1 undetected,output,,N86321,N86321,1,undetected,N86321,N86321,N86321,sa1,1
37537,N85046 /1 undetected,output,,N85046,N85046,1,undetected,N85046,N85046,N85046,sa1,1
37538,N84960 /1 undetected,output,,N84960,N84960,1,undetected,N84960,N84960,N84960,sa1,1
37539,N4250 /1 undetected,output,,N4250,N4250,1,undetected,N4250,N4250,N4250,sa1,1
37540,N4250 /0 undetected,output,,N4250,N4250,0,undetected,N4250,N4250,N4250,sa0,1
37541,N86719 /1 undetected,output,,N86719,N86719,1,undetected,N86719,N86719,N86719,sa1,1
37542,N75418 /1 undetected,output,,N75418,N75418,1,undetected,N75418,N75418,N75418,sa1,1
37543,N4075 /0 undetected,output,,N4075,N4075,0,undetected,N4075,N4075,N4075,sa0,1
37544,N83853 /1 undetected,output,,N83853,N83853,1,undetected,N83853,N83853,N83853,sa1,1
37545,N3613 /0 undetected,output,,N3613,N3613,0,undetected,N3613,N3613,N3613,sa0,1
37546,N84074 /1 undetected,output,,N84074,N84074,1,undetected,N84074,N84074,N84074,sa1,1
37547,N3495 /1 undetected,output,,N3495,N3495,1,undetected,N3495,N3495,N3495,sa1,1
37548,N86319 /1 undetected,output,,N86319,N86319,1,undetected,N86319,N86319,N86319,sa1,1
37549,N86018 /1 undetected,output,,N86018,N86018,1,undetected,N86018,N86018,N86018,sa1,1
37550,N3165 /0 undetected,output,,N3165,N3165,0,undetected,N3165,N3165,N3165,sa0,1
37551,N85785 /1 undetected,output,,N85785,N85785,1,undetected,N85785,N85785,N85785,sa1,1
37552,N77141 /1 undetected,output,,N77141,N77141,1,undetected,N77141,N77141,N77141,sa1,1
37553,N3069 /1 undetected,output,,N3069,N3069,1,undetected,N3069,N3069,N3069,sa1,1
37554,N3069 /0 undetected,output,,N3069,N3069,0,undetected,N3069,N3069,N3069,sa0,1
37555,N86690 /1 undetected,output,,N86690,N86690,1,undetected,N86690,N86690,N86690,sa1,1
37556,N85783 /1 undetected,output,,N85783,N85783,1,undetected,N85783,N85783,N85783,sa1,1
37557,N86684 /1 undetected,output,,N86684,N86684,1,undetected,N86684,N86684,N86684,sa1,1
37558,N2884 /1 undetected,output,,N2884,N2884,1,undetected,N2884,N2884,N2884,sa1,1
37559,N2884 /0 undetected,output,,N2884,N2884,0,undetected,N2884,N2884,N2884,sa0,1
37560,N86481 /1 undetected,output,,N86481,N86481,1,undetected,N86481,N86481,N86481,sa1,1
37561,N75272 /1 undetected,output,,N75272,N75272,1,undetected,N75272,N75272,N75272,sa1,1
37562,N2832 /1 undetected,output,,N2832,N2832,1,undetected,N2832,N2832,N2832,sa1,1
37563,N2832 /0 undetected,output,,N2832,N2832,0,undetected,N2832,N2832,N2832,sa0,1
37564,N2683 /0 undetected,output,,N2683,N2683,0,undetected,N2683,N2683,N2683,sa0,1
37565,N84645 /1 undetected,output,,N84645,N84645,1,undetected,N84645,N84645,N84645,sa1,1
37566,N84458 /1 undetected,output,,N84458,N84458,1,undetected,N84458,N84458,N84458,sa1,1
37567,N84644 /1 undetected,output,,N84644,N84644,1,undetected,N84644,N84644,N84644,sa1,1
37568,N85855 /1 undetected,output,,N85855,N85855,1,undetected,N85855,N85855,N85855,sa1,1
37569,N2601 /1 undetected,output,,N2601,N2601,1,undetected,N2601,N2601,N2601,sa1,1
37570,N2601 /0 undetected,output,,N2601,N2601,0,undetected,N2601,N2601,N2601,sa0,1
37571,N94242 /1 undetected,output,,N94242,N94242,1,undetected,N94242,N94242,N94242,sa1,1
37572,N93923 /1 undetected,output,,N93923,N93923,1,undetected,N93923,N93923,N93923,sa1,1
37573,N2599 /1 undetected,output,,N2599,N2599,1,undetected,N2599,N2599,N2599,sa1,1
37574,N2599 /0 undetected,output,,N2599,N2599,0,undetected,N2599,N2599,N2599,sa0,1
37575,N91381 /1 undetected,output,,N91381,N91381,1,undetected,N91381,N91381,N91381,sa1,1
37576,N75365 /1 undetected,output,,N75365,N75365,1,undetected,N75365,N75365,N75365,sa1,1
37577,N2562 /1 undetected,output,,N2562,N2562,1,undetected,N2562,N2562,N2562,sa1,1
37578,N2562 /0 undetected,output,,N2562,N2562,0,undetected,N2562,N2562,N2562,sa0,1
37579,N94049 /1 undetected,output,,N94049,N94049,1,undetected,N94049,N94049,N94049,sa1,1
37580,N93922 /1 undetected,output,,N93922,N93922,1,undetected,N93922,N93922,N93922,sa1,1
37581,N2474 /1 undetected,output,,N2474,N2474,1,undetected,N2474,N2474,N2474,sa1,1
37582,N2474 /0 undetected,output,,N2474,N2474,0,undetected,N2474,N2474,N2474,sa0,1
37583,N93444 /1 undetected,output,,N93444,N93444,1,undetected,N93444,N93444,N93444,sa1,1
37584,N76287 /1 undetected,output,,N76287,N76287,1,undetected,N76287,N76287,N76287,sa1,1
37585,N2390 /1 undetected,output,,N2390,N2390,1,undetected,N2390,N2390,N2390,sa1,1
37586,N2390 /0 undetected,output,,N2390,N2390,0,undetected,N2390,N2390,N2390,sa0,1
37587,N84100 /1 undetected,output,,N84100,N84100,1,undetected,N84100,N84100,N84100,sa1,1
37588,N84083 /1 undetected,output,,N84083,N84083,1,undetected,N84083,N84083,N84083,sa1,1
37589,N2362 /1 undetected,output,,N2362,N2362,1,undetected,N2362,N2362,N2362,sa1,1
37590,N84023 /1 undetected,output,,N84023,N84023,1,undetected,N84023,N84023,N84023,sa1,1
37591,N84009 /1 undetected,output,,N84009,N84009,1,undetected,N84009,N84009,N84009,sa1,1
37592,N2310 /1 undetected,output,,N2310,N2310,1,undetected,N2310,N2310,N2310,sa1,1
37593,N84029 /1 undetected,output,,N84029,N84029,1,undetected,N84029,N84029,N84029,sa1,1
37594,N83958 /1 undetected,output,,N83958,N83958,1,undetected,N83958,N83958,N83958,sa1,1
37595,N2302 /1 undetected,output,,N2302,N2302,1,undetected,N2302,N2302,N2302,sa1,1
37596,N2302 /0 undetected,output,,N2302,N2302,0,undetected,N2302,N2302,N2302,sa0,1
37597,N83953 /1 undetected,output,,N83953,N83953,1,undetected,N83953,N83953,N83953,sa1,1
37598,N83948 /1 undetected,output,,N83948,N83948,1,undetected,N83948,N83948,N83948,sa1,1
37599,N2278 /1 undetected,output,,N2278,N2278,1,undetected,N2278,N2278,N2278,sa1,1
37600,N83962 /1 undetected,output,,N83962,N83962,1,undetected,N83962,N83962,N83962,sa1,1
37601,N83947 /1 undetected,output,,N83947,N83947,1,undetected,N83947,N83947,N83947,sa1,1
37602,N2197 /1 undetected,output,,N2197,N2197,1,undetected,N2197,N2197,N2197,sa1,1
37603,N84060 /1 undetected,output,,N84060,N84060,1,undetected,N84060,N84060,N84060,sa1,1
37604,N84044 /1 undetected,output,,N84044,N84044,1,undetected,N84044,N84044,N84044,sa1,1
37605,N2196 /1 undetected,output,,N2196,N2196,1,undetected,N2196,N2196,N2196,sa1,1
37606,N2196 /0 undetected,output,,N2196,N2196,0,undetected,N2196,N2196,N2196,sa0,1
37607,N84053 /1 undetected,output,,N84053,N84053,1,undetected,N84053,N84053,N84053,sa1,1
37608,N83887 /1 undetected,output,,N83887,N83887,1,undetected,N83887,N83887,N83887,sa1,1
37609,N2180 /1 undetected,output,,N2180,N2180,1,undetected,N2180,N2180,N2180,sa1,1
37610,N2180 /0 undetected,output,,N2180,N2180,0,undetected,N2180,N2180,N2180,sa0,1
37611,N84157 /1 undetected,output,,N84157,N84157,1,undetected,N84157,N84157,N84157,sa1,1
37612,N84114 /1 undetected,output,,N84114,N84114,1,undetected,N84114,N84114,N84114,sa1,1
37613,N2178 /1 undetected,output,,N2178,N2178,1,undetected,N2178,N2178,N2178,sa1,1
37614,N2178 /0 undetected,output,,N2178,N2178,0,undetected,N2178,N2178,N2178,sa0,1
37615,N84112 /1 undetected,output,,N84112,N84112,1,undetected,N84112,N84112,N84112,sa1,1
37616,N83870 /1 undetected,output,,N83870,N83870,1,undetected,N83870,N83870,N83870,sa1,1
37617,N2175 /1 undetected,output,,N2175,N2175,1,undetected,N2175,N2175,N2175,sa1,1
37618,N2175 /0 undetected,output,,N2175,N2175,0,undetected,N2175,N2175,N2175,sa0,1
37619,N84141 /1 undetected,output,,N84141,N84141,1,undetected,N84141,N84141,N84141,sa1,1
37620,N83869 /1 undetected,output,,N83869,N83869,1,undetected,N83869,N83869,N83869,sa1,1
37621,N2174 /1 undetected,output,,N2174,N2174,1,undetected,N2174,N2174,N2174,sa1,1
37622,N2174 /0 undetected,output,,N2174,N2174,0,undetected,N2174,N2174,N2174,sa0,1
37623,N84156 /1 undetected,output,,N84156,N84156,1,undetected,N84156,N84156,N84156,sa1,1
37624,N83868 /1 undetected,output,,N83868,N83868,1,undetected,N83868,N83868,N83868,sa1,1
37625,N84373 /1 undetected,output,,N84373,N84373,1,undetected,N84373,N84373,N84373,sa1,1
37626,N85041 /1 undetected,output,,N85041,N85041,1,undetected,N85041,N85041,N85041,sa1,1
37627,N2108 /1 undetected,output,,N2108,N2108,1,undetected,N2108,N2108,N2108,sa1,1
37628,N2108 /0 undetected,output,,N2108,N2108,0,undetected,N2108,N2108,N2108,sa0,1
37629,N84233 /1 undetected,output,,N84233,N84233,1,undetected,N84233,N84233,N84233,sa1,1
37630,N84155 /1 undetected,output,,N84155,N84155,1,undetected,N84155,N84155,N84155,sa1,1
37631,N2107 /1 undetected,output,,N2107,N2107,1,undetected,N2107,N2107,N2107,sa1,1
37632,N2107 /0 undetected,output,,N2107,N2107,0,undetected,N2107,N2107,N2107,sa0,1
37633,N84154 /1 undetected,output,,N84154,N84154,1,undetected,N84154,N84154,N84154,sa1,1
37634,N84140 /1 undetected,output,,N84140,N84140,1,undetected,N84140,N84140,N84140,sa1,1
37635,N2101 /1 undetected,output,,N2101,N2101,1,undetected,N2101,N2101,N2101,sa1,1
37636,N84317 /1 undetected,output,,N84317,N84317,1,undetected,N84317,N84317,N84317,sa1,1
37637,N84198 /1 undetected,output,,N84198,N84198,1,undetected,N84198,N84198,N84198,sa1,1
37638,N2098 /1 undetected,output,,N2098,N2098,1,undetected,N2098,N2098,N2098,sa1,1
37639,N2098 /0 undetected,output,,N2098,N2098,0,undetected,N2098,N2098,N2098,sa0,1
37640,N84232 /1 undetected,output,,N84232,N84232,1,undetected,N84232,N84232,N84232,sa1,1
37641,N84197 /1 undetected,output,,N84197,N84197,1,undetected,N84197,N84197,N84197,sa1,1
37642,N2096 /1 undetected,output,,N2096,N2096,1,undetected,N2096,N2096,N2096,sa1,1
37643,N2096 /0 undetected,output,,N2096,N2096,0,undetected,N2096,N2096,N2096,sa0,1
37644,N84231 /1 undetected,output,,N84231,N84231,1,undetected,N84231,N84231,N84231,sa1,1
37645,N84137 /1 undetected,output,,N84137,N84137,1,undetected,N84137,N84137,N84137,sa1,1
37646,N2094 /0 undetected,output,,N2094,N2094,0,undetected,N2094,N2094,N2094,sa0,1
37647,N84276 /1 undetected,output,,N84276,N84276,1,undetected,N84276,N84276,N84276,sa1,1
37648,N2085 /1 undetected,output,,N2085,N2085,1,undetected,N2085,N2085,N2085,sa1,1
37649,N2085 /0 undetected,output,,N2085,N2085,0,undetected,N2085,N2085,N2085,sa0,1
37650,N84126 /1 undetected,output,,N84126,N84126,1,undetected,N84126,N84126,N84126,sa1,1
37651,N83895 /1 undetected,output,,N83895,N83895,1,undetected,N83895,N83895,N83895,sa1,1
37652,N2084 /1 undetected,output,,N2084,N2084,1,undetected,N2084,N2084,N2084,sa1,1
37653,N83894 /1 undetected,output,,N83894,N83894,1,undetected,N83894,N83894,N83894,sa1,1
37654,N83885 /1 undetected,output,,N83885,N83885,1,undetected,N83885,N83885,N83885,sa1,1
37655,N2082 /1 undetected,output,,N2082,N2082,1,undetected,N2082,N2082,N2082,sa1,1
37656,N84125 /1 undetected,output,,N84125,N84125,1,undetected,N84125,N84125,N84125,sa1,1
37657,N84110 /1 undetected,output,,N84110,N84110,1,undetected,N84110,N84110,N84110,sa1,1
37658,N2077 /1 undetected,output,,N2077,N2077,1,undetected,N2077,N2077,N2077,sa1,1
37659,N2077 /0 undetected,output,,N2077,N2077,0,undetected,N2077,N2077,N2077,sa0,1
37660,N84052 /1 undetected,output,,N84052,N84052,1,undetected,N84052,N84052,N84052,sa1,1
37661,N84042 /1 undetected,output,,N84042,N84042,1,undetected,N84042,N84042,N84042,sa1,1
37662,N2073 /1 undetected,output,,N2073,N2073,1,undetected,N2073,N2073,N2073,sa1,1
37663,N2073 /0 undetected,output,,N2073,N2073,0,undetected,N2073,N2073,N2073,sa0,1
37664,N84106 /1 undetected,output,,N84106,N84106,1,undetected,N84106,N84106,N84106,sa1,1
37665,N84066 /1 undetected,output,,N84066,N84066,1,undetected,N84066,N84066,N84066,sa1,1
37666,N2071 /1 undetected,output,,N2071,N2071,1,undetected,N2071,N2071,N2071,sa1,1
37667,N84076 /1 undetected,output,,N84076,N84076,1,undetected,N84076,N84076,N84076,sa1,1
37668,N84072 /1 undetected,output,,N84072,N84072,1,undetected,N84072,N84072,N84072,sa1,1
37669,N2069 /1 undetected,output,,N2069,N2069,1,undetected,N2069,N2069,N2069,sa1,1
37670,N2069 /0 undetected,output,,N2069,N2069,0,undetected,N2069,N2069,N2069,sa0,1
37671,N84093 /1 undetected,output,,N84093,N84093,1,undetected,N84093,N84093,N84093,sa1,1
37672,N84088 /1 undetected,output,,N84088,N84088,1,undetected,N84088,N84088,N84088,sa1,1
37673,N2062 /1 undetected,output,,N2062,N2062,1,undetected,N2062,N2062,N2062,sa1,1
37674,N2062 /0 undetected,output,,N2062,N2062,0,undetected,N2062,N2062,N2062,sa0,1
37675,N83918 /1 undetected,output,,N83918,N83918,1,undetected,N83918,N83918,N83918,sa1,1
37676,N83915 /1 undetected,output,,N83915,N83915,1,undetected,N83915,N83915,N83915,sa1,1
37677,N2059 /1 undetected,output,,N2059,N2059,1,undetected,N2059,N2059,N2059,sa1,1
37678,N83908 /1 undetected,output,,N83908,N83908,1,undetected,N83908,N83908,N83908,sa1,1
37679,N83903 /1 undetected,output,,N83903,N83903,1,undetected,N83903,N83903,N83903,sa1,1
37680,N2058 /1 undetected,output,,N2058,N2058,1,undetected,N2058,N2058,N2058,sa1,1
37681,N2058 /0 undetected,output,,N2058,N2058,0,undetected,N2058,N2058,N2058,sa0,1
37682,N84034 /1 undetected,output,,N84034,N84034,1,undetected,N84034,N84034,N84034,sa1,1
37683,N83807 /1 undetected,output,,N83807,N83807,1,undetected,N83807,N83807,N83807,sa1,1
37684,N2053 /1 undetected,output,,N2053,N2053,1,undetected,N2053,N2053,N2053,sa1,1
37685,N2053 /0 undetected,output,,N2053,N2053,0,undetected,N2053,N2053,N2053,sa0,1
37686,N83941 /1 undetected,output,,N83941,N83941,1,undetected,N83941,N83941,N83941,sa1,1
37687,N83931 /1 undetected,output,,N83931,N83931,1,undetected,N83931,N83931,N83931,sa1,1
37688,N2046 /1 undetected,output,,N2046,N2046,1,undetected,N2046,N2046,N2046,sa1,1
37689,N83961 /1 undetected,output,,N83961,N83961,1,undetected,N83961,N83961,N83961,sa1,1
37690,N83956 /1 undetected,output,,N83956,N83956,1,undetected,N83956,N83956,N83956,sa1,1
37691,N2041 /1 undetected,output,,N2041,N2041,1,undetected,N2041,N2041,N2041,sa1,1
37692,N2041 /0 undetected,output,,N2041,N2041,0,undetected,N2041,N2041,N2041,sa0,1
37693,N84022 /1 undetected,output,,N84022,N84022,1,undetected,N84022,N84022,N84022,sa1,1
37694,N84014 /1 undetected,output,,N84014,N84014,1,undetected,N84014,N84014,N84014,sa1,1
37695,N2037 /1 undetected,output,,N2037,N2037,1,undetected,N2037,N2037,N2037,sa1,1
37696,N83969 /1 undetected,output,,N83969,N83969,1,undetected,N83969,N83969,N83969,sa1,1
37697,N83966 /1 undetected,output,,N83966,N83966,1,undetected,N83966,N83966,N83966,sa1,1
37698,N2023 /1 undetected,output,,N2023,N2023,1,undetected,N2023,N2023,N2023,sa1,1
37699,N83986 /1 undetected,output,,N83986,N83986,1,undetected,N83986,N83986,N83986,sa1,1
37700,N83984 /1 undetected,output,,N83984,N83984,1,undetected,N83984,N83984,N83984,sa1,1
37701,N2021 /1 undetected,output,,N2021,N2021,1,undetected,N2021,N2021,N2021,sa1,1
37702,N83988 /1 undetected,output,,N83988,N83988,1,undetected,N83988,N83988,N83988,sa1,1
37703,N1055 /1 undetected,output,,N1055,N1055,1,undetected,N1055,N1055,N1055,sa1,1
37704,N84874 /1 undetected,output,,N84874,N84874,1,undetected,N84874,N84874,N84874,sa1,1
37705,N1996 /1 undetected,output,,N1996,N1996,1,undetected,N1996,N1996,N1996,sa1,1
37706,N1996 /0 undetected,output,,N1996,N1996,0,undetected,N1996,N1996,N1996,sa0,1
37707,N1854 /1 undetected,output,,N1854,N1854,1,undetected,N1854,N1854,N1854,sa1,1
37708,N69998 /1 undetected,output,,N69998,N69998,1,undetected,N69998,N69998,N69998,sa1,1
37709,N1823 /1 undetected,output,,N1823,N1823,1,undetected,N1823,N1823,N1823,sa1,1
37710,N1774 /1 undetected,output,,N1774,N1774,1,undetected,N1774,N1774,N1774,sa1,1
37711,N69970 /1 undetected,output,,N69970,N69970,1,undetected,N69970,N69970,N69970,sa1,1
37712,N77649 /1 undetected,output,,N77649,N77649,1,undetected,N77649,N77649,N77649,sa1,1
37713,N77589 /1 undetected,output,,N77589,N77589,1,undetected,N77589,N77589,N77589,sa1,1
37714,N74708 /1 undetected,output,,N74708,N74708,1,undetected,N74708,N74708,N74708,sa1,1
37715,N74858 /1 undetected,output,,N74858,N74858,1,undetected,N74858,N74858,N74858,sa1,1
37716,N74666 /1 undetected,output,,N74666,N74666,1,undetected,N74666,N74666,N74666,sa1,1
37717,N74806 /1 undetected,output,,N74806,N74806,1,undetected,N74806,N74806,N74806,sa1,1
37718,N76728 /1 undetected,output,,N76728,N76728,1,undetected,N76728,N76728,N76728,sa1,1
37719,N75156 /1 undetected,output,,N75156,N75156,1,undetected,N75156,N75156,N75156,sa1,1
37720,N75154 /1 undetected,output,,N75154,N75154,1,undetected,N75154,N75154,N75154,sa1,1
37721,N75151 /1 undetected,output,,N75151,N75151,1,undetected,N75151,N75151,N75151,sa1,1
37722,N75149 /1 undetected,output,,N75149,N75149,1,undetected,N75149,N75149,N75149,sa1,1
37723,N2830 /1 undetected,output,,N2830,N2830,1,undetected,N2830,N2830,N2830,sa1,1
37724,N2830 /0 undetected,output,,N2830,N2830,0,undetected,N2830,N2830,N2830,sa0,1
37725,N69989 /1 undetected,output,,N69989,N69989,1,undetected,N69989,N69989,N69989,sa1,1
37726,N83299 /1 undetected,output,,N83299,N83299,1,undetected,N83299,N83299,N83299,sa1,1
37727,N69700 /1 undetected,output,,N69700,N69700,1,undetected,N69700,N69700,N69700,sa1,1
37728,N83274 /1 undetected,output,,N83274,N83274,1,undetected,N83274,N83274,N83274,sa1,1
37729,N69330 /1 undetected,output,,N69330,N69330,1,undetected,N69330,N69330,N69330,sa1,1
37730,N69330 /0 undetected,output,,N69330,N69330,0,undetected,N69330,N69330,N69330,sa0,1
37731,N83010 /1 undetected,output,,N83010,N83010,1,undetected,N83010,N83010,N83010,sa1,1
37732,N77646 /1 undetected,output,,N77646,N77646,1,undetected,N77646,N77646,N77646,sa1,1
37733,N68943 /1 undetected,output,,N68943,N68943,1,undetected,N68943,N68943,N68943,sa1,1
37734,N68943 /0 undetected,output,,N68943,N68943,0,undetected,N68943,N68943,N68943,sa0,1
37735,N77361 /1 undetected,output,,N77361,N77361,1,undetected,N77361,N77361,N77361,sa1,1
37736,N1830 /1 undetected,output,,N1830,N1830,1,undetected,N1830,N1830,N1830,sa1,1
37737,N30485 /1 undetected,output,,N30485,N30485,1,undetected,N30485,N30485,N30485,sa1,1
37738,N30485 /0 undetected,output,,N30485,N30485,0,undetected,N30485,N30485,N30485,sa0,1
37739,N75933 /1 undetected,output,,N75933,N75933,1,undetected,N75933,N75933,N75933,sa1,1
37740,N75589 /1 undetected,output,,N75589,N75589,1,undetected,N75589,N75589,N75589,sa1,1
37741,N23958 /1 undetected,output,,N23958,N23958,1,undetected,N23958,N23958,N23958,sa1,1
37742,N74800 /1 undetected,output,,N74800,N74800,1,undetected,N74800,N74800,N74800,sa1,1
37743,N7702 /1 undetected,output,,N7702,N7702,1,undetected,N7702,N7702,N7702,sa1,1
37744,N7702 /0 undetected,output,,N7702,N7702,0,undetected,N7702,N7702,N7702,sa0,1
37745,N77745 /1 undetected,output,,N77745,N77745,1,undetected,N77745,N77745,N77745,sa1,1
37746,N75388 /1 undetected,output,,N75388,N75388,1,undetected,N75388,N75388,N75388,sa1,1
37747,N7220 /1 undetected,output,,N7220,N7220,1,undetected,N7220,N7220,N7220,sa1,1
37748,N7220 /0 undetected,output,,N7220,N7220,0,undetected,N7220,N7220,N7220,sa0,1
37749,N76872 /1 undetected,output,,N76872,N76872,1,undetected,N76872,N76872,N76872,sa1,1
37750,N75385 /1 undetected,output,,N75385,N75385,1,undetected,N75385,N75385,N75385,sa1,1
37751,N4453 /0 undetected,output,,N4453,N4453,0,undetected,N4453,N4453,N4453,sa0,1
37752,N77230 /1 undetected,output,,N77230,N77230,1,undetected,N77230,N77230,N77230,sa1,1
37753,N75145 /1 undetected,output,,N75145,N75145,1,undetected,N75145,N75145,N75145,sa1,1
37754,N3071 /1 undetected,output,,N3071,N3071,1,undetected,N3071,N3071,N3071,sa1,1
37755,N3071 /0 undetected,output,,N3071,N3071,0,undetected,N3071,N3071,N3071,sa0,1
37756,N77140 /1 undetected,output,,N77140,N77140,1,undetected,N77140,N77140,N77140,sa1,1
37757,N74471 /1 undetected,output,,N74471,N74471,1,undetected,N74471,N74471,N74471,sa1,1
37758,N2793 /1 undetected,output,,N2793,N2793,1,undetected,N2793,N2793,N2793,sa1,1
37759,N2793 /0 undetected,output,,N2793,N2793,0,undetected,N2793,N2793,N2793,sa0,1
37760,N74269 /1 undetected,output,,N74269,N74269,1,undetected,N74269,N74269,N74269,sa1,1
37761,N74243 /1 undetected,output,,N74243,N74243,1,undetected,N74243,N74243,N74243,sa1,1
37762,N2483 /1 undetected,output,,N2483,N2483,1,undetected,N2483,N2483,N2483,sa1,1
37763,N2483 /0 undetected,output,,N2483,N2483,0,undetected,N2483,N2483,N2483,sa0,1
37764,N2482 /1 undetected,output,,N2482,N2482,1,undetected,N2482,N2482,N2482,sa1,1
37765,N76362 /1 undetected,output,,N76362,N76362,1,undetected,N76362,N76362,N76362,sa1,1
37766,N76341 /1 undetected,output,,N76341,N76341,1,undetected,N76341,N76341,N76341,sa1,1
37767,N2481 /1 undetected,output,,N2481,N2481,1,undetected,N2481,N2481,N2481,sa1,1
37768,N76322 /1 undetected,output,,N76322,N76322,1,undetected,N76322,N76322,N76322,sa1,1
37769,N76304 /1 undetected,output,,N76304,N76304,1,undetected,N76304,N76304,N76304,sa1,1
37770,N77309 /1 undetected,output,,N77309,N77309,1,undetected,N77309,N77309,N77309,sa1,1
37771,N67911 /0 undetected,output,,N67911,N67911,0,undetected,N67911,N67911,N67911,sa0,1
37772,N80527 /1 undetected,output,,N80527,N80527,1,undetected,N80527,N80527,N80527,sa1,1
37773,N67874 /0 undetected,output,,N67874,N67874,0,undetected,N67874,N67874,N67874,sa0,1
37774,N80724 /1 undetected,output,,N80724,N80724,1,undetected,N80724,N80724,N80724,sa1,1
37775,N60950 /1 undetected,output,,N60950,N60950,1,undetected,N60950,N60950,N60950,sa1,1
37776,N82521 /1 undetected,output,,N82521,N82521,1,undetected,N82521,N82521,N82521,sa1,1
37777,N80708 /1 undetected,output,,N80708,N80708,1,undetected,N80708,N80708,N80708,sa1,1
37778,N79149 /1 undetected,output,,N79149,N79149,1,undetected,N79149,N79149,N79149,sa1,1
37779,N55718 /1 undetected,output,,N55718,N55718,1,undetected,N55718,N55718,N55718,sa1,1
37780,N55718 /0 undetected,output,,N55718,N55718,0,undetected,N55718,N55718,N55718,sa0,1
37781,N75841 /1 undetected,output,,N75841,N75841,1,undetected,N75841,N75841,N75841,sa1,1
37782,N75827 /1 undetected,output,,N75827,N75827,1,undetected,N75827,N75827,N75827,sa1,1
37783,N54827 /1 undetected,output,,N54827,N54827,1,undetected,N54827,N54827,N54827,sa1,1
37784,N54827 /0 undetected,output,,N54827,N54827,0,undetected,N54827,N54827,N54827,sa0,1
37785,N75886 /1 undetected,output,,N75886,N75886,1,undetected,N75886,N75886,N75886,sa1,1
37786,N75816 /1 undetected,output,,N75816,N75816,1,undetected,N75816,N75816,N75816,sa1,1
37787,N53852 /1 undetected,output,,N53852,N53852,1,undetected,N53852,N53852,N53852,sa1,1
37788,N53852 /0 undetected,output,,N53852,N53852,0,undetected,N53852,N53852,N53852,sa0,1
37789,N75862 /1 undetected,output,,N75862,N75862,1,undetected,N75862,N75862,N75862,sa1,1
37790,N75813 /1 undetected,output,,N75813,N75813,1,undetected,N75813,N75813,N75813,sa1,1
37791,N53385 /1 undetected,output,,N53385,N53385,1,undetected,N53385,N53385,N53385,sa1,1
37792,N53385 /0 undetected,output,,N53385,N53385,0,undetected,N53385,N53385,N53385,sa0,1
37793,N75979 /1 undetected,output,,N75979,N75979,1,undetected,N75979,N75979,N75979,sa1,1
37794,N75738 /1 undetected,output,,N75738,N75738,1,undetected,N75738,N75738,N75738,sa1,1
37795,N53137 /1 undetected,output,,N53137,N53137,1,undetected,N53137,N53137,N53137,sa1,1
37796,N53137 /0 undetected,output,,N53137,N53137,0,undetected,N53137,N53137,N53137,sa0,1
37797,N75973 /1 undetected,output,,N75973,N75973,1,undetected,N75973,N75973,N75973,sa1,1
37798,N75766 /1 undetected,output,,N75766,N75766,1,undetected,N75766,N75766,N75766,sa1,1
37799,N53133 /1 undetected,output,,N53133,N53133,1,undetected,N53133,N53133,N53133,sa1,1
37800,N53133 /0 undetected,output,,N53133,N53133,0,undetected,N53133,N53133,N53133,sa0,1
37801,N75919 /1 undetected,output,,N75919,N75919,1,undetected,N75919,N75919,N75919,sa1,1
37802,N75839 /1 undetected,output,,N75839,N75839,1,undetected,N75839,N75839,N75839,sa1,1
37803,N52948 /1 undetected,output,,N52948,N52948,1,undetected,N52948,N52948,N52948,sa1,1
37804,N52948 /0 undetected,output,,N52948,N52948,0,undetected,N52948,N52948,N52948,sa0,1
37805,N75918 /1 undetected,output,,N75918,N75918,1,undetected,N75918,N75918,N75918,sa1,1
37806,N75877 /1 undetected,output,,N75877,N75877,1,undetected,N75877,N75877,N75877,sa1,1
37807,N52326 /1 undetected,output,,N52326,N52326,1,undetected,N52326,N52326,N52326,sa1,1
37808,N82196 /1 undetected,output,,N82196,N82196,1,undetected,N82196,N82196,N82196,sa1,1
37809,N82191 /1 undetected,output,,N82191,N82191,1,undetected,N82191,N82191,N82191,sa1,1
37810,N75899 /1 undetected,output,,N75899,N75899,1,undetected,N75899,N75899,N75899,sa1,1
37811,N49461 /1 undetected,output,,N49461,N49461,1,undetected,N49461,N49461,N49461,sa1,1
37812,N49461 /0 undetected,output,,N49461,N49461,0,undetected,N49461,N49461,N49461,sa0,1
37813,N82085 /1 undetected,output,,N82085,N82085,1,undetected,N82085,N82085,N82085,sa1,1
37814,N75807 /1 undetected,output,,N75807,N75807,1,undetected,N75807,N75807,N75807,sa1,1
37815,N49190 /1 undetected,output,,N49190,N49190,1,undetected,N49190,N49190,N49190,sa1,1
37816,N49190 /0 undetected,output,,N49190,N49190,0,undetected,N49190,N49190,N49190,sa0,1
37817,N82075 /1 undetected,output,,N82075,N82075,1,undetected,N82075,N82075,N82075,sa1,1
37818,N75722 /1 undetected,output,,N75722,N75722,1,undetected,N75722,N75722,N75722,sa1,1
37819,N47297 /1 undetected,output,,N47297,N47297,1,undetected,N47297,N47297,N47297,sa1,1
37820,N47297 /0 undetected,output,,N47297,N47297,0,undetected,N47297,N47297,N47297,sa0,1
37821,N82046 /1 undetected,output,,N82046,N82046,1,undetected,N82046,N82046,N82046,sa1,1
37822,N79441 /1 undetected,output,,N79441,N79441,1,undetected,N79441,N79441,N79441,sa1,1
37823,N46563 /1 undetected,output,,N46563,N46563,1,undetected,N46563,N46563,N46563,sa1,1
37824,N46563 /0 undetected,output,,N46563,N46563,0,undetected,N46563,N46563,N46563,sa0,1
37825,N82013 /1 undetected,output,,N82013,N82013,1,undetected,N82013,N82013,N82013,sa1,1
37826,N78721 /1 undetected,output,,N78721,N78721,1,undetected,N78721,N78721,N78721,sa1,1
37827,N44791 /1 undetected,output,,N44791,N44791,1,undetected,N44791,N44791,N44791,sa1,1
37828,N44791 /0 undetected,output,,N44791,N44791,0,undetected,N44791,N44791,N44791,sa0,1
37829,N81964 /1 undetected,output,,N81964,N81964,1,undetected,N81964,N81964,N81964,sa1,1
37830,N76574 /1 undetected,output,,N76574,N76574,1,undetected,N76574,N76574,N76574,sa1,1
37831,N40872 /1 undetected,output,,N40872,N40872,1,undetected,N40872,N40872,N40872,sa1,1
37832,N40872 /0 undetected,output,,N40872,N40872,0,undetected,N40872,N40872,N40872,sa0,1
37833,N81790 /1 undetected,output,,N81790,N81790,1,undetected,N81790,N81790,N81790,sa1,1
37834,N78693 /1 undetected,output,,N78693,N78693,1,undetected,N78693,N78693,N78693,sa1,1
37835,N40168 /1 undetected,output,,N40168,N40168,1,undetected,N40168,N40168,N40168,sa1,1
37836,N40168 /0 undetected,output,,N40168,N40168,0,undetected,N40168,N40168,N40168,sa0,1
37837,N81929 /1 undetected,output,,N81929,N81929,1,undetected,N81929,N81929,N81929,sa1,1
37838,N76358 /1 undetected,output,,N76358,N76358,1,undetected,N76358,N76358,N76358,sa1,1
37839,N39177 /1 undetected,output,,N39177,N39177,1,undetected,N39177,N39177,N39177,sa1,1
37840,N39177 /0 undetected,output,,N39177,N39177,0,undetected,N39177,N39177,N39177,sa0,1
37841,N81916 /1 undetected,output,,N81916,N81916,1,undetected,N81916,N81916,N81916,sa1,1
37842,N76375 /1 undetected,output,,N76375,N76375,1,undetected,N76375,N76375,N76375,sa1,1
37843,N38448 /0 undetected,output,,N38448,N38448,0,undetected,N38448,N38448,N38448,sa0,1
37844,N81903 /1 undetected,output,,N81903,N81903,1,undetected,N81903,N81903,N81903,sa1,1
37845,N37275 /1 undetected,output,,N37275,N37275,1,undetected,N37275,N37275,N37275,sa1,1
37846,N37275 /0 undetected,output,,N37275,N37275,0,undetected,N37275,N37275,N37275,sa0,1
37847,N81893 /1 undetected,output,,N81893,N81893,1,undetected,N81893,N81893,N81893,sa1,1
37848,N78710 /1 undetected,output,,N78710,N78710,1,undetected,N78710,N78710,N78710,sa1,1
37849,N35204 /1 undetected,output,,N35204,N35204,1,undetected,N35204,N35204,N35204,sa1,1
37850,N35204 /0 undetected,output,,N35204,N35204,0,undetected,N35204,N35204,N35204,sa0,1
37851,N81845 /1 undetected,output,,N81845,N81845,1,undetected,N81845,N81845,N81845,sa1,1
37852,N79316 /1 undetected,output,,N79316,N79316,1,undetected,N79316,N79316,N79316,sa1,1
37853,N34234 /0 undetected,output,,N34234,N34234,0,undetected,N34234,N34234,N34234,sa0,1
37854,N81827 /1 undetected,output,,N81827,N81827,1,undetected,N81827,N81827,N81827,sa1,1
37855,N76537 /1 undetected,output,,N76537,N76537,1,undetected,N76537,N76537,N76537,sa1,1
37856,N29059 /0 undetected,output,,N29059,N29059,0,undetected,N29059,N29059,N29059,sa0,1
37857,N81748 /1 undetected,output,,N81748,N81748,1,undetected,N81748,N81748,N81748,sa1,1
37858,N76505 /1 undetected,output,,N76505,N76505,1,undetected,N76505,N76505,N76505,sa1,1
37859,N26363 /1 undetected,output,,N26363,N26363,1,undetected,N26363,N26363,N26363,sa1,1
37860,N26363 /0 undetected,output,,N26363,N26363,0,undetected,N26363,N26363,N26363,sa0,1
37861,N81689 /1 undetected,output,,N81689,N81689,1,undetected,N81689,N81689,N81689,sa1,1
37862,N78801 /1 undetected,output,,N78801,N78801,1,undetected,N78801,N78801,N78801,sa1,1
37863,N25560 /0 undetected,output,,N25560,N25560,0,undetected,N25560,N25560,N25560,sa0,1
37864,N25333 /1 undetected,output,,N25333,N25333,1,undetected,N25333,N25333,N25333,sa1,1
37865,N25333 /0 undetected,output,,N25333,N25333,0,undetected,N25333,N25333,N25333,sa0,1
37866,N80363 /1 undetected,output,,N80363,N80363,1,undetected,N80363,N80363,N80363,sa1,1
37867,N78791 /1 undetected,output,,N78791,N78791,1,undetected,N78791,N78791,N78791,sa1,1
37868,N24993 /1 undetected,output,,N24993,N24993,1,undetected,N24993,N24993,N24993,sa1,1
37869,N24993 /0 undetected,output,,N24993,N24993,0,undetected,N24993,N24993,N24993,sa0,1
37870,N80350 /1 undetected,output,,N80350,N80350,1,undetected,N80350,N80350,N80350,sa1,1
37871,N75721 /1 undetected,output,,N75721,N75721,1,undetected,N75721,N75721,N75721,sa1,1
37872,N24366 /0 undetected,output,,N24366,N24366,0,undetected,N24366,N24366,N24366,sa0,1
37873,N80531 /1 undetected,output,,N80531,N80531,1,undetected,N80531,N80531,N80531,sa1,1
37874,N22950 /1 undetected,output,,N22950,N22950,1,undetected,N22950,N22950,N22950,sa1,1
37875,N79343 /1 undetected,output,,N79343,N79343,1,undetected,N79343,N79343,N79343,sa1,1
37876,N75560 /1 undetected,output,,N75560,N75560,1,undetected,N75560,N75560,N75560,sa1,1
37877,N74793 /1 undetected,output,,N74793,N74793,1,undetected,N74793,N74793,N74793,sa1,1
37878,N21447 /0 undetected,output,,N21447,N21447,0,undetected,N21447,N21447,N21447,sa0,1
37879,N77127 /1 undetected,output,,N77127,N77127,1,undetected,N77127,N77127,N77127,sa1,1
37880,N21063 /1 undetected,output,,N21063,N21063,1,undetected,N21063,N21063,N21063,sa1,1
37881,N21063 /0 undetected,output,,N21063,N21063,0,undetected,N21063,N21063,N21063,sa0,1
37882,N78764 /1 undetected,output,,N78764,N78764,1,undetected,N78764,N78764,N78764,sa1,1
37883,N75547 /1 undetected,output,,N75547,N75547,1,undetected,N75547,N75547,N75547,sa1,1
37884,N20981 /1 undetected,output,,N20981,N20981,1,undetected,N20981,N20981,N20981,sa1,1
37885,N20981 /0 undetected,output,,N20981,N20981,0,undetected,N20981,N20981,N20981,sa0,1
37886,N76526 /1 undetected,output,,N76526,N76526,1,undetected,N76526,N76526,N76526,sa1,1
37887,N76308 /1 undetected,output,,N76308,N76308,1,undetected,N76308,N76308,N76308,sa1,1
37888,N20350 /1 undetected,output,,N20350,N20350,1,undetected,N20350,N20350,N20350,sa1,1
37889,N20350 /0 undetected,output,,N20350,N20350,0,undetected,N20350,N20350,N20350,sa0,1
37890,N76290 /1 undetected,output,,N76290,N76290,1,undetected,N76290,N76290,N76290,sa1,1
37891,N75391 /1 undetected,output,,N75391,N75391,1,undetected,N75391,N75391,N75391,sa1,1
37892,N20291 /1 undetected,output,,N20291,N20291,1,undetected,N20291,N20291,N20291,sa1,1
37893,N20291 /0 undetected,output,,N20291,N20291,0,undetected,N20291,N20291,N20291,sa0,1
37894,N76368 /1 undetected,output,,N76368,N76368,1,undetected,N76368,N76368,N76368,sa1,1
37895,N76040 /1 undetected,output,,N76040,N76040,1,undetected,N76040,N76040,N76040,sa1,1
37896,N18909 /1 undetected,output,,N18909,N18909,1,undetected,N18909,N18909,N18909,sa1,1
37897,N77614 /1 undetected,output,,N77614,N77614,1,undetected,N77614,N77614,N77614,sa1,1
37898,N77241 /1 undetected,output,,N77241,N77241,1,undetected,N77241,N77241,N77241,sa1,1
37899,N17090 /1 undetected,output,,N17090,N17090,1,undetected,N17090,N17090,N17090,sa1,1
37900,N17090 /0 undetected,output,,N17090,N17090,0,undetected,N17090,N17090,N17090,sa0,1
37901,N79272 /1 undetected,output,,N79272,N79272,1,undetected,N79272,N79272,N79272,sa1,1
37902,N76447 /1 undetected,output,,N76447,N76447,1,undetected,N76447,N76447,N76447,sa1,1
37903,N16205 /1 undetected,output,,N16205,N16205,1,undetected,N16205,N16205,N16205,sa1,1
37904,N16205 /0 undetected,output,,N16205,N16205,0,undetected,N16205,N16205,N16205,sa0,1
37905,N83725 /1 undetected,output,,N83725,N83725,1,undetected,N83725,N83725,N83725,sa1,1
37906,N76384 /1 undetected,output,,N76384,N76384,1,undetected,N76384,N76384,N76384,sa1,1
37907,N16195 /1 undetected,output,,N16195,N16195,1,undetected,N16195,N16195,N16195,sa1,1
37908,N16195 /0 undetected,output,,N16195,N16195,0,undetected,N16195,N16195,N16195,sa0,1
37909,N83724 /1 undetected,output,,N83724,N83724,1,undetected,N83724,N83724,N83724,sa1,1
37910,N76239 /1 undetected,output,,N76239,N76239,1,undetected,N76239,N76239,N76239,sa1,1
37911,N13751 /1 undetected,output,,N13751,N13751,1,undetected,N13751,N13751,N13751,sa1,1
37912,N13751 /0 undetected,output,,N13751,N13751,0,undetected,N13751,N13751,N13751,sa0,1
37913,N76653 /1 undetected,output,,N76653,N76653,1,undetected,N76653,N76653,N76653,sa1,1
37914,N76637 /1 undetected,output,,N76637,N76637,1,undetected,N76637,N76637,N76637,sa1,1
37915,N13123 /1 undetected,output,,N13123,N13123,1,undetected,N13123,N13123,N13123,sa1,1
37916,N13123 /0 undetected,output,,N13123,N13123,0,undetected,N13123,N13123,N13123,sa0,1
37917,N77184 /1 undetected,output,,N77184,N77184,1,undetected,N77184,N77184,N77184,sa1,1
37918,N76677 /1 undetected,output,,N76677,N76677,1,undetected,N76677,N76677,N76677,sa1,1
37919,N12960 /0 undetected,output,,N12960,N12960,0,undetected,N12960,N12960,N12960,sa0,1
37920,N77335 /1 undetected,output,,N77335,N77335,1,undetected,N77335,N77335,N77335,sa1,1
37921,N11417 /0 undetected,output,,N11417,N11417,0,undetected,N11417,N11417,N11417,sa0,1
37922,N76226 /1 undetected,output,,N76226,N76226,1,undetected,N76226,N76226,N76226,sa1,1
37923,N74429 /1 undetected,output,,N74429,N74429,1,undetected,N74429,N74429,N74429,sa1,1
37924,N8572 /1 undetected,output,,N8572,N8572,1,undetected,N8572,N8572,N8572,sa1,1
37925,N8572 /0 undetected,output,,N8572,N8572,0,undetected,N8572,N8572,N8572,sa0,1
37926,N83708 /1 undetected,output,,N83708,N83708,1,undetected,N83708,N83708,N83708,sa1,1
37927,N83701 /1 undetected,output,,N83701,N83701,1,undetected,N83701,N83701,N83701,sa1,1
37928,N8303 /1 undetected,output,,N8303,N8303,1,undetected,N8303,N8303,N8303,sa1,1
37929,N75481 /1 undetected,output,,N75481,N75481,1,undetected,N75481,N75481,N75481,sa1,1
37930,N75160 /1 undetected,output,,N75160,N75160,1,undetected,N75160,N75160,N75160,sa1,1
37931,N3566 /1 undetected,output,,N3566,N3566,1,undetected,N3566,N3566,N3566,sa1,1
37932,N3566 /0 undetected,output,,N3566,N3566,0,undetected,N3566,N3566,N3566,sa0,1
37933,N77178 /1 undetected,output,,N77178,N77178,1,undetected,N77178,N77178,N77178,sa1,1
37934,N74484 /1 undetected,output,,N74484,N74484,1,undetected,N74484,N74484,N74484,sa1,1
37935,N2831 /1 undetected,output,,N2831,N2831,1,undetected,N2831,N2831,N2831,sa1,1
37936,N2831 /0 undetected,output,,N2831,N2831,0,undetected,N2831,N2831,N2831,sa0,1
37937,N76790 /1 undetected,output,,N76790,N76790,1,undetected,N76790,N76790,N76790,sa1,1
37938,N1175 /1 undetected,output,,N1175,N1175,1,undetected,N1175,N1175,N1175,sa1,1
37939,N2598 /1 undetected,output,,N2598,N2598,1,undetected,N2598,N2598,N2598,sa1,1
37940,N2598 /0 undetected,output,,N2598,N2598,0,undetected,N2598,N2598,N2598,sa0,1
37941,N83700 /1 undetected,output,,N83700,N83700,1,undetected,N83700,N83700,N83700,sa1,1
37942,N75364 /1 undetected,output,,N75364,N75364,1,undetected,N75364,N75364,N75364,sa1,1
37943,N2497 /0 undetected,output,,N2497,N2497,0,undetected,N2497,N2497,N2497,sa0,1
37944,N76288 /1 undetected,output,,N76288,N76288,1,undetected,N76288,N76288,N76288,sa1,1
37945,N2473 /0 undetected,output,,N2473,N2473,0,undetected,N2473,N2473,N2473,sa0,1
37946,N76296 /1 undetected,output,,N76296,N76296,1,undetected,N76296,N76296,N76296,sa1,1
37947,N2472 /1 undetected,output,,N2472,N2472,1,undetected,N2472,N2472,N2472,sa1,1
37948,N76286 /1 undetected,output,,N76286,N76286,1,undetected,N76286,N76286,N76286,sa1,1
37949,N75404 /1 undetected,output,,N75404,N75404,1,undetected,N75404,N75404,N75404,sa1,1
37950,N2168 /1 undetected,output,,N2168,N2168,1,undetected,N2168,N2168,N2168,sa1,1
37951,N2168 /0 undetected,output,,N2168,N2168,0,undetected,N2168,N2168,N2168,sa0,1
37952,N76212 /1 undetected,output,,N76212,N76212,1,undetected,N76212,N76212,N76212,sa1,1
37953,N76199 /1 undetected,output,,N76199,N76199,1,undetected,N76199,N76199,N76199,sa1,1
37954,N1876 /1 undetected,output,,N1876,N1876,1,undetected,N1876,N1876,N1876,sa1,1
37955,N1876 /0 undetected,output,,N1876,N1876,0,undetected,N1876,N1876,N1876,sa0,1
37956,N1875 /1 undetected,output,,N1875,N1875,1,undetected,N1875,N1875,N1875,sa1,1
37957,N1875 /0 undetected,output,,N1875,N1875,0,undetected,N1875,N1875,N1875,sa0,1
37958,N1874 /0 undetected,output,,N1874,N1874,0,undetected,N1874,N1874,N1874,sa0,1
37959,N1872 /1 undetected,output,,N1872,N1872,1,undetected,N1872,N1872,N1872,sa1,1
37960,N1872 /0 undetected,output,,N1872,N1872,0,undetected,N1872,N1872,N1872,sa0,1
37961,N1868 /1 undetected,output,,N1868,N1868,1,undetected,N1868,N1868,N1868,sa1,1
37962,N1866 /0 undetected,output,,N1866,N1866,0,undetected,N1866,N1866,N1866,sa0,1
37963,N1864 /1 undetected,output,,N1864,N1864,1,undetected,N1864,N1864,N1864,sa1,1
37964,N1863 /1 undetected,output,,N1863,N1863,1,undetected,N1863,N1863,N1863,sa1,1
37965,N1863 /0 undetected,output,,N1863,N1863,0,undetected,N1863,N1863,N1863,sa0,1
37966,N1859 /1 undetected,output,,N1859,N1859,1,undetected,N1859,N1859,N1859,sa1,1
37967,N1859 /0 undetected,output,,N1859,N1859,0,undetected,N1859,N1859,N1859,sa0,1
37968,N1858 /1 undetected,output,,N1858,N1858,1,undetected,N1858,N1858,N1858,sa1,1
37969,N1858 /0 undetected,output,,N1858,N1858,0,undetected,N1858,N1858,N1858,sa0,1
37970,N1853 /0 undetected,output,,N1853,N1853,0,undetected,N1853,N1853,N1853,sa0,1
37971,N1851 /1 undetected,output,,N1851,N1851,1,undetected,N1851,N1851,N1851,sa1,1
37972,N1850 /1 undetected,output,,N1850,N1850,1,undetected,N1850,N1850,N1850,sa1,1
37973,N1850 /0 undetected,output,,N1850,N1850,0,undetected,N1850,N1850,N1850,sa0,1
37974,N1848 /1 undetected,output,,N1848,N1848,1,undetected,N1848,N1848,N1848,sa1,1
37975,N1848 /0 undetected,output,,N1848,N1848,0,undetected,N1848,N1848,N1848,sa0,1
37976,N1844 /1 undetected,output,,N1844,N1844,1,undetected,N1844,N1844,N1844,sa1,1
37977,N1839 /1 undetected,output,,N1839,N1839,1,undetected,N1839,N1839,N1839,sa1,1
37978,N1839 /0 undetected,output,,N1839,N1839,0,undetected,N1839,N1839,N1839,sa0,1
37979,N1837 /0 undetected,output,,N1837,N1837,0,undetected,N1837,N1837,N1837,sa0,1
37980,N1832 /1 undetected,output,,N1832,N1832,1,undetected,N1832,N1832,N1832,sa1,1
37981,N1831 /1 undetected,output,,N1831,N1831,1,undetected,N1831,N1831,N1831,sa1,1
37982,N1831 /0 undetected,output,,N1831,N1831,0,undetected,N1831,N1831,N1831,sa0,1
37983,N1829 /0 undetected,output,,N1829,N1829,0,undetected,N1829,N1829,N1829,sa0,1
37984,N1827 /1 undetected,output,,N1827,N1827,1,undetected,N1827,N1827,N1827,sa1,1
37985,N1826 /1 undetected,output,,N1826,N1826,1,undetected,N1826,N1826,N1826,sa1,1
37986,N1826 /0 undetected,output,,N1826,N1826,0,undetected,N1826,N1826,N1826,sa0,1
37987,N1825 /1 undetected,output,,N1825,N1825,1,undetected,N1825,N1825,N1825,sa1,1
37988,N1825 /0 undetected,output,,N1825,N1825,0,undetected,N1825,N1825,N1825,sa0,1
37989,N1824 /0 undetected,output,,N1824,N1824,0,undetected,N1824,N1824,N1824,sa0,1
37990,N1822 /1 undetected,output,,N1822,N1822,1,undetected,N1822,N1822,N1822,sa1,1
37991,N1819 /1 undetected,output,,N1819,N1819,1,undetected,N1819,N1819,N1819,sa1,1
37992,N1819 /0 undetected,output,,N1819,N1819,0,undetected,N1819,N1819,N1819,sa0,1
37993,N1817 /1 undetected,output,,N1817,N1817,1,undetected,N1817,N1817,N1817,sa1,1
37994,N1817 /0 undetected,output,,N1817,N1817,0,undetected,N1817,N1817,N1817,sa0,1
37995,N1814 /1 undetected,output,,N1814,N1814,1,undetected,N1814,N1814,N1814,sa1,1
37996,N1807 /1 undetected,output,,N1807,N1807,1,undetected,N1807,N1807,N1807,sa1,1
37997,N1804 /0 undetected,output,,N1804,N1804,0,undetected,N1804,N1804,N1804,sa0,1
37998,N1802 /1 undetected,output,,N1802,N1802,1,undetected,N1802,N1802,N1802,sa1,1
37999,N1801 /1 undetected,output,,N1801,N1801,1,undetected,N1801,N1801,N1801,sa1,1
38000,N1801 /0 undetected,output,,N1801,N1801,0,undetected,N1801,N1801,N1801,sa0,1
38001,N1800 /0 undetected,output,,N1800,N1800,0,undetected,N1800,N1800,N1800,sa0,1
38002,N1798 /1 undetected,output,,N1798,N1798,1,undetected,N1798,N1798,N1798,sa1,1
38003,N1798 /0 undetected,output,,N1798,N1798,0,undetected,N1798,N1798,N1798,sa0,1
38004,N1796 /1 undetected,output,,N1796,N1796,1,undetected,N1796,N1796,N1796,sa1,1
38005,N1796 /0 undetected,output,,N1796,N1796,0,undetected,N1796,N1796,N1796,sa0,1
38006,N1795 /1 undetected,output,,N1795,N1795,1,undetected,N1795,N1795,N1795,sa1,1
38007,N1795 /0 undetected,output,,N1795,N1795,0,undetected,N1795,N1795,N1795,sa0,1
38008,N1794 /1 undetected,output,,N1794,N1794,1,undetected,N1794,N1794,N1794,sa1,1
38009,N1789 /1 undetected,output,,N1789,N1789,1,undetected,N1789,N1789,N1789,sa1,1
38010,N1789 /0 undetected,output,,N1789,N1789,0,undetected,N1789,N1789,N1789,sa0,1
38011,N1787 /1 undetected,output,,N1787,N1787,1,undetected,N1787,N1787,N1787,sa1,1
38012,N1787 /0 undetected,output,,N1787,N1787,0,undetected,N1787,N1787,N1787,sa0,1
38013,N1786 /0 undetected,output,,N1786,N1786,0,undetected,N1786,N1786,N1786,sa0,1
38014,N1785 /1 undetected,output,,N1785,N1785,1,undetected,N1785,N1785,N1785,sa1,1
38015,N1785 /0 undetected,output,,N1785,N1785,0,undetected,N1785,N1785,N1785,sa0,1
38016,N1784 /1 undetected,output,,N1784,N1784,1,undetected,N1784,N1784,N1784,sa1,1
38017,N1784 /0 undetected,output,,N1784,N1784,0,undetected,N1784,N1784,N1784,sa0,1
38018,N1780 /0 undetected,output,,N1780,N1780,0,undetected,N1780,N1780,N1780,sa0,1
38019,N1775 /0 undetected,output,,N1775,N1775,0,undetected,N1775,N1775,N1775,sa0,1
38020,N1750 /1 undetected,output,,N1750,N1750,1,undetected,N1750,N1750,N1750,sa1,1
38021,N1741 /1 undetected,output,,N1741,N1741,1,undetected,N1741,N1741,N1741,sa1,1
38022,N1635 /1 undetected,output,,N1635,N1635,1,undetected,N1635,N1635,N1635,sa1,1
38023,N1634 /1 undetected,output,,N1634,N1634,1,undetected,N1634,N1634,N1634,sa1,1
38024,N1626 /1 undetected,output,,N1626,N1626,1,undetected,N1626,N1626,N1626,sa1,1
38025,N1621 /1 undetected,output,,N1621,N1621,1,undetected,N1621,N1621,N1621,sa1,1
38026,N1617 /1 undetected,output,,N1617,N1617,1,undetected,N1617,N1617,N1617,sa1,1
38027,N1544 /1 undetected,output,,N1544,N1544,1,undetected,N1544,N1544,N1544,sa1,1
38028,N1513 /1 undetected,output,,N1513,N1513,1,undetected,N1513,N1513,N1513,sa1,1
38029,N1513 /0 undetected,output,,N1513,N1513,0,undetected,N1513,N1513,N1513,sa0,1
38030,N1501 /1 undetected,output,,N1501,N1501,1,undetected,N1501,N1501,N1501,sa1,1
38031,N1501 /0 undetected,output,,N1501,N1501,0,undetected,N1501,N1501,N1501,sa0,1
38032,N1471 /1 undetected,output,,N1471,N1471,1,undetected,N1471,N1471,N1471,sa1,1
38033,N1467 /1 undetected,output,,N1467,N1467,1,undetected,N1467,N1467,N1467,sa1,1
38034,N1466 /1 undetected,output,,N1466,N1466,1,undetected,N1466,N1466,N1466,sa1,1
38035,N1465 /1 undetected,output,,N1465,N1465,1,undetected,N1465,N1465,N1465,sa1,1
38036,N1465 /0 undetected,output,,N1465,N1465,0,undetected,N1465,N1465,N1465,sa0,1
38037,N1464 /1 undetected,output,,N1464,N1464,1,undetected,N1464,N1464,N1464,sa1,1
38038,N1463 /1 undetected,output,,N1463,N1463,1,undetected,N1463,N1463,N1463,sa1,1
38039,N1462 /1 undetected,output,,N1462,N1462,1,undetected,N1462,N1462,N1462,sa1,1
38040,N1461 /0 undetected,output,,N1461,N1461,0,undetected,N1461,N1461,N1461,sa0,1
38041,N1460 /1 undetected,output,,N1460,N1460,1,undetected,N1460,N1460,N1460,sa1,1
38042,N1459 /1 undetected,output,,N1459,N1459,1,undetected,N1459,N1459,N1459,sa1,1
38043,N1459 /0 undetected,output,,N1459,N1459,0,undetected,N1459,N1459,N1459,sa0,1
38044,N1458 /1 undetected,output,,N1458,N1458,1,undetected,N1458,N1458,N1458,sa1,1
38045,N1458 /0 undetected,output,,N1458,N1458,0,undetected,N1458,N1458,N1458,sa0,1
38046,N1457 /1 undetected,output,,N1457,N1457,1,undetected,N1457,N1457,N1457,sa1,1
38047,N1457 /0 undetected,output,,N1457,N1457,0,undetected,N1457,N1457,N1457,sa0,1
38048,N1456 /1 undetected,output,,N1456,N1456,1,undetected,N1456,N1456,N1456,sa1,1
38049,N1456 /0 undetected,output,,N1456,N1456,0,undetected,N1456,N1456,N1456,sa0,1
38050,N1455 /1 undetected,output,,N1455,N1455,1,undetected,N1455,N1455,N1455,sa1,1
38051,N1455 /0 undetected,output,,N1455,N1455,0,undetected,N1455,N1455,N1455,sa0,1
38052,N1454 /1 undetected,output,,N1454,N1454,1,undetected,N1454,N1454,N1454,sa1,1
38053,N1454 /0 undetected,output,,N1454,N1454,0,undetected,N1454,N1454,N1454,sa0,1
38054,N1453 /1 undetected,output,,N1453,N1453,1,undetected,N1453,N1453,N1453,sa1,1
38055,N1453 /0 undetected,output,,N1453,N1453,0,undetected,N1453,N1453,N1453,sa0,1
38056,N1452 /1 undetected,output,,N1452,N1452,1,undetected,N1452,N1452,N1452,sa1,1
38057,N1452 /0 undetected,output,,N1452,N1452,0,undetected,N1452,N1452,N1452,sa0,1
38058,N1451 /1 undetected,output,,N1451,N1451,1,undetected,N1451,N1451,N1451,sa1,1
38059,N1451 /0 undetected,output,,N1451,N1451,0,undetected,N1451,N1451,N1451,sa0,1
38060,N1449 /1 undetected,output,,N1449,N1449,1,undetected,N1449,N1449,N1449,sa1,1
38061,N1449 /0 undetected,output,,N1449,N1449,0,undetected,N1449,N1449,N1449,sa0,1
38062,N1448 /1 undetected,output,,N1448,N1448,1,undetected,N1448,N1448,N1448,sa1,1
38063,N1448 /0 undetected,output,,N1448,N1448,0,undetected,N1448,N1448,N1448,sa0,1
38064,N1447 /1 undetected,output,,N1447,N1447,1,undetected,N1447,N1447,N1447,sa1,1
38065,N1447 /0 undetected,output,,N1447,N1447,0,undetected,N1447,N1447,N1447,sa0,1
38066,N1446 /1 undetected,output,,N1446,N1446,1,undetected,N1446,N1446,N1446,sa1,1
38067,N1446 /0 undetected,output,,N1446,N1446,0,undetected,N1446,N1446,N1446,sa0,1
38068,N1445 /1 undetected,output,,N1445,N1445,1,undetected,N1445,N1445,N1445,sa1,1
38069,N1445 /0 undetected,output,,N1445,N1445,0,undetected,N1445,N1445,N1445,sa0,1
38070,N1444 /1 undetected,output,,N1444,N1444,1,undetected,N1444,N1444,N1444,sa1,1
38071,N1444 /0 undetected,output,,N1444,N1444,0,undetected,N1444,N1444,N1444,sa0,1
38072,N1442 /1 undetected,output,,N1442,N1442,1,undetected,N1442,N1442,N1442,sa1,1
38073,N1442 /0 undetected,output,,N1442,N1442,0,undetected,N1442,N1442,N1442,sa0,1
38074,N1441 /1 undetected,output,,N1441,N1441,1,undetected,N1441,N1441,N1441,sa1,1
38075,N1441 /0 undetected,output,,N1441,N1441,0,undetected,N1441,N1441,N1441,sa0,1
38076,N1439 /1 undetected,output,,N1439,N1439,1,undetected,N1439,N1439,N1439,sa1,1
38077,N1438 /1 undetected,output,,N1438,N1438,1,undetected,N1438,N1438,N1438,sa1,1
38078,N1437 /1 undetected,output,,N1437,N1437,1,undetected,N1437,N1437,N1437,sa1,1
38079,N1437 /0 undetected,output,,N1437,N1437,0,undetected,N1437,N1437,N1437,sa0,1
38080,N1436 /1 undetected,output,,N1436,N1436,1,undetected,N1436,N1436,N1436,sa1,1
38081,N1436 /0 undetected,output,,N1436,N1436,0,undetected,N1436,N1436,N1436,sa0,1
38082,N1433 /1 undetected,output,,N1433,N1433,1,undetected,N1433,N1433,N1433,sa1,1
38083,N1433 /0 undetected,output,,N1433,N1433,0,undetected,N1433,N1433,N1433,sa0,1
38084,N1430 /1 undetected,output,,N1430,N1430,1,undetected,N1430,N1430,N1430,sa1,1
38085,N1430 /0 undetected,output,,N1430,N1430,0,undetected,N1430,N1430,N1430,sa0,1
38086,N1429 /1 undetected,output,,N1429,N1429,1,undetected,N1429,N1429,N1429,sa1,1
38087,N1428 /1 undetected,output,,N1428,N1428,1,undetected,N1428,N1428,N1428,sa1,1
38088,N1427 /1 undetected,output,,N1427,N1427,1,undetected,N1427,N1427,N1427,sa1,1
38089,N1426 /1 undetected,output,,N1426,N1426,1,undetected,N1426,N1426,N1426,sa1,1
38090,N1426 /0 undetected,output,,N1426,N1426,0,undetected,N1426,N1426,N1426,sa0,1
38091,N1425 /0 undetected,output,,N1425,N1425,0,undetected,N1425,N1425,N1425,sa0,1
38092,N1424 /0 undetected,output,,N1424,N1424,0,undetected,N1424,N1424,N1424,sa0,1
38093,N1420 /1 undetected,output,,N1420,N1420,1,undetected,N1420,N1420,N1420,sa1,1
38094,N1420 /0 undetected,output,,N1420,N1420,0,undetected,N1420,N1420,N1420,sa0,1
38095,N1419 /0 undetected,output,,N1419,N1419,0,undetected,N1419,N1419,N1419,sa0,1
38096,N1418 /1 undetected,output,,N1418,N1418,1,undetected,N1418,N1418,N1418,sa1,1
38097,N1418 /0 undetected,output,,N1418,N1418,0,undetected,N1418,N1418,N1418,sa0,1
38098,N1414 /0 undetected,output,,N1414,N1414,0,undetected,N1414,N1414,N1414,sa0,1
38099,N1413 /1 undetected,output,,N1413,N1413,1,undetected,N1413,N1413,N1413,sa1,1
38100,N1413 /0 undetected,output,,N1413,N1413,0,undetected,N1413,N1413,N1413,sa0,1
38101,N1412 /1 undetected,output,,N1412,N1412,1,undetected,N1412,N1412,N1412,sa1,1
38102,N1412 /0 undetected,output,,N1412,N1412,0,undetected,N1412,N1412,N1412,sa0,1
38103,N1411 /1 undetected,output,,N1411,N1411,1,undetected,N1411,N1411,N1411,sa1,1
38104,N1411 /0 undetected,output,,N1411,N1411,0,undetected,N1411,N1411,N1411,sa0,1
38105,N1410 /1 undetected,output,,N1410,N1410,1,undetected,N1410,N1410,N1410,sa1,1
38106,N1410 /0 undetected,output,,N1410,N1410,0,undetected,N1410,N1410,N1410,sa0,1
38107,N1406 /1 undetected,output,,N1406,N1406,1,undetected,N1406,N1406,N1406,sa1,1
38108,N1406 /0 undetected,output,,N1406,N1406,0,undetected,N1406,N1406,N1406,sa0,1
38109,N1405 /1 undetected,output,,N1405,N1405,1,undetected,N1405,N1405,N1405,sa1,1
38110,N1405 /0 undetected,output,,N1405,N1405,0,undetected,N1405,N1405,N1405,sa0,1
38111,N1404 /1 undetected,output,,N1404,N1404,1,undetected,N1404,N1404,N1404,sa1,1
38112,N1404 /0 undetected,output,,N1404,N1404,0,undetected,N1404,N1404,N1404,sa0,1
38113,N1403 /1 undetected,output,,N1403,N1403,1,undetected,N1403,N1403,N1403,sa1,1
38114,N1403 /0 undetected,output,,N1403,N1403,0,undetected,N1403,N1403,N1403,sa0,1
38115,N1402 /1 undetected,output,,N1402,N1402,1,undetected,N1402,N1402,N1402,sa1,1
38116,N1402 /0 undetected,output,,N1402,N1402,0,undetected,N1402,N1402,N1402,sa0,1
38117,N1401 /1 undetected,output,,N1401,N1401,1,undetected,N1401,N1401,N1401,sa1,1
38118,N1401 /0 undetected,output,,N1401,N1401,0,undetected,N1401,N1401,N1401,sa0,1
38119,N1397 /1 undetected,output,,N1397,N1397,1,undetected,N1397,N1397,N1397,sa1,1
38120,N1397 /0 undetected,output,,N1397,N1397,0,undetected,N1397,N1397,N1397,sa0,1
38121,N1396 /1 undetected,output,,N1396,N1396,1,undetected,N1396,N1396,N1396,sa1,1
38122,N1396 /0 undetected,output,,N1396,N1396,0,undetected,N1396,N1396,N1396,sa0,1
38123,N1395 /1 undetected,output,,N1395,N1395,1,undetected,N1395,N1395,N1395,sa1,1
38124,N1395 /0 undetected,output,,N1395,N1395,0,undetected,N1395,N1395,N1395,sa0,1
38125,N1388 /1 undetected,output,,N1388,N1388,1,undetected,N1388,N1388,N1388,sa1,1
38126,N1387 /1 undetected,output,,N1387,N1387,1,undetected,N1387,N1387,N1387,sa1,1
38127,N1387 /0 undetected,output,,N1387,N1387,0,undetected,N1387,N1387,N1387,sa0,1
38128,N1385 /0 undetected,output,,N1385,N1385,0,undetected,N1385,N1385,N1385,sa0,1
38129,N1384 /0 undetected,output,,N1384,N1384,0,undetected,N1384,N1384,N1384,sa0,1
38130,N1383 /1 undetected,output,,N1383,N1383,1,undetected,N1383,N1383,N1383,sa1,1
38131,N1383 /0 undetected,output,,N1383,N1383,0,undetected,N1383,N1383,N1383,sa0,1
38132,N1382 /0 undetected,output,,N1382,N1382,0,undetected,N1382,N1382,N1382,sa0,1
38133,N1381 /0 undetected,output,,N1381,N1381,0,undetected,N1381,N1381,N1381,sa0,1
38134,N1380 /0 undetected,output,,N1380,N1380,0,undetected,N1380,N1380,N1380,sa0,1
38135,N1378 /0 undetected,output,,N1378,N1378,0,undetected,N1378,N1378,N1378,sa0,1
38136,N1377 /1 undetected,output,,N1377,N1377,1,undetected,N1377,N1377,N1377,sa1,1
38137,N1377 /0 undetected,output,,N1377,N1377,0,undetected,N1377,N1377,N1377,sa0,1
38138,N1376 /1 undetected,output,,N1376,N1376,1,undetected,N1376,N1376,N1376,sa1,1
38139,N1376 /0 undetected,output,,N1376,N1376,0,undetected,N1376,N1376,N1376,sa0,1
38140,N1375 /0 undetected,output,,N1375,N1375,0,undetected,N1375,N1375,N1375,sa0,1
38141,N1374 /0 undetected,output,,N1374,N1374,0,undetected,N1374,N1374,N1374,sa0,1
38142,N1373 /1 undetected,output,,N1373,N1373,1,undetected,N1373,N1373,N1373,sa1,1
38143,N1373 /0 undetected,output,,N1373,N1373,0,undetected,N1373,N1373,N1373,sa0,1
38144,N1372 /1 undetected,output,,N1372,N1372,1,undetected,N1372,N1372,N1372,sa1,1
38145,N1371 /1 undetected,output,,N1371,N1371,1,undetected,N1371,N1371,N1371,sa1,1
38146,N1364 /1 undetected,output,,N1364,N1364,1,undetected,N1364,N1364,N1364,sa1,1
38147,N1364 /0 undetected,output,,N1364,N1364,0,undetected,N1364,N1364,N1364,sa0,1
38148,N1363 /1 undetected,output,,N1363,N1363,1,undetected,N1363,N1363,N1363,sa1,1
38149,N1363 /0 undetected,output,,N1363,N1363,0,undetected,N1363,N1363,N1363,sa0,1
38150,N1356 /1 undetected,output,,N1356,N1356,1,undetected,N1356,N1356,N1356,sa1,1
38151,N1355 /1 undetected,output,,N1355,N1355,1,undetected,N1355,N1355,N1355,sa1,1
38152,N1354 /1 undetected,output,,N1354,N1354,1,undetected,N1354,N1354,N1354,sa1,1
38153,N1354 /0 undetected,output,,N1354,N1354,0,undetected,N1354,N1354,N1354,sa0,1
38154,N1353 /1 undetected,output,,N1353,N1353,1,undetected,N1353,N1353,N1353,sa1,1
38155,N1353 /0 undetected,output,,N1353,N1353,0,undetected,N1353,N1353,N1353,sa0,1
38156,N1352 /0 undetected,output,,N1352,N1352,0,undetected,N1352,N1352,N1352,sa0,1
38157,N1339 /1 undetected,output,,N1339,N1339,1,undetected,N1339,N1339,N1339,sa1,1
38158,N1338 /1 undetected,output,,N1338,N1338,1,undetected,N1338,N1338,N1338,sa1,1
38159,N1337 /1 undetected,output,,N1337,N1337,1,undetected,N1337,N1337,N1337,sa1,1
38160,N1333 /1 undetected,output,,N1333,N1333,1,undetected,N1333,N1333,N1333,sa1,1
38161,N1333 /0 undetected,output,,N1333,N1333,0,undetected,N1333,N1333,N1333,sa0,1
38162,N1332 /1 undetected,output,,N1332,N1332,1,undetected,N1332,N1332,N1332,sa1,1
38163,N1332 /0 undetected,output,,N1332,N1332,0,undetected,N1332,N1332,N1332,sa0,1
38164,N1331 /1 undetected,output,,N1331,N1331,1,undetected,N1331,N1331,N1331,sa1,1
38165,N1331 /0 undetected,output,,N1331,N1331,0,undetected,N1331,N1331,N1331,sa0,1
38166,N1330 /1 undetected,output,,N1330,N1330,1,undetected,N1330,N1330,N1330,sa1,1
38167,N1330 /0 undetected,output,,N1330,N1330,0,undetected,N1330,N1330,N1330,sa0,1
38168,N1329 /1 undetected,output,,N1329,N1329,1,undetected,N1329,N1329,N1329,sa1,1
38169,N1329 /0 undetected,output,,N1329,N1329,0,undetected,N1329,N1329,N1329,sa0,1
38170,N1328 /1 undetected,output,,N1328,N1328,1,undetected,N1328,N1328,N1328,sa1,1
38171,N1328 /0 undetected,output,,N1328,N1328,0,undetected,N1328,N1328,N1328,sa0,1
38172,N1326 /1 undetected,output,,N1326,N1326,1,undetected,N1326,N1326,N1326,sa1,1
38173,N1326 /0 undetected,output,,N1326,N1326,0,undetected,N1326,N1326,N1326,sa0,1
38174,N1325 /1 undetected,output,,N1325,N1325,1,undetected,N1325,N1325,N1325,sa1,1
38175,N1325 /0 undetected,output,,N1325,N1325,0,undetected,N1325,N1325,N1325,sa0,1
38176,N1323 /1 undetected,output,,N1323,N1323,1,undetected,N1323,N1323,N1323,sa1,1
38177,N1321 /0 undetected,output,,N1321,N1321,0,undetected,N1321,N1321,N1321,sa0,1
38178,N1320 /1 undetected,output,,N1320,N1320,1,undetected,N1320,N1320,N1320,sa1,1
38179,N1320 /0 undetected,output,,N1320,N1320,0,undetected,N1320,N1320,N1320,sa0,1
38180,N1318 /1 undetected,output,,N1318,N1318,1,undetected,N1318,N1318,N1318,sa1,1
38181,N1318 /0 undetected,output,,N1318,N1318,0,undetected,N1318,N1318,N1318,sa0,1
38182,N1317 /0 undetected,output,,N1317,N1317,0,undetected,N1317,N1317,N1317,sa0,1
38183,N1313 /1 undetected,output,,N1313,N1313,1,undetected,N1313,N1313,N1313,sa1,1
38184,N1310 /0 undetected,output,,N1310,N1310,0,undetected,N1310,N1310,N1310,sa0,1
38185,N1268 /1 undetected,output,,N1268,N1268,1,undetected,N1268,N1268,N1268,sa1,1
38186,N1256 /1 undetected,output,,N1256,N1256,1,undetected,N1256,N1256,N1256,sa1,1
38187,N1256 /0 undetected,output,,N1256,N1256,0,undetected,N1256,N1256,N1256,sa0,1
38188,N1255 /1 undetected,output,,N1255,N1255,1,undetected,N1255,N1255,N1255,sa1,1
38189,N1173 /1 undetected,output,,N1173,N1173,1,undetected,N1173,N1173,N1173,sa1,1
38190,N1173 /0 undetected,output,,N1173,N1173,0,undetected,N1173,N1173,N1173,sa0,1
38191,N1172 /1 undetected,output,,N1172,N1172,1,undetected,N1172,N1172,N1172,sa1,1
38192,N1172 /0 undetected,output,,N1172,N1172,0,undetected,N1172,N1172,N1172,sa0,1
38193,N1161 /1 undetected,output,,N1161,N1161,1,undetected,N1161,N1161,N1161,sa1,1
38194,N1160 /1 undetected,output,,N1160,N1160,1,undetected,N1160,N1160,N1160,sa1,1
38195,N1143 /1 undetected,output,,N1143,N1143,1,undetected,N1143,N1143,N1143,sa1,1
38196,N1143 /0 undetected,output,,N1143,N1143,0,undetected,N1143,N1143,N1143,sa0,1
38197,N1092 /1 undetected,output,,N1092,N1092,1,undetected,N1092,N1092,N1092,sa1,1
38198,N1082 /1 undetected,output,,N1082,N1082,1,undetected,N1082,N1082,N1082,sa1,1
38199,N1077 /1 undetected,output,,N1077,N1077,1,undetected,N1077,N1077,N1077,sa1,1
38200,N1076 /1 undetected,output,,N1076,N1076,1,undetected,N1076,N1076,N1076,sa1,1
38201,N1075 /1 undetected,output,,N1075,N1075,1,undetected,N1075,N1075,N1075,sa1,1
38202,N1075 /0 undetected,output,,N1075,N1075,0,undetected,N1075,N1075,N1075,sa0,1
38203,N1074 /1 undetected,output,,N1074,N1074,1,undetected,N1074,N1074,N1074,sa1,1
38204,N1073 /1 undetected,output,,N1073,N1073,1,undetected,N1073,N1073,N1073,sa1,1
38205,N1073 /0 undetected,output,,N1073,N1073,0,undetected,N1073,N1073,N1073,sa0,1
38206,N1072 /1 undetected,output,,N1072,N1072,1,undetected,N1072,N1072,N1072,sa1,1
38207,N1071 /1 undetected,output,,N1071,N1071,1,undetected,N1071,N1071,N1071,sa1,1
38208,N1071 /0 undetected,output,,N1071,N1071,0,undetected,N1071,N1071,N1071,sa0,1
38209,N1070 /1 undetected,output,,N1070,N1070,1,undetected,N1070,N1070,N1070,sa1,1
38210,N1069 /1 undetected,output,,N1069,N1069,1,undetected,N1069,N1069,N1069,sa1,1
38211,N1068 /1 undetected,output,,N1068,N1068,1,undetected,N1068,N1068,N1068,sa1,1
38212,N1066 /1 undetected,output,,N1066,N1066,1,undetected,N1066,N1066,N1066,sa1,1
38213,N1065 /1 undetected,output,,N1065,N1065,1,undetected,N1065,N1065,N1065,sa1,1
38214,N1064 /1 undetected,output,,N1064,N1064,1,undetected,N1064,N1064,N1064,sa1,1
38215,N1063 /1 undetected,output,,N1063,N1063,1,undetected,N1063,N1063,N1063,sa1,1
38216,N1062 /1 undetected,output,,N1062,N1062,1,undetected,N1062,N1062,N1062,sa1,1
38217,N1061 /1 undetected,output,,N1061,N1061,1,undetected,N1061,N1061,N1061,sa1,1
38218,N1061 /0 undetected,output,,N1061,N1061,0,undetected,N1061,N1061,N1061,sa0,1
38219,N1058 /1 undetected,output,,N1058,N1058,1,undetected,N1058,N1058,N1058,sa1,1
38220,N1057 /1 undetected,output,,N1057,N1057,1,undetected,N1057,N1057,N1057,sa1,1
38221,N1056 /1 undetected,output,,N1056,N1056,1,undetected,N1056,N1056,N1056,sa1,1
38222,N1053 /1 undetected,output,,N1053,N1053,1,undetected,N1053,N1053,N1053,sa1,1
38223,N1052 /1 undetected,output,,N1052,N1052,1,undetected,N1052,N1052,N1052,sa1,1
38224,N1051 /1 undetected,output,,N1051,N1051,1,undetected,N1051,N1051,N1051,sa1,1
38225,N1050 /1 undetected,output,,N1050,N1050,1,undetected,N1050,N1050,N1050,sa1,1
38226,N1049 /1 undetected,output,,N1049,N1049,1,undetected,N1049,N1049,N1049,sa1,1
38227,N1048 /1 undetected,output,,N1048,N1048,1,undetected,N1048,N1048,N1048,sa1,1
38228,N1047 /1 undetected,output,,N1047,N1047,1,undetected,N1047,N1047,N1047,sa1,1
38229,N1045 /1 undetected,output,,N1045,N1045,1,undetected,N1045,N1045,N1045,sa1,1
38230,N1045 /0 undetected,output,,N1045,N1045,0,undetected,N1045,N1045,N1045,sa0,1
38231,N1043 /1 undetected,output,,N1043,N1043,1,undetected,N1043,N1043,N1043,sa1,1
38232,N1043 /0 undetected,output,,N1043,N1043,0,undetected,N1043,N1043,N1043,sa0,1
38233,N1041 /1 undetected,output,,N1041,N1041,1,undetected,N1041,N1041,N1041,sa1,1
38234,N1040 /1 undetected,output,,N1040,N1040,1,undetected,N1040,N1040,N1040,sa1,1
38235,N1039 /1 undetected,output,,N1039,N1039,1,undetected,N1039,N1039,N1039,sa1,1
38236,N1039 /0 undetected,output,,N1039,N1039,0,undetected,N1039,N1039,N1039,sa0,1
38237,N1037 /1 undetected,output,,N1037,N1037,1,undetected,N1037,N1037,N1037,sa1,1
38238,N1036 /1 undetected,output,,N1036,N1036,1,undetected,N1036,N1036,N1036,sa1,1
38239,N1035 /1 undetected,output,,N1035,N1035,1,undetected,N1035,N1035,N1035,sa1,1
38240,N2829 /1 undetected,output,,N2829,N2829,1,undetected,N2829,N2829,N2829,sa1,1
38241,N2829 /0 undetected,output,,N2829,N2829,0,undetected,N2829,N2829,N2829,sa0,1
38242,N1177 /1 undetected,output,,N1177,N1177,1,undetected,N1177,N1177,N1177,sa1,1
38243,N961 /1 undetected,output,,N961,N961,1,undetected,N961,N961,N961,sa1,1
38244,N990 /1 undetected,output,,N990,N990,1,undetected,N990,N990,N990,sa1,1
38245,N990 /0 undetected,output,,N990,N990,0,undetected,N990,N990,N990,sa0,1
38246,N989 /1 undetected,output,,N989,N989,1,undetected,N989,N989,N989,sa1,1
38247,N989 /0 undetected,output,,N989,N989,0,undetected,N989,N989,N989,sa0,1
38248,N988 /1 undetected,output,,N988,N988,1,undetected,N988,N988,N988,sa1,1
38249,N988 /0 undetected,output,,N988,N988,0,undetected,N988,N988,N988,sa0,1
38250,N986 /1 undetected,output,,N986,N986,1,undetected,N986,N986,N986,sa1,1
38251,N986 /0 undetected,output,,N986,N986,0,undetected,N986,N986,N986,sa0,1
38252,N974 /1 undetected,output,,N974,N974,1,undetected,N974,N974,N974,sa1,1
38253,N974 /0 undetected,output,,N974,N974,0,undetected,N974,N974,N974,sa0,1
38254,N973 /1 undetected,output,,N973,N973,1,undetected,N973,N973,N973,sa1,1
38255,N973 /0 undetected,output,,N973,N973,0,undetected,N973,N973,N973,sa0,1
38256,N485 /1 undetected,output,,N485,N485,1,undetected,N485,N485,N485,sa1,1
38257,N485 /0 undetected,output,,N485,N485,0,undetected,N485,N485,N485,sa0,1
38258,N484 /1 undetected,output,,N484,N484,1,undetected,N484,N484,N484,sa1,1
38259,N484 /0 undetected,output,,N484,N484,0,undetected,N484,N484,N484,sa0,1
38260,N483 /1 undetected,output,,N483,N483,1,undetected,N483,N483,N483,sa1,1
38261,N483 /0 undetected,output,,N483,N483,0,undetected,N483,N483,N483,sa0,1
38262,N473 /1 undetected,output,,N473,N473,1,undetected,N473,N473,N473,sa1,1
38263,N473 /0 undetected,output,,N473,N473,0,undetected,N473,N473,N473,sa0,1
38264,N228 /1 undetected,output,,N228,N228,1,undetected,N228,N228,N228,sa1,1
38265,N228 /0 undetected,output,,N228,N228,0,undetected,N228,N228,N228,sa0,1
38266,N145 /1 undetected,output,,N145,N145,1,undetected,N145,N145,N145,sa1,1
38267,N145 /0 undetected,output,,N145,N145,0,undetected,N145,N145,N145,sa0,1
38268,N144 /1 undetected,output,,N144,N144,1,undetected,N144,N144,N144,sa1,1
38269,N144 /0 undetected,output,,N144,N144,0,undetected,N144,N144,N144,sa0,1
38270,N143 /1 undetected,output,,N143,N143,1,undetected,N143,N143,N143,sa1,1
38271,N143 /0 undetected,output,,N143,N143,0,undetected,N143,N143,N143,sa0,1
38272,N64 /0 undetected,output,,N64,N64,0,undetected,N64,N64,N64,sa0,1
38273,N49 /0 undetected,output,,N49,N49,0,undetected,N49,N49,N49,sa0,1
38274,N48 /0 undetected,output,,N48,N48,0,undetected,N48,N48,N48,sa0,1
38275,N47 /0 undetected,output,,N47,N47,0,undetected,N47,N47,N47,sa0,1
38276,N46 /0 undetected,output,,N46,N46,0,undetected,N46,N46,N46,sa0,1
38277,N45 /0 undetected,output,,N45,N45,0,undetected,N45,N45,N45,sa0,1
38278,N44 /0 undetected,output,,N44,N44,0,undetected,N44,N44,N44,sa0,1
38279,N43 /0 undetected,output,,N43,N43,0,undetected,N43,N43,N43,sa0,1
38280,N42 /0 undetected,output,,N42,N42,0,undetected,N42,N42,N42,sa0,1
38281,N41 /0 undetected,output,,N41,N41,0,undetected,N41,N41,N41,sa0,1
38282,N40 /0 undetected,output,,N40,N40,0,undetected,N40,N40,N40,sa0,1
38283,N38 /0 undetected,output,,N38,N38,0,undetected,N38,N38,N38,sa0,1
38284,N37 /0 undetected,output,,N37,N37,0,undetected,N37,N37,N37,sa0,1
38285,N35 /0 undetected,output,,N35,N35,0,undetected,N35,N35,N35,sa0,1
38286,N34 /0 undetected,output,,N34,N34,0,undetected,N34,N34,N34,sa0,1
38287,N33 /0 undetected,output,,N33,N33,0,undetected,N33,N33,N33,sa0,1
38288,N30 /0 undetected,output,,N30,N30,0,undetected,N30,N30,N30,sa0,1
38289,N29 /0 undetected,output,,N29,N29,0,undetected,N29,N29,N29,sa0,1
38290,N28 /0 undetected,output,,N28,N28,0,undetected,N28,N28,N28,sa0,1
38291,N27 /0 undetected,output,,N27,N27,0,undetected,N27,N27,N27,sa0,1
38292,N25 /0 undetected,output,,N25,N25,0,undetected,N25,N25,N25,sa0,1
38293,N24 /0 undetected,output,,N24,N24,0,undetected,N24,N24,N24,sa0,1
38294,N23 /0 undetected,output,,N23,N23,0,undetected,N23,N23,N23,sa0,1
38295,N22 /0 undetected,output,,N22,N22,0,undetected,N22,N22,N22,sa0,1
38296,N21 /0 undetected,output,,N21,N21,0,undetected,N21,N21,N21,sa0,1
38297,N20 /0 undetected,output,,N20,N20,0,undetected,N20,N20,N20,sa0,1
38298,N19 /0 undetected,output,,N19,N19,0,undetected,N19,N19,N19,sa0,1
38299,N17 /0 undetected,output,,N17,N17,0,undetected,N17,N17,N17,sa0,1
38300,N15 /0 undetected,output,,N15,N15,0,undetected,N15,N15,N15,sa0,1
38301,N13 /0 undetected,output,,N13,N13,0,undetected,N13,N13,N13,sa0,1
38302,N12 /0 undetected,output,,N12,N12,0,undetected,N12,N12,N12,sa0,1
38303,N11 /0 undetected,output,,N11,N11,0,undetected,N11,N11,N11,sa0,1
38304,N9 /0 undetected,output,,N9,N9,0,undetected,N9,N9,N9,sa0,1
38305,N8 /0 undetected,output,,N8,N8,0,undetected,N8,N8,N8,sa0,1
38306,N7 /0 undetected,output,,N7,N7,0,undetected,N7,N7,N7,sa0,1
