line_no,raw,site_type,src_node,dst_node,node,sa_value,status,original_node,net,tmax_site,fault_type,is_hard
1,__tpi_op_442_R794_U49 /1 undetected,output,,__tpi_op_442_R794_U49,__tpi_op_442_R794_U49,1,undetected,__tpi_op_442_R794_U49,__tpi_op_442_R794_U49,__tpi_op_442_R794_U49,sa1,1
2,__tpi_op_436___aig_and_912 /0 undetected,output,,__tpi_op_436___aig_and_912,__tpi_op_436___aig_and_912,0,undetected,__tpi_op_436___aig_and_912,__tpi_op_436___aig_and_912,__tpi_op_436___aig_and_912,sa0,1
3,__tpi_op_420_R794_U77 /1 undetected,output,,__tpi_op_420_R794_U77,__tpi_op_420_R794_U77,1,undetected,__tpi_op_420_R794_U77,__tpi_op_420_R794_U77,__tpi_op_420_R794_U77,sa1,1
4,__tpi_op_406___aig_and_934 /0 undetected,output,,__tpi_op_406___aig_and_934,__tpi_op_406___aig_and_934,0,undetected,__tpi_op_406___aig_and_934,__tpi_op_406___aig_and_934,__tpi_op_406___aig_and_934,sa0,1
5,__tpi_op_331_SUB_110_U32 /1 undetected,output,,__tpi_op_331_SUB_110_U32,__tpi_op_331_SUB_110_U32,1,undetected,__tpi_op_331_SUB_110_U32,__tpi_op_331_SUB_110_U32,__tpi_op_331_SUB_110_U32,sa1,1
6,__tpi_op_312___aig_and_697 /0 undetected,output,,__tpi_op_312___aig_and_697,__tpi_op_312___aig_and_697,0,undetected,__tpi_op_312___aig_and_697,__tpi_op_312___aig_and_697,__tpi_op_312___aig_and_697,sa0,1
7,__tpi_op_172___buf_split_635 /1 undetected,output,,__tpi_op_172___buf_split_635,__tpi_op_172___buf_split_635,1,undetected,__tpi_op_172___buf_split_635,__tpi_op_172___buf_split_635,__tpi_op_172___buf_split_635,sa1,1
8,__tpi_op_50___aig_and_709 /0 undetected,output,,__tpi_op_50___aig_and_709,__tpi_op_50___aig_and_709,0,undetected,__tpi_op_50___aig_and_709,__tpi_op_50___aig_and_709,__tpi_op_50___aig_and_709,sa0,1
9,U878->U878_PO /1 undetected,input_edge,U878,U878_PO,U878_PO,1,undetected,U878_PO,U878_PO,U878_PO,sa1,1
10,U724->U724_PO /1 undetected,input_edge,U724,U724_PO,U724_PO,1,undetected,U724_PO,U724_PO,U724_PO,sa1,1
11,U707->U707_PO /1 undetected,input_edge,U707,U707_PO,U707_PO,1,undetected,U707_PO,U707_PO,U707_PO,sa1,1
12,__tpi_not_test_en->__tpi_cp_194_U930 /1 undetected,input_edge,__tpi_not_test_en,__tpi_cp_194_U930,__tpi_cp_194_U930,1,undetected,__tpi_cp_194_U930,__tpi_cp_194_U930,__tpi_cp_194_U930,sa1,1
13,__tpi_not_test_en->__tpi_cp_188_U921 /1 undetected,input_edge,__tpi_not_test_en,__tpi_cp_188_U921,__tpi_cp_188_U921,1,undetected,__tpi_cp_188_U921,__tpi_cp_188_U921,__tpi_cp_188_U921,sa1,1
14,test_en->__tpi_cp_43___aig_and_365 /0 undetected,input_edge,test_en,__tpi_cp_43___aig_and_365,__tpi_cp_43___aig_and_365,0,undetected,__tpi_cp_43___aig_and_365,__tpi_cp_43___aig_and_365,__tpi_cp_43___aig_and_365,sa0,1
15,U637->U637_PO /0 undetected,input_edge,U637,U637_PO,U637_PO,0,undetected,U637_PO,U637_PO,U637_PO,sa0,1
16,test_en->__tpi_cp_38___aig_and_1139 /0 undetected,input_edge,test_en,__tpi_cp_38___aig_and_1139,__tpi_cp_38___aig_and_1139,0,undetected,__tpi_cp_38___aig_and_1139,__tpi_cp_38___aig_and_1139,__tpi_cp_38___aig_and_1139,sa0,1
17,test_en->__tpi_cp_143_U767 /0 undetected,input_edge,test_en,__tpi_cp_143_U767,__tpi_cp_143_U767,0,undetected,__tpi_cp_143_U767,__tpi_cp_143_U767,__tpi_cp_143_U767,sa0,1
18,__tpi_not_test_en->__tpi_cp_173___aig_not_1144 /1 undetected,input_edge,__tpi_not_test_en,__tpi_cp_173___aig_not_1144,__tpi_cp_173___aig_not_1144,1,undetected,__tpi_cp_173___aig_not_1144,__tpi_cp_173___aig_not_1144,__tpi_cp_173___aig_not_1144,sa1,1
19,__tpi_cp_173___aig_not_1144 /1 undetected,output,,__tpi_cp_173___aig_not_1144,__tpi_cp_173___aig_not_1144,1,undetected,__tpi_cp_173___aig_not_1144,__tpi_cp_173___aig_not_1144,__tpi_cp_173___aig_not_1144,sa1,1
20,__aig_not_1144 /1 undetected,output,,__aig_not_1144,__aig_not_1144,1,undetected,__aig_not_1144,__aig_not_1144,__aig_not_1144,sa1,1
21,U764->__tpi_cp_135_U764 /0 undetected,input_edge,U764,__tpi_cp_135_U764,__tpi_cp_135_U764,0,undetected,__tpi_cp_135_U764,__tpi_cp_135_U764,__tpi_cp_135_U764,sa0,1
22,test_en->__tpi_cp_135_U764 /0 undetected,input_edge,test_en,__tpi_cp_135_U764,__tpi_cp_135_U764,0,undetected,__tpi_cp_135_U764,__tpi_cp_135_U764,__tpi_cp_135_U764,sa0,1
23,test_en->__tpi_cp_142_U766 /0 undetected,input_edge,test_en,__tpi_cp_142_U766,__tpi_cp_142_U766,0,undetected,__tpi_cp_142_U766,__tpi_cp_142_U766,__tpi_cp_142_U766,sa0,1
24,__tpi_not_test_en->__tpi_cp_55_U1030 /1 undetected,input_edge,__tpi_not_test_en,__tpi_cp_55_U1030,__tpi_cp_55_U1030,1,undetected,__tpi_cp_55_U1030,__tpi_cp_55_U1030,__tpi_cp_55_U1030,sa1,1
25,test_en->__tpi_cp_133___aig_and_499 /0 undetected,input_edge,test_en,__tpi_cp_133___aig_and_499,__tpi_cp_133___aig_and_499,0,undetected,__tpi_cp_133___aig_and_499,__tpi_cp_133___aig_and_499,__tpi_cp_133___aig_and_499,sa0,1
26,__buf_split_655 /1 undetected,output,,__buf_split_655,__buf_split_655,1,undetected,__buf_split_655,__buf_split_655,__buf_split_655,sa1,1
27,U1031 /1 undetected,output,,U1031,U1031,1,undetected,U1031,U1031,U1031,sa1,1
28,U1032 /1 undetected,output,,U1032,U1032,1,undetected,U1032,U1032,U1032,sa1,1
29,__tpi_not_test_en->__tpi_cp_48_U1033 /1 undetected,input_edge,__tpi_not_test_en,__tpi_cp_48_U1033,__tpi_cp_48_U1033,1,undetected,__tpi_cp_48_U1033,__tpi_cp_48_U1033,__tpi_cp_48_U1033,sa1,1
30,test_en->__tpi_cp_168_R794_U36 /0 undetected,input_edge,test_en,__tpi_cp_168_R794_U36,__tpi_cp_168_R794_U36,0,undetected,__tpi_cp_168_R794_U36,__tpi_cp_168_R794_U36,__tpi_cp_168_R794_U36,sa0,1
31,test_en->__tpi_cp_138_U765 /0 undetected,input_edge,test_en,__tpi_cp_138_U765,__tpi_cp_138_U765,0,undetected,__tpi_cp_138_U765,__tpi_cp_138_U765,__tpi_cp_138_U765,sa0,1
32,__tpi_not_test_en->__tpi_cp_65___aig_and_902 /1 undetected,input_edge,__tpi_not_test_en,__tpi_cp_65___aig_and_902,__tpi_cp_65___aig_and_902,1,undetected,__tpi_cp_65___aig_and_902,__tpi_cp_65___aig_and_902,__tpi_cp_65___aig_and_902,sa1,1
33,R794_U49->__aig_and_913 /1 undetected,input_edge,R794_U49,__aig_and_913,__aig_and_913,1,undetected,__aig_and_913,__aig_and_913,__aig_and_913,sa1,1
34,__buf_split_974->__aig_and_914 /1 undetected,input_edge,__buf_split_974,__aig_and_914,__aig_and_914,1,undetected,__aig_and_914,__aig_and_914,__aig_and_914,sa1,1
35,__tpi_not_test_en->__tpi_cp_50_U1035 /1 undetected,input_edge,__tpi_not_test_en,__tpi_cp_50_U1035,__tpi_cp_50_U1035,1,undetected,__tpi_cp_50_U1035,__tpi_cp_50_U1035,__tpi_cp_50_U1035,sa1,1
36,__tpi_not_test_en->__tpi_cp_174___buf_split_1016 /1 undetected,input_edge,__tpi_not_test_en,__tpi_cp_174___buf_split_1016,__tpi_cp_174___buf_split_1016,1,undetected,__tpi_cp_174___buf_split_1016,__tpi_cp_174___buf_split_1016,__tpi_cp_174___buf_split_1016,sa1,1
37,__tpi_not_test_en->__tpi_cp_175___buf_split_969 /1 undetected,input_edge,__tpi_not_test_en,__tpi_cp_175___buf_split_969,__tpi_cp_175___buf_split_969,1,undetected,__tpi_cp_175___buf_split_969,__tpi_cp_175___buf_split_969,__tpi_cp_175___buf_split_969,sa1,1
38,__tpi_not_test_en->__tpi_cp_147_R794_U91 /1 undetected,input_edge,__tpi_not_test_en,__tpi_cp_147_R794_U91,__tpi_cp_147_R794_U91,1,undetected,__tpi_cp_147_R794_U91,__tpi_cp_147_R794_U91,__tpi_cp_147_R794_U91,sa1,1
39,__tpi_not_test_en->__tpi_cp_54_U1037 /1 undetected,input_edge,__tpi_not_test_en,__tpi_cp_54_U1037,__tpi_cp_54_U1037,1,undetected,__tpi_cp_54_U1037,__tpi_cp_54_U1037,__tpi_cp_54_U1037,sa1,1
40,__tpi_not_test_en->__tpi_cp_148_R794_U37 /1 undetected,input_edge,__tpi_not_test_en,__tpi_cp_148_R794_U37,__tpi_cp_148_R794_U37,1,undetected,__tpi_cp_148_R794_U37,__tpi_cp_148_R794_U37,__tpi_cp_148_R794_U37,sa1,1
41,test_en->__tpi_cp_81___aig_and_903 /0 undetected,input_edge,test_en,__tpi_cp_81___aig_and_903,__tpi_cp_81___aig_and_903,0,undetected,__tpi_cp_81___aig_and_903,__tpi_cp_81___aig_and_903,__tpi_cp_81___aig_and_903,sa0,1
42,__tpi_not_test_en->__tpi_cp_3_R794_U47 /1 undetected,input_edge,__tpi_not_test_en,__tpi_cp_3_R794_U47,__tpi_cp_3_R794_U47,1,undetected,__tpi_cp_3_R794_U47,__tpi_cp_3_R794_U47,__tpi_cp_3_R794_U47,sa1,1
43,__tpi_not_test_en->__tpi_cp_150_R794_U85 /1 undetected,input_edge,__tpi_not_test_en,__tpi_cp_150_R794_U85,__tpi_cp_150_R794_U85,1,undetected,__tpi_cp_150_R794_U85,__tpi_cp_150_R794_U85,__tpi_cp_150_R794_U85,sa1,1
44,__tpi_not_test_en->__tpi_cp_5_R794_U62 /1 undetected,input_edge,__tpi_not_test_en,__tpi_cp_5_R794_U62,__tpi_cp_5_R794_U62,1,undetected,__tpi_cp_5_R794_U62,__tpi_cp_5_R794_U62,__tpi_cp_5_R794_U62,sa1,1
45,R794_U77->__aig_and_897 /1 undetected,input_edge,R794_U77,__aig_and_897,__aig_and_897,1,undetected,__aig_and_897,__aig_and_897,__aig_and_897,sa1,1
46,R794_U72 /1 undetected,output,,R794_U72,R794_U72,1,undetected,R794_U72,R794_U72,R794_U72,sa1,1
47,__buf_split_1004->__aig_and_930 /1 undetected,input_edge,__buf_split_1004,__aig_and_930,__aig_and_930,1,undetected,__aig_and_930,__aig_and_930,__aig_and_930,sa1,1
48,__buf_split_1006 /1 undetected,output,,__buf_split_1006,__buf_split_1006,1,undetected,__buf_split_1006,__buf_split_1006,__buf_split_1006,sa1,1
49,R794_U14->__tpi_cp_66_R794_U14 /1 undetected,input_edge,R794_U14,__tpi_cp_66_R794_U14,__tpi_cp_66_R794_U14,1,undetected,__tpi_cp_66_R794_U14,__tpi_cp_66_R794_U14,__tpi_cp_66_R794_U14,sa1,1
50,__tpi_not_test_en->__tpi_cp_66_R794_U14 /1 undetected,input_edge,__tpi_not_test_en,__tpi_cp_66_R794_U14,__tpi_cp_66_R794_U14,1,undetected,__tpi_cp_66_R794_U14,__tpi_cp_66_R794_U14,__tpi_cp_66_R794_U14,sa1,1
51,R794_U77 /1 undetected,output,,R794_U77,R794_U77,1,undetected,R794_U77,R794_U77,R794_U77,sa1,1
52,R794_U49 /1 undetected,output,,R794_U49,R794_U49,1,undetected,R794_U49,R794_U49,R794_U49,sa1,1
53,__aig_and_934 /0 undetected,output,,__aig_and_934,__aig_and_934,0,undetected,__aig_and_934,__aig_and_934,__aig_and_934,sa0,1
54,__aig_and_912 /0 undetected,output,,__aig_and_912,__aig_and_912,0,undetected,__aig_and_912,__aig_and_912,__aig_and_912,sa0,1
55,__buf_split_124 /1 undetected,output,,__buf_split_124,__buf_split_124,1,undetected,__buf_split_124,__buf_split_124,__buf_split_124,sa1,1
56,test_en->__tpi_cp_137_U641 /0 undetected,input_edge,test_en,__tpi_cp_137_U641,__tpi_cp_137_U641,0,undetected,__tpi_cp_137_U641,__tpi_cp_137_U641,__tpi_cp_137_U641,sa0,1
57,__tpi_not_test_en->__tpi_cp_212_U955 /1 undetected,input_edge,__tpi_not_test_en,__tpi_cp_212_U955,__tpi_cp_212_U955,1,undetected,__tpi_cp_212_U955,__tpi_cp_212_U955,__tpi_cp_212_U955,sa1,1
58,__tpi_cp_212_U955 /1 undetected,output,,__tpi_cp_212_U955,__tpi_cp_212_U955,1,undetected,__tpi_cp_212_U955,__tpi_cp_212_U955,__tpi_cp_212_U955,sa1,1
59,U955 /1 undetected,output,,U955,U955,1,undetected,U955,U955,U955,sa1,1
60,__buf_split_521->__aig_and_426 /1 undetected,input_edge,__buf_split_521,__aig_and_426,__aig_and_426,1,undetected,__aig_and_426,__aig_and_426,__aig_and_426,sa1,1
61,__tpi_not_test_en->__tpi_cp_161_U954 /1 undetected,input_edge,__tpi_not_test_en,__tpi_cp_161_U954,__tpi_cp_161_U954,1,undetected,__tpi_cp_161_U954,__tpi_cp_161_U954,__tpi_cp_161_U954,sa1,1
62,__tpi_cp_161_U954 /1 undetected,output,,__tpi_cp_161_U954,__tpi_cp_161_U954,1,undetected,__tpi_cp_161_U954,__tpi_cp_161_U954,__tpi_cp_161_U954,sa1,1
63,U954 /1 undetected,output,,U954,U954,1,undetected,U954,U954,U954,sa1,1
64,__buf_split_519 /1 undetected,output,,__buf_split_519,__buf_split_519,1,undetected,__buf_split_519,__buf_split_519,__buf_split_519,sa1,1
65,__buf_split_122 /1 undetected,output,,__buf_split_122,__buf_split_122,1,undetected,__buf_split_122,__buf_split_122,__buf_split_122,sa1,1
66,U638->__tpi_cp_169_U638 /0 undetected,input_edge,U638,__tpi_cp_169_U638,__tpi_cp_169_U638,0,undetected,__tpi_cp_169_U638,__tpi_cp_169_U638,__tpi_cp_169_U638,sa0,1
67,test_en->__tpi_cp_169_U638 /0 undetected,input_edge,test_en,__tpi_cp_169_U638,__tpi_cp_169_U638,0,undetected,__tpi_cp_169_U638,__tpi_cp_169_U638,__tpi_cp_169_U638,sa0,1
68,__tpi_not_test_en->__tpi_cp_158_U953 /1 undetected,input_edge,__tpi_not_test_en,__tpi_cp_158_U953,__tpi_cp_158_U953,1,undetected,__tpi_cp_158_U953,__tpi_cp_158_U953,__tpi_cp_158_U953,sa1,1
69,__tpi_cp_158_U953 /1 undetected,output,,__tpi_cp_158_U953,__tpi_cp_158_U953,1,undetected,__tpi_cp_158_U953,__tpi_cp_158_U953,__tpi_cp_158_U953,sa1,1
70,U953 /1 undetected,output,,U953,U953,1,undetected,U953,U953,U953,sa1,1
71,test_en->__tpi_cp_85___aig_and_424 /0 undetected,input_edge,test_en,__tpi_cp_85___aig_and_424,__tpi_cp_85___aig_and_424,0,undetected,__tpi_cp_85___aig_and_424,__tpi_cp_85___aig_and_424,__tpi_cp_85___aig_and_424,sa0,1
72,__aig_and_424 /0 undetected,output,,__aig_and_424,__aig_and_424,0,undetected,__aig_and_424,__aig_and_424,__aig_and_424,sa0,1
73,__buf_split_515 /1 undetected,output,,__buf_split_515,__buf_split_515,1,undetected,__buf_split_515,__buf_split_515,__buf_split_515,sa1,1
74,__buf_split_516 /1 undetected,output,,__buf_split_516,__buf_split_516,1,undetected,__buf_split_516,__buf_split_516,__buf_split_516,sa1,1
75,__buf_split_517 /1 undetected,output,,__buf_split_517,__buf_split_517,1,undetected,__buf_split_517,__buf_split_517,__buf_split_517,sa1,1
76,__buf_split_79 /1 undetected,output,,__buf_split_79,__buf_split_79,1,undetected,__buf_split_79,__buf_split_79,__buf_split_79,sa1,1
77,__buf_split_128 /1 undetected,output,,__buf_split_128,__buf_split_128,1,undetected,__buf_split_128,__buf_split_128,__buf_split_128,sa1,1
78,__buf_split_125 /1 undetected,output,,__buf_split_125,__buf_split_125,1,undetected,__buf_split_125,__buf_split_125,__buf_split_125,sa1,1
79,__tpi_not_test_en->__tpi_cp_136___aig_and_87 /1 undetected,input_edge,__tpi_not_test_en,__tpi_cp_136___aig_and_87,__tpi_cp_136___aig_and_87,1,undetected,__tpi_cp_136___aig_and_87,__tpi_cp_136___aig_and_87,__tpi_cp_136___aig_and_87,sa1,1
80,__tpi_cp_136___aig_and_87 /1 undetected,output,,__tpi_cp_136___aig_and_87,__tpi_cp_136___aig_and_87,1,undetected,__tpi_cp_136___aig_and_87,__tpi_cp_136___aig_and_87,__tpi_cp_136___aig_and_87,sa1,1
81,__aig_and_87 /1 undetected,output,,__aig_and_87,__aig_and_87,1,undetected,__aig_and_87,__aig_and_87,__aig_and_87,sa1,1
82,__tpi_not_test_en->__tpi_cp_149_U951 /1 undetected,input_edge,__tpi_not_test_en,__tpi_cp_149_U951,__tpi_cp_149_U951,1,undetected,__tpi_cp_149_U951,__tpi_cp_149_U951,__tpi_cp_149_U951,sa1,1
83,__tpi_cp_149_U951 /1 undetected,output,,__tpi_cp_149_U951,__tpi_cp_149_U951,1,undetected,__tpi_cp_149_U951,__tpi_cp_149_U951,__tpi_cp_149_U951,sa1,1
84,U951 /1 undetected,output,,U951,U951,1,undetected,U951,U951,U951,sa1,1
85,test_en->__tpi_cp_198___buf_split_511 /0 undetected,input_edge,test_en,__tpi_cp_198___buf_split_511,__tpi_cp_198___buf_split_511,0,undetected,__tpi_cp_198___buf_split_511,__tpi_cp_198___buf_split_511,__tpi_cp_198___buf_split_511,sa0,1
86,__tpi_cp_198___buf_split_511 /1 undetected,output,,__tpi_cp_198___buf_split_511,__tpi_cp_198___buf_split_511,1,undetected,__tpi_cp_198___buf_split_511,__tpi_cp_198___buf_split_511,__tpi_cp_198___buf_split_511,sa1,1
87,__buf_split_511 /0 undetected,output,,__buf_split_511,__buf_split_511,0,undetected,__buf_split_511,__buf_split_511,__buf_split_511,sa0,1
88,__buf_split_120 /1 undetected,output,,__buf_split_120,__buf_split_120,1,undetected,__buf_split_120,__buf_split_120,__buf_split_120,sa1,1
89,__tpi_not_test_en->__tpi_cp_6___buf_split_121 /1 undetected,input_edge,__tpi_not_test_en,__tpi_cp_6___buf_split_121,__tpi_cp_6___buf_split_121,1,undetected,__tpi_cp_6___buf_split_121,__tpi_cp_6___buf_split_121,__tpi_cp_6___buf_split_121,sa1,1
90,__tpi_cp_6___buf_split_121 /1 undetected,output,,__tpi_cp_6___buf_split_121,__tpi_cp_6___buf_split_121,1,undetected,__tpi_cp_6___buf_split_121,__tpi_cp_6___buf_split_121,__tpi_cp_6___buf_split_121,sa1,1
91,__buf_split_121 /1 undetected,output,,__buf_split_121,__buf_split_121,1,undetected,__buf_split_121,__buf_split_121,__buf_split_121,sa1,1
92,__tpi_not_test_en->__tpi_cp_0___buf_split_77 /1 undetected,input_edge,__tpi_not_test_en,__tpi_cp_0___buf_split_77,__tpi_cp_0___buf_split_77,1,undetected,__tpi_cp_0___buf_split_77,__tpi_cp_0___buf_split_77,__tpi_cp_0___buf_split_77,sa1,1
93,__buf_split_247 /1 undetected,output,,__buf_split_247,__buf_split_247,1,undetected,__buf_split_247,__buf_split_247,__buf_split_247,sa1,1
94,__tpi_not_test_en->__tpi_cp_193___buf_split_248 /1 undetected,input_edge,__tpi_not_test_en,__tpi_cp_193___buf_split_248,__tpi_cp_193___buf_split_248,1,undetected,__tpi_cp_193___buf_split_248,__tpi_cp_193___buf_split_248,__tpi_cp_193___buf_split_248,sa1,1
95,__buf_split_249 /1 undetected,output,,__buf_split_249,__buf_split_249,1,undetected,__buf_split_249,__buf_split_249,__buf_split_249,sa1,1
96,__tpi_cp_13___aig_and_215 /1 undetected,output,,__tpi_cp_13___aig_and_215,__tpi_cp_13___aig_and_215,1,undetected,__tpi_cp_13___aig_and_215,__tpi_cp_13___aig_and_215,__tpi_cp_13___aig_and_215,sa1,1
97,__buf_split_253 /1 undetected,output,,__buf_split_253,__buf_split_253,1,undetected,__buf_split_253,__buf_split_253,__buf_split_253,sa1,1
98,__buf_split_252 /1 undetected,output,,__buf_split_252,__buf_split_252,1,undetected,__buf_split_252,__buf_split_252,__buf_split_252,sa1,1
99,test_en->__tpi_cp_123___aig_and_421 /0 undetected,input_edge,test_en,__tpi_cp_123___aig_and_421,__tpi_cp_123___aig_and_421,0,undetected,__tpi_cp_123___aig_and_421,__tpi_cp_123___aig_and_421,__tpi_cp_123___aig_and_421,sa0,1
100,__buf_split_512 /1 undetected,output,,__buf_split_512,__buf_split_512,1,undetected,__buf_split_512,__buf_split_512,__buf_split_512,sa1,1
101,__buf_split_80 /1 undetected,output,,__buf_split_80,__buf_split_80,1,undetected,__buf_split_80,__buf_split_80,__buf_split_80,sa1,1
102,U778->__tpi_cp_30_U778 /1 undetected,input_edge,U778,__tpi_cp_30_U778,__tpi_cp_30_U778,1,undetected,__tpi_cp_30_U778,__tpi_cp_30_U778,__tpi_cp_30_U778,sa1,1
103,__tpi_not_test_en->__tpi_cp_30_U778 /1 undetected,input_edge,__tpi_not_test_en,__tpi_cp_30_U778,__tpi_cp_30_U778,1,undetected,__tpi_cp_30_U778,__tpi_cp_30_U778,__tpi_cp_30_U778,sa1,1
104,test_en->__tpi_cp_126_U956 /0 undetected,input_edge,test_en,__tpi_cp_126_U956,__tpi_cp_126_U956,0,undetected,__tpi_cp_126_U956,__tpi_cp_126_U956,__tpi_cp_126_U956,sa0,1
105,__tpi_not_test_en->__tpi_cp_53_U771 /1 undetected,input_edge,__tpi_not_test_en,__tpi_cp_53_U771,__tpi_cp_53_U771,1,undetected,__tpi_cp_53_U771,__tpi_cp_53_U771,__tpi_cp_53_U771,sa1,1
106,U784 /1 undetected,output,,U784,U784,1,undetected,U784,U784,U784,sa1,1
107,__aig_and_209 /1 undetected,output,,__aig_and_209,__aig_and_209,1,undetected,__aig_and_209,__aig_and_209,__aig_and_209,sa1,1
108,__buf_split_244 /1 undetected,output,,__buf_split_244,__buf_split_244,1,undetected,__buf_split_244,__buf_split_244,__buf_split_244,sa1,1
109,__buf_split_243 /1 undetected,output,,__buf_split_243,__buf_split_243,1,undetected,__buf_split_243,__buf_split_243,__buf_split_243,sa1,1
110,U723->__tpi_cp_31_U723 /1 undetected,input_edge,U723,__tpi_cp_31_U723,__tpi_cp_31_U723,1,undetected,__tpi_cp_31_U723,__tpi_cp_31_U723,__tpi_cp_31_U723,sa1,1
111,__tpi_not_test_en->__tpi_cp_31_U723 /1 undetected,input_edge,__tpi_not_test_en,__tpi_cp_31_U723,__tpi_cp_31_U723,1,undetected,__tpi_cp_31_U723,__tpi_cp_31_U723,__tpi_cp_31_U723,sa1,1
112,U593->__tpi_cp_129_U593 /1 undetected,input_edge,U593,__tpi_cp_129_U593,__tpi_cp_129_U593,1,undetected,__tpi_cp_129_U593,__tpi_cp_129_U593,__tpi_cp_129_U593,sa1,1
113,__tpi_not_test_en->__tpi_cp_129_U593 /1 undetected,input_edge,__tpi_not_test_en,__tpi_cp_129_U593,__tpi_cp_129_U593,1,undetected,__tpi_cp_129_U593,__tpi_cp_129_U593,__tpi_cp_129_U593,sa1,1
114,__tpi_cp_129_U593 /1 undetected,output,,__tpi_cp_129_U593,__tpi_cp_129_U593,1,undetected,__tpi_cp_129_U593,__tpi_cp_129_U593,__tpi_cp_129_U593,sa1,1
115,U786 /1 undetected,output,,U786,U786,1,undetected,U786,U786,U786,sa1,1
116,__buf_split_251 /1 undetected,output,,__buf_split_251,__buf_split_251,1,undetected,__buf_split_251,__buf_split_251,__buf_split_251,sa1,1
117,__buf_split_229 /1 undetected,output,,__buf_split_229,__buf_split_229,1,undetected,__buf_split_229,__buf_split_229,__buf_split_229,sa1,1
118,__buf_split_231 /1 undetected,output,,__buf_split_231,__buf_split_231,1,undetected,__buf_split_231,__buf_split_231,__buf_split_231,sa1,1
119,__buf_split_228 /1 undetected,output,,__buf_split_228,__buf_split_228,1,undetected,__buf_split_228,__buf_split_228,__buf_split_228,sa1,1
120,__buf_split_22 /1 undetected,output,,__buf_split_22,__buf_split_22,1,undetected,__buf_split_22,__buf_split_22,__buf_split_22,sa1,1
121,test_en->__tpi_cp_74_U878 /0 undetected,input_edge,test_en,__tpi_cp_74_U878,__tpi_cp_74_U878,0,undetected,__tpi_cp_74_U878,__tpi_cp_74_U878,__tpi_cp_74_U878,sa0,1
122,__tpi_cp_74_U878 /1 undetected,output,,__tpi_cp_74_U878,__tpi_cp_74_U878,1,undetected,__tpi_cp_74_U878,__tpi_cp_74_U878,__tpi_cp_74_U878,sa1,1
123,__buf_split_61 /1 undetected,output,,__buf_split_61,__buf_split_61,1,undetected,__buf_split_61,__buf_split_61,__buf_split_61,sa1,1
124,test_en->__tpi_cp_77_GT_146_U6 /0 undetected,input_edge,test_en,__tpi_cp_77_GT_146_U6,__tpi_cp_77_GT_146_U6,0,undetected,__tpi_cp_77_GT_146_U6,__tpi_cp_77_GT_146_U6,__tpi_cp_77_GT_146_U6,sa0,1
125,__buf_split_62 /1 undetected,output,,__buf_split_62,__buf_split_62,1,undetected,__buf_split_62,__buf_split_62,__buf_split_62,sa1,1
126,U878 /1 undetected,output,,U878,U878,1,undetected,U878,U878,U878,sa1,1
127,U637 /0 undetected,output,,U637,U637,0,undetected,U637,U637,U637,sa0,1
128,__tpi_not_test_en->__tpi_cp_10___buf_split_119 /1 undetected,input_edge,__tpi_not_test_en,__tpi_cp_10___buf_split_119,__tpi_cp_10___buf_split_119,1,undetected,__tpi_cp_10___buf_split_119,__tpi_cp_10___buf_split_119,__tpi_cp_10___buf_split_119,sa1,1
129,__tpi_cp_10___buf_split_119 /1 undetected,output,,__tpi_cp_10___buf_split_119,__tpi_cp_10___buf_split_119,1,undetected,__tpi_cp_10___buf_split_119,__tpi_cp_10___buf_split_119,__tpi_cp_10___buf_split_119,sa1,1
130,__buf_split_119 /1 undetected,output,,__buf_split_119,__buf_split_119,1,undetected,__buf_split_119,__buf_split_119,__buf_split_119,sa1,1
131,__buf_split_118 /1 undetected,output,,__buf_split_118,__buf_split_118,1,undetected,__buf_split_118,__buf_split_118,__buf_split_118,sa1,1
132,__tpi_not_test_en->__tpi_cp_8___aig_and_139 /1 undetected,input_edge,__tpi_not_test_en,__tpi_cp_8___aig_and_139,__tpi_cp_8___aig_and_139,1,undetected,__tpi_cp_8___aig_and_139,__tpi_cp_8___aig_and_139,__tpi_cp_8___aig_and_139,sa1,1
133,__aig_and_139 /1 undetected,output,,__aig_and_139,__aig_and_139,1,undetected,__aig_and_139,__aig_and_139,__aig_and_139,sa1,1
134,test_en->__tpi_cp_121___aig_not_138 /0 undetected,input_edge,test_en,__tpi_cp_121___aig_not_138,__tpi_cp_121___aig_not_138,0,undetected,__tpi_cp_121___aig_not_138,__tpi_cp_121___aig_not_138,__tpi_cp_121___aig_not_138,sa0,1
135,__tpi_cp_121___aig_not_138 /1 undetected,output,,__tpi_cp_121___aig_not_138,__tpi_cp_121___aig_not_138,1,undetected,__tpi_cp_121___aig_not_138,__tpi_cp_121___aig_not_138,__tpi_cp_121___aig_not_138,sa1,1
136,__tpi_not_test_en->__tpi_cp_157___aig_not_137 /1 undetected,input_edge,__tpi_not_test_en,__tpi_cp_157___aig_not_137,__tpi_cp_157___aig_not_137,1,undetected,__tpi_cp_157___aig_not_137,__tpi_cp_157___aig_not_137,__tpi_cp_157___aig_not_137,sa1,1
137,__tpi_cp_157___aig_not_137 /1 undetected,output,,__tpi_cp_157___aig_not_137,__tpi_cp_157___aig_not_137,1,undetected,__tpi_cp_157___aig_not_137,__tpi_cp_157___aig_not_137,__tpi_cp_157___aig_not_137,sa1,1
138,__aig_not_137 /1 undetected,output,,__aig_not_137,__aig_not_137,1,undetected,__aig_not_137,__aig_not_137,__aig_not_137,sa1,1
139,__tpi_not_test_en->__tpi_cp_195___buf_split_203 /1 undetected,input_edge,__tpi_not_test_en,__tpi_cp_195___buf_split_203,__tpi_cp_195___buf_split_203,1,undetected,__tpi_cp_195___buf_split_203,__tpi_cp_195___buf_split_203,__tpi_cp_195___buf_split_203,sa1,1
140,__tpi_not_test_en->__tpi_cp_56_U879 /1 undetected,input_edge,__tpi_not_test_en,__tpi_cp_56_U879,__tpi_cp_56_U879,1,undetected,__tpi_cp_56_U879,__tpi_cp_56_U879,__tpi_cp_56_U879,sa1,1
141,test_en->__tpi_cp_128_U710 /0 undetected,input_edge,test_en,__tpi_cp_128_U710,__tpi_cp_128_U710,0,undetected,__tpi_cp_128_U710,__tpi_cp_128_U710,__tpi_cp_128_U710,sa0,1
142,test_en->__tpi_cp_64___aig_not_43 /0 undetected,input_edge,test_en,__tpi_cp_64___aig_not_43,__tpi_cp_64___aig_not_43,0,undetected,__tpi_cp_64___aig_not_43,__tpi_cp_64___aig_not_43,__tpi_cp_64___aig_not_43,sa0,1
143,__aig_not_43 /0 undetected,output,,__aig_not_43,__aig_not_43,0,undetected,__aig_not_43,__aig_not_43,__aig_not_43,sa0,1
144,__aig_not_41 /1 undetected,output,,__aig_not_41,__aig_not_41,1,undetected,__aig_not_41,__aig_not_41,__aig_not_41,sa1,1
145,__tpi_not_test_en->__tpi_cp_12___buf_split_60 /1 undetected,input_edge,__tpi_not_test_en,__tpi_cp_12___buf_split_60,__tpi_cp_12___buf_split_60,1,undetected,__tpi_cp_12___buf_split_60,__tpi_cp_12___buf_split_60,__tpi_cp_12___buf_split_60,sa1,1
146,__aig_not_40 /1 undetected,output,,__aig_not_40,__aig_not_40,1,undetected,__aig_not_40,__aig_not_40,__aig_not_40,sa1,1
147,test_en->__tpi_cp_197___buf_split_237 /0 undetected,input_edge,test_en,__tpi_cp_197___buf_split_237,__tpi_cp_197___buf_split_237,0,undetected,__tpi_cp_197___buf_split_237,__tpi_cp_197___buf_split_237,__tpi_cp_197___buf_split_237,sa0,1
148,__buf_split_237 /0 undetected,output,,__buf_split_237,__buf_split_237,0,undetected,__buf_split_237,__buf_split_237,__buf_split_237,sa0,1
149,__aig_not_142 /1 undetected,output,,__aig_not_142,__aig_not_142,1,undetected,__aig_not_142,__aig_not_142,__aig_not_142,sa1,1
150,__tpi_not_test_en->__tpi_cp_21___aig_not_141 /1 undetected,input_edge,__tpi_not_test_en,__tpi_cp_21___aig_not_141,__tpi_cp_21___aig_not_141,1,undetected,__tpi_cp_21___aig_not_141,__tpi_cp_21___aig_not_141,__tpi_cp_21___aig_not_141,sa1,1
151,__aig_not_140 /1 undetected,output,,__aig_not_140,__aig_not_140,1,undetected,__aig_not_140,__aig_not_140,__aig_not_140,sa1,1
152,test_en->__tpi_cp_140_GT_114_U6 /0 undetected,input_edge,test_en,__tpi_cp_140_GT_114_U6,__tpi_cp_140_GT_114_U6,0,undetected,__tpi_cp_140_GT_114_U6,__tpi_cp_140_GT_114_U6,__tpi_cp_140_GT_114_U6,sa0,1
153,__tpi_cp_140_GT_114_U6 /0 undetected,output,,__tpi_cp_140_GT_114_U6,__tpi_cp_140_GT_114_U6,0,undetected,__tpi_cp_140_GT_114_U6,__tpi_cp_140_GT_114_U6,__tpi_cp_140_GT_114_U6,sa0,1
154,GT_114_U6 /0 undetected,output,,GT_114_U6,GT_114_U6,0,undetected,GT_114_U6,GT_114_U6,GT_114_U6,sa0,1
155,__tpi_not_test_en->__tpi_cp_151___aig_not_840 /1 undetected,input_edge,__tpi_not_test_en,__tpi_cp_151___aig_not_840,__tpi_cp_151___aig_not_840,1,undetected,__tpi_cp_151___aig_not_840,__tpi_cp_151___aig_not_840,__tpi_cp_151___aig_not_840,sa1,1
156,__aig_not_840 /1 undetected,output,,__aig_not_840,__aig_not_840,1,undetected,__aig_not_840,__aig_not_840,__aig_not_840,sa1,1
157,test_en->__tpi_cp_19___aig_and_839 /0 undetected,input_edge,test_en,__tpi_cp_19___aig_and_839,__tpi_cp_19___aig_and_839,0,undetected,__tpi_cp_19___aig_and_839,__tpi_cp_19___aig_and_839,__tpi_cp_19___aig_and_839,sa0,1
158,__aig_and_839 /0 undetected,output,,__aig_and_839,__aig_and_839,0,undetected,__aig_and_839,__aig_and_839,__aig_and_839,sa0,1
159,__tpi_not_test_en->__tpi_cp_125___aig_not_838 /1 undetected,input_edge,__tpi_not_test_en,__tpi_cp_125___aig_not_838,__tpi_cp_125___aig_not_838,1,undetected,__tpi_cp_125___aig_not_838,__tpi_cp_125___aig_not_838,__tpi_cp_125___aig_not_838,sa1,1
160,__aig_not_843->__aig_and_844 /1 undetected,input_edge,__aig_not_843,__aig_and_844,__aig_and_844,1,undetected,__aig_and_844,__aig_and_844,__aig_and_844,sa1,1
161,__tpi_not_test_en->__tpi_cp_47___aig_not_842 /1 undetected,input_edge,__tpi_not_test_en,__tpi_cp_47___aig_not_842,__tpi_cp_47___aig_not_842,1,undetected,__tpi_cp_47___aig_not_842,__tpi_cp_47___aig_not_842,__tpi_cp_47___aig_not_842,sa1,1
162,__tpi_cp_47___aig_not_842 /1 undetected,output,,__tpi_cp_47___aig_not_842,__tpi_cp_47___aig_not_842,1,undetected,__tpi_cp_47___aig_not_842,__tpi_cp_47___aig_not_842,__tpi_cp_47___aig_not_842,sa1,1
163,__aig_not_842 /1 undetected,output,,__aig_not_842,__aig_not_842,1,undetected,__aig_not_842,__aig_not_842,__aig_not_842,sa1,1
164,test_en->__tpi_cp_95_GT_114_U8 /0 undetected,input_edge,test_en,__tpi_cp_95_GT_114_U8,__tpi_cp_95_GT_114_U8,0,undetected,__tpi_cp_95_GT_114_U8,__tpi_cp_95_GT_114_U8,__tpi_cp_95_GT_114_U8,sa0,1
165,GT_114_U11->GT_114_U8 /1 undetected,input_edge,GT_114_U11,GT_114_U8,GT_114_U8,1,undetected,GT_114_U8,GT_114_U8,GT_114_U8,sa1,1
166,GT_114_U8 /0 undetected,output,,GT_114_U8,GT_114_U8,0,undetected,GT_114_U8,GT_114_U8,GT_114_U8,sa0,1
167,GT_130_U6->__tpi_cp_9_GT_130_U6 /0 undetected,input_edge,GT_130_U6,__tpi_cp_9_GT_130_U6,__tpi_cp_9_GT_130_U6,0,undetected,__tpi_cp_9_GT_130_U6,__tpi_cp_9_GT_130_U6,__tpi_cp_9_GT_130_U6,sa0,1
168,test_en->__tpi_cp_9_GT_130_U6 /0 undetected,input_edge,test_en,__tpi_cp_9_GT_130_U6,__tpi_cp_9_GT_130_U6,0,undetected,__tpi_cp_9_GT_130_U6,__tpi_cp_9_GT_130_U6,__tpi_cp_9_GT_130_U6,sa0,1
169,__tpi_cp_9_GT_130_U6 /0 undetected,output,,__tpi_cp_9_GT_130_U6,__tpi_cp_9_GT_130_U6,0,undetected,__tpi_cp_9_GT_130_U6,__tpi_cp_9_GT_130_U6,__tpi_cp_9_GT_130_U6,sa0,1
170,__tpi_not_test_en->__tpi_cp_117___aig_not_1227 /1 undetected,input_edge,__tpi_not_test_en,__tpi_cp_117___aig_not_1227,__tpi_cp_117___aig_not_1227,1,undetected,__tpi_cp_117___aig_not_1227,__tpi_cp_117___aig_not_1227,__tpi_cp_117___aig_not_1227,sa1,1
171,__aig_not_1227 /1 undetected,output,,__aig_not_1227,__aig_not_1227,1,undetected,__aig_not_1227,__aig_not_1227,__aig_not_1227,sa1,1
172,test_en->__tpi_cp_1___aig_and_1226 /0 undetected,input_edge,test_en,__tpi_cp_1___aig_and_1226,__tpi_cp_1___aig_and_1226,0,undetected,__tpi_cp_1___aig_and_1226,__tpi_cp_1___aig_and_1226,__tpi_cp_1___aig_and_1226,sa0,1
173,__aig_and_1226 /0 undetected,output,,__aig_and_1226,__aig_and_1226,0,undetected,__aig_and_1226,__aig_and_1226,__aig_and_1226,sa0,1
174,__tpi_not_test_en->__tpi_cp_154___aig_not_1225 /1 undetected,input_edge,__tpi_not_test_en,__tpi_cp_154___aig_not_1225,__tpi_cp_154___aig_not_1225,1,undetected,__tpi_cp_154___aig_not_1225,__tpi_cp_154___aig_not_1225,__tpi_cp_154___aig_not_1225,sa1,1
175,__tpi_not_test_en->__tpi_cp_209_GT_122_U9 /1 undetected,input_edge,__tpi_not_test_en,__tpi_cp_209_GT_122_U9,__tpi_cp_209_GT_122_U9,1,undetected,__tpi_cp_209_GT_122_U9,__tpi_cp_209_GT_122_U9,__tpi_cp_209_GT_122_U9,sa1,1
176,GT_122_U9 /1 undetected,output,,GT_122_U9,GT_122_U9,1,undetected,GT_122_U9,GT_122_U9,GT_122_U9,sa1,1
177,__tpi_not_test_en->__tpi_cp_18___aig_not_1231 /1 undetected,input_edge,__tpi_not_test_en,__tpi_cp_18___aig_not_1231,__tpi_cp_18___aig_not_1231,1,undetected,__tpi_cp_18___aig_not_1231,__tpi_cp_18___aig_not_1231,__tpi_cp_18___aig_not_1231,sa1,1
178,__aig_not_1229->__aig_and_1230 /1 undetected,input_edge,__aig_not_1229,__aig_and_1230,__aig_and_1230,1,undetected,__aig_and_1230,__aig_and_1230,__aig_and_1230,sa1,1
179,__tpi_not_test_en->__tpi_cp_210___aig_not_1228 /1 undetected,input_edge,__tpi_not_test_en,__tpi_cp_210___aig_not_1228,__tpi_cp_210___aig_not_1228,1,undetected,__tpi_cp_210___aig_not_1228,__tpi_cp_210___aig_not_1228,__tpi_cp_210___aig_not_1228,sa1,1
180,__tpi_cp_210___aig_not_1228 /1 undetected,output,,__tpi_cp_210___aig_not_1228,__tpi_cp_210___aig_not_1228,1,undetected,__tpi_cp_210___aig_not_1228,__tpi_cp_210___aig_not_1228,__tpi_cp_210___aig_not_1228,sa1,1
181,__aig_not_1228 /1 undetected,output,,__aig_not_1228,__aig_not_1228,1,undetected,__aig_not_1228,__aig_not_1228,__aig_not_1228,sa1,1
182,test_en->__tpi_cp_80_GT_122_U8 /0 undetected,input_edge,test_en,__tpi_cp_80_GT_122_U8,__tpi_cp_80_GT_122_U8,0,undetected,__tpi_cp_80_GT_122_U8,__tpi_cp_80_GT_122_U8,__tpi_cp_80_GT_122_U8,sa0,1
183,GT_122_U8 /0 undetected,output,,GT_122_U8,GT_122_U8,0,undetected,GT_122_U8,GT_122_U8,GT_122_U8,sa0,1
184,__tpi_not_test_en->__tpi_cp_155_GT_122_U10 /1 undetected,input_edge,__tpi_not_test_en,__tpi_cp_155_GT_122_U10,__tpi_cp_155_GT_122_U10,1,undetected,__tpi_cp_155_GT_122_U10,__tpi_cp_155_GT_122_U10,__tpi_cp_155_GT_122_U10,sa1,1
185,__tpi_cp_155_GT_122_U10 /1 undetected,output,,__tpi_cp_155_GT_122_U10,__tpi_cp_155_GT_122_U10,1,undetected,__tpi_cp_155_GT_122_U10,__tpi_cp_155_GT_122_U10,__tpi_cp_155_GT_122_U10,sa1,1
186,GT_122_U10 /1 undetected,output,,GT_122_U10,GT_122_U10,1,undetected,GT_122_U10,GT_122_U10,GT_122_U10,sa1,1
187,__aig_not_1232->__aig_and_1238 /1 undetected,input_edge,__aig_not_1232,__aig_and_1238,__aig_and_1238,1,undetected,__aig_and_1238,__aig_and_1238,__aig_and_1238,sa1,1
188,__aig_and_1237->__aig_and_1238 /1 undetected,input_edge,__aig_and_1237,__aig_and_1238,__aig_and_1238,1,undetected,__aig_and_1238,__aig_and_1238,__aig_and_1238,sa1,1
189,__tpi_not_test_en->__tpi_cp_159___aig_not_1224 /1 undetected,input_edge,__tpi_not_test_en,__tpi_cp_159___aig_not_1224,__tpi_cp_159___aig_not_1224,1,undetected,__tpi_cp_159___aig_not_1224,__tpi_cp_159___aig_not_1224,__tpi_cp_159___aig_not_1224,sa1,1
190,__tpi_not_test_en->__tpi_cp_186___buf_split_1275 /1 undetected,input_edge,__tpi_not_test_en,__tpi_cp_186___buf_split_1275,__tpi_cp_186___buf_split_1275,1,undetected,__tpi_cp_186___buf_split_1275,__tpi_cp_186___buf_split_1275,__tpi_cp_186___buf_split_1275,sa1,1
191,__buf_split_1275 /1 undetected,output,,__buf_split_1275,__buf_split_1275,1,undetected,__buf_split_1275,__buf_split_1275,__buf_split_1275,sa1,1
192,test_en->__tpi_cp_187___buf_split_222 /0 undetected,input_edge,test_en,__tpi_cp_187___buf_split_222,__tpi_cp_187___buf_split_222,0,undetected,__tpi_cp_187___buf_split_222,__tpi_cp_187___buf_split_222,__tpi_cp_187___buf_split_222,sa0,1
193,__buf_split_222 /0 undetected,output,,__buf_split_222,__buf_split_222,0,undetected,__buf_split_222,__buf_split_222,__buf_split_222,sa0,1
194,__aig_not_949 /1 undetected,output,,__aig_not_949,__aig_not_949,1,undetected,__aig_not_949,__aig_not_949,__aig_not_949,sa1,1
195,__tpi_not_test_en->__tpi_cp_172___aig_and_948 /1 undetected,input_edge,__tpi_not_test_en,__tpi_cp_172___aig_and_948,__tpi_cp_172___aig_and_948,1,undetected,__tpi_cp_172___aig_and_948,__tpi_cp_172___aig_and_948,__tpi_cp_172___aig_and_948,sa1,1
196,__tpi_not_test_en->__tpi_cp_29___aig_not_947 /1 undetected,input_edge,__tpi_not_test_en,__tpi_cp_29___aig_not_947,__tpi_cp_29___aig_not_947,1,undetected,__tpi_cp_29___aig_not_947,__tpi_cp_29___aig_not_947,__tpi_cp_29___aig_not_947,sa1,1
197,test_en->__tpi_cp_98_GT_130_U8 /0 undetected,input_edge,test_en,__tpi_cp_98_GT_130_U8,__tpi_cp_98_GT_130_U8,0,undetected,__tpi_cp_98_GT_130_U8,__tpi_cp_98_GT_130_U8,__tpi_cp_98_GT_130_U8,sa0,1
198,__tpi_not_test_en->__tpi_cp_201___aig_not_956 /1 undetected,input_edge,__tpi_not_test_en,__tpi_cp_201___aig_not_956,__tpi_cp_201___aig_not_956,1,undetected,__tpi_cp_201___aig_not_956,__tpi_cp_201___aig_not_956,__tpi_cp_201___aig_not_956,sa1,1
199,__aig_not_951->__aig_and_955 /1 undetected,input_edge,__aig_not_951,__aig_and_955,__aig_and_955,1,undetected,__aig_and_955,__aig_and_955,__aig_and_955,sa1,1
200,test_en->__tpi_cp_200___aig_and_954 /0 undetected,input_edge,test_en,__tpi_cp_200___aig_and_954,__tpi_cp_200___aig_and_954,0,undetected,__tpi_cp_200___aig_and_954,__tpi_cp_200___aig_and_954,__tpi_cp_200___aig_and_954,sa0,1
201,__tpi_cp_200___aig_and_954 /1 undetected,output,,__tpi_cp_200___aig_and_954,__tpi_cp_200___aig_and_954,1,undetected,__tpi_cp_200___aig_and_954,__tpi_cp_200___aig_and_954,__tpi_cp_200___aig_and_954,sa1,1
202,__aig_not_953->__aig_and_954 /1 undetected,input_edge,__aig_not_953,__aig_and_954,__aig_and_954,1,undetected,__aig_and_954,__aig_and_954,__aig_and_954,sa1,1
203,__tpi_not_test_en->__tpi_cp_37___aig_not_952 /1 undetected,input_edge,__tpi_not_test_en,__tpi_cp_37___aig_not_952,__tpi_cp_37___aig_not_952,1,undetected,__tpi_cp_37___aig_not_952,__tpi_cp_37___aig_not_952,__tpi_cp_37___aig_not_952,sa1,1
204,__tpi_cp_37___aig_not_952 /1 undetected,output,,__tpi_cp_37___aig_not_952,__tpi_cp_37___aig_not_952,1,undetected,__tpi_cp_37___aig_not_952,__tpi_cp_37___aig_not_952,__tpi_cp_37___aig_not_952,sa1,1
205,__aig_not_952 /1 undetected,output,,__aig_not_952,__aig_not_952,1,undetected,__aig_not_952,__aig_not_952,__aig_not_952,sa1,1
206,__aig_and_950->GT_130_U7 /1 undetected,input_edge,__aig_and_950,GT_130_U7,GT_130_U7,1,undetected,GT_130_U7,GT_130_U7,GT_130_U7,sa1,1
207,__tpi_not_test_en->__tpi_cp_144___aig_not_521 /1 undetected,input_edge,__tpi_not_test_en,__tpi_cp_144___aig_not_521,__tpi_cp_144___aig_not_521,1,undetected,__tpi_cp_144___aig_not_521,__tpi_cp_144___aig_not_521,__tpi_cp_144___aig_not_521,sa1,1
208,__aig_not_521 /1 undetected,output,,__aig_not_521,__aig_not_521,1,undetected,__aig_not_521,__aig_not_521,__aig_not_521,sa1,1
209,test_en->__tpi_cp_4___aig_and_520 /0 undetected,input_edge,test_en,__tpi_cp_4___aig_and_520,__tpi_cp_4___aig_and_520,0,undetected,__tpi_cp_4___aig_and_520,__tpi_cp_4___aig_and_520,__tpi_cp_4___aig_and_520,sa0,1
210,__aig_and_520 /0 undetected,output,,__aig_and_520,__aig_and_520,0,undetected,__aig_and_520,__aig_and_520,__aig_and_520,sa0,1
211,__tpi_not_test_en->__tpi_cp_75___aig_not_519 /1 undetected,input_edge,__tpi_not_test_en,__tpi_cp_75___aig_not_519,__tpi_cp_75___aig_not_519,1,undetected,__tpi_cp_75___aig_not_519,__tpi_cp_75___aig_not_519,__tpi_cp_75___aig_not_519,sa1,1
212,__tpi_not_test_en->__tpi_cp_211_GT_118_U8 /1 undetected,input_edge,__tpi_not_test_en,__tpi_cp_211_GT_118_U8,__tpi_cp_211_GT_118_U8,1,undetected,__tpi_cp_211_GT_118_U8,__tpi_cp_211_GT_118_U8,__tpi_cp_211_GT_118_U8,sa1,1
213,GT_118_U8 /1 undetected,output,,GT_118_U8,GT_118_U8,1,undetected,GT_118_U8,GT_118_U8,GT_118_U8,sa1,1
214,__tpi_not_test_en->__tpi_cp_218___aig_not_517 /1 undetected,input_edge,__tpi_not_test_en,__tpi_cp_218___aig_not_517,__tpi_cp_218___aig_not_517,1,undetected,__tpi_cp_218___aig_not_517,__tpi_cp_218___aig_not_517,__tpi_cp_218___aig_not_517,sa1,1
215,test_en->__tpi_cp_202___aig_and_516 /0 undetected,input_edge,test_en,__tpi_cp_202___aig_and_516,__tpi_cp_202___aig_and_516,0,undetected,__tpi_cp_202___aig_and_516,__tpi_cp_202___aig_and_516,__tpi_cp_202___aig_and_516,sa0,1
216,__aig_not_515->__aig_and_516 /1 undetected,input_edge,__aig_not_515,__aig_and_516,__aig_and_516,1,undetected,__aig_and_516,__aig_and_516,__aig_and_516,sa1,1
217,__tpi_not_test_en->__tpi_cp_26___aig_not_514 /1 undetected,input_edge,__tpi_not_test_en,__tpi_cp_26___aig_not_514,__tpi_cp_26___aig_not_514,1,undetected,__tpi_cp_26___aig_not_514,__tpi_cp_26___aig_not_514,__tpi_cp_26___aig_not_514,sa1,1
218,__tpi_cp_26___aig_not_514 /1 undetected,output,,__tpi_cp_26___aig_not_514,__tpi_cp_26___aig_not_514,1,undetected,__tpi_cp_26___aig_not_514,__tpi_cp_26___aig_not_514,__tpi_cp_26___aig_not_514,sa1,1
219,__aig_not_514 /1 undetected,output,,__aig_not_514,__aig_not_514,1,undetected,__aig_not_514,__aig_not_514,__aig_not_514,sa1,1
220,test_en->__tpi_cp_93_GT_118_U7 /0 undetected,input_edge,test_en,__tpi_cp_93_GT_118_U7,__tpi_cp_93_GT_118_U7,0,undetected,__tpi_cp_93_GT_118_U7,__tpi_cp_93_GT_118_U7,__tpi_cp_93_GT_118_U7,sa0,1
221,GT_118_U9->GT_118_U7 /1 undetected,input_edge,GT_118_U9,GT_118_U7,GT_118_U7,1,undetected,GT_118_U7,GT_118_U7,GT_118_U7,sa1,1
222,GT_118_U7 /0 undetected,output,,GT_118_U7,GT_118_U7,0,undetected,GT_118_U7,GT_118_U7,GT_118_U7,sa0,1
223,__tpi_not_test_en->__tpi_cp_213___aig_not_518 /1 undetected,input_edge,__tpi_not_test_en,__tpi_cp_213___aig_not_518,__tpi_cp_213___aig_not_518,1,undetected,__tpi_cp_213___aig_not_518,__tpi_cp_213___aig_not_518,__tpi_cp_213___aig_not_518,sa1,1
224,test_en->__tpi_cp_153_GT_126_U6 /0 undetected,input_edge,test_en,__tpi_cp_153_GT_126_U6,__tpi_cp_153_GT_126_U6,0,undetected,__tpi_cp_153_GT_126_U6,__tpi_cp_153_GT_126_U6,__tpi_cp_153_GT_126_U6,sa0,1
225,__tpi_cp_153_GT_126_U6 /0 undetected,output,,__tpi_cp_153_GT_126_U6,__tpi_cp_153_GT_126_U6,0,undetected,__tpi_cp_153_GT_126_U6,__tpi_cp_153_GT_126_U6,__tpi_cp_153_GT_126_U6,sa0,1
226,GT_126_U6 /0 undetected,output,,GT_126_U6,GT_126_U6,0,undetected,GT_126_U6,GT_126_U6,GT_126_U6,sa0,1
227,__tpi_not_test_en->__tpi_cp_165___aig_not_732 /1 undetected,input_edge,__tpi_not_test_en,__tpi_cp_165___aig_not_732,__tpi_cp_165___aig_not_732,1,undetected,__tpi_cp_165___aig_not_732,__tpi_cp_165___aig_not_732,__tpi_cp_165___aig_not_732,sa1,1
228,__aig_not_732 /1 undetected,output,,__aig_not_732,__aig_not_732,1,undetected,__aig_not_732,__aig_not_732,__aig_not_732,sa1,1
229,test_en->__tpi_cp_83___aig_and_731 /0 undetected,input_edge,test_en,__tpi_cp_83___aig_and_731,__tpi_cp_83___aig_and_731,0,undetected,__tpi_cp_83___aig_and_731,__tpi_cp_83___aig_and_731,__tpi_cp_83___aig_and_731,sa0,1
230,__aig_and_731 /0 undetected,output,,__aig_and_731,__aig_and_731,0,undetected,__aig_and_731,__aig_and_731,__aig_and_731,sa0,1
231,__tpi_not_test_en->__tpi_cp_20___aig_not_730 /1 undetected,input_edge,__tpi_not_test_en,__tpi_cp_20___aig_not_730,__tpi_cp_20___aig_not_730,1,undetected,__tpi_cp_20___aig_not_730,__tpi_cp_20___aig_not_730,__tpi_cp_20___aig_not_730,sa1,1
232,test_en->__tpi_cp_205_GT_126_U8 /0 undetected,input_edge,test_en,__tpi_cp_205_GT_126_U8,__tpi_cp_205_GT_126_U8,0,undetected,__tpi_cp_205_GT_126_U8,__tpi_cp_205_GT_126_U8,__tpi_cp_205_GT_126_U8,sa0,1
233,__tpi_not_test_en->__tpi_cp_196___aig_not_740 /1 undetected,input_edge,__tpi_not_test_en,__tpi_cp_196___aig_not_740,__tpi_cp_196___aig_not_740,1,undetected,__tpi_cp_196___aig_not_740,__tpi_cp_196___aig_not_740,__tpi_cp_196___aig_not_740,sa1,1
234,test_en->__tpi_cp_97___aig_and_739 /0 undetected,input_edge,test_en,__tpi_cp_97___aig_and_739,__tpi_cp_97___aig_and_739,0,undetected,__tpi_cp_97___aig_and_739,__tpi_cp_97___aig_and_739,__tpi_cp_97___aig_and_739,sa0,1
235,__aig_not_735->__aig_and_739 /1 undetected,input_edge,__aig_not_735,__aig_and_739,__aig_and_739,1,undetected,__aig_and_739,__aig_and_739,__aig_and_739,sa1,1
236,__aig_and_738->__aig_and_739 /1 undetected,input_edge,__aig_and_738,__aig_and_739,__aig_and_739,1,undetected,__aig_and_739,__aig_and_739,__aig_and_739,sa1,1
237,__tpi_not_test_en->__tpi_cp_11___aig_not_715 /1 undetected,input_edge,__tpi_not_test_en,__tpi_cp_11___aig_not_715,__tpi_cp_11___aig_not_715,1,undetected,__tpi_cp_11___aig_not_715,__tpi_cp_11___aig_not_715,__tpi_cp_11___aig_not_715,sa1,1
238,test_en->__tpi_cp_192___aig_and_714 /0 undetected,input_edge,test_en,__tpi_cp_192___aig_and_714,__tpi_cp_192___aig_and_714,0,undetected,__tpi_cp_192___aig_and_714,__tpi_cp_192___aig_and_714,__tpi_cp_192___aig_and_714,sa0,1
239,__tpi_not_test_en->__tpi_cp_177___aig_not_713 /1 undetected,input_edge,__tpi_not_test_en,__tpi_cp_177___aig_not_713,__tpi_cp_177___aig_not_713,1,undetected,__tpi_cp_177___aig_not_713,__tpi_cp_177___aig_not_713,__tpi_cp_177___aig_not_713,sa1,1
240,test_en->__tpi_cp_35_GT_146_U8 /0 undetected,input_edge,test_en,__tpi_cp_35_GT_146_U8,__tpi_cp_35_GT_146_U8,0,undetected,__tpi_cp_35_GT_146_U8,__tpi_cp_35_GT_146_U8,__tpi_cp_35_GT_146_U8,sa0,1
241,__tpi_not_test_en->__tpi_cp_79___aig_not_725 /1 undetected,input_edge,__tpi_not_test_en,__tpi_cp_79___aig_not_725,__tpi_cp_79___aig_not_725,1,undetected,__tpi_cp_79___aig_not_725,__tpi_cp_79___aig_not_725,__tpi_cp_79___aig_not_725,sa1,1
242,__aig_not_716->__aig_and_724 /1 undetected,input_edge,__aig_not_716,__aig_and_724,__aig_and_724,1,undetected,__aig_and_724,__aig_and_724,__aig_and_724,sa1,1
243,test_en->__tpi_cp_181___aig_and_723 /0 undetected,input_edge,test_en,__tpi_cp_181___aig_and_723,__tpi_cp_181___aig_and_723,0,undetected,__tpi_cp_181___aig_and_723,__tpi_cp_181___aig_and_723,__tpi_cp_181___aig_and_723,sa0,1
244,__aig_not_717->__aig_and_723 /1 undetected,input_edge,__aig_not_717,__aig_and_723,__aig_and_723,1,undetected,__aig_and_723,__aig_and_723,__aig_and_723,sa1,1
245,test_en->__tpi_cp_92___aig_and_722 /0 undetected,input_edge,test_en,__tpi_cp_92___aig_and_722,__tpi_cp_92___aig_and_722,0,undetected,__tpi_cp_92___aig_and_722,__tpi_cp_92___aig_and_722,__tpi_cp_92___aig_and_722,sa0,1
246,U724 /1 undetected,output,,U724,U724,1,undetected,U724,U724,U724,sa1,1
247,__tpi_not_test_en->__tpi_cp_49___aig_not_14 /1 undetected,input_edge,__tpi_not_test_en,__tpi_cp_49___aig_not_14,__tpi_cp_49___aig_not_14,1,undetected,__tpi_cp_49___aig_not_14,__tpi_cp_49___aig_not_14,__tpi_cp_49___aig_not_14,sa1,1
248,test_en->__tpi_cp_127___aig_and_13 /0 undetected,input_edge,test_en,__tpi_cp_127___aig_and_13,__tpi_cp_127___aig_and_13,0,undetected,__tpi_cp_127___aig_and_13,__tpi_cp_127___aig_and_13,__tpi_cp_127___aig_and_13,sa0,1
249,__tpi_not_test_en->__tpi_cp_72___aig_not_8 /1 undetected,input_edge,__tpi_not_test_en,__tpi_cp_72___aig_not_8,__tpi_cp_72___aig_not_8,1,undetected,__tpi_cp_72___aig_not_8,__tpi_cp_72___aig_not_8,__tpi_cp_72___aig_not_8,sa1,1
250,test_en->__tpi_cp_39___aig_and_7 /0 undetected,input_edge,test_en,__tpi_cp_39___aig_and_7,__tpi_cp_39___aig_and_7,0,undetected,__tpi_cp_39___aig_and_7,__tpi_cp_39___aig_and_7,__tpi_cp_39___aig_and_7,sa0,1
251,__aig_not_1->__aig_and_7 /1 undetected,input_edge,__aig_not_1,__aig_and_7,__aig_and_7,1,undetected,__aig_and_7,__aig_and_7,__aig_and_7,sa1,1
252,test_en->__tpi_cp_171___aig_and_6 /0 undetected,input_edge,test_en,__tpi_cp_171___aig_and_6,__tpi_cp_171___aig_and_6,0,undetected,__tpi_cp_171___aig_and_6,__tpi_cp_171___aig_and_6,__tpi_cp_171___aig_and_6,sa0,1
253,__aig_not_2->__aig_and_6 /1 undetected,input_edge,__aig_not_2,__aig_and_6,__aig_and_6,1,undetected,__aig_and_6,__aig_and_6,__aig_and_6,sa1,1
254,__tpi_not_test_en->__tpi_cp_184___aig_and_5 /1 undetected,input_edge,__tpi_not_test_en,__tpi_cp_184___aig_and_5,__tpi_cp_184___aig_and_5,1,undetected,__tpi_cp_184___aig_and_5,__tpi_cp_184___aig_and_5,__tpi_cp_184___aig_and_5,sa1,1
255,__aig_not_3->__aig_and_5 /1 undetected,input_edge,__aig_not_3,__aig_and_5,__aig_and_5,1,undetected,__aig_and_5,__aig_and_5,__aig_and_5,sa1,1
256,__tpi_not_test_en->__tpi_cp_185___aig_not_4 /1 undetected,input_edge,__tpi_not_test_en,__tpi_cp_185___aig_not_4,__tpi_cp_185___aig_not_4,1,undetected,__tpi_cp_185___aig_not_4,__tpi_cp_185___aig_not_4,__tpi_cp_185___aig_not_4,sa1,1
257,test_en->__tpi_cp_84_GT_138_U7 /0 undetected,input_edge,test_en,__tpi_cp_84_GT_138_U7,__tpi_cp_84_GT_138_U7,0,undetected,__tpi_cp_84_GT_138_U7,__tpi_cp_84_GT_138_U7,__tpi_cp_84_GT_138_U7,sa0,1
258,__tpi_not_test_en->__tpi_cp_163___aig_not_982 /1 undetected,input_edge,__tpi_not_test_en,__tpi_cp_163___aig_not_982,__tpi_cp_163___aig_not_982,1,undetected,__tpi_cp_163___aig_not_982,__tpi_cp_163___aig_not_982,__tpi_cp_163___aig_not_982,sa1,1
259,test_en->__tpi_cp_7___aig_and_981 /0 undetected,input_edge,test_en,__tpi_cp_7___aig_and_981,__tpi_cp_7___aig_and_981,0,undetected,__tpi_cp_7___aig_and_981,__tpi_cp_7___aig_and_981,__tpi_cp_7___aig_and_981,sa0,1
260,__tpi_not_test_en->__tpi_cp_76___aig_not_980 /1 undetected,input_edge,__tpi_not_test_en,__tpi_cp_76___aig_not_980,__tpi_cp_76___aig_not_980,1,undetected,__tpi_cp_76___aig_not_980,__tpi_cp_76___aig_not_980,__tpi_cp_76___aig_not_980,sa1,1
261,test_en->__tpi_cp_182_GT_142_U8 /0 undetected,input_edge,test_en,__tpi_cp_182_GT_142_U8,__tpi_cp_182_GT_142_U8,0,undetected,__tpi_cp_182_GT_142_U8,__tpi_cp_182_GT_142_U8,__tpi_cp_182_GT_142_U8,sa0,1
262,__tpi_not_test_en->__tpi_cp_183___aig_not_990 /1 undetected,input_edge,__tpi_not_test_en,__tpi_cp_183___aig_not_990,__tpi_cp_183___aig_not_990,1,undetected,__tpi_cp_183___aig_not_990,__tpi_cp_183___aig_not_990,__tpi_cp_183___aig_not_990,sa1,1
263,__aig_not_983->__aig_and_989 /1 undetected,input_edge,__aig_not_983,__aig_and_989,__aig_and_989,1,undetected,__aig_and_989,__aig_and_989,__aig_and_989,sa1,1
264,test_en->__tpi_cp_27___aig_and_988 /0 undetected,input_edge,test_en,__tpi_cp_27___aig_and_988,__tpi_cp_27___aig_and_988,0,undetected,__tpi_cp_27___aig_and_988,__tpi_cp_27___aig_and_988,__tpi_cp_27___aig_and_988,sa0,1
265,__aig_not_984->__aig_and_988 /1 undetected,input_edge,__aig_not_984,__aig_and_988,__aig_and_988,1,undetected,__aig_and_988,__aig_and_988,__aig_and_988,sa1,1
266,__tpi_not_test_en->__tpi_cp_216___aig_not_979 /1 undetected,input_edge,__tpi_not_test_en,__tpi_cp_216___aig_not_979,__tpi_cp_216___aig_not_979,1,undetected,__tpi_cp_216___aig_not_979,__tpi_cp_216___aig_not_979,__tpi_cp_216___aig_not_979,sa1,1
267,GT_134_U6 /0 undetected,output,,GT_134_U6,GT_134_U6,0,undetected,GT_134_U6,GT_134_U6,GT_134_U6,sa0,1
268,__tpi_not_test_en->__tpi_cp_17___aig_not_1034 /1 undetected,input_edge,__tpi_not_test_en,__tpi_cp_17___aig_not_1034,__tpi_cp_17___aig_not_1034,1,undetected,__tpi_cp_17___aig_not_1034,__tpi_cp_17___aig_not_1034,__tpi_cp_17___aig_not_1034,sa1,1
269,test_en->__tpi_cp_78_GT_134_U8 /0 undetected,input_edge,test_en,__tpi_cp_78_GT_134_U8,__tpi_cp_78_GT_134_U8,0,undetected,__tpi_cp_78_GT_134_U8,__tpi_cp_78_GT_134_U8,__tpi_cp_78_GT_134_U8,sa0,1
270,__tpi_not_test_en->__tpi_cp_166___aig_not_1042 /1 undetected,input_edge,__tpi_not_test_en,__tpi_cp_166___aig_not_1042,__tpi_cp_166___aig_not_1042,1,undetected,__tpi_cp_166___aig_not_1042,__tpi_cp_166___aig_not_1042,__tpi_cp_166___aig_not_1042,sa1,1
271,__aig_not_1037->__aig_and_1041 /1 undetected,input_edge,__aig_not_1037,__aig_and_1041,__aig_and_1041,1,undetected,__aig_and_1041,__aig_and_1041,__aig_and_1041,sa1,1
272,__aig_and_1040->__aig_and_1041 /1 undetected,input_edge,__aig_and_1040,__aig_and_1041,__aig_and_1041,1,undetected,__aig_and_1041,__aig_and_1041,__aig_and_1041,sa1,1
273,test_en->__tpi_cp_132___buf_split_1071 /0 undetected,input_edge,test_en,__tpi_cp_132___buf_split_1071,__tpi_cp_132___buf_split_1071,0,undetected,__tpi_cp_132___buf_split_1071,__tpi_cp_132___buf_split_1071,__tpi_cp_132___buf_split_1071,sa0,1
274,__aig_not_1038->__aig_and_1040 /1 undetected,input_edge,__aig_not_1038,__aig_and_1040,__aig_and_1040,1,undetected,__aig_and_1040,__aig_and_1040,__aig_and_1040,sa1,1
275,test_en->__tpi_cp_108_GT_114_U7 /0 undetected,input_edge,test_en,__tpi_cp_108_GT_114_U7,__tpi_cp_108_GT_114_U7,0,undetected,__tpi_cp_108_GT_114_U7,__tpi_cp_108_GT_114_U7,__tpi_cp_108_GT_114_U7,sa0,1
276,__tpi_not_test_en->__tpi_cp_25___aig_not_736 /1 undetected,input_edge,__tpi_not_test_en,__tpi_cp_25___aig_not_736,__tpi_cp_25___aig_not_736,1,undetected,__tpi_cp_25___aig_not_736,__tpi_cp_25___aig_not_736,__tpi_cp_25___aig_not_736,sa1,1
277,__tpi_cp_25___aig_not_736 /1 undetected,output,,__tpi_cp_25___aig_not_736,__tpi_cp_25___aig_not_736,1,undetected,__tpi_cp_25___aig_not_736,__tpi_cp_25___aig_not_736,__tpi_cp_25___aig_not_736,sa1,1
278,__aig_not_736 /1 undetected,output,,__aig_not_736,__aig_not_736,1,undetected,__aig_not_736,__aig_not_736,__aig_not_736,sa1,1
279,__aig_and_734->GT_126_U7 /1 undetected,input_edge,__aig_and_734,GT_126_U7,GT_126_U7,1,undetected,GT_126_U7,GT_126_U7,GT_126_U7,sa1,1
280,test_en->__tpi_cp_94_GT_134_U7 /0 undetected,input_edge,test_en,__tpi_cp_94_GT_134_U7,__tpi_cp_94_GT_134_U7,0,undetected,__tpi_cp_94_GT_134_U7,__tpi_cp_94_GT_134_U7,__tpi_cp_94_GT_134_U7,sa0,1
281,test_en->__tpi_cp_206_U635 /0 undetected,input_edge,test_en,__tpi_cp_206_U635,__tpi_cp_206_U635,0,undetected,__tpi_cp_206_U635,__tpi_cp_206_U635,__tpi_cp_206_U635,sa0,1
282,test_en->__tpi_cp_23___aig_and_733 /0 undetected,input_edge,test_en,__tpi_cp_23___aig_and_733,__tpi_cp_23___aig_and_733,0,undetected,__tpi_cp_23___aig_and_733,__tpi_cp_23___aig_and_733,__tpi_cp_23___aig_and_733,sa0,1
283,test_en->__tpi_cp_204_U634 /0 undetected,input_edge,test_en,__tpi_cp_204_U634,__tpi_cp_204_U634,0,undetected,__tpi_cp_204_U634,__tpi_cp_204_U634,__tpi_cp_204_U634,sa0,1
284,__tpi_not_test_en->__tpi_cp_156_R794_U13 /1 undetected,input_edge,__tpi_not_test_en,__tpi_cp_156_R794_U13,__tpi_cp_156_R794_U13,1,undetected,__tpi_cp_156_R794_U13,__tpi_cp_156_R794_U13,__tpi_cp_156_R794_U13,sa1,1
285,__tpi_not_test_en->__tpi_cp_110___aig_and_84 /1 undetected,input_edge,__tpi_not_test_en,__tpi_cp_110___aig_and_84,__tpi_cp_110___aig_and_84,1,undetected,__tpi_cp_110___aig_and_84,__tpi_cp_110___aig_and_84,__tpi_cp_110___aig_and_84,sa1,1
286,__tpi_not_test_en->__tpi_cp_215_U876 /1 undetected,input_edge,__tpi_not_test_en,__tpi_cp_215_U876,__tpi_cp_215_U876,1,undetected,__tpi_cp_215_U876,__tpi_cp_215_U876,__tpi_cp_215_U876,sa1,1
287,__tpi_cp_215_U876 /1 undetected,output,,__tpi_cp_215_U876,__tpi_cp_215_U876,1,undetected,__tpi_cp_215_U876,__tpi_cp_215_U876,__tpi_cp_215_U876,sa1,1
288,U876 /1 undetected,output,,U876,U876,1,undetected,U876,U876,U876,sa1,1
289,test_en->__tpi_cp_28___aig_and_308 /0 undetected,input_edge,test_en,__tpi_cp_28___aig_and_308,__tpi_cp_28___aig_and_308,0,undetected,__tpi_cp_28___aig_and_308,__tpi_cp_28___aig_and_308,__tpi_cp_28___aig_and_308,sa0,1
290,SUB_110_U14->__aig_and_308 /1 undetected,input_edge,SUB_110_U14,__aig_and_308,__aig_and_308,1,undetected,__aig_and_308,__aig_and_308,__aig_and_308,sa1,1
291,__buf_split_393->__aig_and_308 /1 undetected,input_edge,__buf_split_393,__aig_and_308,__aig_and_308,1,undetected,__aig_and_308,__aig_and_308,__aig_and_308,sa1,1
292,__aig_and_308 /0 undetected,output,,__aig_and_308,__aig_and_308,0,undetected,__aig_and_308,__aig_and_308,__aig_and_308,sa0,1
293,__tpi_not_test_en->__tpi_cp_220___buf_split_116 /1 undetected,input_edge,__tpi_not_test_en,__tpi_cp_220___buf_split_116,__tpi_cp_220___buf_split_116,1,undetected,__tpi_cp_220___buf_split_116,__tpi_cp_220___buf_split_116,__tpi_cp_220___buf_split_116,sa1,1
294,__tpi_not_test_en->__tpi_cp_160___aig_and_82 /1 undetected,input_edge,__tpi_not_test_en,__tpi_cp_160___aig_and_82,__tpi_cp_160___aig_and_82,1,undetected,__tpi_cp_160___aig_and_82,__tpi_cp_160___aig_and_82,__tpi_cp_160___aig_and_82,sa1,1
295,__tpi_not_test_en->__tpi_cp_176_U874 /1 undetected,input_edge,__tpi_not_test_en,__tpi_cp_176_U874,__tpi_cp_176_U874,1,undetected,__tpi_cp_176_U874,__tpi_cp_176_U874,__tpi_cp_176_U874,sa1,1
296,__tpi_cp_176_U874 /1 undetected,output,,__tpi_cp_176_U874,__tpi_cp_176_U874,1,undetected,__tpi_cp_176_U874,__tpi_cp_176_U874,__tpi_cp_176_U874,sa1,1
297,U874 /1 undetected,output,,U874,U874,1,undetected,U874,U874,U874,sa1,1
298,test_en->__tpi_cp_24___aig_and_306 /0 undetected,input_edge,test_en,__tpi_cp_24___aig_and_306,__tpi_cp_24___aig_and_306,0,undetected,__tpi_cp_24___aig_and_306,__tpi_cp_24___aig_and_306,__tpi_cp_24___aig_and_306,sa0,1
299,__aig_and_306 /0 undetected,output,,__aig_and_306,__aig_and_306,0,undetected,__aig_and_306,__aig_and_306,__aig_and_306,sa0,1
300,__tpi_not_test_en->__tpi_cp_112_SUB_110_U13 /1 undetected,input_edge,__tpi_not_test_en,__tpi_cp_112_SUB_110_U13,__tpi_cp_112_SUB_110_U13,1,undetected,__tpi_cp_112_SUB_110_U13,__tpi_cp_112_SUB_110_U13,__tpi_cp_112_SUB_110_U13,sa1,1
301,__tpi_cp_112_SUB_110_U13 /1 undetected,output,,__tpi_cp_112_SUB_110_U13,__tpi_cp_112_SUB_110_U13,1,undetected,__tpi_cp_112_SUB_110_U13,__tpi_cp_112_SUB_110_U13,__tpi_cp_112_SUB_110_U13,sa1,1
302,SUB_110_U13 /1 undetected,output,,SUB_110_U13,SUB_110_U13,1,undetected,SUB_110_U13,SUB_110_U13,SUB_110_U13,sa1,1
303,__tpi_not_test_en->__tpi_cp_214___buf_split_114 /1 undetected,input_edge,__tpi_not_test_en,__tpi_cp_214___buf_split_114,__tpi_cp_214___buf_split_114,1,undetected,__tpi_cp_214___buf_split_114,__tpi_cp_214___buf_split_114,__tpi_cp_214___buf_split_114,sa1,1
304,__tpi_not_test_en->__tpi_cp_146___aig_and_85 /1 undetected,input_edge,__tpi_not_test_en,__tpi_cp_146___aig_and_85,__tpi_cp_146___aig_and_85,1,undetected,__tpi_cp_146___aig_and_85,__tpi_cp_146___aig_and_85,__tpi_cp_146___aig_and_85,sa1,1
305,U877 /1 undetected,output,,U877,U877,1,undetected,U877,U877,U877,sa1,1
306,SUB_110_U19 /1 undetected,output,,SUB_110_U19,SUB_110_U19,1,undetected,SUB_110_U19,SUB_110_U19,SUB_110_U19,sa1,1
307,__tpi_not_test_en->__tpi_cp_179_SUB_110_U33 /1 undetected,input_edge,__tpi_not_test_en,__tpi_cp_179_SUB_110_U33,__tpi_cp_179_SUB_110_U33,1,undetected,__tpi_cp_179_SUB_110_U33,__tpi_cp_179_SUB_110_U33,__tpi_cp_179_SUB_110_U33,sa1,1
308,__tpi_cp_179_SUB_110_U33 /1 undetected,output,,__tpi_cp_179_SUB_110_U33,__tpi_cp_179_SUB_110_U33,1,undetected,__tpi_cp_179_SUB_110_U33,__tpi_cp_179_SUB_110_U33,__tpi_cp_179_SUB_110_U33,sa1,1
309,SUB_110_U33 /1 undetected,output,,SUB_110_U33,SUB_110_U33,1,undetected,SUB_110_U33,SUB_110_U33,SUB_110_U33,sa1,1
310,test_en->__tpi_cp_36___aig_and_710 /0 undetected,input_edge,test_en,__tpi_cp_36___aig_and_710,__tpi_cp_36___aig_and_710,0,undetected,__tpi_cp_36___aig_and_710,__tpi_cp_36___aig_and_710,__tpi_cp_36___aig_and_710,sa0,1
311,__buf_split_818->__aig_and_710 /1 undetected,input_edge,__buf_split_818,__aig_and_710,__aig_and_710,1,undetected,__aig_and_710,__aig_and_710,__aig_and_710,sa1,1
312,__aig_and_710 /0 undetected,output,,__aig_and_710,__aig_and_710,0,undetected,__aig_and_710,__aig_and_710,__aig_and_710,sa0,1
313,__buf_split_819 /1 undetected,output,,__buf_split_819,__buf_split_819,1,undetected,__buf_split_819,__buf_split_819,__buf_split_819,sa1,1
314,__tpi_not_test_en->__tpi_cp_15_SUB_110_U34 /1 undetected,input_edge,__tpi_not_test_en,__tpi_cp_15_SUB_110_U34,__tpi_cp_15_SUB_110_U34,1,undetected,__tpi_cp_15_SUB_110_U34,__tpi_cp_15_SUB_110_U34,__tpi_cp_15_SUB_110_U34,sa1,1
315,__tpi_cp_15_SUB_110_U34 /1 undetected,output,,__tpi_cp_15_SUB_110_U34,__tpi_cp_15_SUB_110_U34,1,undetected,__tpi_cp_15_SUB_110_U34,__tpi_cp_15_SUB_110_U34,__tpi_cp_15_SUB_110_U34,sa1,1
316,SUB_110_U34 /1 undetected,output,,SUB_110_U34,SUB_110_U34,1,undetected,SUB_110_U34,SUB_110_U34,SUB_110_U34,sa1,1
317,test_en->__tpi_cp_82___aig_and_711 /0 undetected,input_edge,test_en,__tpi_cp_82___aig_and_711,__tpi_cp_82___aig_and_711,0,undetected,__tpi_cp_82___aig_and_711,__tpi_cp_82___aig_and_711,__tpi_cp_82___aig_and_711,sa0,1
318,__buf_split_820->__aig_and_711 /1 undetected,input_edge,__buf_split_820,__aig_and_711,__aig_and_711,1,undetected,__aig_and_711,__aig_and_711,__aig_and_711,sa1,1
319,__aig_and_711 /0 undetected,output,,__aig_and_711,__aig_and_711,0,undetected,__aig_and_711,__aig_and_711,__aig_and_711,sa0,1
320,SUB_110_U21 /1 undetected,output,,SUB_110_U21,SUB_110_U21,1,undetected,SUB_110_U21,SUB_110_U21,SUB_110_U21,sa1,1
321,__tpi_not_test_en->__tpi_cp_32___aig_and_83 /1 undetected,input_edge,__tpi_not_test_en,__tpi_cp_32___aig_and_83,__tpi_cp_32___aig_and_83,1,undetected,__tpi_cp_32___aig_and_83,__tpi_cp_32___aig_and_83,__tpi_cp_32___aig_and_83,sa1,1
322,__tpi_not_test_en->__tpi_cp_217_U875 /1 undetected,input_edge,__tpi_not_test_en,__tpi_cp_217_U875,__tpi_cp_217_U875,1,undetected,__tpi_cp_217_U875,__tpi_cp_217_U875,__tpi_cp_217_U875,sa1,1
323,__tpi_cp_217_U875 /1 undetected,output,,__tpi_cp_217_U875,__tpi_cp_217_U875,1,undetected,__tpi_cp_217_U875,__tpi_cp_217_U875,__tpi_cp_217_U875,sa1,1
324,U875 /1 undetected,output,,U875,U875,1,undetected,U875,U875,U875,sa1,1
325,test_en->__tpi_cp_208___aig_and_307 /0 undetected,input_edge,test_en,__tpi_cp_208___aig_and_307,__tpi_cp_208___aig_and_307,0,undetected,__tpi_cp_208___aig_and_307,__tpi_cp_208___aig_and_307,__tpi_cp_208___aig_and_307,sa0,1
326,SUB_110_U17->__aig_and_307 /1 undetected,input_edge,SUB_110_U17,__aig_and_307,__aig_and_307,1,undetected,__aig_and_307,__aig_and_307,__aig_and_307,sa1,1
327,__aig_and_307 /0 undetected,output,,__aig_and_307,__aig_and_307,0,undetected,__aig_and_307,__aig_and_307,__aig_and_307,sa0,1
328,test_en->__tpi_cp_67___aig_and_483 /0 undetected,input_edge,test_en,__tpi_cp_67___aig_and_483,__tpi_cp_67___aig_and_483,0,undetected,__tpi_cp_67___aig_and_483,__tpi_cp_67___aig_and_483,__tpi_cp_67___aig_and_483,sa0,1
329,__buf_split_629 /1 undetected,output,,__buf_split_629,__buf_split_629,1,undetected,__buf_split_629,__buf_split_629,__buf_split_629,sa1,1
330,U1015 /1 undetected,output,,U1015,U1015,1,undetected,U1015,U1015,U1015,sa1,1
331,test_en->__tpi_cp_69___aig_and_484 /0 undetected,input_edge,test_en,__tpi_cp_69___aig_and_484,__tpi_cp_69___aig_and_484,0,undetected,__tpi_cp_69___aig_and_484,__tpi_cp_69___aig_and_484,__tpi_cp_69___aig_and_484,sa0,1
332,SUB_110_U7->__aig_and_484 /1 undetected,input_edge,SUB_110_U7,__aig_and_484,__aig_and_484,1,undetected,__aig_and_484,__aig_and_484,__aig_and_484,sa1,1
333,__aig_and_484 /0 undetected,output,,__aig_and_484,__aig_and_484,0,undetected,__aig_and_484,__aig_and_484,__aig_and_484,sa0,1
334,test_en->__tpi_cp_70___aig_and_479 /0 undetected,input_edge,test_en,__tpi_cp_70___aig_and_479,__tpi_cp_70___aig_and_479,0,undetected,__tpi_cp_70___aig_and_479,__tpi_cp_70___aig_and_479,__tpi_cp_70___aig_and_479,sa0,1
335,__buf_split_623 /1 undetected,output,,__buf_split_623,__buf_split_623,1,undetected,__buf_split_623,__buf_split_623,__buf_split_623,sa1,1
336,__tpi_not_test_en->__tpi_cp_63_U1011 /1 undetected,input_edge,__tpi_not_test_en,__tpi_cp_63_U1011,__tpi_cp_63_U1011,1,undetected,__tpi_cp_63_U1011,__tpi_cp_63_U1011,__tpi_cp_63_U1011,sa1,1
337,__tpi_cp_63_U1011 /1 undetected,output,,__tpi_cp_63_U1011,__tpi_cp_63_U1011,1,undetected,__tpi_cp_63_U1011,__tpi_cp_63_U1011,__tpi_cp_63_U1011,sa1,1
338,U1011 /1 undetected,output,,U1011,U1011,1,undetected,U1011,U1011,U1011,sa1,1
339,SUB_110_U6 /1 undetected,output,,SUB_110_U6,SUB_110_U6,1,undetected,SUB_110_U6,SUB_110_U6,SUB_110_U6,sa1,1
340,test_en->__tpi_cp_91___aig_and_691 /0 undetected,input_edge,test_en,__tpi_cp_91___aig_and_691,__tpi_cp_91___aig_and_691,0,undetected,__tpi_cp_91___aig_and_691,__tpi_cp_91___aig_and_691,__tpi_cp_91___aig_and_691,sa0,1
341,__buf_split_786->__aig_and_691 /1 undetected,input_edge,__buf_split_786,__aig_and_691,__aig_and_691,1,undetected,__aig_and_691,__aig_and_691,__aig_and_691,sa1,1
342,SUB_110_U26->__aig_and_691 /1 undetected,input_edge,SUB_110_U26,__aig_and_691,__aig_and_691,1,undetected,__aig_and_691,__aig_and_691,__aig_and_691,sa1,1
343,__aig_and_691 /0 undetected,output,,__aig_and_691,__aig_and_691,0,undetected,__aig_and_691,__aig_and_691,__aig_and_691,sa0,1
344,test_en->__tpi_cp_68___aig_and_475 /0 undetected,input_edge,test_en,__tpi_cp_68___aig_and_475,__tpi_cp_68___aig_and_475,0,undetected,__tpi_cp_68___aig_and_475,__tpi_cp_68___aig_and_475,__tpi_cp_68___aig_and_475,sa0,1
345,__buf_split_617 /1 undetected,output,,__buf_split_617,__buf_split_617,1,undetected,__buf_split_617,__buf_split_617,__buf_split_617,sa1,1
346,__tpi_not_test_en->__tpi_cp_59_U1007 /1 undetected,input_edge,__tpi_not_test_en,__tpi_cp_59_U1007,__tpi_cp_59_U1007,1,undetected,__tpi_cp_59_U1007,__tpi_cp_59_U1007,__tpi_cp_59_U1007,sa1,1
347,__tpi_cp_59_U1007 /1 undetected,output,,__tpi_cp_59_U1007,__tpi_cp_59_U1007,1,undetected,__tpi_cp_59_U1007,__tpi_cp_59_U1007,__tpi_cp_59_U1007,sa1,1
348,U1007 /1 undetected,output,,U1007,U1007,1,undetected,U1007,U1007,U1007,sa1,1
349,SUB_110_U8 /1 undetected,output,,SUB_110_U8,SUB_110_U8,1,undetected,SUB_110_U8,SUB_110_U8,SUB_110_U8,sa1,1
350,test_en->__tpi_cp_90___aig_and_692 /0 undetected,input_edge,test_en,__tpi_cp_90___aig_and_692,__tpi_cp_90___aig_and_692,0,undetected,__tpi_cp_90___aig_and_692,__tpi_cp_90___aig_and_692,__tpi_cp_90___aig_and_692,sa0,1
351,SUB_110_U25->__aig_and_692 /1 undetected,input_edge,SUB_110_U25,__aig_and_692,__aig_and_692,1,undetected,__aig_and_692,__aig_and_692,__aig_and_692,sa1,1
352,__aig_and_692 /0 undetected,output,,__aig_and_692,__aig_and_692,0,undetected,__aig_and_692,__aig_and_692,__aig_and_692,sa0,1
353,__buf_split_788 /1 undetected,output,,__buf_split_788,__buf_split_788,1,undetected,__buf_split_788,__buf_split_788,__buf_split_788,sa1,1
354,test_en->__tpi_cp_71___aig_and_222 /0 undetected,input_edge,test_en,__tpi_cp_71___aig_and_222,__tpi_cp_71___aig_and_222,0,undetected,__tpi_cp_71___aig_and_222,__tpi_cp_71___aig_and_222,__tpi_cp_71___aig_and_222,sa0,1
355,__buf_split_265 /1 undetected,output,,__buf_split_265,__buf_split_265,1,undetected,__buf_split_265,__buf_split_265,__buf_split_265,sa1,1
356,U1019->__aig_and_184 /1 undetected,input_edge,U1019,__aig_and_184,__aig_and_184,1,undetected,__aig_and_184,__aig_and_184,__aig_and_184,sa1,1
357,__buf_split_635->__aig_and_487 /1 undetected,input_edge,__buf_split_635,__aig_and_487,__aig_and_487,1,undetected,__aig_and_487,__aig_and_487,__aig_and_487,sa1,1
358,__buf_split_635 /1 undetected,output,,__buf_split_635,__buf_split_635,1,undetected,__buf_split_635,__buf_split_635,__buf_split_635,sa1,1
359,test_en->__tpi_cp_139_U707 /0 undetected,input_edge,test_en,__tpi_cp_139_U707,__tpi_cp_139_U707,0,undetected,__tpi_cp_139_U707,__tpi_cp_139_U707,__tpi_cp_139_U707,sa0,1
360,__tpi_cp_139_U707 /1 undetected,output,,__tpi_cp_139_U707,__tpi_cp_139_U707,1,undetected,__tpi_cp_139_U707,__tpi_cp_139_U707,__tpi_cp_139_U707,sa1,1
361,__aig_and_697 /0 undetected,output,,__aig_and_697,__aig_and_697,0,undetected,__aig_and_697,__aig_and_697,__aig_and_697,sa0,1
362,SUB_110_U24->__aig_and_705 /1 undetected,input_edge,SUB_110_U24,__aig_and_705,__aig_and_705,1,undetected,__aig_and_705,__aig_and_705,__aig_and_705,sa1,1
363,__buf_split_810->__aig_and_705 /1 undetected,input_edge,__buf_split_810,__aig_and_705,__aig_and_705,1,undetected,__aig_and_705,__aig_and_705,__aig_and_705,sa1,1
364,U707 /1 undetected,output,,U707,U707,1,undetected,U707,U707,U707,sa1,1
365,__tpi_not_test_en->__tpi_cp_42_SUB_110_U30 /1 undetected,input_edge,__tpi_not_test_en,__tpi_cp_42_SUB_110_U30,__tpi_cp_42_SUB_110_U30,1,undetected,__tpi_cp_42_SUB_110_U30,__tpi_cp_42_SUB_110_U30,__tpi_cp_42_SUB_110_U30,sa1,1
366,SUB_110_U30 /1 undetected,output,,SUB_110_U30,SUB_110_U30,1,undetected,SUB_110_U30,SUB_110_U30,SUB_110_U30,sa1,1
367,test_en->__tpi_cp_100___aig_and_707 /0 undetected,input_edge,test_en,__tpi_cp_100___aig_and_707,__tpi_cp_100___aig_and_707,0,undetected,__tpi_cp_100___aig_and_707,__tpi_cp_100___aig_and_707,__tpi_cp_100___aig_and_707,sa0,1
368,__aig_and_707 /0 undetected,output,,__aig_and_707,__aig_and_707,0,undetected,__aig_and_707,__aig_and_707,__aig_and_707,sa0,1
369,GT_108_U6->__tpi_cp_162_GT_108_U6 /0 undetected,input_edge,GT_108_U6,__tpi_cp_162_GT_108_U6,__tpi_cp_162_GT_108_U6,0,undetected,__tpi_cp_162_GT_108_U6,__tpi_cp_162_GT_108_U6,__tpi_cp_162_GT_108_U6,sa0,1
370,test_en->__tpi_cp_162_GT_108_U6 /0 undetected,input_edge,test_en,__tpi_cp_162_GT_108_U6,__tpi_cp_162_GT_108_U6,0,undetected,__tpi_cp_162_GT_108_U6,__tpi_cp_162_GT_108_U6,__tpi_cp_162_GT_108_U6,sa0,1
371,__buf_split_808->__aig_and_704 /1 undetected,input_edge,__buf_split_808,__aig_and_704,__aig_and_704,1,undetected,__aig_and_704,__aig_and_704,__aig_and_704,sa1,1
372,__buf_split_809->__aig_and_704 /1 undetected,input_edge,__buf_split_809,__aig_and_704,__aig_and_704,1,undetected,__aig_and_704,__aig_and_704,__aig_and_704,sa1,1
373,__tpi_not_test_en->__tpi_cp_152___aig_not_1213 /1 undetected,input_edge,__tpi_not_test_en,__tpi_cp_152___aig_not_1213,__tpi_cp_152___aig_not_1213,1,undetected,__tpi_cp_152___aig_not_1213,__tpi_cp_152___aig_not_1213,__tpi_cp_152___aig_not_1213,sa1,1
374,__aig_not_1213 /1 undetected,output,,__aig_not_1213,__aig_not_1213,1,undetected,__aig_not_1213,__aig_not_1213,__aig_not_1213,sa1,1
375,test_en->__tpi_cp_2___aig_and_1212 /0 undetected,input_edge,test_en,__tpi_cp_2___aig_and_1212,__tpi_cp_2___aig_and_1212,0,undetected,__tpi_cp_2___aig_and_1212,__tpi_cp_2___aig_and_1212,__tpi_cp_2___aig_and_1212,sa0,1
376,__aig_and_1212 /0 undetected,output,,__aig_and_1212,__aig_and_1212,0,undetected,__aig_and_1212,__aig_and_1212,__aig_and_1212,sa0,1
377,__tpi_not_test_en->__tpi_cp_86___aig_not_1211 /1 undetected,input_edge,__tpi_not_test_en,__tpi_cp_86___aig_not_1211,__tpi_cp_86___aig_not_1211,1,undetected,__tpi_cp_86___aig_not_1211,__tpi_cp_86___aig_not_1211,__tpi_cp_86___aig_not_1211,sa1,1
378,__aig_not_1216->__aig_and_1217 /1 undetected,input_edge,__aig_not_1216,__aig_and_1217,__aig_and_1217,1,undetected,__aig_and_1217,__aig_and_1217,__aig_and_1217,sa1,1
379,__tpi_not_test_en->__tpi_cp_34___aig_not_1215 /1 undetected,input_edge,__tpi_not_test_en,__tpi_cp_34___aig_not_1215,__tpi_cp_34___aig_not_1215,1,undetected,__tpi_cp_34___aig_not_1215,__tpi_cp_34___aig_not_1215,__tpi_cp_34___aig_not_1215,sa1,1
380,__tpi_cp_34___aig_not_1215 /1 undetected,output,,__tpi_cp_34___aig_not_1215,__tpi_cp_34___aig_not_1215,1,undetected,__tpi_cp_34___aig_not_1215,__tpi_cp_34___aig_not_1215,__tpi_cp_34___aig_not_1215,sa1,1
381,__aig_not_1215 /1 undetected,output,,__aig_not_1215,__aig_not_1215,1,undetected,__aig_not_1215,__aig_not_1215,__aig_not_1215,sa1,1
382,test_en->__tpi_cp_104_GT_108_U7 /0 undetected,input_edge,test_en,__tpi_cp_104_GT_108_U7,__tpi_cp_104_GT_108_U7,0,undetected,__tpi_cp_104_GT_108_U7,__tpi_cp_104_GT_108_U7,__tpi_cp_104_GT_108_U7,sa0,1
383,__buf_split_1270->GT_108_U7 /1 undetected,input_edge,__buf_split_1270,GT_108_U7,GT_108_U7,1,undetected,GT_108_U7,GT_108_U7,GT_108_U7,sa1,1
384,__aig_and_1214->GT_108_U7 /1 undetected,input_edge,__aig_and_1214,GT_108_U7,GT_108_U7,1,undetected,GT_108_U7,GT_108_U7,GT_108_U7,sa1,1
385,GT_108_U7 /0 undetected,output,,GT_108_U7,GT_108_U7,0,undetected,GT_108_U7,GT_108_U7,GT_108_U7,sa0,1
386,__buf_split_796->__aig_and_699 /1 undetected,input_edge,__buf_split_796,__aig_and_699,__aig_and_699,1,undetected,__aig_and_699,__aig_and_699,__aig_and_699,sa1,1
387,__tpi_not_test_en->__tpi_cp_114_SUB_110_U16 /1 undetected,input_edge,__tpi_not_test_en,__tpi_cp_114_SUB_110_U16,__tpi_cp_114_SUB_110_U16,1,undetected,__tpi_cp_114_SUB_110_U16,__tpi_cp_114_SUB_110_U16,__tpi_cp_114_SUB_110_U16,sa1,1
388,test_en->__tpi_cp_107___aig_and_700 /0 undetected,input_edge,test_en,__tpi_cp_107___aig_and_700,__tpi_cp_107___aig_and_700,0,undetected,__tpi_cp_107___aig_and_700,__tpi_cp_107___aig_and_700,__tpi_cp_107___aig_and_700,sa0,1
389,__buf_split_797->__aig_and_700 /1 undetected,input_edge,__buf_split_797,__aig_and_700,__aig_and_700,1,undetected,__aig_and_700,__aig_and_700,__aig_and_700,sa1,1
390,SUB_110_U32->__aig_and_698 /1 undetected,input_edge,SUB_110_U32,__aig_and_698,__aig_and_698,1,undetected,__aig_and_698,__aig_and_698,__aig_and_698,sa1,1
391,__tpi_not_test_en->__tpi_cp_45_SUB_110_U31 /1 undetected,input_edge,__tpi_not_test_en,__tpi_cp_45_SUB_110_U31,__tpi_cp_45_SUB_110_U31,1,undetected,__tpi_cp_45_SUB_110_U31,__tpi_cp_45_SUB_110_U31,__tpi_cp_45_SUB_110_U31,sa1,1
392,test_en->__tpi_cp_115___aig_and_708 /0 undetected,input_edge,test_en,__tpi_cp_115___aig_and_708,__tpi_cp_115___aig_and_708,0,undetected,__tpi_cp_115___aig_and_708,__tpi_cp_115___aig_and_708,__tpi_cp_115___aig_and_708,sa0,1
393,SUB_110_U32 /1 undetected,output,,SUB_110_U32,SUB_110_U32,1,undetected,SUB_110_U32,SUB_110_U32,SUB_110_U32,sa1,1
394,__aig_and_709 /0 undetected,output,,__aig_and_709,__aig_and_709,0,undetected,__aig_and_709,__aig_and_709,__aig_and_709,sa0,1
395,__tpi_not_test_en->__tpi_cp_73_SUB_110_U18 /1 undetected,input_edge,__tpi_not_test_en,__tpi_cp_73_SUB_110_U18,__tpi_cp_73_SUB_110_U18,1,undetected,__tpi_cp_73_SUB_110_U18,__tpi_cp_73_SUB_110_U18,__tpi_cp_73_SUB_110_U18,sa1,1
396,__tpi_not_test_en->__tpi_cp_109_SUB_110_U9 /1 undetected,input_edge,__tpi_not_test_en,__tpi_cp_109_SUB_110_U9,__tpi_cp_109_SUB_110_U9,1,undetected,__tpi_cp_109_SUB_110_U9,__tpi_cp_109_SUB_110_U9,__tpi_cp_109_SUB_110_U9,sa1,1
397,test_en->__tpi_cp_199___aig_and_695 /0 undetected,input_edge,test_en,__tpi_cp_199___aig_and_695,__tpi_cp_199___aig_and_695,0,undetected,__tpi_cp_199___aig_and_695,__tpi_cp_199___aig_and_695,__tpi_cp_199___aig_and_695,sa0,1
398,__tpi_not_test_en->__tpi_cp_88___aig_and_177 /1 undetected,input_edge,__tpi_not_test_en,__tpi_cp_88___aig_and_177,__tpi_cp_88___aig_and_177,1,undetected,__tpi_cp_88___aig_and_177,__tpi_cp_88___aig_and_177,__tpi_cp_88___aig_and_177,sa1,1
399,test_en->__tpi_cp_105___aig_and_474 /0 undetected,input_edge,test_en,__tpi_cp_105___aig_and_474,__tpi_cp_105___aig_and_474,0,undetected,__tpi_cp_105___aig_and_474,__tpi_cp_105___aig_and_474,__tpi_cp_105___aig_and_474,sa0,1
400,__tpi_not_test_en->__tpi_cp_22_SUB_103_U8 /1 undetected,input_edge,__tpi_not_test_en,__tpi_cp_22_SUB_103_U8,__tpi_cp_22_SUB_103_U8,1,undetected,__tpi_cp_22_SUB_103_U8,__tpi_cp_22_SUB_103_U8,__tpi_cp_22_SUB_103_U8,sa1,1
401,test_en->__tpi_cp_101___aig_and_624 /0 undetected,input_edge,test_en,__tpi_cp_101___aig_and_624,__tpi_cp_101___aig_and_624,0,undetected,__tpi_cp_101___aig_and_624,__tpi_cp_101___aig_and_624,__tpi_cp_101___aig_and_624,sa0,1
402,__tpi_not_test_en->__tpi_cp_96___aig_and_179 /1 undetected,input_edge,__tpi_not_test_en,__tpi_cp_96___aig_and_179,__tpi_cp_96___aig_and_179,1,undetected,__tpi_cp_96___aig_and_179,__tpi_cp_96___aig_and_179,__tpi_cp_96___aig_and_179,sa1,1
403,test_en->__tpi_cp_102___aig_and_478 /0 undetected,input_edge,test_en,__tpi_cp_102___aig_and_478,__tpi_cp_102___aig_and_478,0,undetected,__tpi_cp_102___aig_and_478,__tpi_cp_102___aig_and_478,__tpi_cp_102___aig_and_478,sa0,1
404,__tpi_not_test_en->__tpi_cp_111___aig_and_181 /1 undetected,input_edge,__tpi_not_test_en,__tpi_cp_111___aig_and_181,__tpi_cp_111___aig_and_181,1,undetected,__tpi_cp_111___aig_and_181,__tpi_cp_111___aig_and_181,__tpi_cp_111___aig_and_181,sa1,1
405,__tpi_not_test_en->__tpi_cp_120_SUB_103_U10 /1 undetected,input_edge,__tpi_not_test_en,__tpi_cp_120_SUB_103_U10,__tpi_cp_120_SUB_103_U10,1,undetected,__tpi_cp_120_SUB_103_U10,__tpi_cp_120_SUB_103_U10,__tpi_cp_120_SUB_103_U10,sa1,1
406,test_en->__tpi_cp_116___aig_and_630 /0 undetected,input_edge,test_en,__tpi_cp_116___aig_and_630,__tpi_cp_116___aig_and_630,0,undetected,__tpi_cp_116___aig_and_630,__tpi_cp_116___aig_and_630,__tpi_cp_116___aig_and_630,sa0,1
407,test_en->__tpi_cp_141_U708 /0 undetected,input_edge,test_en,__tpi_cp_141_U708,__tpi_cp_141_U708,0,undetected,__tpi_cp_141_U708,__tpi_cp_141_U708,__tpi_cp_141_U708,sa0,1
