line_no,raw,site_type,src_node,dst_node,node,sa_value,status,original_node,net,tmax_site,fault_type,is_hard
1,N51865 /1 undetected,output,,N51865,N51865,1,undetected,N51865,N51865,N51865,sa1,1
2,N6964 /1 undetected,output,,N6964,N6964,1,undetected,N6964,N6964,N6964,sa1,1
3,N53127 /1 undetected,output,,N53127,N53127,1,undetected,N53127,N53127,N53127,sa1,1
4,N3980 /1 undetected,output,,N3980,N3980,1,undetected,N3980,N3980,N3980,sa1,1
5,N44349 /1 undetected,output,,N44349,N44349,1,undetected,N44349,N44349,N44349,sa1,1
6,N46077 /1 undetected,output,,N46077,N46077,1,undetected,N46077,N46077,N46077,sa1,1
7,N47300 /1 undetected,output,,N47300,N47300,1,undetected,N47300,N47300,N47300,sa1,1
8,N45810 /1 undetected,output,,N45810,N45810,1,undetected,N45810,N45810,N45810,sa1,1
9,N47301 /1 undetected,output,,N47301,N47301,1,undetected,N47301,N47301,N47301,sa1,1
10,N2682 /1 undetected,output,,N2682,N2682,1,undetected,N2682,N2682,N2682,sa1,1
11,N41948 /1 undetected,output,,N41948,N41948,1,undetected,N41948,N41948,N41948,sa1,1
12,N5777 /1 undetected,output,,N5777,N5777,1,undetected,N5777,N5777,N5777,sa1,1
13,N21481 /1 undetected,output,,N21481,N21481,1,undetected,N21481,N21481,N21481,sa1,1
14,N5047 /1 undetected,output,,N5047,N5047,1,undetected,N5047,N5047,N5047,sa1,1
15,N5046 /1 undetected,output,,N5046,N5046,1,undetected,N5046,N5046,N5046,sa1,1
16,N14280 /1 undetected,output,,N14280,N14280,1,undetected,N14280,N14280,N14280,sa1,1
17,N40420 /1 undetected,output,,N40420,N40420,1,undetected,N40420,N40420,N40420,sa1,1
18,N57693 /1 undetected,output,,N57693,N57693,1,undetected,N57693,N57693,N57693,sa1,1
19,N14279 /1 undetected,output,,N14279,N14279,1,undetected,N14279,N14279,N14279,sa1,1
20,N14272 /1 undetected,output,,N14272,N14272,1,undetected,N14272,N14272,N14272,sa1,1
21,N57753 /1 undetected,output,,N57753,N57753,1,undetected,N57753,N57753,N57753,sa1,1
22,N57691 /1 undetected,output,,N57691,N57691,1,undetected,N57691,N57691,N57691,sa1,1
23,N20556 /1 undetected,output,,N20556,N20556,1,undetected,N20556,N20556,N20556,sa1,1
24,N1910 /1 undetected,output,,N1910,N1910,1,undetected,N1910,N1910,N1910,sa1,1
25,N1909 /1 undetected,output,,N1909,N1909,1,undetected,N1909,N1909,N1909,sa1,1
26,N8593 /1 undetected,output,,N8593,N8593,1,undetected,N8593,N8593,N8593,sa1,1
27,N39385 /1 undetected,output,,N39385,N39385,1,undetected,N39385,N39385,N39385,sa1,1
28,N54154 /1 undetected,output,,N54154,N54154,1,undetected,N54154,N54154,N54154,sa1,1
29,N8592 /1 undetected,output,,N8592,N8592,1,undetected,N8592,N8592,N8592,sa1,1
30,N8584 /1 undetected,output,,N8584,N8584,1,undetected,N8584,N8584,N8584,sa1,1
31,N54208 /1 undetected,output,,N54208,N54208,1,undetected,N54208,N54208,N54208,sa1,1
32,N54152 /1 undetected,output,,N54152,N54152,1,undetected,N54152,N54152,N54152,sa1,1
33,__tpi_not_test_en->__tpi_cp_304_N30759 /1 undetected,input_edge,__tpi_not_test_en,__tpi_cp_304_N30759,__tpi_cp_304_N30759,1,undetected,__tpi_cp_304_N30759,__tpi_cp_304_N30759,__tpi_cp_304_N30759,sa1,1
34,__tpi_not_test_en->__tpi_cp_330_N55956 /1 undetected,input_edge,__tpi_not_test_en,__tpi_cp_330_N55956,__tpi_cp_330_N55956,1,undetected,__tpi_cp_330_N55956,__tpi_cp_330_N55956,__tpi_cp_330_N55956,sa1,1
35,__tpi_not_test_en->__tpi_cp_335___buf_split_23127 /1 undetected,input_edge,__tpi_not_test_en,__tpi_cp_335___buf_split_23127,__tpi_cp_335___buf_split_23127,1,undetected,__tpi_cp_335___buf_split_23127,__tpi_cp_335___buf_split_23127,__tpi_cp_335___buf_split_23127,sa1,1
36,__tpi_not_test_en->__tpi_cp_333_N10832 /1 undetected,input_edge,__tpi_not_test_en,__tpi_cp_333_N10832,__tpi_cp_333_N10832,1,undetected,__tpi_cp_333_N10832,__tpi_cp_333_N10832,__tpi_cp_333_N10832,sa1,1
37,test_en->__tpi_cp_262_N55969 /0 undetected,input_edge,test_en,__tpi_cp_262_N55969,__tpi_cp_262_N55969,0,undetected,__tpi_cp_262_N55969,__tpi_cp_262_N55969,__tpi_cp_262_N55969,sa0,1
38,test_en->__tpi_cp_266___buf_split_22993 /0 undetected,input_edge,test_en,__tpi_cp_266___buf_split_22993,__tpi_cp_266___buf_split_22993,0,undetected,__tpi_cp_266___buf_split_22993,__tpi_cp_266___buf_split_22993,__tpi_cp_266___buf_split_22993,sa0,1
39,test_en->__tpi_cp_283_N55741 /0 undetected,input_edge,test_en,__tpi_cp_283_N55741,__tpi_cp_283_N55741,0,undetected,__tpi_cp_283_N55741,__tpi_cp_283_N55741,__tpi_cp_283_N55741,sa0,1
40,test_en->__tpi_cp_299___buf_split_22796 /0 undetected,input_edge,test_en,__tpi_cp_299___buf_split_22796,__tpi_cp_299___buf_split_22796,0,undetected,__tpi_cp_299___buf_split_22796,__tpi_cp_299___buf_split_22796,__tpi_cp_299___buf_split_22796,sa0,1
41,N2900 /1 undetected,output,,N2900,N2900,1,undetected,N2900,N2900,N2900,sa1,1
42,N56765 /1 undetected,output,,N56765,N56765,1,undetected,N56765,N56765,N56765,sa1,1
43,N12612 /1 undetected,output,,N12612,N12612,1,undetected,N12612,N12612,N12612,sa1,1
44,N43876 /1 undetected,output,,N43876,N43876,1,undetected,N43876,N43876,N43876,sa1,1
45,N12462 /1 undetected,output,,N12462,N12462,1,undetected,N12462,N12462,N12462,sa1,1
46,N12610 /1 undetected,output,,N12610,N12610,1,undetected,N12610,N12610,N12610,sa1,1
47,N43878 /1 undetected,output,,N43878,N43878,1,undetected,N43878,N43878,N43878,sa1,1
48,N12499 /1 undetected,output,,N12499,N12499,1,undetected,N12499,N12499,N12499,sa1,1
49,N12608 /1 undetected,output,,N12608,N12608,1,undetected,N12608,N12608,N12608,sa1,1
50,N12602 /1 undetected,output,,N12602,N12602,1,undetected,N12602,N12602,N12602,sa1,1
51,N12599 /1 undetected,output,,N12599,N12599,1,undetected,N12599,N12599,N12599,sa1,1
52,N12598 /1 undetected,output,,N12598,N12598,1,undetected,N12598,N12598,N12598,sa1,1
53,N12597 /1 undetected,output,,N12597,N12597,1,undetected,N12597,N12597,N12597,sa1,1
54,N43889 /1 undetected,output,,N43889,N43889,1,undetected,N43889,N43889,N43889,sa1,1
55,N12466 /1 undetected,output,,N12466,N12466,1,undetected,N12466,N12466,N12466,sa1,1
56,N12596 /1 undetected,output,,N12596,N12596,1,undetected,N12596,N12596,N12596,sa1,1
57,N12595 /1 undetected,output,,N12595,N12595,1,undetected,N12595,N12595,N12595,sa1,1
58,N12594 /1 undetected,output,,N12594,N12594,1,undetected,N12594,N12594,N12594,sa1,1
59,N43891 /1 undetected,output,,N43891,N43891,1,undetected,N43891,N43891,N43891,sa1,1
60,N12491 /1 undetected,output,,N12491,N12491,1,undetected,N12491,N12491,N12491,sa1,1
61,N12593 /1 undetected,output,,N12593,N12593,1,undetected,N12593,N12593,N12593,sa1,1
62,N12587 /1 undetected,output,,N12587,N12587,1,undetected,N12587,N12587,N12587,sa1,1
63,N12584 /1 undetected,output,,N12584,N12584,1,undetected,N12584,N12584,N12584,sa1,1
64,N12581 /1 undetected,output,,N12581,N12581,1,undetected,N12581,N12581,N12581,sa1,1
65,N12578 /1 undetected,output,,N12578,N12578,1,undetected,N12578,N12578,N12578,sa1,1
66,N56793 /1 undetected,output,,N56793,N56793,1,undetected,N56793,N56793,N56793,sa1,1
67,N12577 /1 undetected,output,,N12577,N12577,1,undetected,N12577,N12577,N12577,sa1,1
68,N12576 /1 undetected,output,,N12576,N12576,1,undetected,N12576,N12576,N12576,sa1,1
69,N43910 /1 undetected,output,,N43910,N43910,1,undetected,N43910,N43910,N43910,sa1,1
70,N12475 /1 undetected,output,,N12475,N12475,1,undetected,N12475,N12475,N12475,sa1,1
71,N12575 /1 undetected,output,,N12575,N12575,1,undetected,N12575,N12575,N12575,sa1,1
72,N56791 /1 undetected,output,,N56791,N56791,1,undetected,N56791,N56791,N56791,sa1,1
73,N12574 /1 undetected,output,,N12574,N12574,1,undetected,N12574,N12574,N12574,sa1,1
74,N12573 /1 undetected,output,,N12573,N12573,1,undetected,N12573,N12573,N12573,sa1,1
75,N43912 /1 undetected,output,,N43912,N43912,1,undetected,N43912,N43912,N43912,sa1,1
76,N12478 /1 undetected,output,,N12478,N12478,1,undetected,N12478,N12478,N12478,sa1,1
77,N12572 /1 undetected,output,,N12572,N12572,1,undetected,N12572,N12572,N12572,sa1,1
78,N56797 /1 undetected,output,,N56797,N56797,1,undetected,N56797,N56797,N56797,sa1,1
79,N12571 /1 undetected,output,,N12571,N12571,1,undetected,N12571,N12571,N12571,sa1,1
80,N12570 /1 undetected,output,,N12570,N12570,1,undetected,N12570,N12570,N12570,sa1,1
81,N43914 /1 undetected,output,,N43914,N43914,1,undetected,N43914,N43914,N43914,sa1,1
82,N12477 /1 undetected,output,,N12477,N12477,1,undetected,N12477,N12477,N12477,sa1,1
83,N12569 /1 undetected,output,,N12569,N12569,1,undetected,N12569,N12569,N12569,sa1,1
84,N56795 /1 undetected,output,,N56795,N56795,1,undetected,N56795,N56795,N56795,sa1,1
85,N12519 /1 undetected,output,,N12519,N12519,1,undetected,N12519,N12519,N12519,sa1,1
86,N43916 /1 undetected,output,,N43916,N43916,1,undetected,N43916,N43916,N43916,sa1,1
87,N12479 /1 undetected,output,,N12479,N12479,1,undetected,N12479,N12479,N12479,sa1,1
88,N12520 /1 undetected,output,,N12520,N12520,1,undetected,N12520,N12520,N12520,sa1,1
89,N12568 /1 undetected,output,,N12568,N12568,1,undetected,N12568,N12568,N12568,sa1,1
90,N12518 /1 undetected,output,,N12518,N12518,1,undetected,N12518,N12518,N12518,sa1,1
91,N22599 /1 undetected,output,,N22599,N22599,1,undetected,N22599,N22599,N22599,sa1,1
92,N12567 /1 undetected,output,,N12567,N12567,1,undetected,N12567,N12567,N12567,sa1,1
93,N43851 /1 undetected,output,,N43851,N43851,1,undetected,N43851,N43851,N43851,sa1,1
94,N12480 /1 undetected,output,,N12480,N12480,1,undetected,N12480,N12480,N12480,sa1,1
95,N12566 /1 undetected,output,,N12566,N12566,1,undetected,N12566,N12566,N12566,sa1,1
96,N31878 /1 undetected,output,,N31878,N31878,1,undetected,N31878,N31878,N31878,sa1,1
97,N31877 /1 undetected,output,,N31877,N31877,1,undetected,N31877,N31877,N31877,sa1,1
98,N12565 /1 undetected,output,,N12565,N12565,1,undetected,N12565,N12565,N12565,sa1,1
99,N12564 /1 undetected,output,,N12564,N12564,1,undetected,N12564,N12564,N12564,sa1,1
100,N43919 /1 undetected,output,,N43919,N43919,1,undetected,N43919,N43919,N43919,sa1,1
101,N43917 /1 undetected,output,,N43917,N43917,1,undetected,N43917,N43917,N43917,sa1,1
102,N928 /1 undetected,output,,N928,N928,1,undetected,N928,N928,N928,sa1,1
103,N3459 /1 undetected,output,,N3459,N3459,1,undetected,N3459,N3459,N3459,sa1,1
104,N46176 /1 undetected,output,,N46176,N46176,1,undetected,N46176,N46176,N46176,sa1,1
105,N45903 /1 undetected,output,,N45903,N45903,1,undetected,N45903,N45903,N45903,sa1,1
106,N3458 /1 undetected,output,,N3458,N3458,1,undetected,N3458,N3458,N3458,sa1,1
107,N47399 /1 undetected,output,,N47399,N47399,1,undetected,N47399,N47399,N47399,sa1,1
108,N44547 /1 undetected,output,,N44547,N44547,1,undetected,N44547,N44547,N44547,sa1,1
109,N12517 /1 undetected,output,,N12517,N12517,1,undetected,N12517,N12517,N12517,sa1,1
110,N56792 /1 undetected,output,,N56792,N56792,1,undetected,N56792,N56792,N56792,sa1,1
111,N22598 /1 undetected,output,,N22598,N22598,1,undetected,N22598,N22598,N22598,sa1,1
112,N56794 /1 undetected,output,,N56794,N56794,1,undetected,N56794,N56794,N56794,sa1,1
113,N22597 /1 undetected,output,,N22597,N22597,1,undetected,N22597,N22597,N22597,sa1,1
114,N56798 /1 undetected,output,,N56798,N56798,1,undetected,N56798,N56798,N56798,sa1,1
115,N56796 /1 undetected,output,,N56796,N56796,1,undetected,N56796,N56796,N56796,sa1,1
116,N12521 /1 undetected,output,,N12521,N12521,1,undetected,N12521,N12521,N12521,sa1,1
117,N12580 /1 undetected,output,,N12580,N12580,1,undetected,N12580,N12580,N12580,sa1,1
118,N43906 /1 undetected,output,,N43906,N43906,1,undetected,N43906,N43906,N43906,sa1,1
119,N12473 /1 undetected,output,,N12473,N12473,1,undetected,N12473,N12473,N12473,sa1,1
120,N12579 /1 undetected,output,,N12579,N12579,1,undetected,N12579,N12579,N12579,sa1,1
121,N43908 /1 undetected,output,,N43908,N43908,1,undetected,N43908,N43908,N43908,sa1,1
122,N12476 /1 undetected,output,,N12476,N12476,1,undetected,N12476,N12476,N12476,sa1,1
123,N12523 /1 undetected,output,,N12523,N12523,1,undetected,N12523,N12523,N12523,sa1,1
124,N56768 /1 undetected,output,,N56768,N56768,1,undetected,N56768,N56768,N56768,sa1,1
125,N12522 /1 undetected,output,,N12522,N12522,1,undetected,N12522,N12522,N12522,sa1,1
126,N12557 /1 undetected,output,,N12557,N12557,1,undetected,N12557,N12557,N12557,sa1,1
127,N43839 /1 undetected,output,,N43839,N43839,1,undetected,N43839,N43839,N43839,sa1,1
128,N12472 /1 undetected,output,,N12472,N12472,1,undetected,N12472,N12472,N12472,sa1,1
129,N12556 /1 undetected,output,,N12556,N12556,1,undetected,N12556,N12556,N12556,sa1,1
130,N43841 /1 undetected,output,,N43841,N43841,1,undetected,N43841,N43841,N43841,sa1,1
131,N12485 /1 undetected,output,,N12485,N12485,1,undetected,N12485,N12485,N12485,sa1,1
132,N12524 /1 undetected,output,,N12524,N12524,1,undetected,N12524,N12524,N12524,sa1,1
133,N22600 /1 undetected,output,,N22600,N22600,1,undetected,N22600,N22600,N22600,sa1,1
134,N12583 /1 undetected,output,,N12583,N12583,1,undetected,N12583,N12583,N12583,sa1,1
135,N56769 /1 undetected,output,,N56769,N56769,1,undetected,N56769,N56769,N56769,sa1,1
136,N12516 /1 undetected,output,,N12516,N12516,1,undetected,N12516,N12516,N12516,sa1,1
137,N43904 /1 undetected,output,,N43904,N43904,1,undetected,N43904,N43904,N43904,sa1,1
138,N12474 /1 undetected,output,,N12474,N12474,1,undetected,N12474,N12474,N12474,sa1,1
139,N12582 /1 undetected,output,,N12582,N12582,1,undetected,N12582,N12582,N12582,sa1,1
140,N56790 /1 undetected,output,,N56790,N56790,1,undetected,N56790,N56790,N56790,sa1,1
141,N12515 /1 undetected,output,,N12515,N12515,1,undetected,N12515,N12515,N12515,sa1,1
142,N43902 /1 undetected,output,,N43902,N43902,1,undetected,N43902,N43902,N43902,sa1,1
143,N12471 /1 undetected,output,,N12471,N12471,1,undetected,N12471,N12471,N12471,sa1,1
144,N12526 /1 undetected,output,,N12526,N12526,1,undetected,N12526,N12526,N12526,sa1,1
145,N56770 /1 undetected,output,,N56770,N56770,1,undetected,N56770,N56770,N56770,sa1,1
146,N12525 /1 undetected,output,,N12525,N12525,1,undetected,N12525,N12525,N12525,sa1,1
147,N12586 /1 undetected,output,,N12586,N12586,1,undetected,N12586,N12586,N12586,sa1,1
148,N43898 /1 undetected,output,,N43898,N43898,1,undetected,N43898,N43898,N43898,sa1,1
149,N12488 /1 undetected,output,,N12488,N12488,1,undetected,N12488,N12488,N12488,sa1,1
150,N12585 /1 undetected,output,,N12585,N12585,1,undetected,N12585,N12585,N12585,sa1,1
151,N43900 /1 undetected,output,,N43900,N43900,1,undetected,N43900,N43900,N43900,sa1,1
152,N12469 /1 undetected,output,,N12469,N12469,1,undetected,N12469,N12469,N12469,sa1,1
153,N12529 /1 undetected,output,,N12529,N12529,1,undetected,N12529,N12529,N12529,sa1,1
154,N22601 /1 undetected,output,,N22601,N22601,1,undetected,N22601,N22601,N22601,sa1,1
155,N12589 /1 undetected,output,,N12589,N12589,1,undetected,N12589,N12589,N12589,sa1,1
156,N43829 /1 undetected,output,,N43829,N43829,1,undetected,N43829,N43829,N43829,sa1,1
157,N12468 /1 undetected,output,,N12468,N12468,1,undetected,N12468,N12468,N12468,sa1,1
158,N12588 /1 undetected,output,,N12588,N12588,1,undetected,N12588,N12588,N12588,sa1,1
159,N56771 /1 undetected,output,,N56771,N56771,1,undetected,N56771,N56771,N56771,sa1,1
160,N12527 /1 undetected,output,,N12527,N12527,1,undetected,N12527,N12527,N12527,sa1,1
161,N43833 /1 undetected,output,,N43833,N43833,1,undetected,N43833,N43833,N43833,sa1,1
162,N12487 /1 undetected,output,,N12487,N12487,1,undetected,N12487,N12487,N12487,sa1,1
163,N12530 /1 undetected,output,,N12530,N12530,1,undetected,N12530,N12530,N12530,sa1,1
164,N12592 /1 undetected,output,,N12592,N12592,1,undetected,N12592,N12592,N12592,sa1,1
165,N43827 /1 undetected,output,,N43827,N43827,1,undetected,N43827,N43827,N43827,sa1,1
166,N12492 /1 undetected,output,,N12492,N12492,1,undetected,N12492,N12492,N12492,sa1,1
167,N12591 /1 undetected,output,,N12591,N12591,1,undetected,N12591,N12591,N12591,sa1,1
168,N12590 /1 undetected,output,,N12590,N12590,1,undetected,N12590,N12590,N12590,sa1,1
169,N56782 /1 undetected,output,,N56782,N56782,1,undetected,N56782,N56782,N56782,sa1,1
170,N43894 /1 undetected,output,,N43894,N43894,1,undetected,N43894,N43894,N43894,sa1,1
171,N12528 /1 undetected,output,,N12528,N12528,1,undetected,N12528,N12528,N12528,sa1,1
172,N43831 /1 undetected,output,,N43831,N43831,1,undetected,N43831,N43831,N43831,sa1,1
173,N12467 /1 undetected,output,,N12467,N12467,1,undetected,N12467,N12467,N12467,sa1,1
174,N12553 /1 undetected,output,,N12553,N12553,1,undetected,N12553,N12553,N12553,sa1,1
175,N43825 /1 undetected,output,,N43825,N43825,1,undetected,N43825,N43825,N43825,sa1,1
176,N12493 /1 undetected,output,,N12493,N12493,1,undetected,N12493,N12493,N12493,sa1,1
177,N12550 /1 undetected,output,,N12550,N12550,1,undetected,N12550,N12550,N12550,sa1,1
178,N43823 /1 undetected,output,,N43823,N43823,1,undetected,N43823,N43823,N43823,sa1,1
179,N12494 /1 undetected,output,,N12494,N12494,1,undetected,N12494,N12494,N12494,sa1,1
180,N12531 /1 undetected,output,,N12531,N12531,1,undetected,N12531,N12531,N12531,sa1,1
181,N56766 /1 undetected,output,,N56766,N56766,1,undetected,N56766,N56766,N56766,sa1,1
182,N12532 /1 undetected,output,,N12532,N12532,1,undetected,N12532,N12532,N12532,sa1,1
183,N12601 /1 undetected,output,,N12601,N12601,1,undetected,N12601,N12601,N12601,sa1,1
184,N43885 /1 undetected,output,,N43885,N43885,1,undetected,N43885,N43885,N43885,sa1,1
185,N12496 /1 undetected,output,,N12496,N12496,1,undetected,N12496,N12496,N12496,sa1,1
186,N12600 /1 undetected,output,,N12600,N12600,1,undetected,N12600,N12600,N12600,sa1,1
187,N43887 /1 undetected,output,,N43887,N43887,1,undetected,N43887,N43887,N43887,sa1,1
188,N12465 /1 undetected,output,,N12465,N12465,1,undetected,N12465,N12465,N12465,sa1,1
189,N12535 /1 undetected,output,,N12535,N12535,1,undetected,N12535,N12535,N12535,sa1,1
190,N22602 /1 undetected,output,,N22602,N22602,1,undetected,N22602,N22602,N22602,sa1,1
191,N12605 /1 undetected,output,,N12605,N12605,1,undetected,N12605,N12605,N12605,sa1,1
192,N12604 /1 undetected,output,,N12604,N12604,1,undetected,N12604,N12604,N12604,sa1,1
193,N56784 /1 undetected,output,,N56784,N56784,1,undetected,N56784,N56784,N56784,sa1,1
194,N43881 /1 undetected,output,,N43881,N43881,1,undetected,N43881,N43881,N43881,sa1,1
195,N12534 /1 undetected,output,,N12534,N12534,1,undetected,N12534,N12534,N12534,sa1,1
196,N43819 /1 undetected,output,,N43819,N43819,1,undetected,N43819,N43819,N43819,sa1,1
197,N12463 /1 undetected,output,,N12463,N12463,1,undetected,N12463,N12463,N12463,sa1,1
198,N12603 /1 undetected,output,,N12603,N12603,1,undetected,N12603,N12603,N12603,sa1,1
199,N56767 /1 undetected,output,,N56767,N56767,1,undetected,N56767,N56767,N56767,sa1,1
200,N12533 /1 undetected,output,,N12533,N12533,1,undetected,N12533,N12533,N12533,sa1,1
201,N43821 /1 undetected,output,,N43821,N43821,1,undetected,N43821,N43821,N43821,sa1,1
202,N12495 /1 undetected,output,,N12495,N12495,1,undetected,N12495,N12495,N12495,sa1,1
203,N12536 /1 undetected,output,,N12536,N12536,1,undetected,N12536,N12536,N12536,sa1,1
204,N12607 /1 undetected,output,,N12607,N12607,1,undetected,N12607,N12607,N12607,sa1,1
205,N43815 /1 undetected,output,,N43815,N43815,1,undetected,N43815,N43815,N43815,sa1,1
206,N12500 /1 undetected,output,,N12500,N12500,1,undetected,N12500,N12500,N12500,sa1,1
207,N12606 /1 undetected,output,,N12606,N12606,1,undetected,N12606,N12606,N12606,sa1,1
208,N43817 /1 undetected,output,,N43817,N43817,1,undetected,N43817,N43817,N43817,sa1,1
209,N12464 /1 undetected,output,,N12464,N12464,1,undetected,N12464,N12464,N12464,sa1,1
210,N43813 /1 undetected,output,,N43813,N43813,1,undetected,N43813,N43813,N43813,sa1,1
211,N12615 /1 undetected,output,,N12615,N12615,1,undetected,N12615,N12615,N12615,sa1,1
212,N12461 /1 undetected,output,,N12461,N12461,1,undetected,N12461,N12461,N12461,sa1,1
213,N12623 /1 undetected,output,,N12623,N12623,1,undetected,N12623,N12623,N12623,sa1,1
214,N56809 /1 undetected,output,,N56809,N56809,1,undetected,N56809,N56809,N56809,sa1,1
215,N12634 /1 undetected,output,,N12634,N12634,1,undetected,N12634,N12634,N12634,sa1,1
216,N12641 /1 undetected,output,,N12641,N12641,1,undetected,N12641,N12641,N12641,sa1,1
217,N43854 /1 undetected,output,,N43854,N43854,1,undetected,N43854,N43854,N43854,sa1,1
218,N56780 /1 undetected,output,,N56780,N56780,1,undetected,N56780,N56780,N56780,sa1,1
219,N43922 /1 undetected,output,,N43922,N43922,1,undetected,N43922,N43922,N43922,sa1,1
220,__tpi_not_test_en->__tpi_cp_293_N11012 /1 undetected,input_edge,__tpi_not_test_en,__tpi_cp_293_N11012,__tpi_cp_293_N11012,1,undetected,__tpi_cp_293_N11012,__tpi_cp_293_N11012,__tpi_cp_293_N11012,sa1,1
221,test_en->__tpi_cp_263_N11060 /0 undetected,input_edge,test_en,__tpi_cp_263_N11060,__tpi_cp_263_N11060,0,undetected,__tpi_cp_263_N11060,__tpi_cp_263_N11060,__tpi_cp_263_N11060,sa0,1
222,test_en->__tpi_cp_133_N22519 /0 undetected,input_edge,test_en,__tpi_cp_133_N22519,__tpi_cp_133_N22519,0,undetected,__tpi_cp_133_N22519,__tpi_cp_133_N22519,__tpi_cp_133_N22519,sa0,1
223,test_en->__tpi_cp_134_N30904 /0 undetected,input_edge,test_en,__tpi_cp_134_N30904,__tpi_cp_134_N30904,0,undetected,__tpi_cp_134_N30904,__tpi_cp_134_N30904,__tpi_cp_134_N30904,sa0,1
224,test_en->__tpi_cp_290_N55950 /0 undetected,input_edge,test_en,__tpi_cp_290_N55950,__tpi_cp_290_N55950,0,undetected,__tpi_cp_290_N55950,__tpi_cp_290_N55950,__tpi_cp_290_N55950,sa0,1
225,test_en->__tpi_cp_295___buf_split_22732 /0 undetected,input_edge,test_en,__tpi_cp_295___buf_split_22732,__tpi_cp_295___buf_split_22732,0,undetected,__tpi_cp_295___buf_split_22732,__tpi_cp_295___buf_split_22732,__tpi_cp_295___buf_split_22732,sa0,1
226,N10228 /1 undetected,output,,N10228,N10228,1,undetected,N10228,N10228,N10228,sa1,1
227,N45749 /1 undetected,output,,N45749,N45749,1,undetected,N45749,N45749,N45749,sa1,1
228,N10107 /1 undetected,output,,N10107,N10107,1,undetected,N10107,N10107,N10107,sa1,1
229,N10227 /1 undetected,output,,N10227,N10227,1,undetected,N10227,N10227,N10227,sa1,1
230,N10221 /1 undetected,output,,N10221,N10221,1,undetected,N10221,N10221,N10221,sa1,1
231,N10218 /1 undetected,output,,N10218,N10218,1,undetected,N10218,N10218,N10218,sa1,1
232,N10217 /1 undetected,output,,N10217,N10217,1,undetected,N10217,N10217,N10217,sa1,1
233,N10216 /1 undetected,output,,N10216,N10216,1,undetected,N10216,N10216,N10216,sa1,1
234,N45449 /1 undetected,output,,N45449,N45449,1,undetected,N45449,N45449,N45449,sa1,1
235,N10072 /1 undetected,output,,N10072,N10072,1,undetected,N10072,N10072,N10072,sa1,1
236,N10215 /1 undetected,output,,N10215,N10215,1,undetected,N10215,N10215,N10215,sa1,1
237,N10214 /1 undetected,output,,N10214,N10214,1,undetected,N10214,N10214,N10214,sa1,1
238,N10213 /1 undetected,output,,N10213,N10213,1,undetected,N10213,N10213,N10213,sa1,1
239,N45385 /1 undetected,output,,N45385,N45385,1,undetected,N45385,N45385,N45385,sa1,1
240,N10099 /1 undetected,output,,N10099,N10099,1,undetected,N10099,N10099,N10099,sa1,1
241,N10212 /1 undetected,output,,N10212,N10212,1,undetected,N10212,N10212,N10212,sa1,1
242,N10206 /1 undetected,output,,N10206,N10206,1,undetected,N10206,N10206,N10206,sa1,1
243,N22487 /1 undetected,output,,N22487,N22487,1,undetected,N22487,N22487,N22487,sa1,1
244,N22486 /1 undetected,output,,N22486,N22486,1,undetected,N22486,N22486,N22486,sa1,1
245,N10203 /1 undetected,output,,N10203,N10203,1,undetected,N10203,N10203,N10203,sa1,1
246,N55209 /1 undetected,output,,N55209,N55209,1,undetected,N55209,N55209,N55209,sa1,1
247,N10201 /1 undetected,output,,N10201,N10201,1,undetected,N10201,N10201,N10201,sa1,1
248,N10200 /1 undetected,output,,N10200,N10200,1,undetected,N10200,N10200,N10200,sa1,1
249,N45059 /1 undetected,output,,N45059,N45059,1,undetected,N45059,N45059,N45059,sa1,1
250,N10076 /1 undetected,output,,N10076,N10076,1,undetected,N10076,N10076,N10076,sa1,1
251,N10199 /1 undetected,output,,N10199,N10199,1,undetected,N10199,N10199,N10199,sa1,1
252,N55211 /1 undetected,output,,N55211,N55211,1,undetected,N55211,N55211,N55211,sa1,1
253,N10130 /1 undetected,output,,N10130,N10130,1,undetected,N10130,N10130,N10130,sa1,1
254,N45000 /1 undetected,output,,N45000,N45000,1,undetected,N45000,N45000,N45000,sa1,1
255,N10078 /1 undetected,output,,N10078,N10078,1,undetected,N10078,N10078,N10078,sa1,1
256,N10202 /1 undetected,output,,N10202,N10202,1,undetected,N10202,N10202,N10202,sa1,1
257,N55157 /1 undetected,output,,N55157,N55157,1,undetected,N55157,N55157,N55157,sa1,1
258,N22484 /1 undetected,output,,N22484,N22484,1,undetected,N22484,N22484,N22484,sa1,1
259,N55208 /1 undetected,output,,N55208,N55208,1,undetected,N55208,N55208,N55208,sa1,1
260,N10196 /1 undetected,output,,N10196,N10196,1,undetected,N10196,N10196,N10196,sa1,1
261,N10192 /1 undetected,output,,N10192,N10192,1,undetected,N10192,N10192,N10192,sa1,1
262,N55214 /1 undetected,output,,N55214,N55214,1,undetected,N55214,N55214,N55214,sa1,1
263,N10191 /1 undetected,output,,N10191,N10191,1,undetected,N10191,N10191,N10191,sa1,1
264,N10190 /1 undetected,output,,N10190,N10190,1,undetected,N10190,N10190,N10190,sa1,1
265,N44732 /1 undetected,output,,N44732,N44732,1,undetected,N44732,N44732,N44732,sa1,1
266,N10080 /1 undetected,output,,N10080,N10080,1,undetected,N10080,N10080,N10080,sa1,1
267,N10189 /1 undetected,output,,N10189,N10189,1,undetected,N10189,N10189,N10189,sa1,1
268,N55216 /1 undetected,output,,N55216,N55216,1,undetected,N55216,N55216,N55216,sa1,1
269,N10128 /1 undetected,output,,N10128,N10128,1,undetected,N10128,N10128,N10128,sa1,1
270,N44664 /1 undetected,output,,N44664,N44664,1,undetected,N44664,N44664,N44664,sa1,1
271,N10085 /1 undetected,output,,N10085,N10085,1,undetected,N10085,N10085,N10085,sa1,1
272,N10129 /1 undetected,output,,N10129,N10129,1,undetected,N10129,N10129,N10129,sa1,1
273,N22466 /1 undetected,output,,N22466,N22466,1,undetected,N22466,N22466,N22466,sa1,1
274,N10195 /1 undetected,output,,N10195,N10195,1,undetected,N10195,N10195,N10195,sa1,1
275,N55172 /1 undetected,output,,N55172,N55172,1,undetected,N55172,N55172,N55172,sa1,1
276,N44931 /1 undetected,output,,N44931,N44931,1,undetected,N44931,N44931,N44931,sa1,1
277,N10194 /1 undetected,output,,N10194,N10194,1,undetected,N10194,N10194,N10194,sa1,1
278,N44801 /1 undetected,output,,N44801,N44801,1,undetected,N44801,N44801,N44801,sa1,1
279,N10079 /1 undetected,output,,N10079,N10079,1,undetected,N10079,N10079,N10079,sa1,1
280,N10193 /1 undetected,output,,N10193,N10193,1,undetected,N10193,N10193,N10193,sa1,1
281,N44865 /1 undetected,output,,N44865,N44865,1,undetected,N44865,N44865,N44865,sa1,1
282,N10074 /1 undetected,output,,N10074,N10074,1,undetected,N10074,N10074,N10074,sa1,1
283,N10132 /1 undetected,output,,N10132,N10132,1,undetected,N10132,N10132,N10132,sa1,1
284,N55158 /1 undetected,output,,N55158,N55158,1,undetected,N55158,N55158,N55158,sa1,1
285,N10131 /1 undetected,output,,N10131,N10131,1,undetected,N10131,N10131,N10131,sa1,1
286,N10205 /1 undetected,output,,N10205,N10205,1,undetected,N10205,N10205,N10205,sa1,1
287,N45189 /1 undetected,output,,N45189,N45189,1,undetected,N45189,N45189,N45189,sa1,1
288,N10096 /1 undetected,output,,N10096,N10096,1,undetected,N10096,N10096,N10096,sa1,1
289,N10204 /1 undetected,output,,N10204,N10204,1,undetected,N10204,N10204,N10204,sa1,1
290,N45123 /1 undetected,output,,N45123,N45123,1,undetected,N45123,N45123,N45123,sa1,1
291,N10075 /1 undetected,output,,N10075,N10075,1,undetected,N10075,N10075,N10075,sa1,1
292,N10188 /1 undetected,output,,N10188,N10188,1,undetected,N10188,N10188,N10188,sa1,1
293,N22482 /1 undetected,output,,N22482,N22482,1,undetected,N22482,N22482,N22482,sa1,1
294,N10185 /1 undetected,output,,N10185,N10185,1,undetected,N10185,N10185,N10185,sa1,1
295,N43398 /1 undetected,output,,N43398,N43398,1,undetected,N43398,N43398,N43398,sa1,1
296,N10184 /1 undetected,output,,N10184,N10184,1,undetected,N10184,N10184,N10184,sa1,1
297,N44610 /1 undetected,output,,N44610,N44610,1,undetected,N44610,N44610,N44610,sa1,1
298,N10182 /1 undetected,output,,N10182,N10182,1,undetected,N10182,N10182,N10182,sa1,1
299,N10126 /1 undetected,output,,N10126,N10126,1,undetected,N10126,N10126,N10126,sa1,1
300,N55207 /1 undetected,output,,N55207,N55207,1,undetected,N55207,N55207,N55207,sa1,1
301,N10125 /1 undetected,output,,N10125,N10125,1,undetected,N10125,N10125,N10125,sa1,1
302,N55215 /1 undetected,output,,N55215,N55215,1,undetected,N55215,N55215,N55215,sa1,1
303,N55213 /1 undetected,output,,N55213,N55213,1,undetected,N55213,N55213,N55213,sa1,1
304,N10127 /1 undetected,output,,N10127,N10127,1,undetected,N10127,N10127,N10127,sa1,1
305,N55156 /1 undetected,output,,N55156,N55156,1,undetected,N55156,N55156,N55156,sa1,1
306,N22465 /1 undetected,output,,N22465,N22465,1,undetected,N22465,N22465,N22465,sa1,1
307,N10187 /1 undetected,output,,N10187,N10187,1,undetected,N10187,N10187,N10187,sa1,1
308,N42923 /1 undetected,output,,N42923,N42923,1,undetected,N42923,N42923,N42923,sa1,1
309,N10088 /1 undetected,output,,N10088,N10088,1,undetected,N10088,N10088,N10088,sa1,1
310,N10186 /1 undetected,output,,N10186,N10186,1,undetected,N10186,N10186,N10186,sa1,1
311,N55174 /1 undetected,output,,N55174,N55174,1,undetected,N55174,N55174,N55174,sa1,1
312,N10084 /1 undetected,output,,N10084,N10084,1,undetected,N10084,N10084,N10084,sa1,1
313,N10135 /1 undetected,output,,N10135,N10135,1,undetected,N10135,N10135,N10135,sa1,1
314,N22467 /1 undetected,output,,N22467,N22467,1,undetected,N22467,N22467,N22467,sa1,1
315,N10208 /1 undetected,output,,N10208,N10208,1,undetected,N10208,N10208,N10208,sa1,1
316,N43119 /1 undetected,output,,N43119,N43119,1,undetected,N43119,N43119,N43119,sa1,1
317,N10087 /1 undetected,output,,N10087,N10087,1,undetected,N10087,N10087,N10087,sa1,1
318,N10207 /1 undetected,output,,N10207,N10207,1,undetected,N10207,N10207,N10207,sa1,1
319,N55159 /1 undetected,output,,N55159,N55159,1,undetected,N55159,N55159,N55159,sa1,1
320,N10133 /1 undetected,output,,N10133,N10133,1,undetected,N10133,N10133,N10133,sa1,1
321,N42623 /1 undetected,output,,N42623,N42623,1,undetected,N42623,N42623,N42623,sa1,1
322,N10095 /1 undetected,output,,N10095,N10095,1,undetected,N10095,N10095,N10095,sa1,1
323,N10136 /1 undetected,output,,N10136,N10136,1,undetected,N10136,N10136,N10136,sa1,1
324,N10211 /1 undetected,output,,N10211,N10211,1,undetected,N10211,N10211,N10211,sa1,1
325,N43487 /1 undetected,output,,N43487,N43487,1,undetected,N43487,N43487,N43487,sa1,1
326,N10100 /1 undetected,output,,N10100,N10100,1,undetected,N10100,N10100,N10100,sa1,1
327,N10210 /1 undetected,output,,N10210,N10210,1,undetected,N10210,N10210,N10210,sa1,1
328,N10209 /1 undetected,output,,N10209,N10209,1,undetected,N10209,N10209,N10209,sa1,1
329,N55176 /1 undetected,output,,N55176,N55176,1,undetected,N55176,N55176,N55176,sa1,1
330,N45318 /1 undetected,output,,N45318,N45318,1,undetected,N45318,N45318,N45318,sa1,1
331,N10134 /1 undetected,output,,N10134,N10134,1,undetected,N10134,N10134,N10134,sa1,1
332,N42678 /1 undetected,output,,N42678,N42678,1,undetected,N42678,N42678,N42678,sa1,1
333,N10086 /1 undetected,output,,N10086,N10086,1,undetected,N10086,N10086,N10086,sa1,1
334,N10172 /1 undetected,output,,N10172,N10172,1,undetected,N10172,N10172,N10172,sa1,1
335,N43439 /1 undetected,output,,N43439,N43439,1,undetected,N43439,N43439,N43439,sa1,1
336,N10101 /1 undetected,output,,N10101,N10101,1,undetected,N10101,N10101,N10101,sa1,1
337,N10169 /1 undetected,output,,N10169,N10169,1,undetected,N10169,N10169,N10169,sa1,1
338,N43222 /1 undetected,output,,N43222,N43222,1,undetected,N43222,N43222,N43222,sa1,1
339,N10102 /1 undetected,output,,N10102,N10102,1,undetected,N10102,N10102,N10102,sa1,1
340,N10137 /1 undetected,output,,N10137,N10137,1,undetected,N10137,N10137,N10137,sa1,1
341,N55154 /1 undetected,output,,N55154,N55154,1,undetected,N55154,N55154,N55154,sa1,1
342,N10138 /1 undetected,output,,N10138,N10138,1,undetected,N10138,N10138,N10138,sa1,1
343,N10220 /1 undetected,output,,N10220,N10220,1,undetected,N10220,N10220,N10220,sa1,1
344,N45574 /1 undetected,output,,N45574,N45574,1,undetected,N45574,N45574,N45574,sa1,1
345,N10104 /1 undetected,output,,N10104,N10104,1,undetected,N10104,N10104,N10104,sa1,1
346,N10219 /1 undetected,output,,N10219,N10219,1,undetected,N10219,N10219,N10219,sa1,1
347,N45509 /1 undetected,output,,N45509,N45509,1,undetected,N45509,N45509,N45509,sa1,1
348,N10071 /1 undetected,output,,N10071,N10071,1,undetected,N10071,N10071,N10071,sa1,1
349,N22468 /1 undetected,output,,N22468,N22468,1,undetected,N22468,N22468,N22468,sa1,1
350,N10224 /1 undetected,output,,N10224,N10224,1,undetected,N10224,N10224,N10224,sa1,1
351,N10223 /1 undetected,output,,N10223,N10223,1,undetected,N10223,N10223,N10223,sa1,1
352,N55178 /1 undetected,output,,N55178,N55178,1,undetected,N55178,N55178,N55178,sa1,1
353,N45707 /1 undetected,output,,N45707,N45707,1,undetected,N45707,N45707,N45707,sa1,1
354,N10140 /1 undetected,output,,N10140,N10140,1,undetected,N10140,N10140,N10140,sa1,1
355,N42973 /1 undetected,output,,N42973,N42973,1,undetected,N42973,N42973,N42973,sa1,1
356,N10069 /1 undetected,output,,N10069,N10069,1,undetected,N10069,N10069,N10069,sa1,1
357,N10222 /1 undetected,output,,N10222,N10222,1,undetected,N10222,N10222,N10222,sa1,1
358,N55155 /1 undetected,output,,N55155,N55155,1,undetected,N55155,N55155,N55155,sa1,1
359,N10139 /1 undetected,output,,N10139,N10139,1,undetected,N10139,N10139,N10139,sa1,1
360,N43170 /1 undetected,output,,N43170,N43170,1,undetected,N43170,N43170,N43170,sa1,1
361,N10103 /1 undetected,output,,N10103,N10103,1,undetected,N10103,N10103,N10103,sa1,1
362,N10226 /1 undetected,output,,N10226,N10226,1,undetected,N10226,N10226,N10226,sa1,1
363,N43538 /1 undetected,output,,N43538,N43538,1,undetected,N43538,N43538,N43538,sa1,1
364,N10108 /1 undetected,output,,N10108,N10108,1,undetected,N10108,N10108,N10108,sa1,1
365,N10225 /1 undetected,output,,N10225,N10225,1,undetected,N10225,N10225,N10225,sa1,1
366,N43587 /1 undetected,output,,N43587,N43587,1,undetected,N43587,N43587,N43587,sa1,1
367,N10070 /1 undetected,output,,N10070,N10070,1,undetected,N10070,N10070,N10070,sa1,1
368,N10109 /1 undetected,output,,N10109,N10109,1,undetected,N10109,N10109,N10109,sa1,1
369,N10159 /1 undetected,output,,N10159,N10159,1,undetected,N10159,N10159,N10159,sa1,1
370,N46821 /1 undetected,output,,N46821,N46821,1,undetected,N46821,N46821,N46821,sa1,1
371,N55206 /1 undetected,output,,N55206,N55206,1,undetected,N55206,N55206,N55206,sa1,1
372,N10068 /1 undetected,output,,N10068,N10068,1,undetected,N10068,N10068,N10068,sa1,1
373,test_en->__tpi_cp_165___buf_split_22891 /0 undetected,input_edge,test_en,__tpi_cp_165___buf_split_22891,__tpi_cp_165___buf_split_22891,0,undetected,__tpi_cp_165___buf_split_22891,__tpi_cp_165___buf_split_22891,__tpi_cp_165___buf_split_22891,sa0,1
374,test_en->__tpi_cp_239___buf_split_22890 /0 undetected,input_edge,test_en,__tpi_cp_239___buf_split_22890,__tpi_cp_239___buf_split_22890,0,undetected,__tpi_cp_239___buf_split_22890,__tpi_cp_239___buf_split_22890,__tpi_cp_239___buf_split_22890,sa0,1
375,test_en->__tpi_cp_236_N11062 /0 undetected,input_edge,test_en,__tpi_cp_236_N11062,__tpi_cp_236_N11062,0,undetected,__tpi_cp_236_N11062,__tpi_cp_236_N11062,__tpi_cp_236_N11062,sa0,1
376,test_en->__tpi_cp_207_N30860 /0 undetected,input_edge,test_en,__tpi_cp_207_N30860,__tpi_cp_207_N30860,0,undetected,__tpi_cp_207_N30860,__tpi_cp_207_N30860,__tpi_cp_207_N30860,sa0,1
377,N1761 /1 undetected,output,,N1761,N1761,1,undetected,N1761,N1761,N1761,sa1,1
378,N3915 /1 undetected,output,,N3915,N3915,1,undetected,N3915,N3915,N3915,sa1,1
379,N3914 /1 undetected,output,,N3914,N3914,1,undetected,N3914,N3914,N3914,sa1,1
380,N44248 /1 undetected,output,,N44248,N44248,1,undetected,N44248,N44248,N44248,sa1,1
381,N2526 /1 undetected,output,,N2526,N2526,1,undetected,N2526,N2526,N2526,sa1,1
382,N3913 /1 undetected,output,,N3913,N3913,1,undetected,N3913,N3913,N3913,sa1,1
383,N46901 /1 undetected,output,,N46901,N46901,1,undetected,N46901,N46901,N46901,sa1,1
384,N42376 /1 undetected,output,,N42376,N42376,1,undetected,N42376,N42376,N42376,sa1,1
385,N1670 /1 undetected,output,,N1670,N1670,1,undetected,N1670,N1670,N1670,sa1,1
386,N20905 /1 undetected,output,,N20905,N20905,1,undetected,N20905,N20905,N20905,sa1,1
387,N20904 /1 undetected,output,,N20904,N20904,1,undetected,N20904,N20904,N20904,sa1,1
388,N20903 /1 undetected,output,,N20903,N20903,1,undetected,N20903,N20903,N20903,sa1,1
389,N1667 /1 undetected,output,,N1667,N1667,1,undetected,N1667,N1667,N1667,sa1,1
390,N20896 /1 undetected,output,,N20896,N20896,1,undetected,N20896,N20896,N20896,sa1,1
391,N1666 /1 undetected,output,,N1666,N1666,1,undetected,N1666,N1666,N1666,sa1,1
392,N20895 /1 undetected,output,,N20895,N20895,1,undetected,N20895,N20895,N20895,sa1,1
393,N3957 /1 undetected,output,,N3957,N3957,1,undetected,N3957,N3957,N3957,sa1,1
394,N3956 /1 undetected,output,,N3956,N3956,1,undetected,N3956,N3956,N3956,sa1,1
395,N44718 /1 undetected,output,,N44718,N44718,1,undetected,N44718,N44718,N44718,sa1,1
396,N42710 /1 undetected,output,,N42710,N42710,1,undetected,N42710,N42710,N42710,sa1,1
397,N3955 /1 undetected,output,,N3955,N3955,1,undetected,N3955,N3955,N3955,sa1,1
398,N3550 /1 undetected,output,,N3550,N3550,1,undetected,N3550,N3550,N3550,sa1,1
399,N1994 /1 undetected,output,,N1994,N1994,1,undetected,N1994,N1994,N1994,sa1,1
400,N3954 /1 undetected,output,,N3954,N3954,1,undetected,N3954,N3954,N3954,sa1,1
401,N3953 /1 undetected,output,,N3953,N3953,1,undetected,N3953,N3953,N3953,sa1,1
402,N44652 /1 undetected,output,,N44652,N44652,1,undetected,N44652,N44652,N44652,sa1,1
403,N42910 /1 undetected,output,,N42910,N42910,1,undetected,N42910,N42910,N42910,sa1,1
404,N3952 /1 undetected,output,,N3952,N3952,1,undetected,N3952,N3952,N3952,sa1,1
405,N3543 /1 undetected,output,,N3543,N3543,1,undetected,N3543,N3543,N3543,sa1,1
406,N1970 /1 undetected,output,,N1970,N1970,1,undetected,N1970,N1970,N1970,sa1,1
407,N3960 /1 undetected,output,,N3960,N3960,1,undetected,N3960,N3960,N3960,sa1,1
408,N3959 /1 undetected,output,,N3959,N3959,1,undetected,N3959,N3959,N3959,sa1,1
409,N44852 /1 undetected,output,,N44852,N44852,1,undetected,N44852,N44852,N44852,sa1,1
410,N42855 /1 undetected,output,,N42855,N42855,1,undetected,N42855,N42855,N42855,sa1,1
411,N3958 /1 undetected,output,,N3958,N3958,1,undetected,N3958,N3958,N3958,sa1,1
412,N3564 /1 undetected,output,,N3564,N3564,1,undetected,N3564,N3564,N3564,sa1,1
413,N2032 /1 undetected,output,,N2032,N2032,1,undetected,N2032,N2032,N2032,sa1,1
414,N1665 /1 undetected,output,,N1665,N1665,1,undetected,N1665,N1665,N1665,sa1,1
415,N20894 /1 undetected,output,,N20894,N20894,1,undetected,N20894,N20894,N20894,sa1,1
416,N3948 /1 undetected,output,,N3948,N3948,1,undetected,N3948,N3948,N3948,sa1,1
417,N3947 /1 undetected,output,,N3947,N3947,1,undetected,N3947,N3947,N3947,sa1,1
418,N44988 /1 undetected,output,,N44988,N44988,1,undetected,N44988,N44988,N44988,sa1,1
419,N43008 /1 undetected,output,,N43008,N43008,1,undetected,N43008,N43008,N43008,sa1,1
420,N3946 /1 undetected,output,,N3946,N3946,1,undetected,N3946,N3946,N3946,sa1,1
421,N3578 /1 undetected,output,,N3578,N3578,1,undetected,N3578,N3578,N3578,sa1,1
422,N2070 /1 undetected,output,,N2070,N2070,1,undetected,N2070,N2070,N2070,sa1,1
423,N3945 /1 undetected,output,,N3945,N3945,1,undetected,N3945,N3945,N3945,sa1,1
424,N3944 /1 undetected,output,,N3944,N3944,1,undetected,N3944,N3944,N3944,sa1,1
425,N44915 /1 undetected,output,,N44915,N44915,1,undetected,N44915,N44915,N44915,sa1,1
426,N43055 /1 undetected,output,,N43055,N43055,1,undetected,N43055,N43055,N43055,sa1,1
427,N3943 /1 undetected,output,,N3943,N3943,1,undetected,N3943,N3943,N3943,sa1,1
428,N3571 /1 undetected,output,,N3571,N3571,1,undetected,N3571,N3571,N3571,sa1,1
429,N2051 /1 undetected,output,,N2051,N2051,1,undetected,N2051,N2051,N2051,sa1,1
430,N3951 /1 undetected,output,,N3951,N3951,1,undetected,N3951,N3951,N3951,sa1,1
431,N3950 /1 undetected,output,,N3950,N3950,1,undetected,N3950,N3950,N3950,sa1,1
432,N45304 /1 undetected,output,,N45304,N45304,1,undetected,N45304,N45304,N45304,sa1,1
433,N43106 /1 undetected,output,,N43106,N43106,1,undetected,N43106,N43106,N43106,sa1,1
434,N3949 /1 undetected,output,,N3949,N3949,1,undetected,N3949,N3949,N3949,sa1,1
435,N3613 /1 undetected,output,,N3613,N3613,1,undetected,N3613,N3613,N3613,sa1,1
436,N2165 /1 undetected,output,,N2165,N2165,1,undetected,N2165,N2165,N2165,sa1,1
437,N3942 /1 undetected,output,,N3942,N3942,1,undetected,N3942,N3942,N3942,sa1,1
438,N3941 /1 undetected,output,,N3941,N3941,1,undetected,N3941,N3941,N3941,sa1,1
439,N45559 /1 undetected,output,,N45559,N45559,1,undetected,N45559,N45559,N45559,sa1,1
440,N43157 /1 undetected,output,,N43157,N43157,1,undetected,N43157,N43157,N43157,sa1,1
441,N3940 /1 undetected,output,,N3940,N3940,1,undetected,N3940,N3940,N3940,sa1,1
442,N3641 /1 undetected,output,,N3641,N3641,1,undetected,N3641,N3641,N3641,sa1,1
443,N2241 /1 undetected,output,,N2241,N2241,1,undetected,N2241,N2241,N2241,sa1,1
444,N1663 /1 undetected,output,,N1663,N1663,1,undetected,N1663,N1663,N1663,sa1,1
445,N20892 /1 undetected,output,,N20892,N20892,1,undetected,N20892,N20892,N20892,sa1,1
446,N1664 /1 undetected,output,,N1664,N1664,1,undetected,N1664,N1664,N1664,sa1,1
447,N20893 /1 undetected,output,,N20893,N20893,1,undetected,N20893,N20893,N20893,sa1,1
448,N3936 /1 undetected,output,,N3936,N3936,1,undetected,N3936,N3936,N3936,sa1,1
449,N3935 /1 undetected,output,,N3935,N3935,1,undetected,N3935,N3935,N3935,sa1,1
450,N44600 /1 undetected,output,,N44600,N44600,1,undetected,N44600,N44600,N44600,sa1,1
451,N43389 /1 undetected,output,,N43389,N43389,1,undetected,N43389,N43389,N43389,sa1,1
452,N3934 /1 undetected,output,,N3934,N3934,1,undetected,N3934,N3934,N3934,sa1,1
453,N3536 /1 undetected,output,,N3536,N3536,1,undetected,N3536,N3536,N3536,sa1,1
454,N1951 /1 undetected,output,,N1951,N1951,1,undetected,N1951,N1951,N1951,sa1,1
455,N3933 /1 undetected,output,,N3933,N3933,1,undetected,N3933,N3933,N3933,sa1,1
456,N3932 /1 undetected,output,,N3932,N3932,1,undetected,N3932,N3932,N3932,sa1,1
457,N44549 /1 undetected,output,,N44549,N44549,1,undetected,N44549,N44549,N44549,sa1,1
458,N43354 /1 undetected,output,,N43354,N43354,1,undetected,N43354,N43354,N43354,sa1,1
459,N3931 /1 undetected,output,,N3931,N3931,1,undetected,N3931,N3931,N3931,sa1,1
460,N3515 /1 undetected,output,,N3515,N3515,1,undetected,N3515,N3515,N3515,sa1,1
461,N1975 /1 undetected,output,,N1975,N1975,1,undetected,N1975,N1975,N1975,sa1,1
462,N3930 /1 undetected,output,,N3930,N3930,1,undetected,N3930,N3930,N3930,sa1,1
463,N3929 /1 undetected,output,,N3929,N3929,1,undetected,N3929,N3929,N3929,sa1,1
464,N45437 /1 undetected,output,,N45437,N45437,1,undetected,N45437,N45437,N45437,sa1,1
465,N43427 /1 undetected,output,,N43427,N43427,1,undetected,N43427,N43427,N43427,sa1,1
466,N3928 /1 undetected,output,,N3928,N3928,1,undetected,N3928,N3928,N3928,sa1,1
467,N3627 /1 undetected,output,,N3627,N3627,1,undetected,N3627,N3627,N3627,sa1,1
468,N2203 /1 undetected,output,,N2203,N2203,1,undetected,N2203,N2203,N2203,sa1,1
469,N1662 /1 undetected,output,,N1662,N1662,1,undetected,N1662,N1662,N1662,sa1,1
470,N20891 /1 undetected,output,,N20891,N20891,1,undetected,N20891,N20891,N20891,sa1,1
471,N3924 /1 undetected,output,,N3924,N3924,1,undetected,N3924,N3924,N3924,sa1,1
472,N3923 /1 undetected,output,,N3923,N3923,1,undetected,N3923,N3923,N3923,sa1,1
473,N45109 /1 undetected,output,,N45109,N45109,1,undetected,N45109,N45109,N45109,sa1,1
474,N43619 /1 undetected,output,,N43619,N43619,1,undetected,N43619,N43619,N43619,sa1,1
475,N3922 /1 undetected,output,,N3922,N3922,1,undetected,N3922,N3922,N3922,sa1,1
476,N3592 /1 undetected,output,,N3592,N3592,1,undetected,N3592,N3592,N3592,sa1,1
477,N2108 /1 undetected,output,,N2108,N2108,1,undetected,N2108,N2108,N2108,sa1,1
478,N3921 /1 undetected,output,,N3921,N3921,1,undetected,N3921,N3921,N3921,sa1,1
479,N3920 /1 undetected,output,,N3920,N3920,1,undetected,N3920,N3920,N3920,sa1,1
480,N45047 /1 undetected,output,,N45047,N45047,1,undetected,N45047,N45047,N45047,sa1,1
481,N43670 /1 undetected,output,,N43670,N43670,1,undetected,N43670,N43670,N43670,sa1,1
482,N3919 /1 undetected,output,,N3919,N3919,1,undetected,N3919,N3919,N3919,sa1,1
483,N3585 /1 undetected,output,,N3585,N3585,1,undetected,N3585,N3585,N3585,sa1,1
484,N2089 /1 undetected,output,,N2089,N2089,1,undetected,N2089,N2089,N2089,sa1,1
485,N3927 /1 undetected,output,,N3927,N3927,1,undetected,N3927,N3927,N3927,sa1,1
486,N3926 /1 undetected,output,,N3926,N3926,1,undetected,N3926,N3926,N3926,sa1,1
487,N45371 /1 undetected,output,,N45371,N45371,1,undetected,N45371,N45371,N45371,sa1,1
488,N43474 /1 undetected,output,,N43474,N43474,1,undetected,N43474,N43474,N43474,sa1,1
489,N3925 /1 undetected,output,,N3925,N3925,1,undetected,N3925,N3925,N3925,sa1,1
490,N3620 /1 undetected,output,,N3620,N3620,1,undetected,N3620,N3620,N3620,sa1,1
491,N2184 /1 undetected,output,,N2184,N2184,1,undetected,N2184,N2184,N2184,sa1,1
492,N3939 /1 undetected,output,,N3939,N3939,1,undetected,N3939,N3939,N3939,sa1,1
493,N3938 /1 undetected,output,,N3938,N3938,1,undetected,N3938,N3938,N3938,sa1,1
494,N45497 /1 undetected,output,,N45497,N45497,1,undetected,N45497,N45497,N45497,sa1,1
495,N43208 /1 undetected,output,,N43208,N43208,1,undetected,N43208,N43208,N43208,sa1,1
496,N3937 /1 undetected,output,,N3937,N3937,1,undetected,N3937,N3937,N3937,sa1,1
497,N3634 /1 undetected,output,,N3634,N3634,1,undetected,N3634,N3634,N3634,sa1,1
498,N2222 /1 undetected,output,,N2222,N2222,1,undetected,N2222,N2222,N2222,sa1,1
499,N3918 /1 undetected,output,,N3918,N3918,1,undetected,N3918,N3918,N3918,sa1,1
500,N3917 /1 undetected,output,,N3917,N3917,1,undetected,N3917,N3917,N3917,sa1,1
501,N45631 /1 undetected,output,,N45631,N45631,1,undetected,N45631,N45631,N45631,sa1,1
502,N42961 /1 undetected,output,,N42961,N42961,1,undetected,N42961,N42961,N42961,sa1,1
503,N3916 /1 undetected,output,,N3916,N3916,1,undetected,N3916,N3916,N3916,sa1,1
504,N3648 /1 undetected,output,,N3648,N3648,1,undetected,N3648,N3648,N3648,sa1,1
505,N2260 /1 undetected,output,,N2260,N2260,1,undetected,N2260,N2260,N2260,sa1,1
506,N3963 /1 undetected,output,,N3963,N3963,1,undetected,N3963,N3963,N3963,sa1,1
507,N3962 /1 undetected,output,,N3962,N3962,1,undetected,N3962,N3962,N3962,sa1,1
508,N45696 /1 undetected,output,,N45696,N45696,1,undetected,N45696,N45696,N45696,sa1,1
509,N43576 /1 undetected,output,,N43576,N43576,1,undetected,N43576,N43576,N43576,sa1,1
510,N3961 /1 undetected,output,,N3961,N3961,1,undetected,N3961,N3961,N3961,sa1,1
511,N3655 /1 undetected,output,,N3655,N3655,1,undetected,N3655,N3655,N3655,sa1,1
512,N2279 /1 undetected,output,,N2279,N2279,1,undetected,N2279,N2279,N2279,sa1,1
513,N1669 /1 undetected,output,,N1669,N1669,1,undetected,N1669,N1669,N1669,sa1,1
514,N20902 /1 undetected,output,,N20902,N20902,1,undetected,N20902,N20902,N20902,sa1,1
515,N20901 /1 undetected,output,,N20901,N20901,1,undetected,N20901,N20901,N20901,sa1,1
516,N20900 /1 undetected,output,,N20900,N20900,1,undetected,N20900,N20900,N20900,sa1,1
517,N3975 /1 undetected,output,,N3975,N3975,1,undetected,N3975,N3975,N3975,sa1,1
518,N3974 /1 undetected,output,,N3974,N3974,1,undetected,N3974,N3974,N3974,sa1,1
519,N45176 /1 undetected,output,,N45176,N45176,1,undetected,N45176,N45176,N45176,sa1,1
520,N42608 /1 undetected,output,,N42608,N42608,1,undetected,N42608,N42608,N42608,sa1,1
521,N3973 /1 undetected,output,,N3973,N3973,1,undetected,N3973,N3973,N3973,sa1,1
522,N3599 /1 undetected,output,,N3599,N3599,1,undetected,N3599,N3599,N3599,sa1,1
523,N2127 /1 undetected,output,,N2127,N2127,1,undetected,N2127,N2127,N2127,sa1,1
524,N3972 /1 undetected,output,,N3972,N3972,1,undetected,N3972,N3972,N3972,sa1,1
525,N3971 /1 undetected,output,,N3971,N3971,1,undetected,N3971,N3971,N3971,sa1,1
526,N45238 /1 undetected,output,,N45238,N45238,1,undetected,N45238,N45238,N45238,sa1,1
527,N42667 /1 undetected,output,,N42667,N42667,1,undetected,N42667,N42667,N42667,sa1,1
528,N3970 /1 undetected,output,,N3970,N3970,1,undetected,N3970,N3970,N3970,sa1,1
529,N3606 /1 undetected,output,,N3606,N3606,1,undetected,N3606,N3606,N3606,sa1,1
530,N2146 /1 undetected,output,,N2146,N2146,1,undetected,N2146,N2146,N2146,sa1,1
531,N3969 /1 undetected,output,,N3969,N3969,1,undetected,N3969,N3969,N3969,sa1,1
532,N3968 /1 undetected,output,,N3968,N3968,1,undetected,N3968,N3968,N3968,sa1,1
533,N44788 /1 undetected,output,,N44788,N44788,1,undetected,N44788,N44788,N44788,sa1,1
534,N42502 /1 undetected,output,,N42502,N42502,1,undetected,N42502,N42502,N42502,sa1,1
535,N3967 /1 undetected,output,,N3967,N3967,1,undetected,N3967,N3967,N3967,sa1,1
536,N3557 /1 undetected,output,,N3557,N3557,1,undetected,N3557,N3557,N3557,sa1,1
537,N2013 /1 undetected,output,,N2013,N2013,1,undetected,N2013,N2013,N2013,sa1,1
538,N3966 /1 undetected,output,,N3966,N3966,1,undetected,N3966,N3966,N3966,sa1,1
539,N3965 /1 undetected,output,,N3965,N3965,1,undetected,N3965,N3965,N3965,sa1,1
540,N45736 /1 undetected,output,,N45736,N45736,1,undetected,N45736,N45736,N45736,sa1,1
541,N43525 /1 undetected,output,,N43525,N43525,1,undetected,N43525,N43525,N43525,sa1,1
542,N3964 /1 undetected,output,,N3964,N3964,1,undetected,N3964,N3964,N3964,sa1,1
543,N3660 /1 undetected,output,,N3660,N3660,1,undetected,N3660,N3660,N3660,sa1,1
544,N2298 /1 undetected,output,,N2298,N2298,1,undetected,N2298,N2298,N2298,sa1,1
545,N3978 /1 undetected,output,,N3978,N3978,1,undetected,N3978,N3978,N3978,sa1,1
546,N3977 /1 undetected,output,,N3977,N3977,1,undetected,N3977,N3977,N3977,sa1,1
547,N44208 /1 undetected,output,,N44208,N44208,1,undetected,N44208,N44208,N44208,sa1,1
548,N2317 /1 undetected,output,,N2317,N2317,1,undetected,N2317,N2317,N2317,sa1,1
549,N3976 /1 undetected,output,,N3976,N3976,1,undetected,N3976,N3976,N3976,sa1,1
550,N46858 /1 undetected,output,,N46858,N46858,1,undetected,N46858,N46858,N46858,sa1,1
551,N43314 /1 undetected,output,,N43314,N43314,1,undetected,N43314,N43314,N43314,sa1,1
552,N1671 /1 undetected,output,,N1671,N1671,1,undetected,N1671,N1671,N1671,sa1,1
553,N3912 /1 undetected,output,,N3912,N3912,1,undetected,N3912,N3912,N3912,sa1,1
554,N3911 /1 undetected,output,,N3911,N3911,1,undetected,N3911,N3911,N3911,sa1,1
555,N44246 /1 undetected,output,,N44246,N44246,1,undetected,N44246,N44246,N44246,sa1,1
556,N2506 /1 undetected,output,,N2506,N2506,1,undetected,N2506,N2506,N2506,sa1,1
557,N3910 /1 undetected,output,,N3910,N3910,1,undetected,N3910,N3910,N3910,sa1,1
558,N46912 /1 undetected,output,,N46912,N46912,1,undetected,N46912,N46912,N46912,sa1,1
559,N42484 /1 undetected,output,,N42484,N42484,1,undetected,N42484,N42484,N42484,sa1,1
560,N1668 /1 undetected,output,,N1668,N1668,1,undetected,N1668,N1668,N1668,sa1,1
561,N20899 /1 undetected,output,,N20899,N20899,1,undetected,N20899,N20899,N20899,sa1,1
562,N20898 /1 undetected,output,,N20898,N20898,1,undetected,N20898,N20898,N20898,sa1,1
563,N20897 /1 undetected,output,,N20897,N20897,1,undetected,N20897,N20897,N20897,sa1,1
564,N1673 /1 undetected,output,,N1673,N1673,1,undetected,N1673,N1673,N1673,sa1,1
565,N3909 /1 undetected,output,,N3909,N3909,1,undetected,N3909,N3909,N3909,sa1,1
566,N3908 /1 undetected,output,,N3908,N3908,1,undetected,N3908,N3908,N3908,sa1,1
567,N44232 /1 undetected,output,,N44232,N44232,1,undetected,N44232,N44232,N44232,sa1,1
568,N2431 /1 undetected,output,,N2431,N2431,1,undetected,N2431,N2431,N2431,sa1,1
569,N3907 /1 undetected,output,,N3907,N3907,1,undetected,N3907,N3907,N3907,sa1,1
570,N46570 /1 undetected,output,,N46570,N46570,1,undetected,N46570,N46570,N46570,sa1,1
571,N42393 /1 undetected,output,,N42393,N42393,1,undetected,N42393,N42393,N42393,sa1,1
572,N3906 /1 undetected,output,,N3906,N3906,1,undetected,N3906,N3906,N3906,sa1,1
573,N3905 /1 undetected,output,,N3905,N3905,1,undetected,N3905,N3905,N3905,sa1,1
574,N44228 /1 undetected,output,,N44228,N44228,1,undetected,N44228,N44228,N44228,sa1,1
575,N2412 /1 undetected,output,,N2412,N2412,1,undetected,N2412,N2412,N2412,sa1,1
576,N3904 /1 undetected,output,,N3904,N3904,1,undetected,N3904,N3904,N3904,sa1,1
577,N46616 /1 undetected,output,,N46616,N46616,1,undetected,N46616,N46616,N46616,sa1,1
578,N42440 /1 undetected,output,,N42440,N42440,1,undetected,N42440,N42440,N42440,sa1,1
579,N1672 /1 undetected,output,,N1672,N1672,1,undetected,N1672,N1672,N1672,sa1,1
580,N20907 /1 undetected,output,,N20907,N20907,1,undetected,N20907,N20907,N20907,sa1,1
581,N20906 /1 undetected,output,,N20906,N20906,1,undetected,N20906,N20906,N20906,sa1,1
582,N3903 /1 undetected,output,,N3903,N3903,1,undetected,N3903,N3903,N3903,sa1,1
583,N3902 /1 undetected,output,,N3902,N3902,1,undetected,N3902,N3902,N3902,sa1,1
584,N44216 /1 undetected,output,,N44216,N44216,1,undetected,N44216,N44216,N44216,sa1,1
585,N2355 /1 undetected,output,,N2355,N2355,1,undetected,N2355,N2355,N2355,sa1,1
586,N3901 /1 undetected,output,,N3901,N3901,1,undetected,N3901,N3901,N3901,sa1,1
587,N46762 /1 undetected,output,,N46762,N46762,1,undetected,N46762,N46762,N46762,sa1,1
588,N42553 /1 undetected,output,,N42553,N42553,1,undetected,N42553,N42553,N42553,sa1,1
589,N3900 /1 undetected,output,,N3900,N3900,1,undetected,N3900,N3900,N3900,sa1,1
590,N3899 /1 undetected,output,,N3899,N3899,1,undetected,N3899,N3899,N3899,sa1,1
591,N44212 /1 undetected,output,,N44212,N44212,1,undetected,N44212,N44212,N44212,sa1,1
592,N2336 /1 undetected,output,,N2336,N2336,1,undetected,N2336,N2336,N2336,sa1,1
593,N3898 /1 undetected,output,,N3898,N3898,1,undetected,N3898,N3898,N3898,sa1,1
594,N46808 /1 undetected,output,,N46808,N46808,1,undetected,N46808,N46808,N46808,sa1,1
595,N43263 /1 undetected,output,,N43263,N43263,1,undetected,N43263,N43263,N43263,sa1,1
596,N3897 /1 undetected,output,,N3897,N3897,1,undetected,N3897,N3897,N3897,sa1,1
597,N3896 /1 undetected,output,,N3896,N3896,1,undetected,N3896,N3896,N3896,sa1,1
598,N44220 /1 undetected,output,,N44220,N44220,1,undetected,N44220,N44220,N44220,sa1,1
599,N2374 /1 undetected,output,,N2374,N2374,1,undetected,N2374,N2374,N2374,sa1,1
600,N3895 /1 undetected,output,,N3895,N3895,1,undetected,N3895,N3895,N3895,sa1,1
601,N46708 /1 undetected,output,,N46708,N46708,1,undetected,N46708,N46708,N46708,sa1,1
602,N42808 /1 undetected,output,,N42808,N42808,1,undetected,N42808,N42808,N42808,sa1,1
603,N3894 /1 undetected,output,,N3894,N3894,1,undetected,N3894,N3894,N3894,sa1,1
604,N3893 /1 undetected,output,,N3893,N3893,1,undetected,N3893,N3893,N3893,sa1,1
605,N44224 /1 undetected,output,,N44224,N44224,1,undetected,N44224,N44224,N44224,sa1,1
606,N2393 /1 undetected,output,,N2393,N2393,1,undetected,N2393,N2393,N2393,sa1,1
607,N3892 /1 undetected,output,,N3892,N3892,1,undetected,N3892,N3892,N3892,sa1,1
608,N46666 /1 undetected,output,,N46666,N46666,1,undetected,N46666,N46666,N46666,sa1,1
609,N42765 /1 undetected,output,,N42765,N42765,1,undetected,N42765,N42765,N42765,sa1,1
610,N3891 /1 undetected,output,,N3891,N3891,1,undetected,N3891,N3891,N3891,sa1,1
611,N3890 /1 undetected,output,,N3890,N3890,1,undetected,N3890,N3890,N3890,sa1,1
612,N44236 /1 undetected,output,,N44236,N44236,1,undetected,N44236,N44236,N44236,sa1,1
613,N2450 /1 undetected,output,,N2450,N2450,1,undetected,N2450,N2450,N2450,sa1,1
614,N3889 /1 undetected,output,,N3889,N3889,1,undetected,N3889,N3889,N3889,sa1,1
615,N46519 /1 undetected,output,,N46519,N46519,1,undetected,N46519,N46519,N46519,sa1,1
616,N42248 /1 undetected,output,,N42248,N42248,1,undetected,N42248,N42248,N42248,sa1,1
617,N3888 /1 undetected,output,,N3888,N3888,1,undetected,N3888,N3888,N3888,sa1,1
618,N3887 /1 undetected,output,,N3887,N3887,1,undetected,N3887,N3887,N3887,sa1,1
619,N44240 /1 undetected,output,,N44240,N44240,1,undetected,N44240,N44240,N44240,sa1,1
620,N2469 /1 undetected,output,,N2469,N2469,1,undetected,N2469,N2469,N2469,sa1,1
621,N3886 /1 undetected,output,,N3886,N3886,1,undetected,N3886,N3886,N3886,sa1,1
622,N46469 /1 undetected,output,,N46469,N46469,1,undetected,N46469,N46469,N46469,sa1,1
623,N42298 /1 undetected,output,,N42298,N42298,1,undetected,N42298,N42298,N42298,sa1,1
624,N3885 /1 undetected,output,,N3885,N3885,1,undetected,N3885,N3885,N3885,sa1,1
625,N3884 /1 undetected,output,,N3884,N3884,1,undetected,N3884,N3884,N3884,sa1,1
626,N44244 /1 undetected,output,,N44244,N44244,1,undetected,N44244,N44244,N44244,sa1,1
627,N2488 /1 undetected,output,,N2488,N2488,1,undetected,N2488,N2488,N2488,sa1,1
628,N3883 /1 undetected,output,,N3883,N3883,1,undetected,N3883,N3883,N3883,sa1,1
629,N46924 /1 undetected,output,,N46924,N46924,1,undetected,N46924,N46924,N46924,sa1,1
630,N42344 /1 undetected,output,,N42344,N42344,1,undetected,N42344,N42344,N42344,sa1,1
631,N3397 /1 undetected,output,,N3397,N3397,1,undetected,N3397,N3397,N3397,sa1,1
632,N42246 /1 undetected,output,,N42246,N42246,1,undetected,N42246,N42246,N42246,sa1,1
633,N55186 /1 undetected,output,,N55186,N55186,1,undetected,N55186,N55186,N55186,sa1,1
634,N55184 /1 undetected,output,,N55184,N55184,1,undetected,N55184,N55184,N55184,sa1,1
635,__tpi_not_test_en->__tpi_cp_328_N30859 /1 undetected,input_edge,__tpi_not_test_en,__tpi_cp_328_N30859,__tpi_cp_328_N30859,1,undetected,__tpi_cp_328_N30859,__tpi_cp_328_N30859,__tpi_cp_328_N30859,sa1,1
636,test_en->__tpi_cp_267___buf_split_21786 /0 undetected,input_edge,test_en,__tpi_cp_267___buf_split_21786,__tpi_cp_267___buf_split_21786,0,undetected,__tpi_cp_267___buf_split_21786,__tpi_cp_267___buf_split_21786,__tpi_cp_267___buf_split_21786,sa0,1
637,__tpi_not_test_en->__tpi_cp_305_N10760 /1 undetected,input_edge,__tpi_not_test_en,__tpi_cp_305_N10760,__tpi_cp_305_N10760,1,undetected,__tpi_cp_305_N10760,__tpi_cp_305_N10760,__tpi_cp_305_N10760,sa1,1
638,test_en->__tpi_cp_194_N30696 /0 undetected,input_edge,test_en,__tpi_cp_194_N30696,__tpi_cp_194_N30696,0,undetected,__tpi_cp_194_N30696,__tpi_cp_194_N30696,__tpi_cp_194_N30696,sa0,1
639,N55183 /1 undetected,output,,N55183,N55183,1,undetected,N55183,N55183,N55183,sa1,1
640,N12429 /1 undetected,output,,N12429,N12429,1,undetected,N12429,N12429,N12429,sa1,1
641,N12425 /1 undetected,output,,N12425,N12425,1,undetected,N12425,N12425,N12425,sa1,1
642,N56749 /1 undetected,output,,N56749,N56749,1,undetected,N56749,N56749,N56749,sa1,1
643,N12343 /1 undetected,output,,N12343,N12343,1,undetected,N12343,N12343,N12343,sa1,1
644,N45846 /1 undetected,output,,N45846,N45846,1,undetected,N45846,N45846,N45846,sa1,1
645,N12306 /1 undetected,output,,N12306,N12306,1,undetected,N12306,N12306,N12306,sa1,1
646,N22584 /1 undetected,output,,N22584,N22584,1,undetected,N22584,N22584,N22584,sa1,1
647,N22583 /1 undetected,output,,N22583,N22583,1,undetected,N22583,N22583,N22583,sa1,1
648,N12421 /1 undetected,output,,N12421,N12421,1,undetected,N12421,N12421,N12421,sa1,1
649,N56725 /1 undetected,output,,N56725,N56725,1,undetected,N56725,N56725,N56725,sa1,1
650,N22581 /1 undetected,output,,N22581,N22581,1,undetected,N22581,N22581,N22581,sa1,1
651,N12414 /1 undetected,output,,N12414,N12414,1,undetected,N12414,N12414,N12414,sa1,1
652,N12413 /1 undetected,output,,N12413,N12413,1,undetected,N12413,N12413,N12413,sa1,1
653,N45520 /1 undetected,output,,N45520,N45520,1,undetected,N45520,N45520,N45520,sa1,1
654,N12275 /1 undetected,output,,N12275,N12275,1,undetected,N12275,N12275,N12275,sa1,1
655,N12412 /1 undetected,output,,N12412,N12412,1,undetected,N12412,N12412,N12412,sa1,1
656,N12411 /1 undetected,output,,N12411,N12411,1,undetected,N12411,N12411,N12411,sa1,1
657,N12409->N31830 /1 undetected,input_edge,N12409,N31830,N31830,1,undetected,N31830,N31830,N31830,sa1,1
658,N12410 /1 undetected,output,,N12410,N12410,1,undetected,N12410,N12410,N12410,sa1,1
659,N45460 /1 undetected,output,,N45460,N45460,1,undetected,N45460,N45460,N45460,sa1,1
660,N12301 /1 undetected,output,,N12301,N12301,1,undetected,N12301,N12301,N12301,sa1,1
661,N12367 /1 undetected,output,,N12367,N12367,1,undetected,N12367,N12367,N12367,sa1,1
662,N45881 /1 undetected,output,,N45881,N45881,1,undetected,N45881,N45881,N45881,sa1,1
663,N12304 /1 undetected,output,,N12304,N12304,1,undetected,N12304,N12304,N12304,sa1,1
664,N12364 /1 undetected,output,,N12364,N12364,1,undetected,N12364,N12364,N12364,sa1,1
665,N45877 /1 undetected,output,,N45877,N45877,1,undetected,N45877,N45877,N45877,sa1,1
666,N12273 /1 undetected,output,,N12273,N12273,1,undetected,N12273,N12273,N12273,sa1,1
667,N12342 /1 undetected,output,,N12342,N12342,1,undetected,N12342,N12342,N12342,sa1,1
668,N12423 /1 undetected,output,,N12423,N12423,1,undetected,N12423,N12423,N12423,sa1,1
669,N12307 /1 undetected,output,,N12307,N12307,1,undetected,N12307,N12307,N12307,sa1,1
670,N12422 /1 undetected,output,,N12422,N12422,1,undetected,N12422,N12422,N12422,sa1,1
671,N46785 /1 undetected,output,,N46785,N46785,1,undetected,N46785,N46785,N46785,sa1,1
672,N12262 /1 undetected,output,,N12262,N12262,1,undetected,N12262,N12262,N12262,sa1,1
673,N12341 /1 undetected,output,,N12341,N12341,1,undetected,N12341,N12341,N12341,sa1,1
674,N12420 /1 undetected,output,,N12420,N12420,1,undetected,N12420,N12420,N12420,sa1,1
675,N56724 /1 undetected,output,,N56724,N56724,1,undetected,N56724,N56724,N56724,sa1,1
676,N12417 /1 undetected,output,,N12417,N12417,1,undetected,N12417,N12417,N12417,sa1,1
677,N56721 /1 undetected,output,,N56721,N56721,1,undetected,N56721,N56721,N56721,sa1,1
678,N12319 /1 undetected,output,,N12319,N12319,1,undetected,N12319,N12319,N12319,sa1,1
679,N12416 /1 undetected,output,,N12416,N12416,1,undetected,N12416,N12416,N12416,sa1,1
680,N45591 /1 undetected,output,,N45591,N45591,1,undetected,N45591,N45591,N45591,sa1,1
681,N12274 /1 undetected,output,,N12274,N12274,1,undetected,N12274,N12274,N12274,sa1,1
682,N12415 /1 undetected,output,,N12415,N12415,1,undetected,N12415,N12415,N12415,sa1,1
683,N45655 /1 undetected,output,,N45655,N45655,1,undetected,N45655,N45655,N45655,sa1,1
684,N12269 /1 undetected,output,,N12269,N12269,1,undetected,N12269,N12269,N12269,sa1,1
685,N12419 /1 undetected,output,,N12419,N12419,1,undetected,N12419,N12419,N12419,sa1,1
686,N56722 /1 undetected,output,,N56722,N56722,1,undetected,N56722,N56722,N56722,sa1,1
687,N12318 /1 undetected,output,,N12318,N12318,1,undetected,N12318,N12318,N12318,sa1,1
688,N46881 /1 undetected,output,,N46881,N46881,1,undetected,N46881,N46881,N46881,sa1,1
689,N12271 /1 undetected,output,,N12271,N12271,1,undetected,N12271,N12271,N12271,sa1,1
690,N12340 /1 undetected,output,,N12340,N12340,1,undetected,N12340,N12340,N12340,sa1,1
691,N56748 /1 undetected,output,,N56748,N56748,1,undetected,N56748,N56748,N56748,sa1,1
692,N12418 /1 undetected,output,,N12418,N12418,1,undetected,N12418,N12418,N12418,sa1,1
693,N56747 /1 undetected,output,,N56747,N56747,1,undetected,N56747,N56747,N56747,sa1,1
694,N12317 /1 undetected,output,,N12317,N12317,1,undetected,N12317,N12317,N12317,sa1,1
695,N46832 /1 undetected,output,,N46832,N46832,1,undetected,N46832,N46832,N46832,sa1,1
696,N12264 /1 undetected,output,,N12264,N12264,1,undetected,N12264,N12264,N12264,sa1,1
697,N12344 /1 undetected,output,,N12344,N12344,1,undetected,N12344,N12344,N12344,sa1,1
698,N12427 /1 undetected,output,,N12427,N12427,1,undetected,N12427,N12427,N12427,sa1,1
699,N45838 /1 undetected,output,,N45838,N45838,1,undetected,N45838,N45838,N45838,sa1,1
700,N12260 /1 undetected,output,,N12260,N12260,1,undetected,N12260,N12260,N12260,sa1,1
701,N12426 /1 undetected,output,,N12426,N12426,1,undetected,N12426,N12426,N12426,sa1,1
702,N45842 /1 undetected,output,,N45842,N45842,1,undetected,N45842,N45842,N45842,sa1,1
703,N12261 /1 undetected,output,,N12261,N12261,1,undetected,N12261,N12261,N12261,sa1,1
704,N12259 /1 undetected,output,,N12259,N12259,1,undetected,N12259,N12259,N12259,sa1,1
705,N12366 /1 undetected,output,,N12366,N12366,1,undetected,N12366,N12366,N12366,sa1,1
706,N12309 /1 undetected,output,,N12309,N12309,1,undetected,N12309,N12309,N12309,sa1,1
707,N45834 /1 undetected,output,,N45834,N45834,1,undetected,N45834,N45834,N45834,sa1,1
708,N12310 /1 undetected,output,,N12310,N12310,1,undetected,N12310,N12310,N12310,sa1,1
709,__tpi_not_test_en->__tpi_cp_321_N34897 /1 undetected,input_edge,__tpi_not_test_en,__tpi_cp_321_N34897,__tpi_cp_321_N34897,1,undetected,__tpi_cp_321_N34897,__tpi_cp_321_N34897,__tpi_cp_321_N34897,sa1,1
710,test_en->__tpi_cp_161_N16783 /0 undetected,input_edge,test_en,__tpi_cp_161_N16783,__tpi_cp_161_N16783,0,undetected,__tpi_cp_161_N16783,__tpi_cp_161_N16783,__tpi_cp_161_N16783,sa0,1
711,__tpi_not_test_en->__tpi_cp_323_N16782 /1 undetected,input_edge,__tpi_not_test_en,__tpi_cp_323_N16782,__tpi_cp_323_N16782,1,undetected,__tpi_cp_323_N16782,__tpi_cp_323_N16782,__tpi_cp_323_N16782,sa1,1
712,N3400 /1 undetected,output,,N3400,N3400,1,undetected,N3400,N3400,N3400,sa1,1
713,N42391 /1 undetected,output,,N42391,N42391,1,undetected,N42391,N42391,N42391,sa1,1
714,N3394 /1 undetected,output,,N3394,N3394,1,undetected,N3394,N3394,N3394,sa1,1
715,N42296 /1 undetected,output,,N42296,N42296,1,undetected,N42296,N42296,N42296,sa1,1
716,N10241 /1 undetected,output,,N10241,N10241,1,undetected,N10241,N10241,N10241,sa1,1
717,N55181 /1 undetected,output,,N55181,N55181,1,undetected,N55181,N55181,N55181,sa1,1
718,N46089 /1 undetected,output,,N46089,N46089,1,undetected,N46089,N46089,N46089,sa1,1
719,N55229 /1 undetected,output,,N55229,N55229,1,undetected,N55229,N55229,N55229,sa1,1
720,test_en->__tpi_cp_190_N30713 /0 undetected,input_edge,test_en,__tpi_cp_190_N30713,__tpi_cp_190_N30713,0,undetected,__tpi_cp_190_N30713,__tpi_cp_190_N30713,__tpi_cp_190_N30713,sa0,1
721,test_en->__tpi_cp_258_N30712 /0 undetected,input_edge,test_en,__tpi_cp_258_N30712,__tpi_cp_258_N30712,0,undetected,__tpi_cp_258_N30712,__tpi_cp_258_N30712,__tpi_cp_258_N30712,sa0,1
722,test_en->__tpi_cp_193_N30978 /0 undetected,input_edge,test_en,__tpi_cp_193_N30978,__tpi_cp_193_N30978,0,undetected,__tpi_cp_193_N30978,__tpi_cp_193_N30978,__tpi_cp_193_N30978,sa0,1
723,test_en->__tpi_cp_257_N30977 /0 undetected,input_edge,test_en,__tpi_cp_257_N30977,__tpi_cp_257_N30977,0,undetected,__tpi_cp_257_N30977,__tpi_cp_257_N30977,__tpi_cp_257_N30977,sa0,1
724,test_en->__tpi_cp_270_N10741 /0 undetected,input_edge,test_en,__tpi_cp_270_N10741,__tpi_cp_270_N10741,0,undetected,__tpi_cp_270_N10741,__tpi_cp_270_N10741,__tpi_cp_270_N10741,sa0,1
725,test_en->__tpi_cp_259_N43935 /0 undetected,input_edge,test_en,__tpi_cp_259_N43935,__tpi_cp_259_N43935,0,undetected,__tpi_cp_259_N43935,__tpi_cp_259_N43935,__tpi_cp_259_N43935,sa0,1
726,test_en->__tpi_cp_260___buf_split_21655 /0 undetected,input_edge,test_en,__tpi_cp_260___buf_split_21655,__tpi_cp_260___buf_split_21655,0,undetected,__tpi_cp_260___buf_split_21655,__tpi_cp_260___buf_split_21655,__tpi_cp_260___buf_split_21655,sa0,1
727,N46090 /1 undetected,output,,N46090,N46090,1,undetected,N46090,N46090,N46090,sa1,1
728,N55230 /1 undetected,output,,N55230,N55230,1,undetected,N55230,N55230,N55230,sa1,1
729,N3403 /1 undetected,output,,N3403,N3403,1,undetected,N3403,N3403,N3403,sa1,1
730,N42438 /1 undetected,output,,N42438,N42438,1,undetected,N42438,N42438,N42438,sa1,1
731,N8748 /1 undetected,output,,N8748,N8748,1,undetected,N8748,N8748,N8748,sa1,1
732,N8673 /1 undetected,output,,N8673,N8673,1,undetected,N8673,N8673,N8673,sa1,1
733,N54320 /1 undetected,output,,N54320,N54320,1,undetected,N54320,N54320,N54320,sa1,1
734,N46088 /1 undetected,output,,N46088,N46088,1,undetected,N46088,N46088,N46088,sa1,1
735,N55228 /1 undetected,output,,N55228,N55228,1,undetected,N55228,N55228,N55228,sa1,1
736,N3329 /1 undetected,output,,N3329,N3329,1,undetected,N3329,N3329,N3329,sa1,1
737,N47349 /1 undetected,output,,N47349,N47349,1,undetected,N47349,N47349,N47349,sa1,1
738,N46158 /1 undetected,output,,N46158,N46158,1,undetected,N46158,N46158,N46158,sa1,1
739,N3406 /1 undetected,output,,N3406,N3406,1,undetected,N3406,N3406,N3406,sa1,1
740,N42763 /1 undetected,output,,N42763,N42763,1,undetected,N42763,N42763,N42763,sa1,1
741,N47381 /1 undetected,output,,N47381,N47381,1,undetected,N47381,N47381,N47381,sa1,1
742,test_en->__tpi_cp_96_N30760 /0 undetected,input_edge,test_en,__tpi_cp_96_N30760,__tpi_cp_96_N30760,0,undetected,__tpi_cp_96_N30760,__tpi_cp_96_N30760,__tpi_cp_96_N30760,sa0,1
743,N12638 /1 undetected,output,,N12638,N12638,1,undetected,N12638,N12638,N12638,sa1,1
744,test_en->__tpi_cp_307_N49771 /0 undetected,input_edge,test_en,__tpi_cp_307_N49771,__tpi_cp_307_N49771,0,undetected,__tpi_cp_307_N49771,__tpi_cp_307_N49771,__tpi_cp_307_N49771,sa0,1
745,test_en->__tpi_cp_242_N23413 /0 undetected,input_edge,test_en,__tpi_cp_242_N23413,__tpi_cp_242_N23413,0,undetected,__tpi_cp_242_N23413,__tpi_cp_242_N23413,__tpi_cp_242_N23413,sa0,1
746,test_en->__tpi_cp_176_N30861 /0 undetected,input_edge,test_en,__tpi_cp_176_N30861,__tpi_cp_176_N30861,0,undetected,__tpi_cp_176_N30861,__tpi_cp_176_N30861,__tpi_cp_176_N30861,sa0,1
747,test_en->__tpi_cp_225_N23414 /0 undetected,input_edge,test_en,__tpi_cp_225_N23414,__tpi_cp_225_N23414,0,undetected,__tpi_cp_225_N23414,__tpi_cp_225_N23414,__tpi_cp_225_N23414,sa0,1
748,test_en->__tpi_cp_201_N25042 /0 undetected,input_edge,test_en,__tpi_cp_201_N25042,__tpi_cp_201_N25042,0,undetected,__tpi_cp_201_N25042,__tpi_cp_201_N25042,__tpi_cp_201_N25042,sa0,1
749,test_en->__tpi_cp_224_N25041 /0 undetected,input_edge,test_en,__tpi_cp_224_N25041,__tpi_cp_224_N25041,0,undetected,__tpi_cp_224_N25041,__tpi_cp_224_N25041,__tpi_cp_224_N25041,sa0,1
750,N59524 /1 undetected,output,,N59524,N59524,1,undetected,N59524,N59524,N59524,sa1,1
751,N54318 /1 undetected,output,,N54318,N54318,1,undetected,N54318,N54318,N54318,sa1,1
752,N8719 /1 undetected,output,,N8719,N8719,1,undetected,N8719,N8719,N8719,sa1,1
753,N54323 /1 undetected,output,,N54323,N54323,1,undetected,N54323,N54323,N54323,sa1,1
754,N4898 /1 undetected,output,,N4898,N4898,1,undetected,N4898,N4898,N4898,sa1,1
755,N21784 /1 undetected,output,,N21784,N21784,1,undetected,N21784,N21784,N21784,sa1,1
756,N21783 /1 undetected,output,,N21783,N21783,1,undetected,N21783,N21783,N21783,sa1,1
757,N21782 /1 undetected,output,,N21782,N21782,1,undetected,N21782,N21782,N21782,sa1,1
758,N4806 /1 undetected,output,,N4806,N4806,1,undetected,N4806,N4806,N4806,sa1,1
759,N21773 /1 undetected,output,,N21773,N21773,1,undetected,N21773,N21773,N21773,sa1,1
760,N4805 /1 undetected,output,,N4805,N4805,1,undetected,N4805,N4805,N4805,sa1,1
761,N21772 /1 undetected,output,,N21772,N21772,1,undetected,N21772,N21772,N21772,sa1,1
762,N21771 /1 undetected,output,,N21771,N21771,1,undetected,N21771,N21771,N21771,sa1,1
763,N6921 /1 undetected,output,,N6921,N6921,1,undetected,N6921,N6921,N6921,sa1,1
764,N6920 /1 undetected,output,,N6920,N6920,1,undetected,N6920,N6920,N6920,sa1,1
765,N50714 /1 undetected,output,,N50714,N50714,1,undetected,N50714,N50714,N50714,sa1,1
766,N48876 /1 undetected,output,,N48876,N48876,1,undetected,N48876,N48876,N48876,sa1,1
767,N6919 /1 undetected,output,,N6919,N6919,1,undetected,N6919,N6919,N6919,sa1,1
768,N6547 /1 undetected,output,,N6547,N6547,1,undetected,N6547,N6547,N6547,sa1,1
769,N5173 /1 undetected,output,,N5173,N5173,1,undetected,N5173,N5173,N5173,sa1,1
770,N6918 /1 undetected,output,,N6918,N6918,1,undetected,N6918,N6918,N6918,sa1,1
771,N6917 /1 undetected,output,,N6917,N6917,1,undetected,N6917,N6917,N6917,sa1,1
772,N50532 /1 undetected,output,,N50532,N50532,1,undetected,N50532,N50532,N50532,sa1,1
773,N48933 /1 undetected,output,,N48933,N48933,1,undetected,N48933,N48933,N48933,sa1,1
774,N6916 /1 undetected,output,,N6916,N6916,1,undetected,N6916,N6916,N6916,sa1,1
775,N6526 /1 undetected,output,,N6526,N6526,1,undetected,N6526,N6526,N6526,sa1,1
776,N5112 /1 undetected,output,,N5112,N5112,1,undetected,N5112,N5112,N5112,sa1,1
777,N6915 /1 undetected,output,,N6915,N6915,1,undetected,N6915,N6915,N6915,sa1,1
778,N6914 /1 undetected,output,,N6914,N6914,1,undetected,N6914,N6914,N6914,sa1,1
779,N50838 /1 undetected,output,,N50838,N50838,1,undetected,N50838,N50838,N50838,sa1,1
780,N49034 /1 undetected,output,,N49034,N49034,1,undetected,N49034,N49034,N49034,sa1,1
781,N6913 /1 undetected,output,,N6913,N6913,1,undetected,N6913,N6913,N6913,sa1,1
782,N6561 /1 undetected,output,,N6561,N6561,1,undetected,N6561,N6561,N6561,sa1,1
783,N5209 /1 undetected,output,,N5209,N5209,1,undetected,N5209,N5209,N5209,sa1,1
784,N6924 /1 undetected,output,,N6924,N6924,1,undetected,N6924,N6924,N6924,sa1,1
785,N6923 /1 undetected,output,,N6923,N6923,1,undetected,N6923,N6923,N6923,sa1,1
786,N51358 /1 undetected,output,,N51358,N51358,1,undetected,N51358,N51358,N51358,sa1,1
787,N49187 /1 undetected,output,,N49187,N49187,1,undetected,N49187,N49187,N49187,sa1,1
788,N6922 /1 undetected,output,,N6922,N6922,1,undetected,N6922,N6922,N6922,sa1,1
789,N6624 /1 undetected,output,,N6624,N6624,1,undetected,N6624,N6624,N6624,sa1,1
790,N5371 /1 undetected,output,,N5371,N5371,1,undetected,N5371,N5371,N5371,sa1,1
791,N4804 /1 undetected,output,,N4804,N4804,1,undetected,N4804,N4804,N4804,sa1,1
792,N21770 /1 undetected,output,,N21770,N21770,1,undetected,N21770,N21770,N21770,sa1,1
793,N6912 /1 undetected,output,,N6912,N6912,1,undetected,N6912,N6912,N6912,sa1,1
794,N6911 /1 undetected,output,,N6911,N6911,1,undetected,N6911,N6911,N6911,sa1,1
795,N50771 /1 undetected,output,,N50771,N50771,1,undetected,N50771,N50771,N50771,sa1,1
796,N49083 /1 undetected,output,,N49083,N49083,1,undetected,N49083,N49083,N49083,sa1,1
797,N6910 /1 undetected,output,,N6910,N6910,1,undetected,N6910,N6910,N6910,sa1,1
798,N6554 /1 undetected,output,,N6554,N6554,1,undetected,N6554,N6554,N6554,sa1,1
799,N5191 /1 undetected,output,,N5191,N5191,1,undetected,N5191,N5191,N5191,sa1,1
800,N6909 /1 undetected,output,,N6909,N6909,1,undetected,N6909,N6909,N6909,sa1,1
801,N6908 /1 undetected,output,,N6908,N6908,1,undetected,N6908,N6908,N6908,sa1,1
802,N51128 /1 undetected,output,,N51128,N51128,1,undetected,N51128,N51128,N51128,sa1,1
803,N49135 /1 undetected,output,,N49135,N49135,1,undetected,N49135,N49135,N49135,sa1,1
804,N6907 /1 undetected,output,,N6907,N6907,1,undetected,N6907,N6907,N6907,sa1,1
805,N6596 /1 undetected,output,,N6596,N6596,1,undetected,N6596,N6596,N6596,sa1,1
806,N5299 /1 undetected,output,,N5299,N5299,1,undetected,N5299,N5299,N5299,sa1,1
807,N6906 /1 undetected,output,,N6906,N6906,1,undetected,N6906,N6906,N6906,sa1,1
808,N6905 /1 undetected,output,,N6905,N6905,1,undetected,N6905,N6905,N6905,sa1,1
809,N51301 /1 undetected,output,,N51301,N51301,1,undetected,N51301,N51301,N51301,sa1,1
810,N49239 /1 undetected,output,,N49239,N49239,1,undetected,N49239,N49239,N49239,sa1,1
811,N6904 /1 undetected,output,,N6904,N6904,1,undetected,N6904,N6904,N6904,sa1,1
812,N6617 /1 undetected,output,,N6617,N6617,1,undetected,N6617,N6617,N6617,sa1,1
813,N5353 /1 undetected,output,,N5353,N5353,1,undetected,N5353,N5353,N5353,sa1,1
814,N6903 /1 undetected,output,,N6903,N6903,1,undetected,N6903,N6903,N6903,sa1,1
815,N6902 /1 undetected,output,,N6902,N6902,1,undetected,N6902,N6902,N6902,sa1,1
816,N51425 /1 undetected,output,,N51425,N51425,1,undetected,N51425,N51425,N51425,sa1,1
817,N48985 /1 undetected,output,,N48985,N48985,1,undetected,N48985,N48985,N48985,sa1,1
818,N6901 /1 undetected,output,,N6901,N6901,1,undetected,N6901,N6901,N6901,sa1,1
819,N6631 /1 undetected,output,,N6631,N6631,1,undetected,N6631,N6631,N6631,sa1,1
820,N5389 /1 undetected,output,,N5389,N5389,1,undetected,N5389,N5389,N5389,sa1,1
821,N4801 /1 undetected,output,,N4801,N4801,1,undetected,N4801,N4801,N4801,sa1,1
822,N21769 /1 undetected,output,,N21769,N21769,1,undetected,N21769,N21769,N21769,sa1,1
823,N21768 /1 undetected,output,,N21768,N21768,1,undetected,N21768,N21768,N21768,sa1,1
824,N4803 /1 undetected,output,,N4803,N4803,1,undetected,N4803,N4803,N4803,sa1,1
825,N6939 /1 undetected,output,,N6939,N6939,1,undetected,N6939,N6939,N6939,sa1,1
826,N6938 /1 undetected,output,,N6938,N6938,1,undetected,N6938,N6938,N6938,sa1,1
827,N50441 /1 undetected,output,,N50441,N50441,1,undetected,N50441,N50441,N50441,sa1,1
828,N49390 /1 undetected,output,,N49390,N49390,1,undetected,N49390,N49390,N49390,sa1,1
829,N6937 /1 undetected,output,,N6937,N6937,1,undetected,N6937,N6937,N6937,sa1,1
830,N6503 /1 undetected,output,,N6503,N6503,1,undetected,N6503,N6503,N6503,sa1,1
831,N5117 /1 undetected,output,,N5117,N5117,1,undetected,N5117,N5117,N5117,sa1,1
832,N6936 /1 undetected,output,,N6936,N6936,1,undetected,N6936,N6936,N6936,sa1,1
833,N6935 /1 undetected,output,,N6935,N6935,1,undetected,N6935,N6935,N6935,sa1,1
834,N50489 /1 undetected,output,,N50489,N50489,1,undetected,N50489,N50489,N50489,sa1,1
835,N49427 /1 undetected,output,,N49427,N49427,1,undetected,N49427,N49427,N49427,sa1,1
836,N6934 /1 undetected,output,,N6934,N6934,1,undetected,N6934,N6934,N6934,sa1,1
837,N6519 /1 undetected,output,,N6519,N6519,1,undetected,N6519,N6519,N6519,sa1,1
838,N5093 /1 undetected,output,,N5093,N5093,1,undetected,N5093,N5093,N5093,sa1,1
839,N4802 /1 undetected,output,,N4802,N4802,1,undetected,N4802,N4802,N4802,sa1,1
840,N6933 /1 undetected,output,,N6933,N6933,1,undetected,N6933,N6933,N6933,sa1,1
841,N6932 /1 undetected,output,,N6932,N6932,1,undetected,N6932,N6932,N6932,sa1,1
842,N51246 /1 undetected,output,,N51246,N51246,1,undetected,N51246,N51246,N51246,sa1,1
843,N49472 /1 undetected,output,,N49472,N49472,1,undetected,N49472,N49472,N49472,sa1,1
844,N6931 /1 undetected,output,,N6931,N6931,1,undetected,N6931,N6931,N6931,sa1,1
845,N6610 /1 undetected,output,,N6610,N6610,1,undetected,N6610,N6610,N6610,sa1,1
846,N5335 /1 undetected,output,,N5335,N5335,1,undetected,N5335,N5335,N5335,sa1,1
847,N6930 /1 undetected,output,,N6930,N6930,1,undetected,N6930,N6930,N6930,sa1,1
848,N6929 /1 undetected,output,,N6929,N6929,1,undetected,N6929,N6929,N6929,sa1,1
849,N51187 /1 undetected,output,,N51187,N51187,1,undetected,N51187,N51187,N51187,sa1,1
850,N49521 /1 undetected,output,,N49521,N49521,1,undetected,N49521,N49521,N49521,sa1,1
851,N6928 /1 undetected,output,,N6928,N6928,1,undetected,N6928,N6928,N6928,sa1,1
852,N6603 /1 undetected,output,,N6603,N6603,1,undetected,N6603,N6603,N6603,sa1,1
853,N5317 /1 undetected,output,,N5317,N5317,1,undetected,N5317,N5317,N5317,sa1,1
854,N4800 /1 undetected,output,,N4800,N4800,1,undetected,N4800,N4800,N4800,sa1,1
855,N6945 /1 undetected,output,,N6945,N6945,1,undetected,N6945,N6945,N6945,sa1,1
856,N6944 /1 undetected,output,,N6944,N6944,1,undetected,N6944,N6944,N6944,sa1,1
857,N50949 /1 undetected,output,,N50949,N50949,1,undetected,N50949,N50949,N50949,sa1,1
858,N49675 /1 undetected,output,,N49675,N49675,1,undetected,N49675,N49675,N49675,sa1,1
859,N6943 /1 undetected,output,,N6943,N6943,1,undetected,N6943,N6943,N6943,sa1,1
860,N6575 /1 undetected,output,,N6575,N6575,1,undetected,N6575,N6575,N6575,sa1,1
861,N5245 /1 undetected,output,,N5245,N5245,1,undetected,N5245,N5245,N5245,sa1,1
862,N6942 /1 undetected,output,,N6942,N6942,1,undetected,N6942,N6942,N6942,sa1,1
863,N6941 /1 undetected,output,,N6941,N6941,1,undetected,N6941,N6941,N6941,sa1,1
864,N50894 /1 undetected,output,,N50894,N50894,1,undetected,N50894,N50894,N50894,sa1,1
865,N49729 /1 undetected,output,,N49729,N49729,1,undetected,N49729,N49729,N49729,sa1,1
866,N6940 /1 undetected,output,,N6940,N6940,1,undetected,N6940,N6940,N6940,sa1,1
867,N6568 /1 undetected,output,,N6568,N6568,1,undetected,N6568,N6568,N6568,sa1,1
868,N5227 /1 undetected,output,,N5227,N5227,1,undetected,N5227,N5227,N5227,sa1,1
869,N6927 /1 undetected,output,,N6927,N6927,1,undetected,N6927,N6927,N6927,sa1,1
870,N6926 /1 undetected,output,,N6926,N6926,1,undetected,N6926,N6926,N6926,sa1,1
871,N51481 /1 undetected,output,,N51481,N51481,1,undetected,N51481,N51481,N51481,sa1,1
872,N49626 /1 undetected,output,,N49626,N49626,1,undetected,N49626,N49626,N49626,sa1,1
873,N6925 /1 undetected,output,,N6925,N6925,1,undetected,N6925,N6925,N6925,sa1,1
874,N6638 /1 undetected,output,,N6638,N6638,1,undetected,N6638,N6638,N6638,sa1,1
875,N5407 /1 undetected,output,,N5407,N5407,1,undetected,N5407,N5407,N5407,sa1,1
876,N6948 /1 undetected,output,,N6948,N6948,1,undetected,N6948,N6948,N6948,sa1,1
877,N6947 /1 undetected,output,,N6947,N6947,1,undetected,N6947,N6947,N6947,sa1,1
878,N51516 /1 undetected,output,,N51516,N51516,1,undetected,N51516,N51516,N51516,sa1,1
879,N49574 /1 undetected,output,,N49574,N49574,1,undetected,N49574,N49574,N49574,sa1,1
880,N6946 /1 undetected,output,,N6946,N6946,1,undetected,N6946,N6946,N6946,sa1,1
881,N6643 /1 undetected,output,,N6643,N6643,1,undetected,N6643,N6643,N6643,sa1,1
882,N5425 /1 undetected,output,,N5425,N5425,1,undetected,N5425,N5425,N5425,sa1,1
883,N4809 /1 undetected,output,,N4809,N4809,1,undetected,N4809,N4809,N4809,sa1,1
884,N21777 /1 undetected,output,,N21777,N21777,1,undetected,N21777,N21777,N21777,sa1,1
885,N21776 /1 undetected,output,,N21776,N21776,1,undetected,N21776,N21776,N21776,sa1,1
886,N6960 /1 undetected,output,,N6960,N6960,1,undetected,N6960,N6960,N6960,sa1,1
887,N6959 /1 undetected,output,,N6959,N6959,1,undetected,N6959,N6959,N6959,sa1,1
888,N50147 /1 undetected,output,,N50147,N50147,1,undetected,N50147,N50147,N50147,sa1,1
889,N5515 /1 undetected,output,,N5515,N5515,1,undetected,N5515,N5515,N5515,sa1,1
890,N6958 /1 undetected,output,,N6958,N6958,1,undetected,N6958,N6958,N6958,sa1,1
891,N52366 /1 undetected,output,,N52366,N52366,1,undetected,N52366,N52366,N52366,sa1,1
892,N48783 /1 undetected,output,,N48783,N48783,1,undetected,N48783,N48783,N48783,sa1,1
893,N6957 /1 undetected,output,,N6957,N6957,1,undetected,N6957,N6957,N6957,sa1,1
894,N6956 /1 undetected,output,,N6956,N6956,1,undetected,N6956,N6956,N6956,sa1,1
895,N50143 /1 undetected,output,,N50143,N50143,1,undetected,N50143,N50143,N50143,sa1,1
896,N5497 /1 undetected,output,,N5497,N5497,1,undetected,N5497,N5497,N5497,sa1,1
897,N6955 /1 undetected,output,,N6955,N6955,1,undetected,N6955,N6955,N6955,sa1,1
898,N52404 /1 undetected,output,,N52404,N52404,1,undetected,N52404,N52404,N52404,sa1,1
899,N48827 /1 undetected,output,,N48827,N48827,1,undetected,N48827,N48827,N48827,sa1,1
900,N6954 /1 undetected,output,,N6954,N6954,1,undetected,N6954,N6954,N6954,sa1,1
901,N6953 /1 undetected,output,,N6953,N6953,1,undetected,N6953,N6953,N6953,sa1,1
902,N50151 /1 undetected,output,,N50151,N50151,1,undetected,N50151,N50151,N50151,sa1,1
903,N5533 /1 undetected,output,,N5533,N5533,1,undetected,N5533,N5533,N5533,sa1,1
904,N6952 /1 undetected,output,,N6952,N6952,1,undetected,N6952,N6952,N6952,sa1,1
905,N52320 /1 undetected,output,,N52320,N52320,1,undetected,N52320,N52320,N52320,sa1,1
906,N48448 /1 undetected,output,,N48448,N48448,1,undetected,N48448,N48448,N48448,sa1,1
907,N6951 /1 undetected,output,,N6951,N6951,1,undetected,N6951,N6951,N6951,sa1,1
908,N6950 /1 undetected,output,,N6950,N6950,1,undetected,N6950,N6950,N6950,sa1,1
909,N50155 /1 undetected,output,,N50155,N50155,1,undetected,N50155,N50155,N50155,sa1,1
910,N5551 /1 undetected,output,,N5551,N5551,1,undetected,N5551,N5551,N5551,sa1,1
911,N6949 /1 undetected,output,,N6949,N6949,1,undetected,N6949,N6949,N6949,sa1,1
912,N52278 /1 undetected,output,,N52278,N52278,1,undetected,N52278,N52278,N52278,sa1,1
913,N48398 /1 undetected,output,,N48398,N48398,1,undetected,N48398,N48398,N48398,sa1,1
914,N6963 /1 undetected,output,,N6963,N6963,1,undetected,N6963,N6963,N6963,sa1,1
915,N6962 /1 undetected,output,,N6962,N6962,1,undetected,N6962,N6962,N6962,sa1,1
916,N50173 /1 undetected,output,,N50173,N50173,1,undetected,N50173,N50173,N50173,sa1,1
917,N5623 /1 undetected,output,,N5623,N5623,1,undetected,N5623,N5623,N5623,sa1,1
918,N6961 /1 undetected,output,,N6961,N6961,1,undetected,N6961,N6961,N6961,sa1,1
919,N51909 /1 undetected,output,,N51909,N51909,1,undetected,N51909,N51909,N51909,sa1,1
920,N48494 /1 undetected,output,,N48494,N48494,1,undetected,N48494,N48494,N48494,sa1,1
921,N4811 /1 undetected,output,,N4811,N4811,1,undetected,N4811,N4811,N4811,sa1,1
922,N21781 /1 undetected,output,,N21781,N21781,1,undetected,N21781,N21781,N21781,sa1,1
923,N21780 /1 undetected,output,,N21780,N21780,1,undetected,N21780,N21780,N21780,sa1,1
924,N21779 /1 undetected,output,,N21779,N21779,1,undetected,N21779,N21779,N21779,sa1,1
925,N4808 /1 undetected,output,,N4808,N4808,1,undetected,N4808,N4808,N4808,sa1,1
926,N6885 /1 undetected,output,,N6885,N6885,1,undetected,N6885,N6885,N6885,sa1,1
927,N6884 /1 undetected,output,,N6884,N6884,1,undetected,N6884,N6884,N6884,sa1,1
928,N50131 /1 undetected,output,,N50131,N50131,1,undetected,N50131,N50131,N50131,sa1,1
929,N5443 /1 undetected,output,,N5443,N5443,1,undetected,N5443,N5443,N5443,sa1,1
930,N6883 /1 undetected,output,,N6883,N6883,1,undetected,N6883,N6883,N6883,sa1,1
931,N52542 /1 undetected,output,,N52542,N52542,1,undetected,N52542,N52542,N52542,sa1,1
932,N49349 /1 undetected,output,,N49349,N49349,1,undetected,N49349,N49349,N49349,sa1,1
933,N6882 /1 undetected,output,,N6882,N6882,1,undetected,N6882,N6882,N6882,sa1,1
934,N6881 /1 undetected,output,,N6881,N6881,1,undetected,N6881,N6881,N6881,sa1,1
935,N50135 /1 undetected,output,,N50135,N50135,1,undetected,N50135,N50135,N50135,sa1,1
936,N5461 /1 undetected,output,,N5461,N5461,1,undetected,N5461,N5461,N5461,sa1,1
937,N6880 /1 undetected,output,,N6880,N6880,1,undetected,N6880,N6880,N6880,sa1,1
938,N52496 /1 undetected,output,,N52496,N52496,1,undetected,N52496,N52496,N52496,sa1,1
939,N49296 /1 undetected,output,,N49296,N49296,1,undetected,N49296,N49296,N49296,sa1,1
940,N4807 /1 undetected,output,,N4807,N4807,1,undetected,N4807,N4807,N4807,sa1,1
941,N21775 /1 undetected,output,,N21775,N21775,1,undetected,N21775,N21775,N21775,sa1,1
942,N21774 /1 undetected,output,,N21774,N21774,1,undetected,N21774,N21774,N21774,sa1,1
943,N6897 /1 undetected,output,,N6897,N6897,1,undetected,N6897,N6897,N6897,sa1,1
944,N6896 /1 undetected,output,,N6896,N6896,1,undetected,N6896,N6896,N6896,sa1,1
945,N50655 /1 undetected,output,,N50655,N50655,1,undetected,N50655,N50655,N50655,sa1,1
946,N48510 /1 undetected,output,,N48510,N48510,1,undetected,N48510,N48510,N48510,sa1,1
947,N6895 /1 undetected,output,,N6895,N6895,1,undetected,N6895,N6895,N6895,sa1,1
948,N6540 /1 undetected,output,,N6540,N6540,1,undetected,N6540,N6540,N6540,sa1,1
949,N5155 /1 undetected,output,,N5155,N5155,1,undetected,N5155,N5155,N5155,sa1,1
950,N6894 /1 undetected,output,,N6894,N6894,1,undetected,N6894,N6894,N6894,sa1,1
951,N6893 /1 undetected,output,,N6893,N6893,1,undetected,N6893,N6893,N6893,sa1,1
952,N51008 /1 undetected,output,,N51008,N51008,1,undetected,N51008,N51008,N51008,sa1,1
953,N48621 /1 undetected,output,,N48621,N48621,1,undetected,N48621,N48621,N48621,sa1,1
954,N6892 /1 undetected,output,,N6892,N6892,1,undetected,N6892,N6892,N6892,sa1,1
955,N6582 /1 undetected,output,,N6582,N6582,1,undetected,N6582,N6582,N6582,sa1,1
956,N5263 /1 undetected,output,,N5263,N5263,1,undetected,N5263,N5263,N5263,sa1,1
957,N6891 /1 undetected,output,,N6891,N6891,1,undetected,N6891,N6891,N6891,sa1,1
958,N6890 /1 undetected,output,,N6890,N6890,1,undetected,N6890,N6890,N6890,sa1,1
959,N51069 /1 undetected,output,,N51069,N51069,1,undetected,N51069,N51069,N51069,sa1,1
960,N48682 /1 undetected,output,,N48682,N48682,1,undetected,N48682,N48682,N48682,sa1,1
961,N6889 /1 undetected,output,,N6889,N6889,1,undetected,N6889,N6889,N6889,sa1,1
962,N6589 /1 undetected,output,,N6589,N6589,1,undetected,N6589,N6589,N6589,sa1,1
963,N5281 /1 undetected,output,,N5281,N5281,1,undetected,N5281,N5281,N5281,sa1,1
964,N6888 /1 undetected,output,,N6888,N6888,1,undetected,N6888,N6888,N6888,sa1,1
965,N6887 /1 undetected,output,,N6887,N6887,1,undetected,N6887,N6887,N6887,sa1,1
966,N50592 /1 undetected,output,,N50592,N50592,1,undetected,N50592,N50592,N50592,sa1,1
967,N48726 /1 undetected,output,,N48726,N48726,1,undetected,N48726,N48726,N48726,sa1,1
968,N6886 /1 undetected,output,,N6886,N6886,1,undetected,N6886,N6886,N6886,sa1,1
969,N6533 /1 undetected,output,,N6533,N6533,1,undetected,N6533,N6533,N6533,sa1,1
970,N5137 /1 undetected,output,,N5137,N5137,1,undetected,N5137,N5137,N5137,sa1,1
971,N6900 /1 undetected,output,,N6900,N6900,1,undetected,N6900,N6900,N6900,sa1,1
972,N6899 /1 undetected,output,,N6899,N6899,1,undetected,N6899,N6899,N6899,sa1,1
973,N50139 /1 undetected,output,,N50139,N50139,1,undetected,N50139,N50139,N50139,sa1,1
974,N5479 /1 undetected,output,,N5479,N5479,1,undetected,N5479,N5479,N5479,sa1,1
975,N6898 /1 undetected,output,,N6898,N6898,1,undetected,N6898,N6898,N6898,sa1,1
976,N52454 /1 undetected,output,,N52454,N52454,1,undetected,N52454,N52454,N52454,sa1,1
977,N48564 /1 undetected,output,,N48564,N48564,1,undetected,N48564,N48564,N48564,sa1,1
978,N6879 /1 undetected,output,,N6879,N6879,1,undetected,N6879,N6879,N6879,sa1,1
979,N6878 /1 undetected,output,,N6878,N6878,1,undetected,N6878,N6878,N6878,sa1,1
980,N50169 /1 undetected,output,,N50169,N50169,1,undetected,N50169,N50169,N50169,sa1,1
981,N5605 /1 undetected,output,,N5605,N5605,1,undetected,N5605,N5605,N5605,sa1,1
982,N6877 /1 undetected,output,,N6877,N6877,1,undetected,N6877,N6877,N6877,sa1,1
983,N52583 /1 undetected,output,,N52583,N52583,1,undetected,N52583,N52583,N52583,sa1,1
984,N48351 /1 undetected,output,,N48351,N48351,1,undetected,N48351,N48351,N48351,sa1,1
985,N4810 /1 undetected,output,,N4810,N4810,1,undetected,N4810,N4810,N4810,sa1,1
986,N21778 /1 undetected,output,,N21778,N21778,1,undetected,N21778,N21778,N21778,sa1,1
987,N6873 /1 undetected,output,,N6873,N6873,1,undetected,N6873,N6873,N6873,sa1,1
988,N6872 /1 undetected,output,,N6872,N6872,1,undetected,N6872,N6872,N6872,sa1,1
989,N50163 /1 undetected,output,,N50163,N50163,1,undetected,N50163,N50163,N50163,sa1,1
990,N5587 /1 undetected,output,,N5587,N5587,1,undetected,N5587,N5587,N5587,sa1,1
991,N6871 /1 undetected,output,,N6871,N6871,1,undetected,N6871,N6871,N6871,sa1,1
992,N52186 /1 undetected,output,,N52186,N52186,1,undetected,N52186,N52186,N52186,sa1,1
993,N48303 /1 undetected,output,,N48303,N48303,1,undetected,N48303,N48303,N48303,sa1,1
994,N6870 /1 undetected,output,,N6870,N6870,1,undetected,N6870,N6870,N6870,sa1,1
995,N6869 /1 undetected,output,,N6869,N6869,1,undetected,N6869,N6869,N6869,sa1,1
996,N50159 /1 undetected,output,,N50159,N50159,1,undetected,N50159,N50159,N50159,sa1,1
997,N5569 /1 undetected,output,,N5569,N5569,1,undetected,N5569,N5569,N5569,sa1,1
998,N6868 /1 undetected,output,,N6868,N6868,1,undetected,N6868,N6868,N6868,sa1,1
999,N52232 /1 undetected,output,,N52232,N52232,1,undetected,N52232,N52232,N52232,sa1,1
1000,N48250 /1 undetected,output,,N48250,N48250,1,undetected,N48250,N48250,N48250,sa1,1
1001,N6876 /1 undetected,output,,N6876,N6876,1,undetected,N6876,N6876,N6876,sa1,1
1002,N6875 /1 undetected,output,,N6875,N6875,1,undetected,N6875,N6875,N6875,sa1,1
1003,N50175 /1 undetected,output,,N50175,N50175,1,undetected,N50175,N50175,N50175,sa1,1
1004,N5643 /1 undetected,output,,N5643,N5643,1,undetected,N5643,N5643,N5643,sa1,1
1005,N6874 /1 undetected,output,,N6874,N6874,1,undetected,N6874,N6874,N6874,sa1,1
1006,N51902 /1 undetected,output,,N51902,N51902,1,undetected,N51902,N51902,N51902,sa1,1
1007,N48382 /1 undetected,output,,N48382,N48382,1,undetected,N48382,N48382,N48382,sa1,1
1008,test_en->__tpi_cp_250_N4119 /0 undetected,input_edge,test_en,__tpi_cp_250_N4119,__tpi_cp_250_N4119,0,undetected,__tpi_cp_250_N4119,__tpi_cp_250_N4119,__tpi_cp_250_N4119,sa0,1
1009,test_en->__tpi_cp_237_N25782 /0 undetected,input_edge,test_en,__tpi_cp_237_N25782,__tpi_cp_237_N25782,0,undetected,__tpi_cp_237_N25782,__tpi_cp_237_N25782,__tpi_cp_237_N25782,sa0,1
1010,test_en->__tpi_cp_277_N25785 /0 undetected,input_edge,test_en,__tpi_cp_277_N25785,__tpi_cp_277_N25785,0,undetected,__tpi_cp_277_N25785,__tpi_cp_277_N25785,__tpi_cp_277_N25785,sa0,1
1011,test_en->__tpi_cp_276_N27292 /0 undetected,input_edge,test_en,__tpi_cp_276_N27292,__tpi_cp_276_N27292,0,undetected,__tpi_cp_276_N27292,__tpi_cp_276_N27292,__tpi_cp_276_N27292,sa0,1
1012,test_en->__tpi_cp_269_N27291 /0 undetected,input_edge,test_en,__tpi_cp_269_N27291,__tpi_cp_269_N27291,0,undetected,__tpi_cp_269_N27291,__tpi_cp_269_N27291,__tpi_cp_269_N27291,sa0,1
1013,__tpi_not_test_en->__tpi_cp_308_N49774 /1 undetected,input_edge,__tpi_not_test_en,__tpi_cp_308_N49774,__tpi_cp_308_N49774,1,undetected,__tpi_cp_308_N49774,__tpi_cp_308_N49774,__tpi_cp_308_N49774,sa1,1
1014,__tpi_not_test_en->__tpi_cp_316___buf_split_22752 /1 undetected,input_edge,__tpi_not_test_en,__tpi_cp_316___buf_split_22752,__tpi_cp_316___buf_split_22752,1,undetected,__tpi_cp_316___buf_split_22752,__tpi_cp_316___buf_split_22752,__tpi_cp_316___buf_split_22752,sa1,1
1015,__tpi_not_test_en->__tpi_cp_331_N49838 /1 undetected,input_edge,__tpi_not_test_en,__tpi_cp_331_N49838,__tpi_cp_331_N49838,1,undetected,__tpi_cp_331_N49838,__tpi_cp_331_N49838,__tpi_cp_331_N49838,sa1,1
1016,__tpi_not_test_en->__tpi_cp_337___buf_split_22753 /1 undetected,input_edge,__tpi_not_test_en,__tpi_cp_337___buf_split_22753,__tpi_cp_337___buf_split_22753,1,undetected,__tpi_cp_337___buf_split_22753,__tpi_cp_337___buf_split_22753,__tpi_cp_337___buf_split_22753,sa1,1
1017,N12548 /1 undetected,output,,N12548,N12548,1,undetected,N12548,N12548,N12548,sa1,1
1018,N46091 /1 undetected,output,,N46091,N46091,1,undetected,N46091,N46091,N46091,sa1,1
1019,N55231 /1 undetected,output,,N55231,N55231,1,undetected,N55231,N55231,N55231,sa1,1
1020,N8020 /1 undetected,output,,N8020,N8020,1,undetected,N8020,N8020,N8020,sa1,1
1021,N7955 /1 undetected,output,,N7955,N7955,1,undetected,N7955,N7955,N7955,sa1,1
1022,N53837 /1 undetected,output,,N53837,N53837,1,undetected,N53837,N53837,N53837,sa1,1
1023,test_en->__tpi_cp_99_N33032 /0 undetected,input_edge,test_en,__tpi_cp_99_N33032,__tpi_cp_99_N33032,0,undetected,__tpi_cp_99_N33032,__tpi_cp_99_N33032,__tpi_cp_99_N33032,sa0,1
1024,test_en->__tpi_cp_301_N33030 /0 undetected,input_edge,test_en,__tpi_cp_301_N33030,__tpi_cp_301_N33030,0,undetected,__tpi_cp_301_N33030,__tpi_cp_301_N33030,__tpi_cp_301_N33030,sa0,1
1025,N55185 /1 undetected,output,,N55185,N55185,1,undetected,N55185,N55185,N55185,sa1,1
1026,N8674 /1 undetected,output,,N8674,N8674,1,undetected,N8674,N8674,N8674,sa1,1
1027,N54325 /1 undetected,output,,N54325,N54325,1,undetected,N54325,N54325,N54325,sa1,1
1028,N8654 /1 undetected,output,,N8654,N8654,1,undetected,N8654,N8654,N8654,sa1,1
1029,N8750 /1 undetected,output,,N8750,N8750,1,undetected,N8750,N8750,N8750,sa1,1
1030,N54324 /1 undetected,output,,N54324,N54324,1,undetected,N54324,N54324,N54324,sa1,1
1031,N54307 /1 undetected,output,,N54307,N54307,1,undetected,N54307,N54307,N54307,sa1,1
1032,N2484 /1 undetected,output,,N2484,N2484,1,undetected,N2484,N2484,N2484,sa1,1
1033,N41502 /1 undetected,output,,N41502,N41502,1,undetected,N41502,N41502,N41502,sa1,1
1034,N46092 /1 undetected,output,,N46092,N46092,1,undetected,N46092,N46092,N46092,sa1,1
1035,N4009 /1 undetected,output,,N4009,N4009,1,undetected,N4009,N4009,N4009,sa1,1
1036,N55232 /1 undetected,output,,N55232,N55232,1,undetected,N55232,N55232,N55232,sa1,1
1037,test_en->__tpi_cp_97_N32597 /0 undetected,input_edge,test_en,__tpi_cp_97_N32597,__tpi_cp_97_N32597,0,undetected,__tpi_cp_97_N32597,__tpi_cp_97_N32597,__tpi_cp_97_N32597,sa0,1
1038,test_en->__tpi_cp_100_N32162 /0 undetected,input_edge,test_en,__tpi_cp_100_N32162,__tpi_cp_100_N32162,0,undetected,__tpi_cp_100_N32162,__tpi_cp_100_N32162,__tpi_cp_100_N32162,sa0,1
1039,test_en->__tpi_cp_98_N29458 /0 undetected,input_edge,test_en,__tpi_cp_98_N29458,__tpi_cp_98_N29458,0,undetected,__tpi_cp_98_N29458,__tpi_cp_98_N29458,__tpi_cp_98_N29458,sa0,1
1040,N8022 /1 undetected,output,,N8022,N8022,1,undetected,N8022,N8022,N8022,sa1,1
1041,N7956 /1 undetected,output,,N7956,N7956,1,undetected,N7956,N7956,N7956,sa1,1
1042,N53735 /1 undetected,output,,N53735,N53735,1,undetected,N53735,N53735,N53735,sa1,1
1043,N8717 /0 undetected,output,,N8717,N8717,0,undetected,N8717,N8717,N8717,sa0,1
1044,N54305 /1 undetected,output,,N54305,N54305,1,undetected,N54305,N54305,N54305,sa1,1
1045,N8723 /1 undetected,output,,N8723,N8723,1,undetected,N8723,N8723,N8723,sa1,1
1046,N54328 /1 undetected,output,,N54328,N54328,1,undetected,N54328,N54328,N54328,sa1,1
1047,__tpi_not_test_en->__tpi_cp_77_N4120 /1 undetected,input_edge,__tpi_not_test_en,__tpi_cp_77_N4120,__tpi_cp_77_N4120,1,undetected,__tpi_cp_77_N4120,__tpi_cp_77_N4120,__tpi_cp_77_N4120,sa1,1
1048,test_en->__tpi_cp_121_N21154 /0 undetected,input_edge,test_en,__tpi_cp_121_N21154,__tpi_cp_121_N21154,0,undetected,__tpi_cp_121_N21154,__tpi_cp_121_N21154,__tpi_cp_121_N21154,sa0,1
1049,test_en->__tpi_cp_275_N21153 /0 undetected,input_edge,test_en,__tpi_cp_275_N21153,__tpi_cp_275_N21153,0,undetected,__tpi_cp_275_N21153,__tpi_cp_275_N21153,__tpi_cp_275_N21153,sa0,1
1050,N6379 /1 undetected,output,,N6379,N6379,1,undetected,N6379,N6379,N6379,sa1,1
1051,test_en->__tpi_cp_292_N27368 /0 undetected,input_edge,test_en,__tpi_cp_292_N27368,__tpi_cp_292_N27368,0,undetected,__tpi_cp_292_N27368,__tpi_cp_292_N27368,__tpi_cp_292_N27368,sa0,1
1052,N27368 /0 undetected,output,,N27368,N27368,0,undetected,N27368,N27368,N27368,sa0,1
1053,N48300 /1 undetected,output,,N48300,N48300,1,undetected,N48300,N48300,N48300,sa1,1
1054,test_en->__tpi_cp_274_N27366 /0 undetected,input_edge,test_en,__tpi_cp_274_N27366,__tpi_cp_274_N27366,0,undetected,__tpi_cp_274_N27366,__tpi_cp_274_N27366,__tpi_cp_274_N27366,sa0,1
1055,test_en->__tpi_cp_253_N27367 /0 undetected,input_edge,test_en,__tpi_cp_253_N27367,__tpi_cp_253_N27367,0,undetected,__tpi_cp_253_N27367,__tpi_cp_253_N27367,__tpi_cp_253_N27367,sa0,1
1056,__tpi_not_test_en->__tpi_cp_66_N20226 /1 undetected,input_edge,__tpi_not_test_en,__tpi_cp_66_N20226,__tpi_cp_66_N20226,1,undetected,__tpi_cp_66_N20226,__tpi_cp_66_N20226,__tpi_cp_66_N20226,sa1,1
1057,__tpi_not_test_en->__tpi_cp_108_N20225 /1 undetected,input_edge,__tpi_not_test_en,__tpi_cp_108_N20225,__tpi_cp_108_N20225,1,undetected,__tpi_cp_108_N20225,__tpi_cp_108_N20225,__tpi_cp_108_N20225,sa1,1
1058,__tpi_not_test_en->__tpi_cp_114_N20224 /1 undetected,input_edge,__tpi_not_test_en,__tpi_cp_114_N20224,__tpi_cp_114_N20224,1,undetected,__tpi_cp_114_N20224,__tpi_cp_114_N20224,__tpi_cp_114_N20224,sa1,1
1059,__tpi_not_test_en->__tpi_cp_55_N2410 /1 undetected,input_edge,__tpi_not_test_en,__tpi_cp_55_N2410,__tpi_cp_55_N2410,1,undetected,__tpi_cp_55_N2410,__tpi_cp_55_N2410,__tpi_cp_55_N2410,sa1,1
1060,__tpi_not_test_en->__tpi_cp_70_N24266 /1 undetected,input_edge,__tpi_not_test_en,__tpi_cp_70_N24266,__tpi_cp_70_N24266,1,undetected,__tpi_cp_70_N24266,__tpi_cp_70_N24266,__tpi_cp_70_N24266,sa1,1
1061,__tpi_not_test_en->__tpi_cp_116_N2409 /1 undetected,input_edge,__tpi_not_test_en,__tpi_cp_116_N2409,__tpi_cp_116_N2409,1,undetected,__tpi_cp_116_N2409,__tpi_cp_116_N2409,__tpi_cp_116_N2409,sa1,1
1062,__tpi_not_test_en->__tpi_cp_68_N24265 /1 undetected,input_edge,__tpi_not_test_en,__tpi_cp_68_N24265,__tpi_cp_68_N24265,1,undetected,__tpi_cp_68_N24265,__tpi_cp_68_N24265,__tpi_cp_68_N24265,sa1,1
1063,__tpi_not_test_en->__tpi_cp_115_N2408 /1 undetected,input_edge,__tpi_not_test_en,__tpi_cp_115_N2408,__tpi_cp_115_N2408,1,undetected,__tpi_cp_115_N2408,__tpi_cp_115_N2408,__tpi_cp_115_N2408,sa1,1
1064,__tpi_not_test_en->__tpi_cp_150_N24264 /1 undetected,input_edge,__tpi_not_test_en,__tpi_cp_150_N24264,__tpi_cp_150_N24264,1,undetected,__tpi_cp_150_N24264,__tpi_cp_150_N24264,__tpi_cp_150_N24264,sa1,1
1065,__tpi_not_test_en->__tpi_cp_149_N41528 /1 undetected,input_edge,__tpi_not_test_en,__tpi_cp_149_N41528,__tpi_cp_149_N41528,1,undetected,__tpi_cp_149_N41528,__tpi_cp_149_N41528,__tpi_cp_149_N41528,sa1,1
1066,__tpi_not_test_en->__tpi_cp_151_N39837 /1 undetected,input_edge,__tpi_not_test_en,__tpi_cp_151_N39837,__tpi_cp_151_N39837,1,undetected,__tpi_cp_151_N39837,__tpi_cp_151_N39837,__tpi_cp_151_N39837,sa1,1
1067,__tpi_not_test_en->__tpi_cp_109_N2411 /1 undetected,input_edge,__tpi_not_test_en,__tpi_cp_109_N2411,__tpi_cp_109_N2411,1,undetected,__tpi_cp_109_N2411,__tpi_cp_109_N2411,__tpi_cp_109_N2411,sa1,1
1068,__tpi_not_test_en->__tpi_cp_124_N24267 /1 undetected,input_edge,__tpi_not_test_en,__tpi_cp_124_N24267,__tpi_cp_124_N24267,1,undetected,__tpi_cp_124_N24267,__tpi_cp_124_N24267,__tpi_cp_124_N24267,sa1,1
1069,__tpi_not_test_en->__tpi_cp_145_N53772 /1 undetected,input_edge,__tpi_not_test_en,__tpi_cp_145_N53772,__tpi_cp_145_N53772,1,undetected,__tpi_cp_145_N53772,__tpi_cp_145_N53772,__tpi_cp_145_N53772,sa1,1
1070,__tpi_not_test_en->__tpi_cp_54___buf_split_20738 /1 undetected,input_edge,__tpi_not_test_en,__tpi_cp_54___buf_split_20738,__tpi_cp_54___buf_split_20738,1,undetected,__tpi_cp_54___buf_split_20738,__tpi_cp_54___buf_split_20738,__tpi_cp_54___buf_split_20738,sa1,1
1071,__tpi_not_test_en->__tpi_cp_144_N41498 /1 undetected,input_edge,__tpi_not_test_en,__tpi_cp_144_N41498,__tpi_cp_144_N41498,1,undetected,__tpi_cp_144_N41498,__tpi_cp_144_N41498,__tpi_cp_144_N41498,sa1,1
1072,__tpi_not_test_en->__tpi_cp_264___buf_split_4534 /1 undetected,input_edge,__tpi_not_test_en,__tpi_cp_264___buf_split_4534,__tpi_cp_264___buf_split_4534,1,undetected,__tpi_cp_264___buf_split_4534,__tpi_cp_264___buf_split_4534,__tpi_cp_264___buf_split_4534,sa1,1
1073,N7982 /1 undetected,output,,N7982,N7982,1,undetected,N7982,N7982,N7982,sa1,1
1074,N40199 /1 undetected,output,,N40199,N40199,1,undetected,N40199,N40199,N40199,sa1,1
1075,N7908 /0 undetected,output,,N7908,N7908,0,undetected,N7908,N7908,N7908,sa0,1
1076,N40201 /1 undetected,output,,N40201,N40201,1,undetected,N40201,N40201,N40201,sa1,1
1077,N40172 /1 undetected,output,,N40172,N40172,1,undetected,N40172,N40172,N40172,sa1,1
1078,test_en->__tpi_cp_268_N21212 /0 undetected,input_edge,test_en,__tpi_cp_268_N21212,__tpi_cp_268_N21212,0,undetected,__tpi_cp_268_N21212,__tpi_cp_268_N21212,__tpi_cp_268_N21212,sa0,1
1079,test_en->__tpi_cp_278_N27296 /0 undetected,input_edge,test_en,__tpi_cp_278_N27296,__tpi_cp_278_N27296,0,undetected,__tpi_cp_278_N27296,__tpi_cp_278_N27296,__tpi_cp_278_N27296,sa0,1
1080,test_en->__tpi_cp_265_N27295 /0 undetected,input_edge,test_en,__tpi_cp_265_N27295,__tpi_cp_265_N27295,0,undetected,__tpi_cp_265_N27295,__tpi_cp_265_N27295,__tpi_cp_265_N27295,sa0,1
1081,N47350 /1 undetected,output,,N47350,N47350,1,undetected,N47350,N47350,N47350,sa1,1
1082,N44442 /1 undetected,output,,N44442,N44442,1,undetected,N44442,N44442,N44442,sa1,1
1083,N3408 /1 undetected,output,,N3408,N3408,1,undetected,N3408,N3408,N3408,sa1,1
1084,N46159 /1 undetected,output,,N46159,N46159,1,undetected,N46159,N46159,N46159,sa1,1
1085,N3409 /1 undetected,output,,N3409,N3409,1,undetected,N3409,N3409,N3409,sa1,1
1086,N42806 /1 undetected,output,,N42806,N42806,1,undetected,N42806,N42806,N42806,sa1,1
1087,N8752 /1 undetected,output,,N8752,N8752,1,undetected,N8752,N8752,N8752,sa1,1
1088,N54329 /1 undetected,output,,N54329,N54329,1,undetected,N54329,N54329,N54329,sa1,1
1089,N54304 /1 undetected,output,,N54304,N54304,1,undetected,N54304,N54304,N54304,sa1,1
1090,N8653 /1 undetected,output,,N8653,N8653,1,undetected,N8653,N8653,N8653,sa1,1
1091,N54330 /1 undetected,output,,N54330,N54330,1,undetected,N54330,N54330,N54330,sa1,1
1092,N8655 /1 undetected,output,,N8655,N8655,1,undetected,N8655,N8655,N8655,sa1,1
1093,N12365 /1 undetected,output,,N12365,N12365,1,undetected,N12365,N12365,N12365,sa1,1
1094,N12308 /1 undetected,output,,N12308,N12308,1,undetected,N12308,N12308,N12308,sa1,1
1095,N8005 /0 undetected,output,,N8005,N8005,0,undetected,N8005,N8005,N8005,sa0,1
1096,N8024 /1 undetected,output,,N8024,N8024,1,undetected,N8024,N8024,N8024,sa1,1
1097,N7953 /1 undetected,output,,N7953,N7953,1,undetected,N7953,N7953,N7953,sa1,1
1098,N53733 /1 undetected,output,,N53733,N53733,1,undetected,N53733,N53733,N53733,sa1,1
1099,N8676 /1 undetected,output,,N8676,N8676,1,undetected,N8676,N8676,N8676,sa1,1
1100,N8676 /0 undetected,output,,N8676,N8676,0,undetected,N8676,N8676,N8676,sa0,1
1101,N8716 /0 undetected,output,,N8716,N8716,0,undetected,N8716,N8716,N8716,sa0,1
1102,N54302 /1 undetected,output,,N54302,N54302,1,undetected,N54302,N54302,N54302,sa1,1
1103,N8725 /1 undetected,output,,N8725,N8725,1,undetected,N8725,N8725,N8725,sa1,1
1104,N54333 /1 undetected,output,,N54333,N54333,1,undetected,N54333,N54333,N54333,sa1,1
1105,N46093 /1 undetected,output,,N46093,N46093,1,undetected,N46093,N46093,N46093,sa1,1
1106,N4011 /1 undetected,output,,N4011,N4011,1,undetected,N4011,N4011,N4011,sa1,1
1107,N55233 /1 undetected,output,,N55233,N55233,1,undetected,N55233,N55233,N55233,sa1,1
1108,N7954 /1 undetected,output,,N7954,N7954,1,undetected,N7954,N7954,N7954,sa1,1
1109,N40075 /1 undetected,output,,N40075,N40075,1,undetected,N40075,N40075,N40075,sa1,1
1110,N47351 /1 undetected,output,,N47351,N47351,1,undetected,N47351,N47351,N47351,sa1,1
1111,N44443 /1 undetected,output,,N44443,N44443,1,undetected,N44443,N44443,N44443,sa1,1
1112,N46128 /1 undetected,output,,N46128,N46128,1,undetected,N46128,N46128,N46128,sa1,1
1113,N46160 /1 undetected,output,,N46160,N46160,1,undetected,N46160,N46160,N46160,sa1,1
1114,N1710 /1 undetected,output,,N1710,N1710,1,undetected,N1710,N1710,N1710,sa1,1
1115,N3412 /1 undetected,output,,N3412,N3412,1,undetected,N3412,N3412,N3412,sa1,1
1116,N42551 /1 undetected,output,,N42551,N42551,1,undetected,N42551,N42551,N42551,sa1,1
1117,N3410 /1 undetected,output,,N3410,N3410,1,undetected,N3410,N3410,N3410,sa1,1
1118,N47383 /1 undetected,output,,N47383,N47383,1,undetected,N47383,N47383,N47383,sa1,1
1119,N8754 /1 undetected,output,,N8754,N8754,1,undetected,N8754,N8754,N8754,sa1,1
1120,N54334 /1 undetected,output,,N54334,N54334,1,undetected,N54334,N54334,N54334,sa1,1
1121,N54301 /1 undetected,output,,N54301,N54301,1,undetected,N54301,N54301,N54301,sa1,1
1122,N8652 /1 undetected,output,,N8652,N8652,1,undetected,N8652,N8652,N8652,sa1,1
1123,N54335 /1 undetected,output,,N54335,N54335,1,undetected,N54335,N54335,N54335,sa1,1
1124,N8656 /1 undetected,output,,N8656,N8656,1,undetected,N8656,N8656,N8656,sa1,1
1125,N12249 /1 undetected,output,,N12249,N12249,1,undetected,N12249,N12249,N12249,sa1,1
1126,N12249 /0 undetected,output,,N12249,N12249,0,undetected,N12249,N12249,N12249,sa0,1
1127,N56723 /1 undetected,output,,N56723,N56723,1,undetected,N56723,N56723,N56723,sa1,1
1128,N22570 /1 undetected,output,,N22570,N22570,1,undetected,N22570,N22570,N22570,sa1,1
1129,N22569 /1 undetected,output,,N22569,N22569,1,undetected,N22569,N22569,N22569,sa1,1
1130,N12361 /1 undetected,output,,N12361,N12361,1,undetected,N12361,N12361,N12361,sa1,1
1131,N56720 /1 undetected,output,,N56720,N56720,1,undetected,N56720,N56720,N56720,sa1,1
1132,N12321 /1 undetected,output,,N12321,N12321,1,undetected,N12321,N12321,N12321,sa1,1
1133,N45873 /1 undetected,output,,N45873,N45873,1,undetected,N45873,N45873,N45873,sa1,1
1134,N12272 /1 undetected,output,,N12272,N12272,1,undetected,N12272,N12272,N12272,sa1,1
1135,N12322 /1 undetected,output,,N12322,N12322,1,undetected,N12322,N12322,N12322,sa1,1
1136,N12362 /1 undetected,output,,N12362,N12362,1,undetected,N12362,N12362,N12362,sa1,1
1137,N45865 /1 undetected,output,,N45865,N45865,1,undetected,N45865,N45865,N45865,sa1,1
1138,N12266 /1 undetected,output,,N12266,N12266,1,undetected,N12266,N12266,N12266,sa1,1
1139,N12360 /1 undetected,output,,N12360,N12360,1,undetected,N12360,N12360,N12360,sa1,1
1140,N56745 /1 undetected,output,,N56745,N56745,1,undetected,N56745,N56745,N56745,sa1,1
1141,N12320 /1 undetected,output,,N12320,N12320,1,undetected,N12320,N12320,N12320,sa1,1
1142,N45869 /1 undetected,output,,N45869,N45869,1,undetected,N45869,N45869,N45869,sa1,1
1143,N12268 /1 undetected,output,,N12268,N12268,1,undetected,N12268,N12268,N12268,sa1,1
1144,N12363 /1 undetected,output,,N12363,N12363,1,undetected,N12363,N12363,N12363,sa1,1
1145,N45858 /1 undetected,output,,N45858,N45858,1,undetected,N45858,N45858,N45858,sa1,1
1146,N12265 /1 undetected,output,,N12265,N12265,1,undetected,N12265,N12265,N12265,sa1,1
1147,N8004 /0 undetected,output,,N8004,N8004,0,undetected,N8004,N8004,N8004,sa0,1
1148,N8026 /1 undetected,output,,N8026,N8026,1,undetected,N8026,N8026,N8026,sa1,1
1149,N7951 /1 undetected,output,,N7951,N7951,1,undetected,N7951,N7951,N7951,sa1,1
1150,N53731 /1 undetected,output,,N53731,N53731,1,undetected,N53731,N53731,N53731,sa1,1
1151,N12248 /1 undetected,output,,N12248,N12248,1,undetected,N12248,N12248,N12248,sa1,1
1152,N12248 /0 undetected,output,,N12248,N12248,0,undetected,N12248,N12248,N12248,sa0,1
1153,N56746 /1 undetected,output,,N56746,N56746,1,undetected,N56746,N56746,N56746,sa1,1
1154,N12359 /1 undetected,output,,N12359,N12359,1,undetected,N12359,N12359,N12359,sa1,1
1155,N45854 /1 undetected,output,,N45854,N45854,1,undetected,N45854,N45854,N45854,sa1,1
1156,N12263 /1 undetected,output,,N12263,N12263,1,undetected,N12263,N12263,N12263,sa1,1
1157,N46094 /1 undetected,output,,N46094,N46094,1,undetected,N46094,N46094,N46094,sa1,1
1158,N4013 /1 undetected,output,,N4013,N4013,1,undetected,N4013,N4013,N4013,sa1,1
1159,N55234 /1 undetected,output,,N55234,N55234,1,undetected,N55234,N55234,N55234,sa1,1
1160,N42809 /1 undetected,output,,N42809,N42809,1,undetected,N42809,N42809,N42809,sa1,1
1161,N7952 /1 undetected,output,,N7952,N7952,1,undetected,N7952,N7952,N7952,sa1,1
1162,N40147 /1 undetected,output,,N40147,N40147,1,undetected,N40147,N40147,N40147,sa1,1
1163,N8715 /0 undetected,output,,N8715,N8715,0,undetected,N8715,N8715,N8715,sa0,1
1164,N54299 /1 undetected,output,,N54299,N54299,1,undetected,N54299,N54299,N54299,sa1,1
1165,N8727 /1 undetected,output,,N8727,N8727,1,undetected,N8727,N8727,N8727,sa1,1
1166,N54338 /1 undetected,output,,N54338,N54338,1,undetected,N54338,N54338,N54338,sa1,1
1167,N47352 /1 undetected,output,,N47352,N47352,1,undetected,N47352,N47352,N47352,sa1,1
1168,N44444 /1 undetected,output,,N44444,N44444,1,undetected,N44444,N44444,N44444,sa1,1
1169,N3415 /1 undetected,output,,N3415,N3415,1,undetected,N3415,N3415,N3415,sa1,1
1170,N43261 /1 undetected,output,,N43261,N43261,1,undetected,N43261,N43261,N43261,sa1,1
1171,N12358 /1 undetected,output,,N12358,N12358,1,undetected,N12358,N12358,N12358,sa1,1
1172,N12358 /0 undetected,output,,N12358,N12358,0,undetected,N12358,N12358,N12358,sa0,1
1173,N45850 /1 undetected,output,,N45850,N45850,1,undetected,N45850,N45850,N45850,sa1,1
1174,N12305 /1 undetected,output,,N12305,N12305,1,undetected,N12305,N12305,N12305,sa1,1
1175,N8678 /1 undetected,output,,N8678,N8678,1,undetected,N8678,N8678,N8678,sa1,1
1176,N8678 /0 undetected,output,,N8678,N8678,0,undetected,N8678,N8678,N8678,sa0,1
1177,N8756 /1 undetected,output,,N8756,N8756,1,undetected,N8756,N8756,N8756,sa1,1
1178,N54339 /1 undetected,output,,N54339,N54339,1,undetected,N54339,N54339,N54339,sa1,1
1179,N54298 /1 undetected,output,,N54298,N54298,1,undetected,N54298,N54298,N54298,sa1,1
1180,N8651 /1 undetected,output,,N8651,N8651,1,undetected,N8651,N8651,N8651,sa1,1
1181,N54340 /1 undetected,output,,N54340,N54340,1,undetected,N54340,N54340,N54340,sa1,1
1182,N8657 /1 undetected,output,,N8657,N8657,1,undetected,N8657,N8657,N8657,sa1,1
1183,N8003 /0 undetected,output,,N8003,N8003,0,undetected,N8003,N8003,N8003,sa0,1
1184,N8028 /1 undetected,output,,N8028,N8028,1,undetected,N8028,N8028,N8028,sa1,1
1185,N7949 /1 undetected,output,,N7949,N7949,1,undetected,N7949,N7949,N7949,sa1,1
1186,N53729 /1 undetected,output,,N53729,N53729,1,undetected,N53729,N53729,N53729,sa1,1
1187,test_en->__tpi_cp_89_N37464 /0 undetected,input_edge,test_en,__tpi_cp_89_N37464,__tpi_cp_89_N37464,0,undetected,__tpi_cp_89_N37464,__tpi_cp_89_N37464,__tpi_cp_89_N37464,sa0,1
1188,test_en->__tpi_cp_334_N37462 /0 undetected,input_edge,test_en,__tpi_cp_334_N37462,__tpi_cp_334_N37462,0,undetected,__tpi_cp_334_N37462,__tpi_cp_334_N37462,__tpi_cp_334_N37462,sa0,1
1189,test_en->__tpi_cp_67_N36070 /0 undetected,input_edge,test_en,__tpi_cp_67_N36070,__tpi_cp_67_N36070,0,undetected,__tpi_cp_67_N36070,__tpi_cp_67_N36070,__tpi_cp_67_N36070,sa0,1
1190,test_en->__tpi_cp_69_N35634 /0 undetected,input_edge,test_en,__tpi_cp_69_N35634,__tpi_cp_69_N35634,0,undetected,__tpi_cp_69_N35634,__tpi_cp_69_N35634,__tpi_cp_69_N35634,sa0,1
1191,test_en->__tpi_cp_325_N35632 /0 undetected,input_edge,test_en,__tpi_cp_325_N35632,__tpi_cp_325_N35632,0,undetected,__tpi_cp_325_N35632,__tpi_cp_325_N35632,__tpi_cp_325_N35632,sa0,1
1192,test_en->__tpi_cp_91_N35198 /0 undetected,input_edge,test_en,__tpi_cp_91_N35198,__tpi_cp_91_N35198,0,undetected,__tpi_cp_91_N35198,__tpi_cp_91_N35198,__tpi_cp_91_N35198,sa0,1
1193,test_en->__tpi_cp_338_N35196 /0 undetected,input_edge,test_en,__tpi_cp_338_N35196,__tpi_cp_338_N35196,0,undetected,__tpi_cp_338_N35196,__tpi_cp_338_N35196,__tpi_cp_338_N35196,sa0,1
1194,N46095 /1 undetected,output,,N46095,N46095,1,undetected,N46095,N46095,N46095,sa1,1
1195,N4015 /1 undetected,output,,N4015,N4015,1,undetected,N4015,N4015,N4015,sa1,1
1196,N55235 /1 undetected,output,,N55235,N55235,1,undetected,N55235,N55235,N55235,sa1,1
1197,N7950 /1 undetected,output,,N7950,N7950,1,undetected,N7950,N7950,N7950,sa1,1
1198,N40128 /1 undetected,output,,N40128,N40128,1,undetected,N40128,N40128,N40128,sa1,1
1199,N3337 /1 undetected,output,,N3337,N3337,1,undetected,N3337,N3337,N3337,sa1,1
1200,N45851 /1 undetected,output,,N45851,N45851,1,undetected,N45851,N45851,N45851,sa1,1
1201,N44445 /1 undetected,output,,N44445,N44445,1,undetected,N44445,N44445,N44445,sa1,1
1202,N46130 /1 undetected,output,,N46130,N46130,1,undetected,N46130,N46130,N46130,sa1,1
1203,N46162 /1 undetected,output,,N46162,N46162,1,undetected,N46162,N46162,N46162,sa1,1
1204,N45852 /1 undetected,output,,N45852,N45852,1,undetected,N45852,N45852,N45852,sa1,1
1205,N1712 /1 undetected,output,,N1712,N1712,1,undetected,N1712,N1712,N1712,sa1,1
1206,N3418 /1 undetected,output,,N3418,N3418,1,undetected,N3418,N3418,N3418,sa1,1
1207,N43312 /1 undetected,output,,N43312,N43312,1,undetected,N43312,N43312,N43312,sa1,1
1208,N3416 /1 undetected,output,,N3416,N3416,1,undetected,N3416,N3416,N3416,sa1,1
1209,N47385 /1 undetected,output,,N47385,N47385,1,undetected,N47385,N47385,N47385,sa1,1
1210,N8714 /0 undetected,output,,N8714,N8714,0,undetected,N8714,N8714,N8714,sa0,1
1211,N54296 /1 undetected,output,,N54296,N54296,1,undetected,N54296,N54296,N54296,sa1,1
1212,N8729 /1 undetected,output,,N8729,N8729,1,undetected,N8729,N8729,N8729,sa1,1
1213,N54343 /1 undetected,output,,N54343,N54343,1,undetected,N54343,N54343,N54343,sa1,1
1214,N8680 /1 undetected,output,,N8680,N8680,1,undetected,N8680,N8680,N8680,sa1,1
1215,N8680 /0 undetected,output,,N8680,N8680,0,undetected,N8680,N8680,N8680,sa0,1
1216,N8002 /0 undetected,output,,N8002,N8002,0,undetected,N8002,N8002,N8002,sa0,1
1217,N8758 /1 undetected,output,,N8758,N8758,1,undetected,N8758,N8758,N8758,sa1,1
1218,N54344 /1 undetected,output,,N54344,N54344,1,undetected,N54344,N54344,N54344,sa1,1
1219,N54295 /1 undetected,output,,N54295,N54295,1,undetected,N54295,N54295,N54295,sa1,1
1220,N8650 /1 undetected,output,,N8650,N8650,1,undetected,N8650,N8650,N8650,sa1,1
1221,N54345 /1 undetected,output,,N54345,N54345,1,undetected,N54345,N54345,N54345,sa1,1
1222,N8658 /1 undetected,output,,N8658,N8658,1,undetected,N8658,N8658,N8658,sa1,1
1223,N8030 /1 undetected,output,,N8030,N8030,1,undetected,N8030,N8030,N8030,sa1,1
1224,N7947 /1 undetected,output,,N7947,N7947,1,undetected,N7947,N7947,N7947,sa1,1
1225,N53727 /1 undetected,output,,N53727,N53727,1,undetected,N53727,N53727,N53727,sa1,1
1226,__tpi_not_test_en->__tpi_cp_156_N50150 /1 undetected,input_edge,__tpi_not_test_en,__tpi_cp_156_N50150,__tpi_cp_156_N50150,1,undetected,__tpi_cp_156_N50150,__tpi_cp_156_N50150,__tpi_cp_156_N50150,sa1,1
1227,__tpi_not_test_en->__tpi_cp_157___buf_split_20433 /1 undetected,input_edge,__tpi_not_test_en,__tpi_cp_157___buf_split_20433,__tpi_cp_157___buf_split_20433,1,undetected,__tpi_cp_157___buf_split_20433,__tpi_cp_157___buf_split_20433,__tpi_cp_157___buf_split_20433,sa1,1
1228,__tpi_not_test_en->__tpi_cp_142_N44227 /1 undetected,input_edge,__tpi_not_test_en,__tpi_cp_142_N44227,__tpi_cp_142_N44227,1,undetected,__tpi_cp_142_N44227,__tpi_cp_142_N44227,__tpi_cp_142_N44227,sa1,1
1229,__tpi_not_test_en->__tpi_cp_294___buf_split_20431 /1 undetected,input_edge,__tpi_not_test_en,__tpi_cp_294___buf_split_20431,__tpi_cp_294___buf_split_20431,1,undetected,__tpi_cp_294___buf_split_20431,__tpi_cp_294___buf_split_20431,__tpi_cp_294___buf_split_20431,sa1,1
1230,N1414 /1 undetected,output,,N1414,N1414,1,undetected,N1414,N1414,N1414,sa1,1
1231,N46096 /1 undetected,output,,N46096,N46096,1,undetected,N46096,N46096,N46096,sa1,1
1232,N43265 /1 undetected,output,,N43265,N43265,1,undetected,N43265,N43265,N43265,sa1,1
1233,N4017 /1 undetected,output,,N4017,N4017,1,undetected,N4017,N4017,N4017,sa1,1
1234,N55236 /1 undetected,output,,N55236,N55236,1,undetected,N55236,N55236,N55236,sa1,1
1235,N43264 /1 undetected,output,,N43264,N43264,1,undetected,N43264,N43264,N43264,sa1,1
1236,N7948 /1 undetected,output,,N7948,N7948,1,undetected,N7948,N7948,N7948,sa1,1
1237,N40190 /1 undetected,output,,N40190,N40190,1,undetected,N40190,N40190,N40190,sa1,1
1238,N3339 /1 undetected,output,,N3339,N3339,1,undetected,N3339,N3339,N3339,sa1,1
1239,N45855 /1 undetected,output,,N45855,N45855,1,undetected,N45855,N45855,N45855,sa1,1
1240,N44446 /1 undetected,output,,N44446,N44446,1,undetected,N44446,N44446,N44446,sa1,1
1241,N46131 /1 undetected,output,,N46131,N46131,1,undetected,N46131,N46131,N46131,sa1,1
1242,N908 /1 undetected,output,,N908,N908,1,undetected,N908,N908,N908,sa1,1
1243,N46163 /1 undetected,output,,N46163,N46163,1,undetected,N46163,N46163,N46163,sa1,1
1244,N45856 /1 undetected,output,,N45856,N45856,1,undetected,N45856,N45856,N45856,sa1,1
1245,N1713 /1 undetected,output,,N1713,N1713,1,undetected,N1713,N1713,N1713,sa1,1
1246,N3421 /1 undetected,output,,N3421,N3421,1,undetected,N3421,N3421,N3421,sa1,1
1247,N47466 /1 undetected,output,,N47466,N47466,1,undetected,N47466,N47466,N47466,sa1,1
1248,N43523 /1 undetected,output,,N43523,N43523,1,undetected,N43523,N43523,N43523,sa1,1
1249,N3419 /1 undetected,output,,N3419,N3419,1,undetected,N3419,N3419,N3419,sa1,1
1250,N47386 /1 undetected,output,,N47386,N47386,1,undetected,N47386,N47386,N47386,sa1,1
1251,N46857 /1 undetected,output,,N46857,N46857,1,undetected,N46857,N46857,N46857,sa1,1
1252,N10110 /1 undetected,output,,N10110,N10110,1,undetected,N10110,N10110,N10110,sa1,1
1253,N8713 /0 undetected,output,,N8713,N8713,0,undetected,N8713,N8713,N8713,sa0,1
1254,N54293 /1 undetected,output,,N54293,N54293,1,undetected,N54293,N54293,N54293,sa1,1
1255,N8731 /1 undetected,output,,N8731,N8731,1,undetected,N8731,N8731,N8731,sa1,1
1256,N54348 /1 undetected,output,,N54348,N54348,1,undetected,N54348,N54348,N54348,sa1,1
1257,N16750 /1 undetected,output,,N16750,N16750,1,undetected,N16750,N16750,N16750,sa1,1
1258,N16684 /1 undetected,output,,N16684,N16684,1,undetected,N16684,N16684,N16684,sa1,1
1259,N49897 /1 undetected,output,,N49897,N49897,1,undetected,N49897,N49897,N49897,sa1,1
1260,N16639 /1 undetected,output,,N16639,N16639,1,undetected,N16639,N16639,N16639,sa1,1
1261,N16681 /1 undetected,output,,N16681,N16681,1,undetected,N16681,N16681,N16681,sa1,1
1262,N22847 /1 undetected,output,,N22847,N22847,1,undetected,N22847,N22847,N22847,sa1,1
1263,N16740 /1 undetected,output,,N16740,N16740,1,undetected,N16740,N16740,N16740,sa1,1
1264,N49830 /1 undetected,output,,N49830,N49830,1,undetected,N49830,N49830,N49830,sa1,1
1265,N16739 /1 undetected,output,,N16739,N16739,1,undetected,N16739,N16739,N16739,sa1,1
1266,N34929 /1 undetected,output,,N34929,N34929,1,undetected,N34929,N34929,N34929,sa1,1
1267,N34928 /1 undetected,output,,N34928,N34928,1,undetected,N34928,N34928,N34928,sa1,1
1268,N16738 /1 undetected,output,,N16738,N16738,1,undetected,N16738,N16738,N16738,sa1,1
1269,N49900 /1 undetected,output,,N49900,N49900,1,undetected,N49900,N49900,N49900,sa1,1
1270,N49898 /1 undetected,output,,N49898,N49898,1,undetected,N49898,N49898,N49898,sa1,1
1271,N4149 /1 undetected,output,,N4149,N4149,1,undetected,N4149,N4149,N4149,sa1,1
1272,N6444 /1 undetected,output,,N6444,N6444,1,undetected,N6444,N6444,N6444,sa1,1
1273,N53049 /1 undetected,output,,N53049,N53049,1,undetected,N53049,N53049,N53049,sa1,1
1274,N49388 /1 undetected,output,,N49388,N49388,1,undetected,N49388,N49388,N49388,sa1,1
1275,N6443 /1 undetected,output,,N6443,N6443,1,undetected,N6443,N6443,N6443,sa1,1
1276,N52985 /1 undetected,output,,N52985,N52985,1,undetected,N52985,N52985,N52985,sa1,1
1277,N50439 /1 undetected,output,,N50439,N50439,1,undetected,N50439,N50439,N50439,sa1,1
1278,N16745 /1 undetected,output,,N16745,N16745,1,undetected,N16745,N16745,N16745,sa1,1
1279,N16744 /1 undetected,output,,N16744,N16744,1,undetected,N16744,N16744,N16744,sa1,1
1280,N49893 /1 undetected,output,,N49893,N49893,1,undetected,N49893,N49893,N49893,sa1,1
1281,N16637 /1 undetected,output,,N16637,N16637,1,undetected,N16637,N16637,N16637,sa1,1
1282,N49891 /1 undetected,output,,N49891,N49891,1,undetected,N49891,N49891,N49891,sa1,1
1283,N16634 /1 undetected,output,,N16634,N16634,1,undetected,N16634,N16634,N16634,sa1,1
1284,N16742 /1 undetected,output,,N16742,N16742,1,undetected,N16742,N16742,N16742,sa1,1
1285,N59589 /1 undetected,output,,N59589,N59589,1,undetected,N59589,N59589,N59589,sa1,1
1286,N16685 /1 undetected,output,,N16685,N16685,1,undetected,N16685,N16685,N16685,sa1,1
1287,N49895 /1 undetected,output,,N49895,N49895,1,undetected,N49895,N49895,N49895,sa1,1
1288,N16638 /1 undetected,output,,N16638,N16638,1,undetected,N16638,N16638,N16638,sa1,1
1289,N8001 /0 undetected,output,,N8001,N8001,0,undetected,N8001,N8001,N8001,sa0,1
1290,__tpi_not_test_en->__tpi_cp_285_N1215 /1 undetected,input_edge,__tpi_not_test_en,__tpi_cp_285_N1215,__tpi_cp_285_N1215,1,undetected,__tpi_cp_285_N1215,__tpi_cp_285_N1215,__tpi_cp_285_N1215,sa1,1
1291,__tpi_not_test_en->__tpi_cp_61_N23503 /1 undetected,input_edge,__tpi_not_test_en,__tpi_cp_61_N23503,__tpi_cp_61_N23503,1,undetected,__tpi_cp_61_N23503,__tpi_cp_61_N23503,__tpi_cp_61_N23503,sa1,1
1292,__tpi_not_test_en->__tpi_cp_302_N45975 /1 undetected,input_edge,__tpi_not_test_en,__tpi_cp_302_N45975,__tpi_cp_302_N45975,1,undetected,__tpi_cp_302_N45975,__tpi_cp_302_N45975,__tpi_cp_302_N45975,sa1,1
1293,__tpi_not_test_en->__tpi_cp_303_N41069 /1 undetected,input_edge,__tpi_not_test_en,__tpi_cp_303_N41069,__tpi_cp_303_N41069,1,undetected,__tpi_cp_303_N41069,__tpi_cp_303_N41069,__tpi_cp_303_N41069,sa1,1
1294,__tpi_not_test_en->__tpi_cp_284_N4378 /1 undetected,input_edge,__tpi_not_test_en,__tpi_cp_284_N4378,__tpi_cp_284_N4378,1,undetected,__tpi_cp_284_N4378,__tpi_cp_284_N4378,__tpi_cp_284_N4378,sa1,1
1295,__tpi_not_test_en->__tpi_cp_62_N25827 /1 undetected,input_edge,__tpi_not_test_en,__tpi_cp_62_N25827,__tpi_cp_62_N25827,1,undetected,__tpi_cp_62_N25827,__tpi_cp_62_N25827,__tpi_cp_62_N25827,sa1,1
1296,__tpi_not_test_en->__tpi_cp_140_N51758 /1 undetected,input_edge,__tpi_not_test_en,__tpi_cp_140_N51758,__tpi_cp_140_N51758,1,undetected,__tpi_cp_140_N51758,__tpi_cp_140_N51758,__tpi_cp_140_N51758,sa1,1
1297,__tpi_not_test_en->__tpi_cp_141_N41005 /1 undetected,input_edge,__tpi_not_test_en,__tpi_cp_141_N41005,__tpi_cp_141_N41005,1,undetected,__tpi_cp_141_N41005,__tpi_cp_141_N41005,__tpi_cp_141_N41005,sa1,1
1298,N8032 /1 undetected,output,,N8032,N8032,1,undetected,N8032,N8032,N8032,sa1,1
1299,N7945 /1 undetected,output,,N7945,N7945,1,undetected,N7945,N7945,N7945,sa1,1
1300,N53725 /1 undetected,output,,N53725,N53725,1,undetected,N53725,N53725,N53725,sa1,1
1301,N8762 /1 undetected,output,,N8762,N8762,1,undetected,N8762,N8762,N8762,sa1,1
1302,N54349 /1 undetected,output,,N54349,N54349,1,undetected,N54349,N54349,N54349,sa1,1
1303,N54292 /1 undetected,output,,N54292,N54292,1,undetected,N54292,N54292,N54292,sa1,1
1304,N8649 /1 undetected,output,,N8649,N8649,1,undetected,N8649,N8649,N8649,sa1,1
1305,N54350 /1 undetected,output,,N54350,N54350,1,undetected,N54350,N54350,N54350,sa1,1
1306,N8659 /1 undetected,output,,N8659,N8659,1,undetected,N8659,N8659,N8659,sa1,1
1307,N12247 /1 undetected,output,,N12247,N12247,1,undetected,N12247,N12247,N12247,sa1,1
1308,N12247 /0 undetected,output,,N12247,N12247,0,undetected,N12247,N12247,N12247,sa0,1
1309,N56744 /1 undetected,output,,N56744,N56744,1,undetected,N56744,N56744,N56744,sa1,1
1310,N12357 /1 undetected,output,,N12357,N12357,1,undetected,N12357,N12357,N12357,sa1,1
1311,N45715 /1 undetected,output,,N45715,N45715,1,undetected,N45715,N45715,N45715,sa1,1
1312,N12267 /1 undetected,output,,N12267,N12267,1,undetected,N12267,N12267,N12267,sa1,1
1313,__tpi_not_test_en->__tpi_cp_327_N59536 /1 undetected,input_edge,__tpi_not_test_en,__tpi_cp_327_N59536,__tpi_cp_327_N59536,1,undetected,__tpi_cp_327_N59536,__tpi_cp_327_N59536,__tpi_cp_327_N59536,sa1,1
1314,test_en->__tpi_cp_286___buf_split_19880 /0 undetected,input_edge,test_en,__tpi_cp_286___buf_split_19880,__tpi_cp_286___buf_split_19880,0,undetected,__tpi_cp_286___buf_split_19880,__tpi_cp_286___buf_split_19880,__tpi_cp_286___buf_split_19880,sa0,1
1315,__tpi_not_test_en->__tpi_cp_311_N22836 /1 undetected,input_edge,__tpi_not_test_en,__tpi_cp_311_N22836,__tpi_cp_311_N22836,1,undetected,__tpi_cp_311_N22836,__tpi_cp_311_N22836,__tpi_cp_311_N22836,sa1,1
1316,test_en->__tpi_cp_120_N22835 /0 undetected,input_edge,test_en,__tpi_cp_120_N22835,__tpi_cp_120_N22835,0,undetected,__tpi_cp_120_N22835,__tpi_cp_120_N22835,__tpi_cp_120_N22835,sa0,1
1317,test_en->__tpi_cp_59_N34908 /0 undetected,input_edge,test_en,__tpi_cp_59_N34908,__tpi_cp_59_N34908,0,undetected,__tpi_cp_59_N34908,__tpi_cp_59_N34908,__tpi_cp_59_N34908,sa0,1
1318,test_en->__tpi_cp_60_N16674 /0 undetected,input_edge,test_en,__tpi_cp_60_N16674,__tpi_cp_60_N16674,0,undetected,__tpi_cp_60_N16674,__tpi_cp_60_N16674,__tpi_cp_60_N16674,sa0,1
1319,test_en->__tpi_cp_203_N16675 /0 undetected,input_edge,test_en,__tpi_cp_203_N16675,__tpi_cp_203_N16675,0,undetected,__tpi_cp_203_N16675,__tpi_cp_203_N16675,__tpi_cp_203_N16675,sa0,1
1320,__tpi_not_test_en->__tpi_cp_298_N16720 /1 undetected,input_edge,__tpi_not_test_en,__tpi_cp_298_N16720,__tpi_cp_298_N16720,1,undetected,__tpi_cp_298_N16720,__tpi_cp_298_N16720,__tpi_cp_298_N16720,sa1,1
1321,test_en->__tpi_cp_119_N34909 /0 undetected,input_edge,test_en,__tpi_cp_119_N34909,__tpi_cp_119_N34909,0,undetected,__tpi_cp_119_N34909,__tpi_cp_119_N34909,__tpi_cp_119_N34909,sa0,1
1322,__tpi_not_test_en->__tpi_cp_131_N16718 /1 undetected,input_edge,__tpi_not_test_en,__tpi_cp_131_N16718,__tpi_cp_131_N16718,1,undetected,__tpi_cp_131_N16718,__tpi_cp_131_N16718,__tpi_cp_131_N16718,sa1,1
1323,test_en->__tpi_cp_86_N34907 /0 undetected,input_edge,test_en,__tpi_cp_86_N34907,__tpi_cp_86_N34907,0,undetected,__tpi_cp_86_N34907,__tpi_cp_86_N34907,__tpi_cp_86_N34907,sa0,1
1324,test_en->__tpi_cp_87_N16673 /0 undetected,input_edge,test_en,__tpi_cp_87_N16673,__tpi_cp_87_N16673,0,undetected,__tpi_cp_87_N16673,__tpi_cp_87_N16673,__tpi_cp_87_N16673,sa0,1
1325,test_en->__tpi_cp_107_N34910 /0 undetected,input_edge,test_en,__tpi_cp_107_N34910,__tpi_cp_107_N34910,0,undetected,__tpi_cp_107_N34910,__tpi_cp_107_N34910,__tpi_cp_107_N34910,sa0,1
1326,N12443 /1 undetected,output,,N12443,N12443,1,undetected,N12443,N12443,N12443,sa1,1
1327,N12443 /0 undetected,output,,N12443,N12443,0,undetected,N12443,N12443,N12443,sa0,1
1328,N12552 /1 undetected,output,,N12552,N12552,1,undetected,N12552,N12552,N12552,sa1,1
1329,N56783 /1 undetected,output,,N56783,N56783,1,undetected,N56783,N56783,N56783,sa1,1
1330,N43880 /1 undetected,output,,N43880,N43880,1,undetected,N43880,N43880,N43880,sa1,1
1331,N12551 /1 undetected,output,,N12551,N12551,1,undetected,N12551,N12551,N12551,sa1,1
1332,N43883 /1 undetected,output,,N43883,N43883,1,undetected,N43883,N43883,N43883,sa1,1
1333,N12497 /1 undetected,output,,N12497,N12497,1,undetected,N12497,N12497,N12497,sa1,1
1334,N1415 /1 undetected,output,,N1415,N1415,1,undetected,N1415,N1415,N1415,sa1,1
1335,N46097 /1 undetected,output,,N46097,N46097,1,undetected,N46097,N46097,N46097,sa1,1
1336,N43316 /1 undetected,output,,N43316,N43316,1,undetected,N43316,N43316,N43316,sa1,1
1337,N4019 /1 undetected,output,,N4019,N4019,1,undetected,N4019,N4019,N4019,sa1,1
1338,N55237 /1 undetected,output,,N55237,N55237,1,undetected,N55237,N55237,N55237,sa1,1
1339,N43315 /1 undetected,output,,N43315,N43315,1,undetected,N43315,N43315,N43315,sa1,1
1340,N7946 /1 undetected,output,,N7946,N7946,1,undetected,N7946,N7946,N7946,sa1,1
1341,N40100 /1 undetected,output,,N40100,N40100,1,undetected,N40100,N40100,N40100,sa1,1
1342,__tpi_not_test_en->__tpi_cp_340_N57762 /1 undetected,input_edge,__tpi_not_test_en,__tpi_cp_340_N57762,__tpi_cp_340_N57762,1,undetected,__tpi_cp_340_N57762,__tpi_cp_340_N57762,__tpi_cp_340_N57762,sa1,1
1343,test_en->__tpi_cp_122___buf_split_19854 /0 undetected,input_edge,test_en,__tpi_cp_122___buf_split_19854,__tpi_cp_122___buf_split_19854,0,undetected,__tpi_cp_122___buf_split_19854,__tpi_cp_122___buf_split_19854,__tpi_cp_122___buf_split_19854,sa0,1
1344,__tpi_not_test_en->__tpi_cp_312_N22742 /1 undetected,input_edge,__tpi_not_test_en,__tpi_cp_312_N22742,__tpi_cp_312_N22742,1,undetected,__tpi_cp_312_N22742,__tpi_cp_312_N22742,__tpi_cp_312_N22742,sa1,1
1345,test_en->__tpi_cp_51_N22741 /0 undetected,input_edge,test_en,__tpi_cp_51_N22741,__tpi_cp_51_N22741,0,undetected,__tpi_cp_51_N22741,__tpi_cp_51_N22741,__tpi_cp_51_N22741,sa0,1
1346,test_en->__tpi_cp_219_N14412 /0 undetected,input_edge,test_en,__tpi_cp_219_N14412,__tpi_cp_219_N14412,0,undetected,__tpi_cp_219_N14412,__tpi_cp_219_N14412,__tpi_cp_219_N14412,sa0,1
1347,test_en->__tpi_cp_112_N33354 /0 undetected,input_edge,test_en,__tpi_cp_112_N33354,__tpi_cp_112_N33354,0,undetected,__tpi_cp_112_N33354,__tpi_cp_112_N33354,__tpi_cp_112_N33354,sa0,1
1348,test_en->__tpi_cp_113_N14369 /0 undetected,input_edge,test_en,__tpi_cp_113_N14369,__tpi_cp_113_N14369,0,undetected,__tpi_cp_113_N14369,__tpi_cp_113_N14369,__tpi_cp_113_N14369,sa0,1
1349,test_en->__tpi_cp_127_N14370 /0 undetected,input_edge,test_en,__tpi_cp_127_N14370,__tpi_cp_127_N14370,0,undetected,__tpi_cp_127_N14370,__tpi_cp_127_N14370,__tpi_cp_127_N14370,sa0,1
1350,test_en->__tpi_cp_272_N14413 /0 undetected,input_edge,test_en,__tpi_cp_272_N14413,__tpi_cp_272_N14413,0,undetected,__tpi_cp_272_N14413,__tpi_cp_272_N14413,__tpi_cp_272_N14413,sa0,1
1351,test_en->__tpi_cp_199_N33355 /0 undetected,input_edge,test_en,__tpi_cp_199_N33355,__tpi_cp_199_N33355,0,undetected,__tpi_cp_199_N33355,__tpi_cp_199_N33355,__tpi_cp_199_N33355,sa0,1
1352,test_en->__tpi_cp_254_N14411 /0 undetected,input_edge,test_en,__tpi_cp_254_N14411,__tpi_cp_254_N14411,0,undetected,__tpi_cp_254_N14411,__tpi_cp_254_N14411,__tpi_cp_254_N14411,sa0,1
1353,test_en->__tpi_cp_126_N33353 /0 undetected,input_edge,test_en,__tpi_cp_126_N33353,__tpi_cp_126_N33353,0,undetected,__tpi_cp_126_N33353,__tpi_cp_126_N33353,__tpi_cp_126_N33353,sa0,1
1354,test_en->__tpi_cp_128_N14368 /0 undetected,input_edge,test_en,__tpi_cp_128_N14368,__tpi_cp_128_N14368,0,undetected,__tpi_cp_128_N14368,__tpi_cp_128_N14368,__tpi_cp_128_N14368,sa0,1
1355,test_en->__tpi_cp_210_N14414 /0 undetected,input_edge,test_en,__tpi_cp_210_N14414,__tpi_cp_210_N14414,0,undetected,__tpi_cp_210_N14414,__tpi_cp_210_N14414,__tpi_cp_210_N14414,sa0,1
1356,test_en->__tpi_cp_198_N33356 /0 undetected,input_edge,test_en,__tpi_cp_198_N33356,__tpi_cp_198_N33356,0,undetected,__tpi_cp_198_N33356,__tpi_cp_198_N33356,__tpi_cp_198_N33356,sa0,1
1357,test_en->__tpi_cp_246_N14316 /0 undetected,input_edge,test_en,__tpi_cp_246_N14316,__tpi_cp_246_N14316,0,undetected,__tpi_cp_246_N14316,__tpi_cp_246_N14316,__tpi_cp_246_N14316,sa0,1
1358,N941 /1 undetected,output,,N941,N941,1,undetected,N941,N941,N941,sa1,1
1359,N3344 /1 undetected,output,,N3344,N3344,1,undetected,N3344,N3344,N3344,sa1,1
1360,N47356 /1 undetected,output,,N47356,N47356,1,undetected,N47356,N47356,N47356,sa1,1
1361,N45862 /1 undetected,output,,N45862,N45862,1,undetected,N45862,N45862,N45862,sa1,1
1362,N44447 /1 undetected,output,,N44447,N44447,1,undetected,N44447,N44447,N44447,sa1,1
1363,N46133 /1 undetected,output,,N46133,N46133,1,undetected,N46133,N46133,N46133,sa1,1
1364,N45733 /1 undetected,output,,N45733,N45733,1,undetected,N45733,N45733,N45733,sa1,1
1365,N909 /0 undetected,output,,N909,N909,0,undetected,N909,N909,N909,sa0,1
1366,N3426 /1 undetected,output,,N3426,N3426,1,undetected,N3426,N3426,N3426,sa1,1
1367,N46165 /1 undetected,output,,N46165,N46165,1,undetected,N46165,N46165,N46165,sa1,1
1368,N1714 /1 undetected,output,,N1714,N1714,1,undetected,N1714,N1714,N1714,sa1,1
1369,N3427 /1 undetected,output,,N3427,N3427,1,undetected,N3427,N3427,N3427,sa1,1
1370,N43574 /1 undetected,output,,N43574,N43574,1,undetected,N43574,N43574,N43574,sa1,1
1371,N3425 /1 undetected,output,,N3425,N3425,1,undetected,N3425,N3425,N3425,sa1,1
1372,N45734 /1 undetected,output,,N45734,N45734,1,undetected,N45734,N45734,N45734,sa1,1
1373,N12356 /1 undetected,output,,N12356,N12356,1,undetected,N12356,N12356,N12356,sa1,1
1374,N12356 /0 undetected,output,,N12356,N12356,0,undetected,N12356,N12356,N12356,sa0,1
1375,N45760 /1 undetected,output,,N45760,N45760,1,undetected,N45760,N45760,N45760,sa1,1
1376,N12270 /1 undetected,output,,N12270,N12270,1,undetected,N12270,N12270,N12270,sa1,1
1377,N54290 /1 undetected,output,,N54290,N54290,1,undetected,N54290,N54290,N54290,sa1,1
1378,N8733 /1 undetected,output,,N8733,N8733,1,undetected,N8733,N8733,N8733,sa1,1
1379,N54353 /1 undetected,output,,N54353,N54353,1,undetected,N54353,N54353,N54353,sa1,1
1380,N8712 /0 undetected,output,,N8712,N8712,0,undetected,N8712,N8712,N8712,sa0,1
1381,N8000 /0 undetected,output,,N8000,N8000,0,undetected,N8000,N8000,N8000,sa0,1
1382,test_en->__tpi_cp_256_N16591 /0 undetected,input_edge,test_en,__tpi_cp_256_N16591,__tpi_cp_256_N16591,0,undetected,__tpi_cp_256_N16591,__tpi_cp_256_N16591,__tpi_cp_256_N16591,sa0,1
1383,test_en->__tpi_cp_118_N34906 /0 undetected,input_edge,test_en,__tpi_cp_118_N34906,__tpi_cp_118_N34906,0,undetected,__tpi_cp_118_N34906,__tpi_cp_118_N34906,__tpi_cp_118_N34906,sa0,1
1384,N12498 /1 undetected,output,,N12498,N12498,1,undetected,N12498,N12498,N12498,sa1,1
1385,N12498 /0 undetected,output,,N12498,N12498,0,undetected,N12498,N12498,N12498,sa0,1
1386,N8034 /1 undetected,output,,N8034,N8034,1,undetected,N8034,N8034,N8034,sa1,1
1387,N7943 /1 undetected,output,,N7943,N7943,1,undetected,N7943,N7943,N7943,sa1,1
1388,N53723 /1 undetected,output,,N53723,N53723,1,undetected,N53723,N53723,N53723,sa1,1
1389,test_en->__tpi_cp_216_N14297 /0 undetected,input_edge,test_en,__tpi_cp_216_N14297,__tpi_cp_216_N14297,0,undetected,__tpi_cp_216_N14297,__tpi_cp_216_N14297,__tpi_cp_216_N14297,sa0,1
1390,test_en->__tpi_cp_211_N33352 /0 undetected,input_edge,test_en,__tpi_cp_211_N33352,__tpi_cp_211_N33352,0,undetected,__tpi_cp_211_N33352,__tpi_cp_211_N33352,__tpi_cp_211_N33352,sa0,1
1391,N8764 /1 undetected,output,,N8764,N8764,1,undetected,N8764,N8764,N8764,sa1,1
1392,N54354 /1 undetected,output,,N54354,N54354,1,undetected,N54354,N54354,N54354,sa1,1
1393,N54289 /1 undetected,output,,N54289,N54289,1,undetected,N54289,N54289,N54289,sa1,1
1394,N51897 /1 undetected,output,,N51897,N51897,1,undetected,N51897,N51897,N51897,sa1,1
1395,N59861 /1 undetected,output,,N59861,N59861,1,undetected,N59861,N59861,N59861,sa1,1
1396,N8682 /1 undetected,output,,N8682,N8682,1,undetected,N8682,N8682,N8682,sa1,1
1397,N8682 /0 undetected,output,,N8682,N8682,0,undetected,N8682,N8682,N8682,sa0,1
1398,N8648 /1 undetected,output,,N8648,N8648,1,undetected,N8648,N8648,N8648,sa1,1
1399,N8668 /1 undetected,output,,N8668,N8668,1,undetected,N8668,N8668,N8668,sa1,1
1400,N29186 /1 undetected,output,,N29186,N29186,1,undetected,N29186,N29186,N29186,sa1,1
1401,N29185 /1 undetected,output,,N29185,N29185,1,undetected,N29185,N29185,N29185,sa1,1
1402,N1417 /0 undetected,output,,N1417,N1417,0,undetected,N1417,N1417,N1417,sa0,1
1403,N4024 /1 undetected,output,,N4024,N4024,1,undetected,N4024,N4024,N4024,sa1,1
1404,N46099 /1 undetected,output,,N46099,N46099,1,undetected,N46099,N46099,N46099,sa1,1
1405,N4023 /1 undetected,output,,N4023,N4023,1,undetected,N4023,N4023,N4023,sa1,1
1406,N55239 /1 undetected,output,,N55239,N55239,1,undetected,N55239,N55239,N55239,sa1,1
1407,N43526 /1 undetected,output,,N43526,N43526,1,undetected,N43526,N43526,N43526,sa1,1
1408,N7944 /1 undetected,output,,N7944,N7944,1,undetected,N7944,N7944,N7944,sa1,1
1409,N40156 /1 undetected,output,,N40156,N40156,1,undetected,N40156,N40156,N40156,sa1,1
1410,N942 /1 undetected,output,,N942,N942,1,undetected,N942,N942,N942,sa1,1
1411,N942 /0 undetected,output,,N942,N942,0,undetected,N942,N942,N942,sa0,1
1412,N3346 /1 undetected,output,,N3346,N3346,1,undetected,N3346,N3346,N3346,sa1,1
1413,N47357 /1 undetected,output,,N47357,N47357,1,undetected,N47357,N47357,N47357,sa1,1
1414,N45866 /1 undetected,output,,N45866,N45866,1,undetected,N45866,N45866,N45866,sa1,1
1415,N1699 /1 undetected,output,,N1699,N1699,1,undetected,N1699,N1699,N1699,sa1,1
1416,N44448 /1 undetected,output,,N44448,N44448,1,undetected,N44448,N44448,N44448,sa1,1
1417,N3345 /1 undetected,output,,N3345,N3345,1,undetected,N3345,N3345,N3345,sa1,1
1418,N46134 /1 undetected,output,,N46134,N46134,1,undetected,N46134,N46134,N46134,sa1,1
1419,N45693 /1 undetected,output,,N45693,N45693,1,undetected,N45693,N45693,N45693,sa1,1
1420,N910 /1 undetected,output,,N910,N910,1,undetected,N910,N910,N910,sa1,1
1421,N910 /0 undetected,output,,N910,N910,0,undetected,N910,N910,N910,sa0,1
1422,N3429 /1 undetected,output,,N3429,N3429,1,undetected,N3429,N3429,N3429,sa1,1
1423,N46166 /1 undetected,output,,N46166,N46166,1,undetected,N46166,N46166,N46166,sa1,1
1424,N45867 /1 undetected,output,,N45867,N45867,1,undetected,N45867,N45867,N45867,sa1,1
1425,N1715 /1 undetected,output,,N1715,N1715,1,undetected,N1715,N1715,N1715,sa1,1
1426,N3430 /1 undetected,output,,N3430,N3430,1,undetected,N3430,N3430,N3430,sa1,1
1427,N47469 /1 undetected,output,,N47469,N47469,1,undetected,N47469,N47469,N47469,sa1,1
1428,N42959 /1 undetected,output,,N42959,N42959,1,undetected,N42959,N42959,N42959,sa1,1
1429,N3428 /1 undetected,output,,N3428,N3428,1,undetected,N3428,N3428,N3428,sa1,1
1430,N47389 /1 undetected,output,,N47389,N47389,1,undetected,N47389,N47389,N47389,sa1,1
1431,N45694 /1 undetected,output,,N45694,N45694,1,undetected,N45694,N45694,N45694,sa1,1
1432,N6400 /1 undetected,output,,N6400,N6400,1,undetected,N6400,N6400,N6400,sa1,1
1433,N49293 /1 undetected,output,,N49293,N49293,1,undetected,N49293,N49293,N49293,sa1,1
1434,test_en->__tpi_cp_202_N34905 /0 undetected,input_edge,test_en,__tpi_cp_202_N34905,__tpi_cp_202_N34905,0,undetected,__tpi_cp_202_N34905,__tpi_cp_202_N34905,__tpi_cp_202_N34905,sa0,1
1435,test_en->__tpi_cp_58___buf_split_18475 /0 undetected,input_edge,test_en,__tpi_cp_58___buf_split_18475,__tpi_cp_58___buf_split_18475,0,undetected,__tpi_cp_58___buf_split_18475,__tpi_cp_58___buf_split_18475,__tpi_cp_58___buf_split_18475,sa0,1
1436,test_en->__tpi_cp_245_N14427 /0 undetected,input_edge,test_en,__tpi_cp_245_N14427,__tpi_cp_245_N14427,0,undetected,__tpi_cp_245_N14427,__tpi_cp_245_N14427,__tpi_cp_245_N14427,sa0,1
1437,test_en->__tpi_cp_174_N33369 /0 undetected,input_edge,test_en,__tpi_cp_174_N33369,__tpi_cp_174_N33369,0,undetected,__tpi_cp_174_N33369,__tpi_cp_174_N33369,__tpi_cp_174_N33369,sa0,1
1438,test_en->__tpi_cp_212_N33351 /0 undetected,input_edge,test_en,__tpi_cp_212_N33351,__tpi_cp_212_N33351,0,undetected,__tpi_cp_212_N33351,__tpi_cp_212_N33351,__tpi_cp_212_N33351,sa0,1
1439,N8711 /0 undetected,output,,N8711,N8711,0,undetected,N8711,N8711,N8711,sa0,1
1440,N54287 /1 undetected,output,,N54287,N54287,1,undetected,N54287,N54287,N54287,sa1,1
1441,N54286 /1 undetected,output,,N54286,N54286,1,undetected,N54286,N54286,N54286,sa1,1
1442,N7999 /0 undetected,output,,N7999,N7999,0,undetected,N7999,N7999,N7999,sa0,1
1443,N10041 /1 undetected,output,,N10041,N10041,1,undetected,N10041,N10041,N10041,sa1,1
1444,N10041 /0 undetected,output,,N10041,N10041,0,undetected,N10041,N10041,N10041,sa0,1
1445,N10171 /1 undetected,output,,N10171,N10171,1,undetected,N10171,N10171,N10171,sa1,1
1446,N55177 /1 undetected,output,,N55177,N55177,1,undetected,N55177,N55177,N55177,sa1,1
1447,N45706 /1 undetected,output,,N45706,N45706,1,undetected,N45706,N45706,N45706,sa1,1
1448,N10170 /1 undetected,output,,N10170,N10170,1,undetected,N10170,N10170,N10170,sa1,1
1449,N45644 /1 undetected,output,,N45644,N45644,1,undetected,N45644,N45644,N45644,sa1,1
1450,N10105 /1 undetected,output,,N10105,N10105,1,undetected,N10105,N10105,N10105,sa1,1
1451,N8036 /1 undetected,output,,N8036,N8036,1,undetected,N8036,N8036,N8036,sa1,1
1452,N7941 /1 undetected,output,,N7941,N7941,1,undetected,N7941,N7941,N7941,sa1,1
1453,N53721 /1 undetected,output,,N53721,N53721,1,undetected,N53721,N53721,N53721,sa1,1
1454,test_en->__tpi_cp_57_N14300 /0 undetected,input_edge,test_en,__tpi_cp_57_N14300,__tpi_cp_57_N14300,0,undetected,__tpi_cp_57_N14300,__tpi_cp_57_N14300,__tpi_cp_57_N14300,sa0,1
1455,test_en->__tpi_cp_138_N57765 /0 undetected,input_edge,test_en,__tpi_cp_138_N57765,__tpi_cp_138_N57765,0,undetected,__tpi_cp_138_N57765,__tpi_cp_138_N57765,__tpi_cp_138_N57765,sa0,1
1456,test_en->__tpi_cp_139___buf_split_18268 /0 undetected,input_edge,test_en,__tpi_cp_139___buf_split_18268,__tpi_cp_139___buf_split_18268,0,undetected,__tpi_cp_139___buf_split_18268,__tpi_cp_139___buf_split_18268,__tpi_cp_139___buf_split_18268,sa0,1
1457,test_en->__tpi_cp_92_N14372 /0 undetected,input_edge,test_en,__tpi_cp_92_N14372,__tpi_cp_92_N14372,0,undetected,__tpi_cp_92_N14372,__tpi_cp_92_N14372,__tpi_cp_92_N14372,sa0,1
1458,test_en->__tpi_cp_168_N22746 /0 undetected,input_edge,test_en,__tpi_cp_168_N22746,__tpi_cp_168_N22746,0,undetected,__tpi_cp_168_N22746,__tpi_cp_168_N22746,__tpi_cp_168_N22746,sa0,1
1459,test_en->__tpi_cp_182_N33368 /0 undetected,input_edge,test_en,__tpi_cp_182_N33368,__tpi_cp_182_N33368,0,undetected,__tpi_cp_182_N33368,__tpi_cp_182_N33368,__tpi_cp_182_N33368,sa0,1
1460,N8647 /1 undetected,output,,N8647,N8647,1,undetected,N8647,N8647,N8647,sa1,1
1461,N8660 /1 undetected,output,,N8660,N8660,1,undetected,N8660,N8660,N8660,sa1,1
1462,N1418 /1 undetected,output,,N1418,N1418,1,undetected,N1418,N1418,N1418,sa1,1
1463,N1418 /0 undetected,output,,N1418,N1418,0,undetected,N1418,N1418,N1418,sa0,1
1464,N4026 /1 undetected,output,,N4026,N4026,1,undetected,N4026,N4026,N4026,sa1,1
1465,N46100 /1 undetected,output,,N46100,N46100,1,undetected,N46100,N46100,N46100,sa1,1
1466,N43578 /1 undetected,output,,N43578,N43578,1,undetected,N43578,N43578,N43578,sa1,1
1467,N4025 /1 undetected,output,,N4025,N4025,1,undetected,N4025,N4025,N4025,sa1,1
1468,N55240 /1 undetected,output,,N55240,N55240,1,undetected,N55240,N55240,N55240,sa1,1
1469,N43577 /1 undetected,output,,N43577,N43577,1,undetected,N43577,N43577,N43577,sa1,1
1470,N7942 /1 undetected,output,,N7942,N7942,1,undetected,N7942,N7942,N7942,sa1,1
1471,N40109 /1 undetected,output,,N40109,N40109,1,undetected,N40109,N40109,N40109,sa1,1
1472,N6403 /1 undetected,output,,N6403,N6403,1,undetected,N6403,N6403,N6403,sa1,1
1473,N49346 /1 undetected,output,,N49346,N49346,1,undetected,N49346,N49346,N49346,sa1,1
1474,N943 /1 undetected,output,,N943,N943,1,undetected,N943,N943,N943,sa1,1
1475,N943 /0 undetected,output,,N943,N943,0,undetected,N943,N943,N943,sa0,1
1476,N3348 /1 undetected,output,,N3348,N3348,1,undetected,N3348,N3348,N3348,sa1,1
1477,N47358 /1 undetected,output,,N47358,N47358,1,undetected,N47358,N47358,N47358,sa1,1
1478,N45870 /1 undetected,output,,N45870,N45870,1,undetected,N45870,N45870,N45870,sa1,1
1479,N1700 /1 undetected,output,,N1700,N1700,1,undetected,N1700,N1700,N1700,sa1,1
1480,N44449 /1 undetected,output,,N44449,N44449,1,undetected,N44449,N44449,N44449,sa1,1
1481,N3347 /1 undetected,output,,N3347,N3347,1,undetected,N3347,N3347,N3347,sa1,1
1482,N46135 /1 undetected,output,,N46135,N46135,1,undetected,N46135,N46135,N46135,sa1,1
1483,N45628 /1 undetected,output,,N45628,N45628,1,undetected,N45628,N45628,N45628,sa1,1
1484,N911 /1 undetected,output,,N911,N911,1,undetected,N911,N911,N911,sa1,1
1485,N911 /0 undetected,output,,N911,N911,0,undetected,N911,N911,N911,sa0,1
1486,N3432 /1 undetected,output,,N3432,N3432,1,undetected,N3432,N3432,N3432,sa1,1
1487,N46167 /1 undetected,output,,N46167,N46167,1,undetected,N46167,N46167,N46167,sa1,1
1488,N45871 /1 undetected,output,,N45871,N45871,1,undetected,N45871,N45871,N45871,sa1,1
1489,N1716 /1 undetected,output,,N1716,N1716,1,undetected,N1716,N1716,N1716,sa1,1
1490,N3433 /1 undetected,output,,N3433,N3433,1,undetected,N3433,N3433,N3433,sa1,1
1491,N47470 /1 undetected,output,,N47470,N47470,1,undetected,N47470,N47470,N47470,sa1,1
1492,N43155 /1 undetected,output,,N43155,N43155,1,undetected,N43155,N43155,N43155,sa1,1
1493,N3431 /1 undetected,output,,N3431,N3431,1,undetected,N3431,N3431,N3431,sa1,1
1494,N47390 /1 undetected,output,,N47390,N47390,1,undetected,N47390,N47390,N47390,sa1,1
1495,N45629 /1 undetected,output,,N45629,N45629,1,undetected,N45629,N45629,N45629,sa1,1
1496,N54284 /1 undetected,output,,N54284,N54284,1,undetected,N54284,N54284,N54284,sa1,1
1497,N54283 /1 undetected,output,,N54283,N54283,1,undetected,N54283,N54283,N54283,sa1,1
1498,N10106 /1 undetected,output,,N10106,N10106,1,undetected,N10106,N10106,N10106,sa1,1
1499,N10106 /0 undetected,output,,N10106,N10106,0,undetected,N10106,N10106,N10106,sa0,1
1500,N7998 /0 undetected,output,,N7998,N7998,0,undetected,N7998,N7998,N7998,sa0,1
1501,N8684 /1 undetected,output,,N8684,N8684,1,undetected,N8684,N8684,N8684,sa1,1
1502,N8684 /0 undetected,output,,N8684,N8684,0,undetected,N8684,N8684,N8684,sa0,1
1503,N8646 /1 undetected,output,,N8646,N8646,1,undetected,N8646,N8646,N8646,sa1,1
1504,N8661 /1 undetected,output,,N8661,N8661,1,undetected,N8661,N8661,N8661,sa1,1
1505,N8038 /1 undetected,output,,N8038,N8038,1,undetected,N8038,N8038,N8038,sa1,1
1506,N7939 /1 undetected,output,,N7939,N7939,1,undetected,N7939,N7939,N7939,sa1,1
1507,N53719 /1 undetected,output,,N53719,N53719,1,undetected,N53719,N53719,N53719,sa1,1
1508,test_en->__tpi_cp_117_N22744 /0 undetected,input_edge,test_en,__tpi_cp_117_N22744,__tpi_cp_117_N22744,0,undetected,__tpi_cp_117_N22744,__tpi_cp_117_N22744,__tpi_cp_117_N22744,sa0,1
1509,test_en->__tpi_cp_180_N22743 /0 undetected,input_edge,test_en,__tpi_cp_180_N22743,__tpi_cp_180_N22743,0,undetected,__tpi_cp_180_N22743,__tpi_cp_180_N22743,__tpi_cp_180_N22743,sa0,1
1510,test_en->__tpi_cp_179_N33365 /0 undetected,input_edge,test_en,__tpi_cp_179_N33365,__tpi_cp_179_N33365,0,undetected,__tpi_cp_179_N33365,__tpi_cp_179_N33365,__tpi_cp_179_N33365,sa0,1
1511,test_en->__tpi_cp_178_N33364 /0 undetected,input_edge,test_en,__tpi_cp_178_N33364,__tpi_cp_178_N33364,0,undetected,__tpi_cp_178_N33364,__tpi_cp_178_N33364,__tpi_cp_178_N33364,sa0,1
1512,test_en->__tpi_cp_228_N21230 /0 undetected,input_edge,test_en,__tpi_cp_228_N21230,__tpi_cp_228_N21230,0,undetected,__tpi_cp_228_N21230,__tpi_cp_228_N21230,__tpi_cp_228_N21230,sa0,1
1513,test_en->__tpi_cp_204_N21172 /0 undetected,input_edge,test_en,__tpi_cp_204_N21172,__tpi_cp_204_N21172,0,undetected,__tpi_cp_204_N21172,__tpi_cp_204_N21172,__tpi_cp_204_N21172,sa0,1
1514,test_en->__tpi_cp_313_N21171 /0 undetected,input_edge,test_en,__tpi_cp_313_N21171,__tpi_cp_313_N21171,0,undetected,__tpi_cp_313_N21171,__tpi_cp_313_N21171,__tpi_cp_313_N21171,sa0,1
1515,N6406 /1 undetected,output,,N6406,N6406,1,undetected,N6406,N6406,N6406,sa1,1
1516,N49571 /1 undetected,output,,N49571,N49571,1,undetected,N49571,N49571,N49571,sa1,1
1517,test_en->__tpi_cp_238_N14296 /0 undetected,input_edge,test_en,__tpi_cp_238_N14296,__tpi_cp_238_N14296,0,undetected,__tpi_cp_238_N14296,__tpi_cp_238_N14296,__tpi_cp_238_N14296,sa0,1
1518,test_en->__tpi_cp_218_N33350 /0 undetected,input_edge,test_en,__tpi_cp_218_N33350,__tpi_cp_218_N33350,0,undetected,__tpi_cp_218_N33350,__tpi_cp_218_N33350,__tpi_cp_218_N33350,sa0,1
1519,N54281 /1 undetected,output,,N54281,N54281,1,undetected,N54281,N54281,N54281,sa1,1
1520,N8737 /1 undetected,output,,N8737,N8737,1,undetected,N8737,N8737,N8737,sa1,1
1521,N54357 /1 undetected,output,,N54357,N54357,1,undetected,N54357,N54357,N54357,sa1,1
1522,N1419 /1 undetected,output,,N1419,N1419,1,undetected,N1419,N1419,N1419,sa1,1
1523,N1419 /0 undetected,output,,N1419,N1419,0,undetected,N1419,N1419,N1419,sa0,1
1524,N4028 /1 undetected,output,,N4028,N4028,1,undetected,N4028,N4028,N4028,sa1,1
1525,N46101 /1 undetected,output,,N46101,N46101,1,undetected,N46101,N46101,N46101,sa1,1
1526,N42963 /1 undetected,output,,N42963,N42963,1,undetected,N42963,N42963,N42963,sa1,1
1527,N4027 /1 undetected,output,,N4027,N4027,1,undetected,N4027,N4027,N4027,sa1,1
1528,N55241 /1 undetected,output,,N55241,N55241,1,undetected,N55241,N55241,N55241,sa1,1
1529,N42962 /1 undetected,output,,N42962,N42962,1,undetected,N42962,N42962,N42962,sa1,1
1530,N7940 /1 undetected,output,,N7940,N7940,1,undetected,N7940,N7940,N7940,sa1,1
1531,N40176 /1 undetected,output,,N40176,N40176,1,undetected,N40176,N40176,N40176,sa1,1
1532,N944 /1 undetected,output,,N944,N944,1,undetected,N944,N944,N944,sa1,1
1533,N944 /0 undetected,output,,N944,N944,0,undetected,N944,N944,N944,sa0,1
1534,N3350 /1 undetected,output,,N3350,N3350,1,undetected,N3350,N3350,N3350,sa1,1
1535,N47359 /1 undetected,output,,N47359,N47359,1,undetected,N47359,N47359,N47359,sa1,1
1536,N45874 /1 undetected,output,,N45874,N45874,1,undetected,N45874,N45874,N45874,sa1,1
1537,N1701 /1 undetected,output,,N1701,N1701,1,undetected,N1701,N1701,N1701,sa1,1
1538,N44450 /1 undetected,output,,N44450,N44450,1,undetected,N44450,N44450,N44450,sa1,1
1539,N3349 /1 undetected,output,,N3349,N3349,1,undetected,N3349,N3349,N3349,sa1,1
1540,N46136 /1 undetected,output,,N46136,N46136,1,undetected,N46136,N46136,N46136,sa1,1
1541,N45556 /1 undetected,output,,N45556,N45556,1,undetected,N45556,N45556,N45556,sa1,1
1542,N912 /1 undetected,output,,N912,N912,1,undetected,N912,N912,N912,sa1,1
1543,N912 /0 undetected,output,,N912,N912,0,undetected,N912,N912,N912,sa0,1
1544,N3435 /1 undetected,output,,N3435,N3435,1,undetected,N3435,N3435,N3435,sa1,1
1545,N46168 /1 undetected,output,,N46168,N46168,1,undetected,N46168,N46168,N46168,sa1,1
1546,N45875 /1 undetected,output,,N45875,N45875,1,undetected,N45875,N45875,N45875,sa1,1
1547,N1717 /1 undetected,output,,N1717,N1717,1,undetected,N1717,N1717,N1717,sa1,1
1548,N3436 /1 undetected,output,,N3436,N3436,1,undetected,N3436,N3436,N3436,sa1,1
1549,N47471 /1 undetected,output,,N47471,N47471,1,undetected,N47471,N47471,N47471,sa1,1
1550,N43206 /1 undetected,output,,N43206,N43206,1,undetected,N43206,N43206,N43206,sa1,1
1551,N3434 /1 undetected,output,,N3434,N3434,1,undetected,N3434,N3434,N3434,sa1,1
1552,N47391 /1 undetected,output,,N47391,N47391,1,undetected,N47391,N47391,N47391,sa1,1
1553,N45557 /1 undetected,output,,N45557,N45557,1,undetected,N45557,N45557,N45557,sa1,1
1554,test_en->__tpi_cp_111_N16590 /0 undetected,input_edge,test_en,__tpi_cp_111_N16590,__tpi_cp_111_N16590,0,undetected,__tpi_cp_111_N16590,__tpi_cp_111_N16590,__tpi_cp_111_N16590,sa0,1
1555,test_en->__tpi_cp_195_N34904 /0 undetected,input_edge,test_en,__tpi_cp_195_N34904,__tpi_cp_195_N34904,0,undetected,__tpi_cp_195_N34904,__tpi_cp_195_N34904,__tpi_cp_195_N34904,sa0,1
1556,test_en->__tpi_cp_339_N16620 /0 undetected,input_edge,test_en,__tpi_cp_339_N16620,__tpi_cp_339_N16620,0,undetected,__tpi_cp_339_N16620,__tpi_cp_339_N16620,__tpi_cp_339_N16620,sa0,1
1557,N8766 /1 undetected,output,,N8766,N8766,1,undetected,N8766,N8766,N8766,sa1,1
1558,N54358 /1 undetected,output,,N54358,N54358,1,undetected,N54358,N54358,N54358,sa1,1
1559,N54280 /1 undetected,output,,N54280,N54280,1,undetected,N54280,N54280,N54280,sa1,1
1560,N8645 /1 undetected,output,,N8645,N8645,1,undetected,N8645,N8645,N8645,sa1,1
1561,N8667 /1 undetected,output,,N8667,N8667,1,undetected,N8667,N8667,N8667,sa1,1
1562,N29184 /1 undetected,output,,N29184,N29184,1,undetected,N29184,N29184,N29184,sa1,1
1563,N29183 /1 undetected,output,,N29183,N29183,1,undetected,N29183,N29183,N29183,sa1,1
1564,test_en->__tpi_cp_188_N33349 /0 undetected,input_edge,test_en,__tpi_cp_188_N33349,__tpi_cp_188_N33349,0,undetected,__tpi_cp_188_N33349,__tpi_cp_188_N33349,__tpi_cp_188_N33349,sa0,1
1565,N7997 /0 undetected,output,,N7997,N7997,0,undetected,N7997,N7997,N7997,sa0,1
1566,N5778 /1 undetected,output,,N5778,N5778,1,undetected,N5778,N5778,N5778,sa1,1
1567,test_en->__tpi_cp_214_N27317 /0 undetected,input_edge,test_en,__tpi_cp_214_N27317,__tpi_cp_214_N27317,0,undetected,__tpi_cp_214_N27317,__tpi_cp_214_N27317,__tpi_cp_214_N27317,sa0,1
1568,test_en->__tpi_cp_173_N21174 /0 undetected,input_edge,test_en,__tpi_cp_173_N21174,__tpi_cp_173_N21174,0,undetected,__tpi_cp_173_N21174,__tpi_cp_173_N21174,__tpi_cp_173_N21174,sa0,1
1569,test_en->__tpi_cp_281_N21173 /0 undetected,input_edge,test_en,__tpi_cp_281_N21173,__tpi_cp_281_N21173,0,undetected,__tpi_cp_281_N21173,__tpi_cp_281_N21173,__tpi_cp_281_N21173,sa0,1
1570,N6412 /1 undetected,output,,N6412,N6412,1,undetected,N6412,N6412,N6412,sa1,1
1571,test_en->__tpi_cp_318_N27401 /0 undetected,input_edge,test_en,__tpi_cp_318_N27401,__tpi_cp_318_N27401,0,undetected,__tpi_cp_318_N27401,__tpi_cp_318_N27401,__tpi_cp_318_N27401,sa0,1
1572,N27401 /0 undetected,output,,N27401,N27401,0,undetected,N27401,N27401,N27401,sa0,1
1573,N49623 /1 undetected,output,,N49623,N49623,1,undetected,N49623,N49623,N49623,sa1,1
1574,test_en->__tpi_cp_280_N27400 /0 undetected,input_edge,test_en,__tpi_cp_280_N27400,__tpi_cp_280_N27400,0,undetected,__tpi_cp_280_N27400,__tpi_cp_280_N27400,__tpi_cp_280_N27400,sa0,1
1575,test_en->__tpi_cp_189_N27399 /0 undetected,input_edge,test_en,__tpi_cp_189_N27399,__tpi_cp_189_N27399,0,undetected,__tpi_cp_189_N27399,__tpi_cp_189_N27399,__tpi_cp_189_N27399,sa0,1
1576,test_en->__tpi_cp_235_N33367 /0 undetected,input_edge,test_en,__tpi_cp_235_N33367,__tpi_cp_235_N33367,0,undetected,__tpi_cp_235_N33367,__tpi_cp_235_N33367,__tpi_cp_235_N33367,sa0,1
1577,test_en->__tpi_cp_183_N33366 /0 undetected,input_edge,test_en,__tpi_cp_183_N33366,__tpi_cp_183_N33366,0,undetected,__tpi_cp_183_N33366,__tpi_cp_183_N33366,__tpi_cp_183_N33366,sa0,1
1578,N8040 /1 undetected,output,,N8040,N8040,1,undetected,N8040,N8040,N8040,sa1,1
1579,N7937 /1 undetected,output,,N7937,N7937,1,undetected,N7937,N7937,N7937,sa1,1
1580,N53717 /1 undetected,output,,N53717,N53717,1,undetected,N53717,N53717,N53717,sa1,1
1581,test_en->__tpi_cp_206_N34903 /0 undetected,input_edge,test_en,__tpi_cp_206_N34903,__tpi_cp_206_N34903,0,undetected,__tpi_cp_206_N34903,__tpi_cp_206_N34903,__tpi_cp_206_N34903,sa0,1
1582,N8708 /0 undetected,output,,N8708,N8708,0,undetected,N8708,N8708,N8708,sa0,1
1583,N54278 /1 undetected,output,,N54278,N54278,1,undetected,N54278,N54278,N54278,sa1,1
1584,N54277 /1 undetected,output,,N54277,N54277,1,undetected,N54277,N54277,N54277,sa1,1
1585,N1420 /1 undetected,output,,N1420,N1420,1,undetected,N1420,N1420,N1420,sa1,1
1586,N1420 /0 undetected,output,,N1420,N1420,0,undetected,N1420,N1420,N1420,sa0,1
1587,N4030 /1 undetected,output,,N4030,N4030,1,undetected,N4030,N4030,N4030,sa1,1
1588,N46102 /1 undetected,output,,N46102,N46102,1,undetected,N46102,N46102,N46102,sa1,1
1589,N43159 /1 undetected,output,,N43159,N43159,1,undetected,N43159,N43159,N43159,sa1,1
1590,N4029 /1 undetected,output,,N4029,N4029,1,undetected,N4029,N4029,N4029,sa1,1
1591,N55242 /1 undetected,output,,N55242,N55242,1,undetected,N55242,N55242,N55242,sa1,1
1592,N43158 /1 undetected,output,,N43158,N43158,1,undetected,N43158,N43158,N43158,sa1,1
1593,N7938 /1 undetected,output,,N7938,N7938,1,undetected,N7938,N7938,N7938,sa1,1
1594,N40085 /1 undetected,output,,N40085,N40085,1,undetected,N40085,N40085,N40085,sa1,1
1595,test_en->__tpi_cp_255_N4575 /0 undetected,input_edge,test_en,__tpi_cp_255_N4575,__tpi_cp_255_N4575,0,undetected,__tpi_cp_255_N4575,__tpi_cp_255_N4575,__tpi_cp_255_N4575,sa0,1
1596,test_en->__tpi_cp_220_N26017 /0 undetected,input_edge,test_en,__tpi_cp_220_N26017,__tpi_cp_220_N26017,0,undetected,__tpi_cp_220_N26017,__tpi_cp_220_N26017,__tpi_cp_220_N26017,sa0,1
1597,test_en->__tpi_cp_291_N27960 /0 undetected,input_edge,test_en,__tpi_cp_291_N27960,__tpi_cp_291_N27960,0,undetected,__tpi_cp_291_N27960,__tpi_cp_291_N27960,__tpi_cp_291_N27960,sa0,1
1598,N51884 /1 undetected,output,,N51884,N51884,1,undetected,N51884,N51884,N51884,sa1,1
1599,test_en->__tpi_cp_215_N27959 /0 undetected,input_edge,test_en,__tpi_cp_215_N27959,__tpi_cp_215_N27959,0,undetected,__tpi_cp_215_N27959,__tpi_cp_215_N27959,__tpi_cp_215_N27959,sa0,1
1600,N59848 /1 undetected,output,,N59848,N59848,1,undetected,N59848,N59848,N59848,sa1,1
1601,N945 /1 undetected,output,,N945,N945,1,undetected,N945,N945,N945,sa1,1
1602,N945 /0 undetected,output,,N945,N945,0,undetected,N945,N945,N945,sa0,1
1603,N3352 /1 undetected,output,,N3352,N3352,1,undetected,N3352,N3352,N3352,sa1,1
1604,N47360 /1 undetected,output,,N47360,N47360,1,undetected,N47360,N47360,N47360,sa1,1
1605,N45878 /1 undetected,output,,N45878,N45878,1,undetected,N45878,N45878,N45878,sa1,1
1606,N1702 /1 undetected,output,,N1702,N1702,1,undetected,N1702,N1702,N1702,sa1,1
1607,N44451 /1 undetected,output,,N44451,N44451,1,undetected,N44451,N44451,N44451,sa1,1
1608,N3351 /1 undetected,output,,N3351,N3351,1,undetected,N3351,N3351,N3351,sa1,1
1609,N46137 /1 undetected,output,,N46137,N46137,1,undetected,N46137,N46137,N46137,sa1,1
1610,N45494 /1 undetected,output,,N45494,N45494,1,undetected,N45494,N45494,N45494,sa1,1
1611,N913 /1 undetected,output,,N913,N913,1,undetected,N913,N913,N913,sa1,1
1612,N913 /0 undetected,output,,N913,N913,0,undetected,N913,N913,N913,sa0,1
1613,N3438 /1 undetected,output,,N3438,N3438,1,undetected,N3438,N3438,N3438,sa1,1
1614,N46169 /1 undetected,output,,N46169,N46169,1,undetected,N46169,N46169,N46169,sa1,1
1615,N45879 /1 undetected,output,,N45879,N45879,1,undetected,N45879,N45879,N45879,sa1,1
1616,N1718 /1 undetected,output,,N1718,N1718,1,undetected,N1718,N1718,N1718,sa1,1
1617,N3439 /1 undetected,output,,N3439,N3439,1,undetected,N3439,N3439,N3439,sa1,1
1618,N47472 /1 undetected,output,,N47472,N47472,1,undetected,N47472,N47472,N47472,sa1,1
1619,N43425 /1 undetected,output,,N43425,N43425,1,undetected,N43425,N43425,N43425,sa1,1
1620,N3437 /1 undetected,output,,N3437,N3437,1,undetected,N3437,N3437,N3437,sa1,1
1621,N47392 /1 undetected,output,,N47392,N47392,1,undetected,N47392,N47392,N47392,sa1,1
1622,N45495 /1 undetected,output,,N45495,N45495,1,undetected,N45495,N45495,N45495,sa1,1
1623,test_en->__tpi_cp_317_N4579 /0 undetected,input_edge,test_en,__tpi_cp_317_N4579,__tpi_cp_317_N4579,0,undetected,__tpi_cp_317_N4579,__tpi_cp_317_N4579,__tpi_cp_317_N4579,sa0,1
1624,test_en->__tpi_cp_233_N26021 /0 undetected,input_edge,test_en,__tpi_cp_233_N26021,__tpi_cp_233_N26021,0,undetected,__tpi_cp_233_N26021,__tpi_cp_233_N26021,__tpi_cp_233_N26021,sa0,1
1625,N51888 /1 undetected,output,,N51888,N51888,1,undetected,N51888,N51888,N51888,sa1,1
1626,N59852 /1 undetected,output,,N59852,N59852,1,undetected,N59852,N59852,N59852,sa1,1
1627,test_en->__tpi_cp_315_N4577 /0 undetected,input_edge,test_en,__tpi_cp_315_N4577,__tpi_cp_315_N4577,0,undetected,__tpi_cp_315_N4577,__tpi_cp_315_N4577,__tpi_cp_315_N4577,sa0,1
1628,test_en->__tpi_cp_232_N26019 /0 undetected,input_edge,test_en,__tpi_cp_232_N26019,__tpi_cp_232_N26019,0,undetected,__tpi_cp_232_N26019,__tpi_cp_232_N26019,__tpi_cp_232_N26019,sa0,1
1629,N51886 /1 undetected,output,,N51886,N51886,1,undetected,N51886,N51886,N51886,sa1,1
1630,N59850 /1 undetected,output,,N59850,N59850,1,undetected,N59850,N59850,N59850,sa1,1
1631,test_en->__tpi_cp_289_N26007 /0 undetected,input_edge,test_en,__tpi_cp_289_N26007,__tpi_cp_289_N26007,0,undetected,__tpi_cp_289_N26007,__tpi_cp_289_N26007,__tpi_cp_289_N26007,sa0,1
1632,test_en->__tpi_cp_288_N27940 /0 undetected,input_edge,test_en,__tpi_cp_288_N27940,__tpi_cp_288_N27940,0,undetected,__tpi_cp_288_N27940,__tpi_cp_288_N27940,__tpi_cp_288_N27940,sa0,1
1633,N51874 /1 undetected,output,,N51874,N51874,1,undetected,N51874,N51874,N51874,sa1,1
1634,test_en->__tpi_cp_261_N27939 /0 undetected,input_edge,test_en,__tpi_cp_261_N27939,__tpi_cp_261_N27939,0,undetected,__tpi_cp_261_N27939,__tpi_cp_261_N27939,__tpi_cp_261_N27939,sa0,1
1635,N59838 /1 undetected,output,,N59838,N59838,1,undetected,N59838,N59838,N59838,sa1,1
1636,N8644 /1 undetected,output,,N8644,N8644,1,undetected,N8644,N8644,N8644,sa1,1
1637,N8662 /1 undetected,output,,N8662,N8662,1,undetected,N8662,N8662,N8662,sa1,1
1638,test_en->__tpi_cp_234_N26016 /0 undetected,input_edge,test_en,__tpi_cp_234_N26016,__tpi_cp_234_N26016,0,undetected,__tpi_cp_234_N26016,__tpi_cp_234_N26016,__tpi_cp_234_N26016,sa0,1
1639,N51883 /1 undetected,output,,N51883,N51883,1,undetected,N51883,N51883,N51883,sa1,1
1640,N59847 /1 undetected,output,,N59847,N59847,1,undetected,N59847,N59847,N59847,sa1,1
1641,N8688 /1 undetected,output,,N8688,N8688,1,undetected,N8688,N8688,N8688,sa1,1
1642,N8688 /0 undetected,output,,N8688,N8688,0,undetected,N8688,N8688,N8688,sa0,1
1643,N51872 /1 undetected,output,,N51872,N51872,1,undetected,N51872,N51872,N51872,sa1,1
1644,N6987 /1 undetected,output,,N6987,N6987,1,undetected,N6987,N6987,N6987,sa1,1
1645,N48497 /1 undetected,output,,N48497,N48497,1,undetected,N48497,N48497,N48497,sa1,1
1646,N15618 /1 undetected,output,,N15618,N15618,1,undetected,N15618,N15618,N15618,sa1,1
1647,N15620 /1 undetected,output,,N15620,N15620,1,undetected,N15620,N15620,N15620,sa1,1
1648,N58768 /1 undetected,output,,N58768,N58768,1,undetected,N58768,N58768,N58768,sa1,1
1649,N48385 /1 undetected,output,,N48385,N48385,1,undetected,N48385,N48385,N48385,sa1,1
1650,N51896 /1 undetected,output,,N51896,N51896,1,undetected,N51896,N51896,N51896,sa1,1
1651,N59860 /1 undetected,output,,N59860,N59860,1,undetected,N59860,N59860,N59860,sa1,1
1652,N51895 /1 undetected,output,,N51895,N51895,1,undetected,N51895,N51895,N51895,sa1,1
1653,N59859 /1 undetected,output,,N59859,N59859,1,undetected,N59859,N59859,N59859,sa1,1
1654,N51894 /1 undetected,output,,N51894,N51894,1,undetected,N51894,N51894,N51894,sa1,1
1655,N59858 /1 undetected,output,,N59858,N59858,1,undetected,N59858,N59858,N59858,sa1,1
1656,N51893 /1 undetected,output,,N51893,N51893,1,undetected,N51893,N51893,N51893,sa1,1
1657,N59857 /1 undetected,output,,N59857,N59857,1,undetected,N59857,N59857,N59857,sa1,1
1658,N51892 /1 undetected,output,,N51892,N51892,1,undetected,N51892,N51892,N51892,sa1,1
1659,N59856 /1 undetected,output,,N59856,N59856,1,undetected,N59856,N59856,N59856,sa1,1
1660,N51891 /1 undetected,output,,N51891,N51891,1,undetected,N51891,N51891,N51891,sa1,1
1661,N59855 /1 undetected,output,,N59855,N59855,1,undetected,N59855,N59855,N59855,sa1,1
1662,N51890 /1 undetected,output,,N51890,N51890,1,undetected,N51890,N51890,N51890,sa1,1
1663,N59854 /1 undetected,output,,N59854,N59854,1,undetected,N59854,N59854,N59854,sa1,1
1664,N51889 /1 undetected,output,,N51889,N51889,1,undetected,N51889,N51889,N51889,sa1,1
1665,N59853 /1 undetected,output,,N59853,N59853,1,undetected,N59853,N59853,N59853,sa1,1
1666,N51887 /1 undetected,output,,N51887,N51887,1,undetected,N51887,N51887,N51887,sa1,1
1667,N59851 /1 undetected,output,,N59851,N59851,1,undetected,N59851,N59851,N59851,sa1,1
1668,N51885 /1 undetected,output,,N51885,N51885,1,undetected,N51885,N51885,N51885,sa1,1
1669,N59849 /1 undetected,output,,N59849,N59849,1,undetected,N59849,N59849,N59849,sa1,1
1670,N51882 /1 undetected,output,,N51882,N51882,1,undetected,N51882,N51882,N51882,sa1,1
1671,N59846 /1 undetected,output,,N59846,N59846,1,undetected,N59846,N59846,N59846,sa1,1
1672,N51881 /1 undetected,output,,N51881,N51881,1,undetected,N51881,N51881,N51881,sa1,1
1673,N59845 /1 undetected,output,,N59845,N59845,1,undetected,N59845,N59845,N59845,sa1,1
1674,N51880 /1 undetected,output,,N51880,N51880,1,undetected,N51880,N51880,N51880,sa1,1
1675,N59844 /1 undetected,output,,N59844,N59844,1,undetected,N59844,N59844,N59844,sa1,1
1676,N51879 /1 undetected,output,,N51879,N51879,1,undetected,N51879,N51879,N51879,sa1,1
1677,N59843 /1 undetected,output,,N59843,N59843,1,undetected,N59843,N59843,N59843,sa1,1
1678,N51878 /1 undetected,output,,N51878,N51878,1,undetected,N51878,N51878,N51878,sa1,1
1679,N59842 /1 undetected,output,,N59842,N59842,1,undetected,N59842,N59842,N59842,sa1,1
1680,N51877 /1 undetected,output,,N51877,N51877,1,undetected,N51877,N51877,N51877,sa1,1
1681,N59841 /1 undetected,output,,N59841,N59841,1,undetected,N59841,N59841,N59841,sa1,1
1682,N51876 /1 undetected,output,,N51876,N51876,1,undetected,N51876,N51876,N51876,sa1,1
1683,N59840 /1 undetected,output,,N59840,N59840,1,undetected,N59840,N59840,N59840,sa1,1
1684,N51875 /1 undetected,output,,N51875,N51875,1,undetected,N51875,N51875,N51875,sa1,1
1685,N59839 /1 undetected,output,,N59839,N59839,1,undetected,N59839,N59839,N59839,sa1,1
1686,N6989 /1 undetected,output,,N6989,N6989,1,undetected,N6989,N6989,N6989,sa1,1
1687,N51871 /1 undetected,output,,N51871,N51871,1,undetected,N51871,N51871,N51871,sa1,1
1688,N59835 /1 undetected,output,,N59835,N59835,1,undetected,N59835,N59835,N59835,sa1,1
1689,N51870 /1 undetected,output,,N51870,N51870,1,undetected,N51870,N51870,N51870,sa1,1
1690,N59834 /1 undetected,output,,N59834,N59834,1,undetected,N59834,N59834,N59834,sa1,1
1691,N51869 /1 undetected,output,,N51869,N51869,1,undetected,N51869,N51869,N51869,sa1,1
1692,N59833 /1 undetected,output,,N59833,N59833,1,undetected,N59833,N59833,N59833,sa1,1
1693,N51868 /1 undetected,output,,N51868,N51868,1,undetected,N51868,N51868,N51868,sa1,1
1694,N59832 /1 undetected,output,,N59832,N59832,1,undetected,N59832,N59832,N59832,sa1,1
1695,N51867 /1 undetected,output,,N51867,N51867,1,undetected,N51867,N51867,N51867,sa1,1
1696,N59831 /1 undetected,output,,N59831,N59831,1,undetected,N59831,N59831,N59831,sa1,1
1697,N51866 /1 undetected,output,,N51866,N51866,1,undetected,N51866,N51866,N51866,sa1,1
1698,N59830 /1 undetected,output,,N59830,N59830,1,undetected,N59830,N59830,N59830,sa1,1
1699,N7996 /0 undetected,output,,N7996,N7996,0,undetected,N7996,N7996,N7996,sa0,1
1700,N54275 /1 undetected,output,,N54275,N54275,1,undetected,N54275,N54275,N54275,sa1,1
1701,N54274 /1 undetected,output,,N54274,N54274,1,undetected,N54274,N54274,N54274,sa1,1
1702,test_en->__tpi_cp_287_N21234 /0 undetected,input_edge,test_en,__tpi_cp_287_N21234,__tpi_cp_287_N21234,0,undetected,__tpi_cp_287_N21234,__tpi_cp_287_N21234,__tpi_cp_287_N21234,sa0,1
1703,test_en->__tpi_cp_185_N21176 /0 undetected,input_edge,test_en,__tpi_cp_185_N21176,__tpi_cp_185_N21176,0,undetected,__tpi_cp_185_N21176,__tpi_cp_185_N21176,__tpi_cp_185_N21176,sa0,1
1704,test_en->__tpi_cp_309_N21175 /0 undetected,input_edge,test_en,__tpi_cp_309_N21175,__tpi_cp_309_N21175,0,undetected,__tpi_cp_309_N21175,__tpi_cp_309_N21175,__tpi_cp_309_N21175,sa0,1
1705,N7935 /1 undetected,output,,N7935,N7935,1,undetected,N7935,N7935,N7935,sa1,1
1706,N53715 /1 undetected,output,,N53715,N53715,1,undetected,N53715,N53715,N53715,sa1,1
1707,N1421 /1 undetected,output,,N1421,N1421,1,undetected,N1421,N1421,N1421,sa1,1
1708,N1421 /0 undetected,output,,N1421,N1421,0,undetected,N1421,N1421,N1421,sa0,1
1709,N4032 /1 undetected,output,,N4032,N4032,1,undetected,N4032,N4032,N4032,sa1,1
1710,N46103 /1 undetected,output,,N46103,N46103,1,undetected,N46103,N46103,N46103,sa1,1
1711,N43210 /1 undetected,output,,N43210,N43210,1,undetected,N43210,N43210,N43210,sa1,1
1712,N4031 /1 undetected,output,,N4031,N4031,1,undetected,N4031,N4031,N4031,sa1,1
1713,N55243 /1 undetected,output,,N55243,N55243,1,undetected,N55243,N55243,N55243,sa1,1
1714,N43209 /1 undetected,output,,N43209,N43209,1,undetected,N43209,N43209,N43209,sa1,1
1715,N7936 /1 undetected,output,,N7936,N7936,1,undetected,N7936,N7936,N7936,sa1,1
1716,N8643 /1 undetected,output,,N8643,N8643,1,undetected,N8643,N8643,N8643,sa1,1
1717,N8663 /1 undetected,output,,N8663,N8663,1,undetected,N8663,N8663,N8663,sa1,1
1718,N16680 /1 undetected,output,,N16680,N16680,1,undetected,N16680,N16680,N16680,sa1,1
1719,N59588 /1 undetected,output,,N59588,N59588,1,undetected,N59588,N59588,N59588,sa1,1
1720,N16736 /1 undetected,output,,N16736,N16736,1,undetected,N16736,N16736,N16736,sa1,1
1721,N49828 /1 undetected,output,,N49828,N49828,1,undetected,N49828,N49828,N49828,sa1,1
1722,N946 /1 undetected,output,,N946,N946,1,undetected,N946,N946,N946,sa1,1
1723,N946 /0 undetected,output,,N946,N946,0,undetected,N946,N946,N946,sa0,1
1724,N3354 /1 undetected,output,,N3354,N3354,1,undetected,N3354,N3354,N3354,sa1,1
1725,N47361 /1 undetected,output,,N47361,N47361,1,undetected,N47361,N47361,N47361,sa1,1
1726,N45882 /1 undetected,output,,N45882,N45882,1,undetected,N45882,N45882,N45882,sa1,1
1727,N1703 /1 undetected,output,,N1703,N1703,1,undetected,N1703,N1703,N1703,sa1,1
1728,N44452 /1 undetected,output,,N44452,N44452,1,undetected,N44452,N44452,N44452,sa1,1
1729,N3353 /1 undetected,output,,N3353,N3353,1,undetected,N3353,N3353,N3353,sa1,1
1730,N46138 /1 undetected,output,,N46138,N46138,1,undetected,N46138,N46138,N46138,sa1,1
1731,N45434 /1 undetected,output,,N45434,N45434,1,undetected,N45434,N45434,N45434,sa1,1
1732,N914 /1 undetected,output,,N914,N914,1,undetected,N914,N914,N914,sa1,1
1733,N914 /0 undetected,output,,N914,N914,0,undetected,N914,N914,N914,sa0,1
1734,N3441 /1 undetected,output,,N3441,N3441,1,undetected,N3441,N3441,N3441,sa1,1
1735,N46170 /1 undetected,output,,N46170,N46170,1,undetected,N46170,N46170,N46170,sa1,1
1736,N45883 /1 undetected,output,,N45883,N45883,1,undetected,N45883,N45883,N45883,sa1,1
1737,N1719 /1 undetected,output,,N1719,N1719,1,undetected,N1719,N1719,N1719,sa1,1
1738,N3442 /1 undetected,output,,N3442,N3442,1,undetected,N3442,N3442,N3442,sa1,1
1739,N47473 /1 undetected,output,,N47473,N47473,1,undetected,N47473,N47473,N47473,sa1,1
1740,N43472 /1 undetected,output,,N43472,N43472,1,undetected,N43472,N43472,N43472,sa1,1
1741,N3440 /1 undetected,output,,N3440,N3440,1,undetected,N3440,N3440,N3440,sa1,1
1742,N47393 /1 undetected,output,,N47393,N47393,1,undetected,N47393,N47393,N47393,sa1,1
1743,N45435 /1 undetected,output,,N45435,N45435,1,undetected,N45435,N45435,N45435,sa1,1
1744,N60141 /1 undetected,output,,N60141,N60141,1,undetected,N60141,N60141,N60141,sa1,1
1745,N59635 /1 undetected,output,,N59635,N59635,1,undetected,N59635,N59635,N59635,sa1,1
1746,N54272 /1 undetected,output,,N54272,N54272,1,undetected,N54272,N54272,N54272,sa1,1
1747,N8741 /1 undetected,output,,N8741,N8741,1,undetected,N8741,N8741,N8741,sa1,1
1748,N54310 /1 undetected,output,,N54310,N54310,1,undetected,N54310,N54310,N54310,sa1,1
1749,N16732 /1 undetected,output,,N16732,N16732,1,undetected,N16732,N16732,N16732,sa1,1
1750,N49824 /1 undetected,output,,N49824,N49824,1,undetected,N49824,N49824,N49824,sa1,1
1751,N59565 /1 undetected,output,,N59565,N59565,1,undetected,N59565,N59565,N59565,sa1,1
1752,test_en->__tpi_cp_191_N21178 /0 undetected,input_edge,test_en,__tpi_cp_191_N21178,__tpi_cp_191_N21178,0,undetected,__tpi_cp_191_N21178,__tpi_cp_191_N21178,__tpi_cp_191_N21178,sa0,1
1753,N8744 /1 undetected,output,,N8744,N8744,1,undetected,N8744,N8744,N8744,sa1,1
1754,N54311 /1 undetected,output,,N54311,N54311,1,undetected,N54311,N54311,N54311,sa1,1
1755,N54271 /1 undetected,output,,N54271,N54271,1,undetected,N54271,N54271,N54271,sa1,1
1756,N8642 /1 undetected,output,,N8642,N8642,1,undetected,N8642,N8642,N8642,sa1,1
1757,N8666 /1 undetected,output,,N8666,N8666,1,undetected,N8666,N8666,N8666,sa1,1
1758,N29182 /1 undetected,output,,N29182,N29182,1,undetected,N29182,N29182,N29182,sa1,1
1759,N29181 /1 undetected,output,,N29181,N29181,1,undetected,N29181,N29181,N29181,sa1,1
1760,N12445 /1 undetected,output,,N12445,N12445,1,undetected,N12445,N12445,N12445,sa1,1
1761,N12445 /0 undetected,output,,N12445,N12445,0,undetected,N12445,N12445,N12445,sa0,1
1762,N12559 /1 undetected,output,,N12559,N12559,1,undetected,N12559,N12559,N12559,sa1,1
1763,N56781 /1 undetected,output,,N56781,N56781,1,undetected,N56781,N56781,N56781,sa1,1
1764,N43893 /1 undetected,output,,N43893,N43893,1,undetected,N43893,N43893,N43893,sa1,1
1765,N12558 /1 undetected,output,,N12558,N12558,1,undetected,N12558,N12558,N12558,sa1,1
1766,N43896 /1 undetected,output,,N43896,N43896,1,undetected,N43896,N43896,N43896,sa1,1
1767,N12490 /1 undetected,output,,N12490,N12490,1,undetected,N12490,N12490,N12490,sa1,1
1768,N15617 /0 undetected,output,,N15617,N15617,0,undetected,N15617,N15617,N15617,sa0,1
1769,N947 /1 undetected,output,,N947,N947,1,undetected,N947,N947,N947,sa1,1
1770,N947 /0 undetected,output,,N947,N947,0,undetected,N947,N947,N947,sa0,1
1771,N20334 /1 undetected,output,,N20334,N20334,1,undetected,N20334,N20334,N20334,sa1,1
1772,N44457 /1 undetected,output,,N44457,N44457,1,undetected,N44457,N44457,N44457,sa1,1
1773,N3356 /1 undetected,output,,N3356,N3356,1,undetected,N3356,N3356,N3356,sa1,1
1774,N47362 /1 undetected,output,,N47362,N47362,1,undetected,N47362,N47362,N47362,sa1,1
1775,N45886 /1 undetected,output,,N45886,N45886,1,undetected,N45886,N45886,N45886,sa1,1
1776,N3355 /1 undetected,output,,N3355,N3355,1,undetected,N3355,N3355,N3355,sa1,1
1777,N46139 /1 undetected,output,,N46139,N46139,1,undetected,N46139,N46139,N46139,sa1,1
1778,N45368 /1 undetected,output,,N45368,N45368,1,undetected,N45368,N45368,N45368,sa1,1
1779,N915 /1 undetected,output,,N915,N915,1,undetected,N915,N915,N915,sa1,1
1780,N915 /0 undetected,output,,N915,N915,0,undetected,N915,N915,N915,sa0,1
1781,N20306 /1 undetected,output,,N20306,N20306,1,undetected,N20306,N20306,N20306,sa1,1
1782,N3445 /1 undetected,output,,N3445,N3445,1,undetected,N3445,N3445,N3445,sa1,1
1783,N47474 /1 undetected,output,,N47474,N47474,1,undetected,N47474,N47474,N47474,sa1,1
1784,N43104 /1 undetected,output,,N43104,N43104,1,undetected,N43104,N43104,N43104,sa1,1
1785,N3444 /1 undetected,output,,N3444,N3444,1,undetected,N3444,N3444,N3444,sa1,1
1786,N46171 /1 undetected,output,,N46171,N46171,1,undetected,N46171,N46171,N46171,sa1,1
1787,N45887 /1 undetected,output,,N45887,N45887,1,undetected,N45887,N45887,N45887,sa1,1
1788,N3443 /1 undetected,output,,N3443,N3443,1,undetected,N3443,N3443,N3443,sa1,1
1789,N47394 /1 undetected,output,,N47394,N47394,1,undetected,N47394,N47394,N47394,sa1,1
1790,N45369 /1 undetected,output,,N45369,N45369,1,undetected,N45369,N45369,N45369,sa1,1
1791,N46104 /1 undetected,output,,N46104,N46104,1,undetected,N46104,N46104,N46104,sa1,1
1792,N55244 /1 undetected,output,,N55244,N55244,1,undetected,N55244,N55244,N55244,sa1,1
1793,N8690 /1 undetected,output,,N8690,N8690,1,undetected,N8690,N8690,N8690,sa1,1
1794,N8690 /0 undetected,output,,N8690,N8690,0,undetected,N8690,N8690,N8690,sa0,1
1795,N5622 /1 undetected,output,,N5622,N5622,1,undetected,N5622,N5622,N5622,sa1,1
1796,N8699 /0 undetected,output,,N8699,N8699,0,undetected,N8699,N8699,N8699,sa0,1
1797,N54269 /1 undetected,output,,N54269,N54269,1,undetected,N54269,N54269,N54269,sa1,1
1798,N54268 /1 undetected,output,,N54268,N54268,1,undetected,N54268,N54268,N54268,sa1,1
1799,N16594 /0 undetected,output,,N16594,N16594,0,undetected,N16594,N16594,N16594,sa0,1
1800,N59566 /1 undetected,output,,N59566,N59566,1,undetected,N59566,N59566,N59566,sa1,1
1801,N49887 /1 undetected,output,,N49887,N49887,1,undetected,N49887,N49887,N49887,sa1,1
1802,N49889 /1 undetected,output,,N49889,N49889,1,undetected,N49889,N49889,N49889,sa1,1
1803,N16630 /1 undetected,output,,N16630,N16630,1,undetected,N16630,N16630,N16630,sa1,1
1804,N16313 /1 undetected,output,,N16313,N16313,1,undetected,N16313,N16313,N16313,sa1,1
1805,test_en->__tpi_cp_282_N21238 /0 undetected,input_edge,test_en,__tpi_cp_282_N21238,__tpi_cp_282_N21238,0,undetected,__tpi_cp_282_N21238,__tpi_cp_282_N21238,__tpi_cp_282_N21238,sa0,1
1806,test_en->__tpi_cp_184_N21180 /0 undetected,input_edge,test_en,__tpi_cp_184_N21180,__tpi_cp_184_N21180,0,undetected,__tpi_cp_184_N21180,__tpi_cp_184_N21180,__tpi_cp_184_N21180,sa0,1
1807,test_en->__tpi_cp_310_N21179 /0 undetected,input_edge,test_en,__tpi_cp_310_N21179,__tpi_cp_310_N21179,0,undetected,__tpi_cp_310_N21179,__tpi_cp_310_N21179,__tpi_cp_310_N21179,sa0,1
1808,N12489 /1 undetected,output,,N12489,N12489,1,undetected,N12489,N12489,N12489,sa1,1
1809,N12489 /0 undetected,output,,N12489,N12489,0,undetected,N12489,N12489,N12489,sa0,1
1810,N5639 /1 undetected,output,,N5639,N5639,1,undetected,N5639,N5639,N5639,sa1,1
1811,N5601 /1 undetected,output,,N5601,N5601,1,undetected,N5601,N5601,N5601,sa1,1
1812,N47598 /1 undetected,output,,N47598,N47598,1,undetected,N47598,N47598,N47598,sa1,1
1813,__tpi_not_test_en->__tpi_cp_63_N21074 /1 undetected,input_edge,__tpi_not_test_en,__tpi_cp_63_N21074,__tpi_cp_63_N21074,1,undetected,__tpi_cp_63_N21074,__tpi_cp_63_N21074,__tpi_cp_63_N21074,sa1,1
1814,__tpi_not_test_en->__tpi_cp_64_N21073 /1 undetected,input_edge,__tpi_not_test_en,__tpi_cp_64_N21073,__tpi_cp_64_N21073,1,undetected,__tpi_cp_64_N21073,__tpi_cp_64_N21073,__tpi_cp_64_N21073,sa1,1
1815,__tpi_not_test_en->__tpi_cp_65_N21072 /1 undetected,input_edge,__tpi_not_test_en,__tpi_cp_65_N21072,__tpi_cp_65_N21072,1,undetected,__tpi_cp_65_N21072,__tpi_cp_65_N21072,__tpi_cp_65_N21072,sa1,1
1816,__tpi_not_test_en->__tpi_cp_71_N5532 /1 undetected,input_edge,__tpi_not_test_en,__tpi_cp_71_N5532,__tpi_cp_71_N5532,1,undetected,__tpi_cp_71_N5532,__tpi_cp_71_N5532,__tpi_cp_71_N5532,sa1,1
1817,__tpi_not_test_en->__tpi_cp_74_N26594 /1 undetected,input_edge,__tpi_not_test_en,__tpi_cp_74_N26594,__tpi_cp_74_N26594,1,undetected,__tpi_cp_74_N26594,__tpi_cp_74_N26594,__tpi_cp_74_N26594,sa1,1
1818,__tpi_not_test_en->__tpi_cp_84_N5531 /1 undetected,input_edge,__tpi_not_test_en,__tpi_cp_84_N5531,__tpi_cp_84_N5531,1,undetected,__tpi_cp_84_N5531,__tpi_cp_84_N5531,__tpi_cp_84_N5531,sa1,1
1819,__tpi_not_test_en->__tpi_cp_105_N26593 /1 undetected,input_edge,__tpi_not_test_en,__tpi_cp_105_N26593,__tpi_cp_105_N26593,1,undetected,__tpi_cp_105_N26593,__tpi_cp_105_N26593,__tpi_cp_105_N26593,sa1,1
1820,__tpi_not_test_en->__tpi_cp_85_N5530 /1 undetected,input_edge,__tpi_not_test_en,__tpi_cp_85_N5530,__tpi_cp_85_N5530,1,undetected,__tpi_cp_85_N5530,__tpi_cp_85_N5530,__tpi_cp_85_N5530,sa1,1
1821,__tpi_not_test_en->__tpi_cp_147_N26592 /1 undetected,input_edge,__tpi_not_test_en,__tpi_cp_147_N26592,__tpi_cp_147_N26592,1,undetected,__tpi_cp_147_N26592,__tpi_cp_147_N26592,__tpi_cp_147_N26592,sa1,1
1822,__tpi_not_test_en->__tpi_cp_146_N47658 /1 undetected,input_edge,__tpi_not_test_en,__tpi_cp_146_N47658,__tpi_cp_146_N47658,1,undetected,__tpi_cp_146_N47658,__tpi_cp_146_N47658,__tpi_cp_146_N47658,sa1,1
1823,__tpi_not_test_en->__tpi_cp_148_N40679 /1 undetected,input_edge,__tpi_not_test_en,__tpi_cp_148_N40679,__tpi_cp_148_N40679,1,undetected,__tpi_cp_148_N40679,__tpi_cp_148_N40679,__tpi_cp_148_N40679,sa1,1
1824,__tpi_not_test_en->__tpi_cp_88_N5529 /1 undetected,input_edge,__tpi_not_test_en,__tpi_cp_88_N5529,__tpi_cp_88_N5529,1,undetected,__tpi_cp_88_N5529,__tpi_cp_88_N5529,__tpi_cp_88_N5529,sa1,1
1825,__tpi_not_test_en->__tpi_cp_155_N26591 /1 undetected,input_edge,__tpi_not_test_en,__tpi_cp_155_N26591,__tpi_cp_155_N26591,1,undetected,__tpi_cp_155_N26591,__tpi_cp_155_N26591,__tpi_cp_155_N26591,sa1,1
1826,__tpi_not_test_en->__tpi_cp_136_N47626 /1 undetected,input_edge,__tpi_not_test_en,__tpi_cp_136_N47626,__tpi_cp_136_N47626,1,undetected,__tpi_cp_136_N47626,__tpi_cp_136_N47626,__tpi_cp_136_N47626,sa1,1
1827,__tpi_not_test_en->__tpi_cp_154___buf_split_8699 /1 undetected,input_edge,__tpi_not_test_en,__tpi_cp_154___buf_split_8699,__tpi_cp_154___buf_split_8699,1,undetected,__tpi_cp_154___buf_split_8699,__tpi_cp_154___buf_split_8699,__tpi_cp_154___buf_split_8699,sa1,1
1828,__tpi_not_test_en->__tpi_cp_137_N40823 /1 undetected,input_edge,__tpi_not_test_en,__tpi_cp_137_N40823,__tpi_cp_137_N40823,1,undetected,__tpi_cp_137_N40823,__tpi_cp_137_N40823,__tpi_cp_137_N40823,sa1,1
1829,__tpi_not_test_en->__tpi_cp_143___buf_split_2317 /1 undetected,input_edge,__tpi_not_test_en,__tpi_cp_143___buf_split_2317,__tpi_cp_143___buf_split_2317,1,undetected,__tpi_cp_143___buf_split_2317,__tpi_cp_143___buf_split_2317,__tpi_cp_143___buf_split_2317,sa1,1
1830,N8637 /1 undetected,output,,N8637,N8637,1,undetected,N8637,N8637,N8637,sa1,1
1831,N8638 /1 undetected,output,,N8638,N8638,1,undetected,N8638,N8638,N8638,sa1,1
1832,__tpi_not_test_en->__tpi_cp_324_N22572 /1 undetected,input_edge,__tpi_not_test_en,__tpi_cp_324_N22572,__tpi_cp_324_N22572,1,undetected,__tpi_cp_324_N22572,__tpi_cp_324_N22572,__tpi_cp_324_N22572,sa1,1
1833,test_en->__tpi_cp_132_N22571 /0 undetected,input_edge,test_en,__tpi_cp_132_N22571,__tpi_cp_132_N22571,0,undetected,__tpi_cp_132_N22571,__tpi_cp_132_N22571,__tpi_cp_132_N22571,sa0,1
1834,test_en->__tpi_cp_229_N56753 /0 undetected,input_edge,test_en,__tpi_cp_229_N56753,__tpi_cp_229_N56753,0,undetected,__tpi_cp_229_N56753,__tpi_cp_229_N56753,__tpi_cp_229_N56753,sa0,1
1835,test_en->__tpi_cp_297___buf_split_12498 /0 undetected,input_edge,test_en,__tpi_cp_297___buf_split_12498,__tpi_cp_297___buf_split_12498,0,undetected,__tpi_cp_297___buf_split_12498,__tpi_cp_297___buf_split_12498,__tpi_cp_297___buf_split_12498,sa0,1
1836,test_en->__tpi_cp_240_N56750 /0 undetected,input_edge,test_en,__tpi_cp_240_N56750,__tpi_cp_240_N56750,0,undetected,__tpi_cp_240_N56750,__tpi_cp_240_N56750,__tpi_cp_240_N56750,sa0,1
1837,test_en->__tpi_cp_167_N12325 /0 undetected,input_edge,test_en,__tpi_cp_167_N12325,__tpi_cp_167_N12325,0,undetected,__tpi_cp_167_N12325,__tpi_cp_167_N12325,__tpi_cp_167_N12325,sa0,1
1838,test_en->__tpi_cp_251_N56756 /0 undetected,input_edge,test_en,__tpi_cp_251_N56756,__tpi_cp_251_N56756,0,undetected,__tpi_cp_251_N56756,__tpi_cp_251_N56756,__tpi_cp_251_N56756,sa0,1
1839,test_en->__tpi_cp_249_N56754 /0 undetected,input_edge,test_en,__tpi_cp_249_N56754,__tpi_cp_249_N56754,0,undetected,__tpi_cp_249_N56754,__tpi_cp_249_N56754,__tpi_cp_249_N56754,sa0,1
1840,__tpi_not_test_en->__tpi_cp_326_N12326 /1 undetected,input_edge,__tpi_not_test_en,__tpi_cp_326_N12326,__tpi_cp_326_N12326,1,undetected,__tpi_cp_326_N12326,__tpi_cp_326_N12326,__tpi_cp_326_N12326,sa1,1
1841,test_en->__tpi_cp_243_N56758 /0 undetected,input_edge,test_en,__tpi_cp_243_N56758,__tpi_cp_243_N56758,0,undetected,__tpi_cp_243_N56758,__tpi_cp_243_N56758,__tpi_cp_243_N56758,sa0,1
1842,test_en->__tpi_cp_244___buf_split_12823 /0 undetected,input_edge,test_en,__tpi_cp_244___buf_split_12823,__tpi_cp_244___buf_split_12823,0,undetected,__tpi_cp_244___buf_split_12823,__tpi_cp_244___buf_split_12823,__tpi_cp_244___buf_split_12823,sa0,1
1843,test_en->__tpi_cp_162_N22574 /0 undetected,input_edge,test_en,__tpi_cp_162_N22574,__tpi_cp_162_N22574,0,undetected,__tpi_cp_162_N22574,__tpi_cp_162_N22574,__tpi_cp_162_N22574,sa0,1
1844,test_en->__tpi_cp_241_N56760 /0 undetected,input_edge,test_en,__tpi_cp_241_N56760,__tpi_cp_241_N56760,0,undetected,__tpi_cp_241_N56760,__tpi_cp_241_N56760,__tpi_cp_241_N56760,sa0,1
1845,test_en->__tpi_cp_163_N22573 /0 undetected,input_edge,test_en,__tpi_cp_163_N22573,__tpi_cp_163_N22573,0,undetected,__tpi_cp_163_N22573,__tpi_cp_163_N22573,__tpi_cp_163_N22573,sa0,1
1846,test_en->__tpi_cp_164_N31799 /0 undetected,input_edge,test_en,__tpi_cp_164_N31799,__tpi_cp_164_N31799,0,undetected,__tpi_cp_164_N31799,__tpi_cp_164_N31799,__tpi_cp_164_N31799,sa0,1
1847,N9776 /1 undetected,output,,N9776,N9776,1,undetected,N9776,N9776,N9776,sa1,1
1848,N4621 /1 undetected,output,,N4621,N4621,1,undetected,N4621,N4621,N4621,sa1,1
1849,N21671 /1 undetected,output,,N21671,N21671,1,undetected,N21671,N21671,N21671,sa1,1
1850,N21670 /1 undetected,output,,N21670,N21670,1,undetected,N21670,N21670,N21670,sa1,1
1851,N4620 /1 undetected,output,,N4620,N4620,1,undetected,N4620,N4620,N4620,sa1,1
1852,N21669 /1 undetected,output,,N21669,N21669,1,undetected,N21669,N21669,N21669,sa1,1
1853,N5080 /1 undetected,output,,N5080,N5080,1,undetected,N5080,N5080,N5080,sa1,1
1854,N40438 /1 undetected,output,,N40438,N40438,1,undetected,N40438,N40438,N40438,sa1,1
1855,N5079 /1 undetected,output,,N5079,N5079,1,undetected,N5079,N5079,N5079,sa1,1
1856,N40436 /1 undetected,output,,N40436,N40436,1,undetected,N40436,N40436,N40436,sa1,1
1857,N5081 /1 undetected,output,,N5081,N5081,1,undetected,N5081,N5081,N5081,sa1,1
1858,N40440 /1 undetected,output,,N40440,N40440,1,undetected,N40440,N40440,N40440,sa1,1
1859,N4619 /1 undetected,output,,N4619,N4619,1,undetected,N4619,N4619,N4619,sa1,1
1860,N21668 /1 undetected,output,,N21668,N21668,1,undetected,N21668,N21668,N21668,sa1,1
1861,N21667 /1 undetected,output,,N21667,N21667,1,undetected,N21667,N21667,N21667,sa1,1
1862,N5078 /1 undetected,output,,N5078,N5078,1,undetected,N5078,N5078,N5078,sa1,1
1863,N40434 /1 undetected,output,,N40434,N40434,1,undetected,N40434,N40434,N40434,sa1,1
1864,N5077 /1 undetected,output,,N5077,N5077,1,undetected,N5077,N5077,N5077,sa1,1
1865,N40432 /1 undetected,output,,N40432,N40432,1,undetected,N40432,N40432,N40432,sa1,1
1866,N5076 /1 undetected,output,,N5076,N5076,1,undetected,N5076,N5076,N5076,sa1,1
1867,N40430 /1 undetected,output,,N40430,N40430,1,undetected,N40430,N40430,N40430,sa1,1
1868,N5075 /1 undetected,output,,N5075,N5075,1,undetected,N5075,N5075,N5075,sa1,1
1869,N40428 /1 undetected,output,,N40428,N40428,1,undetected,N40428,N40428,N40428,sa1,1
1870,N4618 /1 undetected,output,,N4618,N4618,1,undetected,N4618,N4618,N4618,sa1,1
1871,N21666 /1 undetected,output,,N21666,N21666,1,undetected,N21666,N21666,N21666,sa1,1
1872,N21665 /1 undetected,output,,N21665,N21665,1,undetected,N21665,N21665,N21665,sa1,1
1873,N5074 /1 undetected,output,,N5074,N5074,1,undetected,N5074,N5074,N5074,sa1,1
1874,N40484 /1 undetected,output,,N40484,N40484,1,undetected,N40484,N40484,N40484,sa1,1
1875,N5073 /1 undetected,output,,N5073,N5073,1,undetected,N5073,N5073,N5073,sa1,1
1876,N40482 /1 undetected,output,,N40482,N40482,1,undetected,N40482,N40482,N40482,sa1,1
1877,N5072 /1 undetected,output,,N5072,N5072,1,undetected,N5072,N5072,N5072,sa1,1
1878,N40426 /1 undetected,output,,N40426,N40426,1,undetected,N40426,N40426,N40426,sa1,1
1879,N5071 /1 undetected,output,,N5071,N5071,1,undetected,N5071,N5071,N5071,sa1,1
1880,N40480 /1 undetected,output,,N40480,N40480,1,undetected,N40480,N40480,N40480,sa1,1
1881,N4617 /1 undetected,output,,N4617,N4617,1,undetected,N4617,N4617,N4617,sa1,1
1882,N21664 /1 undetected,output,,N21664,N21664,1,undetected,N21664,N21664,N21664,sa1,1
1883,N21663 /1 undetected,output,,N21663,N21663,1,undetected,N21663,N21663,N21663,sa1,1
1884,N5070 /1 undetected,output,,N5070,N5070,1,undetected,N5070,N5070,N5070,sa1,1
1885,N40478 /1 undetected,output,,N40478,N40478,1,undetected,N40478,N40478,N40478,sa1,1
1886,N5069 /1 undetected,output,,N5069,N5069,1,undetected,N5069,N5069,N5069,sa1,1
1887,N40476 /1 undetected,output,,N40476,N40476,1,undetected,N40476,N40476,N40476,sa1,1
1888,N5068 /1 undetected,output,,N5068,N5068,1,undetected,N5068,N5068,N5068,sa1,1
1889,N40474 /1 undetected,output,,N40474,N40474,1,undetected,N40474,N40474,N40474,sa1,1
1890,N5067 /1 undetected,output,,N5067,N5067,1,undetected,N5067,N5067,N5067,sa1,1
1891,N40472 /1 undetected,output,,N40472,N40472,1,undetected,N40472,N40472,N40472,sa1,1
1892,N4616 /1 undetected,output,,N4616,N4616,1,undetected,N4616,N4616,N4616,sa1,1
1893,N21662 /1 undetected,output,,N21662,N21662,1,undetected,N21662,N21662,N21662,sa1,1
1894,N21661 /1 undetected,output,,N21661,N21661,1,undetected,N21661,N21661,N21661,sa1,1
1895,N4615 /1 undetected,output,,N4615,N4615,1,undetected,N4615,N4615,N4615,sa1,1
1896,N21660 /1 undetected,output,,N21660,N21660,1,undetected,N21660,N21660,N21660,sa1,1
1897,N5065 /1 undetected,output,,N5065,N5065,1,undetected,N5065,N5065,N5065,sa1,1
1898,N40468 /1 undetected,output,,N40468,N40468,1,undetected,N40468,N40468,N40468,sa1,1
1899,N5064 /1 undetected,output,,N5064,N5064,1,undetected,N5064,N5064,N5064,sa1,1
1900,N40466 /1 undetected,output,,N40466,N40466,1,undetected,N40466,N40466,N40466,sa1,1
1901,N5066 /1 undetected,output,,N5066,N5066,1,undetected,N5066,N5066,N5066,sa1,1
1902,N40470 /1 undetected,output,,N40470,N40470,1,undetected,N40470,N40470,N40470,sa1,1
1903,N4614 /1 undetected,output,,N4614,N4614,1,undetected,N4614,N4614,N4614,sa1,1
1904,N21659 /1 undetected,output,,N21659,N21659,1,undetected,N21659,N21659,N21659,sa1,1
1905,N21658 /1 undetected,output,,N21658,N21658,1,undetected,N21658,N21658,N21658,sa1,1
1906,N5063 /1 undetected,output,,N5063,N5063,1,undetected,N5063,N5063,N5063,sa1,1
1907,N40464 /1 undetected,output,,N40464,N40464,1,undetected,N40464,N40464,N40464,sa1,1
1908,N5062 /1 undetected,output,,N5062,N5062,1,undetected,N5062,N5062,N5062,sa1,1
1909,N40462 /1 undetected,output,,N40462,N40462,1,undetected,N40462,N40462,N40462,sa1,1
1910,N5061 /1 undetected,output,,N5061,N5061,1,undetected,N5061,N5061,N5061,sa1,1
1911,N40460 /1 undetected,output,,N40460,N40460,1,undetected,N40460,N40460,N40460,sa1,1
1912,N5060 /1 undetected,output,,N5060,N5060,1,undetected,N5060,N5060,N5060,sa1,1
1913,N40458 /1 undetected,output,,N40458,N40458,1,undetected,N40458,N40458,N40458,sa1,1
1914,N4613 /1 undetected,output,,N4613,N4613,1,undetected,N4613,N4613,N4613,sa1,1
1915,N21657 /1 undetected,output,,N21657,N21657,1,undetected,N21657,N21657,N21657,sa1,1
1916,N21656 /1 undetected,output,,N21656,N21656,1,undetected,N21656,N21656,N21656,sa1,1
1917,N5059 /1 undetected,output,,N5059,N5059,1,undetected,N5059,N5059,N5059,sa1,1
1918,N40456 /1 undetected,output,,N40456,N40456,1,undetected,N40456,N40456,N40456,sa1,1
1919,N5058 /1 undetected,output,,N5058,N5058,1,undetected,N5058,N5058,N5058,sa1,1
1920,N40454 /1 undetected,output,,N40454,N40454,1,undetected,N40454,N40454,N40454,sa1,1
1921,N5057 /1 undetected,output,,N5057,N5057,1,undetected,N5057,N5057,N5057,sa1,1
1922,N40452 /1 undetected,output,,N40452,N40452,1,undetected,N40452,N40452,N40452,sa1,1
1923,N5056 /1 undetected,output,,N5056,N5056,1,undetected,N5056,N5056,N5056,sa1,1
1924,N40450 /1 undetected,output,,N40450,N40450,1,undetected,N40450,N40450,N40450,sa1,1
1925,N4612 /1 undetected,output,,N4612,N4612,1,undetected,N4612,N4612,N4612,sa1,1
1926,N21655 /1 undetected,output,,N21655,N21655,1,undetected,N21655,N21655,N21655,sa1,1
1927,N21654 /1 undetected,output,,N21654,N21654,1,undetected,N21654,N21654,N21654,sa1,1
1928,N5055 /1 undetected,output,,N5055,N5055,1,undetected,N5055,N5055,N5055,sa1,1
1929,N40448 /1 undetected,output,,N40448,N40448,1,undetected,N40448,N40448,N40448,sa1,1
1930,N5054 /1 undetected,output,,N5054,N5054,1,undetected,N5054,N5054,N5054,sa1,1
1931,N40446 /1 undetected,output,,N40446,N40446,1,undetected,N40446,N40446,N40446,sa1,1
1932,N5053 /1 undetected,output,,N5053,N5053,1,undetected,N5053,N5053,N5053,sa1,1
1933,N40444 /1 undetected,output,,N40444,N40444,1,undetected,N40444,N40444,N40444,sa1,1
1934,N5052 /1 undetected,output,,N5052,N5052,1,undetected,N5052,N5052,N5052,sa1,1
1935,N40442 /1 undetected,output,,N40442,N40442,1,undetected,N40442,N40442,N40442,sa1,1
1936,N16735 /1 undetected,output,,N16735,N16735,1,undetected,N16735,N16735,N16735,sa1,1
1937,N49826 /1 undetected,output,,N49826,N49826,1,undetected,N49826,N49826,N49826,sa1,1
1938,N948 /1 undetected,output,,N948,N948,1,undetected,N948,N948,N948,sa1,1
1939,N948 /0 undetected,output,,N948,N948,0,undetected,N948,N948,N948,sa0,1
1940,N20336 /1 undetected,output,,N20336,N20336,1,undetected,N20336,N20336,N20336,sa1,1
1941,N44458 /1 undetected,output,,N44458,N44458,1,undetected,N44458,N44458,N44458,sa1,1
1942,N3358 /1 undetected,output,,N3358,N3358,1,undetected,N3358,N3358,N3358,sa1,1
1943,N47363 /1 undetected,output,,N47363,N47363,1,undetected,N47363,N47363,N47363,sa1,1
1944,N45890 /1 undetected,output,,N45890,N45890,1,undetected,N45890,N45890,N45890,sa1,1
1945,N3357 /1 undetected,output,,N3357,N3357,1,undetected,N3357,N3357,N3357,sa1,1
1946,N46140 /1 undetected,output,,N46140,N46140,1,undetected,N46140,N46140,N46140,sa1,1
1947,N45301 /1 undetected,output,,N45301,N45301,1,undetected,N45301,N45301,N45301,sa1,1
1948,N916 /1 undetected,output,,N916,N916,1,undetected,N916,N916,N916,sa1,1
1949,N916 /0 undetected,output,,N916,N916,0,undetected,N916,N916,N916,sa0,1
1950,N20308 /1 undetected,output,,N20308,N20308,1,undetected,N20308,N20308,N20308,sa1,1
1951,N3448 /1 undetected,output,,N3448,N3448,1,undetected,N3448,N3448,N3448,sa1,1
1952,N47475 /1 undetected,output,,N47475,N47475,1,undetected,N47475,N47475,N47475,sa1,1
1953,N42665 /1 undetected,output,,N42665,N42665,1,undetected,N42665,N42665,N42665,sa1,1
1954,N3447 /1 undetected,output,,N3447,N3447,1,undetected,N3447,N3447,N3447,sa1,1
1955,N46172 /1 undetected,output,,N46172,N46172,1,undetected,N46172,N46172,N46172,sa1,1
1956,N45891 /1 undetected,output,,N45891,N45891,1,undetected,N45891,N45891,N45891,sa1,1
1957,N3446 /1 undetected,output,,N3446,N3446,1,undetected,N3446,N3446,N3446,sa1,1
1958,N47395 /1 undetected,output,,N47395,N47395,1,undetected,N47395,N47395,N47395,sa1,1
1959,N45302 /1 undetected,output,,N45302,N45302,1,undetected,N45302,N45302,N45302,sa1,1
1960,N46105 /1 undetected,output,,N46105,N46105,1,undetected,N46105,N46105,N46105,sa1,1
1961,N55245 /1 undetected,output,,N55245,N55245,1,undetected,N55245,N55245,N55245,sa1,1
1962,N54266 /1 undetected,output,,N54266,N54266,1,undetected,N54266,N54266,N54266,sa1,1
1963,N16635 /1 undetected,output,,N16635,N16635,1,undetected,N16635,N16635,N16635,sa1,1
1964,N12444 /1 undetected,output,,N12444,N12444,1,undetected,N12444,N12444,N12444,sa1,1
1965,N12444 /0 undetected,output,,N12444,N12444,0,undetected,N12444,N12444,N12444,sa0,1
1966,N56789 /1 undetected,output,,N56789,N56789,1,undetected,N56789,N56789,N56789,sa1,1
1967,N12555 /1 undetected,output,,N12555,N12555,1,undetected,N12555,N12555,N12555,sa1,1
1968,N43837 /1 undetected,output,,N43837,N43837,1,undetected,N43837,N43837,N43837,sa1,1
1969,N12470 /1 undetected,output,,N12470,N12470,1,undetected,N12470,N12470,N12470,sa1,1
1970,N57986 /1 undetected,output,,N57986,N57986,1,undetected,N57986,N57986,N57986,sa1,1
1971,N57935 /1 undetected,output,,N57935,N57935,1,undetected,N57935,N57935,N57935,sa1,1
1972,N14571 /0 undetected,output,,N14571,N14571,0,undetected,N14571,N14571,N14571,sa0,1
1973,N8636 /1 undetected,output,,N8636,N8636,1,undetected,N8636,N8636,N8636,sa1,1
1974,N6433 /1 undetected,output,,N6433,N6433,1,undetected,N6433,N6433,N6433,sa1,1
1975,N48679 /1 undetected,output,,N48679,N48679,1,undetected,N48679,N48679,N48679,sa1,1
1976,N6430 /1 undetected,output,,N6430,N6430,1,undetected,N6430,N6430,N6430,sa1,1
1977,N49132 /1 undetected,output,,N49132,N49132,1,undetected,N49132,N49132,N49132,sa1,1
1978,N6427 /1 undetected,output,,N6427,N6427,1,undetected,N6427,N6427,N6427,sa1,1
1979,N49518 /1 undetected,output,,N49518,N49518,1,undetected,N49518,N49518,N49518,sa1,1
1980,N12554 /1 undetected,output,,N12554,N12554,1,undetected,N12554,N12554,N12554,sa1,1
1981,N12554 /0 undetected,output,,N12554,N12554,0,undetected,N12554,N12554,N12554,sa0,1
1982,N43835 /1 undetected,output,,N43835,N43835,1,undetected,N43835,N43835,N43835,sa1,1
1983,N12486 /1 undetected,output,,N12486,N12486,1,undetected,N12486,N12486,N12486,sa1,1
1984,N52926 /1 undetected,output,,N52926,N52926,1,undetected,N52926,N52926,N52926,sa1,1
1985,N6296 /1 undetected,output,,N6296,N6296,1,undetected,N6296,N6296,N6296,sa1,1
1986,N50711 /1 undetected,output,,N50711,N50711,1,undetected,N50711,N50711,N50711,sa1,1
1987,N52925 /1 undetected,output,,N52925,N52925,1,undetected,N52925,N52925,N52925,sa1,1
1988,N50768 /1 undetected,output,,N50768,N50768,1,undetected,N50768,N50768,N50768,sa1,1
1989,N52923 /1 undetected,output,,N52923,N52923,1,undetected,N52923,N52923,N52923,sa1,1
1990,N6290 /1 undetected,output,,N6290,N6290,1,undetected,N6290,N6290,N6290,sa1,1
1991,N50891 /1 undetected,output,,N50891,N50891,1,undetected,N50891,N50891,N50891,sa1,1
1992,N4148 /1 undetected,output,,N4148,N4148,1,undetected,N4148,N4148,N4148,sa1,1
1993,N4148 /0 undetected,output,,N4148,N4148,0,undetected,N4148,N4148,N4148,sa0,1
1994,N21209 /1 undetected,output,,N21209,N21209,1,undetected,N21209,N21209,N21209,sa1,1
1995,N6441 /1 undetected,output,,N6441,N6441,1,undetected,N6441,N6441,N6441,sa1,1
1996,N53048 /1 undetected,output,,N53048,N53048,1,undetected,N53048,N53048,N53048,sa1,1
1997,N49425 /1 undetected,output,,N49425,N49425,1,undetected,N49425,N49425,N49425,sa1,1
1998,N6440 /1 undetected,output,,N6440,N6440,1,undetected,N6440,N6440,N6440,sa1,1
1999,N52984 /1 undetected,output,,N52984,N52984,1,undetected,N52984,N52984,N52984,sa1,1
2000,N50487 /1 undetected,output,,N50487,N50487,1,undetected,N50487,N50487,N50487,sa1,1
2001,N6442 /1 undetected,output,,N6442,N6442,1,undetected,N6442,N6442,N6442,sa1,1
2002,N53107 /1 undetected,output,,N53107,N53107,1,undetected,N53107,N53107,N53107,sa1,1
2003,N49387 /1 undetected,output,,N49387,N49387,1,undetected,N49387,N49387,N49387,sa1,1
2004,N4147 /1 undetected,output,,N4147,N4147,1,undetected,N4147,N4147,N4147,sa1,1
2005,N4147 /0 undetected,output,,N4147,N4147,0,undetected,N4147,N4147,N4147,sa0,1
2006,N21207 /1 undetected,output,,N21207,N21207,1,undetected,N21207,N21207,N21207,sa1,1
2007,N6408 /1 undetected,output,,N6408,N6408,1,undetected,N6408,N6408,N6408,sa1,1
2008,N53037 /1 undetected,output,,N53037,N53037,1,undetected,N53037,N53037,N53037,sa1,1
2009,N48931 /1 undetected,output,,N48931,N48931,1,undetected,N48931,N48931,N48931,sa1,1
2010,N6407 /1 undetected,output,,N6407,N6407,1,undetected,N6407,N6407,N6407,sa1,1
2011,N52973 /1 undetected,output,,N52973,N52973,1,undetected,N52973,N52973,N52973,sa1,1
2012,N50530 /1 undetected,output,,N50530,N50530,1,undetected,N50530,N50530,N50530,sa1,1
2013,N6409 /1 undetected,output,,N6409,N6409,1,undetected,N6409,N6409,N6409,sa1,1
2014,N53096 /1 undetected,output,,N53096,N53096,1,undetected,N53096,N53096,N53096,sa1,1
2015,N49424 /1 undetected,output,,N49424,N49424,1,undetected,N49424,N49424,N49424,sa1,1
2016,N4146 /1 undetected,output,,N4146,N4146,1,undetected,N4146,N4146,N4146,sa1,1
2017,N4146 /0 undetected,output,,N4146,N4146,0,undetected,N4146,N4146,N4146,sa0,1
2018,N21205 /1 undetected,output,,N21205,N21205,1,undetected,N21205,N21205,N21205,sa1,1
2019,N6375 /1 undetected,output,,N6375,N6375,1,undetected,N6375,N6375,N6375,sa1,1
2020,N53026 /1 undetected,output,,N53026,N53026,1,undetected,N53026,N53026,N53026,sa1,1
2021,N48724 /1 undetected,output,,N48724,N48724,1,undetected,N48724,N48724,N48724,sa1,1
2022,N6374 /1 undetected,output,,N6374,N6374,1,undetected,N6374,N6374,N6374,sa1,1
2023,N52962 /1 undetected,output,,N52962,N52962,1,undetected,N52962,N52962,N52962,sa1,1
2024,N50590 /1 undetected,output,,N50590,N50590,1,undetected,N50590,N50590,N50590,sa1,1
2025,N6376 /1 undetected,output,,N6376,N6376,1,undetected,N6376,N6376,N6376,sa1,1
2026,N53085 /1 undetected,output,,N53085,N53085,1,undetected,N53085,N53085,N53085,sa1,1
2027,N48930 /1 undetected,output,,N48930,N48930,1,undetected,N48930,N48930,N48930,sa1,1
2028,N4145 /0 undetected,output,,N4145,N4145,0,undetected,N4145,N4145,N4145,sa0,1
2029,N21203 /1 undetected,output,,N21203,N21203,1,undetected,N21203,N21203,N21203,sa1,1
2030,N6368 /1 undetected,output,,N6368,N6368,1,undetected,N6368,N6368,N6368,sa1,1
2031,N48508 /1 undetected,output,,N48508,N48508,1,undetected,N48508,N48508,N48508,sa1,1
2032,N6367 /1 undetected,output,,N6367,N6367,1,undetected,N6367,N6367,N6367,sa1,1
2033,N52959 /1 undetected,output,,N52959,N52959,1,undetected,N52959,N52959,N52959,sa1,1
2034,N6369 /1 undetected,output,,N6369,N6369,1,undetected,N6369,N6369,N6369,sa1,1
2035,N48723 /1 undetected,output,,N48723,N48723,1,undetected,N48723,N48723,N48723,sa1,1
2036,N21201 /1 undetected,output,,N21201,N21201,1,undetected,N21201,N21201,N21201,sa1,1
2037,N6366 /1 undetected,output,,N6366,N6366,1,undetected,N6366,N6366,N6366,sa1,1
2038,N48507 /1 undetected,output,,N48507,N48507,1,undetected,N48507,N48507,N48507,sa1,1
2039,N6365 /1 undetected,output,,N6365,N6365,1,undetected,N6365,N6365,N6365,sa1,1
2040,N48874 /1 undetected,output,,N48874,N48874,1,undetected,N48874,N48874,N48874,sa1,1
2041,N52958 /1 undetected,output,,N52958,N52958,1,undetected,N52958,N52958,N52958,sa1,1
2042,N21199 /1 undetected,output,,N21199,N21199,1,undetected,N21199,N21199,N21199,sa1,1
2043,N6363 /1 undetected,output,,N6363,N6363,1,undetected,N6363,N6363,N6363,sa1,1
2044,N48873 /1 undetected,output,,N48873,N48873,1,undetected,N48873,N48873,N48873,sa1,1
2045,N6362 /1 undetected,output,,N6362,N6362,1,undetected,N6362,N6362,N6362,sa1,1
2046,N49081 /1 undetected,output,,N49081,N49081,1,undetected,N49081,N49081,N49081,sa1,1
2047,N52957 /1 undetected,output,,N52957,N52957,1,undetected,N52957,N52957,N52957,sa1,1
2048,N6360 /1 undetected,output,,N6360,N6360,1,undetected,N6360,N6360,N6360,sa1,1
2049,N49080 /1 undetected,output,,N49080,N49080,1,undetected,N49080,N49080,N49080,sa1,1
2050,N49032 /1 undetected,output,,N49032,N49032,1,undetected,N49032,N49032,N49032,sa1,1
2051,N52956 /1 undetected,output,,N52956,N52956,1,undetected,N52956,N52956,N52956,sa1,1
2052,N6357 /1 undetected,output,,N6357,N6357,1,undetected,N6357,N6357,N6357,sa1,1
2053,N49031 /1 undetected,output,,N49031,N49031,1,undetected,N49031,N49031,N49031,sa1,1
2054,N52955 /1 undetected,output,,N52955,N52955,1,undetected,N52955,N52955,N52955,sa1,1
2055,N6354 /1 undetected,output,,N6354,N6354,1,undetected,N6354,N6354,N6354,sa1,1
2056,N49726 /1 undetected,output,,N49726,N49726,1,undetected,N49726,N49726,N49726,sa1,1
2057,N6439 /1 undetected,output,,N6439,N6439,1,undetected,N6439,N6439,N6439,sa1,1
2058,N49673 /1 undetected,output,,N49673,N49673,1,undetected,N49673,N49673,N49673,sa1,1
2059,N6436 /1 undetected,output,,N6436,N6436,1,undetected,N6436,N6436,N6436,sa1,1
2060,N48618 /1 undetected,output,,N48618,N48618,1,undetected,N48618,N48618,N48618,sa1,1
2061,N10043 /1 undetected,output,,N10043,N10043,1,undetected,N10043,N10043,N10043,sa1,1
2062,N10043 /0 undetected,output,,N10043,N10043,0,undetected,N10043,N10043,N10043,sa0,1
2063,N10198 /1 undetected,output,,N10198,N10198,1,undetected,N10198,N10198,N10198,sa1,1
2064,N55175 /1 undetected,output,,N55175,N55175,1,undetected,N55175,N55175,N55175,sa1,1
2065,N45317 /1 undetected,output,,N45317,N45317,1,undetected,N45317,N45317,N45317,sa1,1
2066,N10197 /1 undetected,output,,N10197,N10197,1,undetected,N10197,N10197,N10197,sa1,1
2067,N45251 /1 undetected,output,,N45251,N45251,1,undetected,N45251,N45251,N45251,sa1,1
2068,N10098 /1 undetected,output,,N10098,N10098,1,undetected,N10098,N10098,N10098,sa1,1
2069,N50029 /1 undetected,output,,N50029,N50029,1,undetected,N50029,N50029,N50029,sa1,1
2070,N6507 /1 undetected,output,,N6507,N6507,1,undetected,N6507,N6507,N6507,sa1,1
2071,N40424 /1 undetected,output,,N40424,N40424,1,undetected,N40424,N40424,N40424,sa1,1
2072,N6505 /1 undetected,output,,N6505,N6505,1,undetected,N6505,N6505,N6505,sa1,1
2073,N40422 /1 undetected,output,,N40422,N40422,1,undetected,N40422,N40422,N40422,sa1,1
2074,N50028 /1 undetected,output,,N50028,N50028,1,undetected,N50028,N50028,N50028,sa1,1
2075,N4181 /1 undetected,output,,N4181,N4181,1,undetected,N4181,N4181,N4181,sa1,1
2076,N6351 /1 undetected,output,,N6351,N6351,1,undetected,N6351,N6351,N6351,sa1,1
2077,N52953 /1 undetected,output,,N52953,N52953,1,undetected,N52953,N52953,N52953,sa1,1
2078,N49386 /1 undetected,output,,N49386,N49386,1,undetected,N49386,N49386,N49386,sa1,1
2079,N6350 /1 undetected,output,,N6350,N6350,1,undetected,N6350,N6350,N6350,sa1,1
2080,N53017 /1 undetected,output,,N53017,N53017,1,undetected,N53017,N53017,N53017,sa1,1
2081,N50438 /1 undetected,output,,N50438,N50438,1,undetected,N50438,N50438,N50438,sa1,1
2082,N4180 /1 undetected,output,,N4180,N4180,1,undetected,N4180,N4180,N4180,sa1,1
2083,N6349 /1 undetected,output,,N6349,N6349,1,undetected,N6349,N6349,N6349,sa1,1
2084,N52952 /1 undetected,output,,N52952,N52952,1,undetected,N52952,N52952,N52952,sa1,1
2085,N49423 /1 undetected,output,,N49423,N49423,1,undetected,N49423,N49423,N49423,sa1,1
2086,N6348 /1 undetected,output,,N6348,N6348,1,undetected,N6348,N6348,N6348,sa1,1
2087,N53016 /1 undetected,output,,N53016,N53016,1,undetected,N53016,N53016,N53016,sa1,1
2088,N50486 /1 undetected,output,,N50486,N50486,1,undetected,N50486,N50486,N50486,sa1,1
2089,N4179 /1 undetected,output,,N4179,N4179,1,undetected,N4179,N4179,N4179,sa1,1
2090,N6327 /1 undetected,output,,N6327,N6327,1,undetected,N6327,N6327,N6327,sa1,1
2091,N52941 /1 undetected,output,,N52941,N52941,1,undetected,N52941,N52941,N52941,sa1,1
2092,N48929 /1 undetected,output,,N48929,N48929,1,undetected,N48929,N48929,N48929,sa1,1
2093,N6326 /1 undetected,output,,N6326,N6326,1,undetected,N6326,N6326,N6326,sa1,1
2094,N53005 /1 undetected,output,,N53005,N53005,1,undetected,N53005,N53005,N53005,sa1,1
2095,N50529 /1 undetected,output,,N50529,N50529,1,undetected,N50529,N50529,N50529,sa1,1
2096,N4178 /1 undetected,output,,N4178,N4178,1,undetected,N4178,N4178,N4178,sa1,1
2097,N6305 /1 undetected,output,,N6305,N6305,1,undetected,N6305,N6305,N6305,sa1,1
2098,N52930 /1 undetected,output,,N52930,N52930,1,undetected,N52930,N52930,N52930,sa1,1
2099,N48722 /1 undetected,output,,N48722,N48722,1,undetected,N48722,N48722,N48722,sa1,1
2100,N6304 /1 undetected,output,,N6304,N6304,1,undetected,N6304,N6304,N6304,sa1,1
2101,N52994 /1 undetected,output,,N52994,N52994,1,undetected,N52994,N52994,N52994,sa1,1
2102,N50589 /1 undetected,output,,N50589,N50589,1,undetected,N50589,N50589,N50589,sa1,1
2103,N4177 /1 undetected,output,,N4177,N4177,1,undetected,N4177,N4177,N4177,sa1,1
2104,N52927 /1 undetected,output,,N52927,N52927,1,undetected,N52927,N52927,N52927,sa1,1
2105,N48506 /1 undetected,output,,N48506,N48506,1,undetected,N48506,N48506,N48506,sa1,1
2106,N6298 /1 undetected,output,,N6298,N6298,1,undetected,N6298,N6298,N6298,sa1,1
2107,N52991 /1 undetected,output,,N52991,N52991,1,undetected,N52991,N52991,N52991,sa1,1
2108,N50652 /1 undetected,output,,N50652,N50652,1,undetected,N50652,N50652,N50652,sa1,1
2109,N52894 /1 undetected,output,,N52894,N52894,1,undetected,N52894,N52894,N52894,sa1,1
2110,N52893 /1 undetected,output,,N52893,N52893,1,undetected,N52893,N52893,N52893,sa1,1
2111,N52892 /1 undetected,output,,N52892,N52892,1,undetected,N52892,N52892,N52892,sa1,1
2112,N57933 /1 undetected,output,,N57933,N57933,1,undetected,N57933,N57933,N57933,sa1,1
2113,N57985 /1 undetected,output,,N57985,N57985,1,undetected,N57985,N57985,N57985,sa1,1
2114,N8702 /1 undetected,output,,N8702,N8702,1,undetected,N8702,N8702,N8702,sa1,1
2115,N54314 /1 undetected,output,,N54314,N54314,1,undetected,N54314,N54314,N54314,sa1,1
2116,N10042 /1 undetected,output,,N10042,N10042,1,undetected,N10042,N10042,N10042,sa1,1
2117,N10042 /0 undetected,output,,N10042,N10042,0,undetected,N10042,N10042,N10042,sa0,1
2118,N55210 /1 undetected,output,,N55210,N55210,1,undetected,N55210,N55210,N55210,sa1,1
2119,N22455 /1 undetected,output,,N22455,N22455,1,undetected,N22455,N22455,N22455,sa1,1
2120,N55212 /1 undetected,output,,N55212,N55212,1,undetected,N55212,N55212,N55212,sa1,1
2121,N22454 /1 undetected,output,,N22454,N22454,1,undetected,N22454,N22454,N22454,sa1,1
2122,N10178 /1 undetected,output,,N10178,N10178,1,undetected,N10178,N10178,N10178,sa1,1
2123,N43020 /1 undetected,output,,N43020,N43020,1,undetected,N43020,N43020,N43020,sa1,1
2124,N10092 /1 undetected,output,,N10092,N10092,1,undetected,N10092,N10092,N10092,sa1,1
2125,N10177 /1 undetected,output,,N10177,N10177,1,undetected,N10177,N10177,N10177,sa1,1
2126,N43068 /1 undetected,output,,N43068,N43068,1,undetected,N43068,N43068,N43068,sa1,1
2127,N10073 /1 undetected,output,,N10073,N10073,1,undetected,N10073,N10073,N10073,sa1,1
2128,N14570 /1 undetected,output,,N14570,N14570,1,undetected,N14570,N14570,N14570,sa1,1
2129,N14519 /1 undetected,output,,N14519,N14519,1,undetected,N14519,N14519,N14519,sa1,1
2130,N8692 /1 undetected,output,,N8692,N8692,1,undetected,N8692,N8692,N8692,sa1,1
2131,N8692 /0 undetected,output,,N8692,N8692,0,undetected,N8692,N8692,N8692,sa0,1
2132,N949 /1 undetected,output,,N949,N949,1,undetected,N949,N949,N949,sa1,1
2133,N949 /0 undetected,output,,N949,N949,0,undetected,N949,N949,N949,sa0,1
2134,N20338 /1 undetected,output,,N20338,N20338,1,undetected,N20338,N20338,N20338,sa1,1
2135,N44459 /1 undetected,output,,N44459,N44459,1,undetected,N44459,N44459,N44459,sa1,1
2136,N3360 /1 undetected,output,,N3360,N3360,1,undetected,N3360,N3360,N3360,sa1,1
2137,N47364 /1 undetected,output,,N47364,N47364,1,undetected,N47364,N47364,N47364,sa1,1
2138,N45894 /1 undetected,output,,N45894,N45894,1,undetected,N45894,N45894,N45894,sa1,1
2139,N3359 /1 undetected,output,,N3359,N3359,1,undetected,N3359,N3359,N3359,sa1,1
2140,N46141 /1 undetected,output,,N46141,N46141,1,undetected,N46141,N46141,N46141,sa1,1
2141,N45235 /1 undetected,output,,N45235,N45235,1,undetected,N45235,N45235,N45235,sa1,1
2142,N917 /1 undetected,output,,N917,N917,1,undetected,N917,N917,N917,sa1,1
2143,N917 /0 undetected,output,,N917,N917,0,undetected,N917,N917,N917,sa0,1
2144,N20310 /1 undetected,output,,N20310,N20310,1,undetected,N20310,N20310,N20310,sa1,1
2145,N3451 /1 undetected,output,,N3451,N3451,1,undetected,N3451,N3451,N3451,sa1,1
2146,N47476 /1 undetected,output,,N47476,N47476,1,undetected,N47476,N47476,N47476,sa1,1
2147,N42606 /1 undetected,output,,N42606,N42606,1,undetected,N42606,N42606,N42606,sa1,1
2148,N3450 /1 undetected,output,,N3450,N3450,1,undetected,N3450,N3450,N3450,sa1,1
2149,N46173 /1 undetected,output,,N46173,N46173,1,undetected,N46173,N46173,N46173,sa1,1
2150,N45895 /1 undetected,output,,N45895,N45895,1,undetected,N45895,N45895,N45895,sa1,1
2151,N3449 /1 undetected,output,,N3449,N3449,1,undetected,N3449,N3449,N3449,sa1,1
2152,N47396 /1 undetected,output,,N47396,N47396,1,undetected,N47396,N47396,N47396,sa1,1
2153,N45236 /1 undetected,output,,N45236,N45236,1,undetected,N45236,N45236,N45236,sa1,1
2154,N57984 /1 undetected,output,,N57984,N57984,1,undetected,N57984,N57984,N57984,sa1,1
2155,N57932 /1 undetected,output,,N57932,N57932,1,undetected,N57932,N57932,N57932,sa1,1
2156,N46106 /1 undetected,output,,N46106,N46106,1,undetected,N46106,N46106,N46106,sa1,1
2157,N55246 /1 undetected,output,,N55246,N55246,1,undetected,N55246,N55246,N55246,sa1,1
2158,test_en->__tpi_cp_329_N12374 /0 undetected,input_edge,test_en,__tpi_cp_329_N12374,__tpi_cp_329_N12374,0,undetected,__tpi_cp_329_N12374,__tpi_cp_329_N12374,__tpi_cp_329_N12374,sa0,1
2159,test_en->__tpi_cp_170_N31795 /0 undetected,input_edge,test_en,__tpi_cp_170_N31795,__tpi_cp_170_N31795,0,undetected,__tpi_cp_170_N31795,__tpi_cp_170_N31795,__tpi_cp_170_N31795,sa0,1
2160,test_en->__tpi_cp_322_N12373 /0 undetected,input_edge,test_en,__tpi_cp_322_N12373,__tpi_cp_322_N12373,0,undetected,__tpi_cp_322_N12373,__tpi_cp_322_N12373,__tpi_cp_322_N12373,sa0,1
2161,test_en->__tpi_cp_169_N31794 /0 undetected,input_edge,test_en,__tpi_cp_169_N31794,__tpi_cp_169_N31794,0,undetected,__tpi_cp_169_N31794,__tpi_cp_169_N31794,__tpi_cp_169_N31794,sa0,1
2162,__tpi_not_test_en->__tpi_cp_314_N12372 /1 undetected,input_edge,__tpi_not_test_en,__tpi_cp_314_N12372,__tpi_cp_314_N12372,1,undetected,__tpi_cp_314_N12372,__tpi_cp_314_N12372,__tpi_cp_314_N12372,sa1,1
2163,test_en->__tpi_cp_104_N31793 /0 undetected,input_edge,test_en,__tpi_cp_104_N31793,__tpi_cp_104_N31793,0,undetected,__tpi_cp_104_N31793,__tpi_cp_104_N31793,__tpi_cp_104_N31793,sa0,1
2164,test_en->__tpi_cp_222_N12324 /0 undetected,input_edge,test_en,__tpi_cp_222_N12324,__tpi_cp_222_N12324,0,undetected,__tpi_cp_222_N12324,__tpi_cp_222_N12324,__tpi_cp_222_N12324,sa0,1
2165,test_en->__tpi_cp_248_N12375 /0 undetected,input_edge,test_en,__tpi_cp_248_N12375,__tpi_cp_248_N12375,0,undetected,__tpi_cp_248_N12375,__tpi_cp_248_N12375,__tpi_cp_248_N12375,sa0,1
2166,test_en->__tpi_cp_177_N31796 /0 undetected,input_edge,test_en,__tpi_cp_177_N31796,__tpi_cp_177_N31796,0,undetected,__tpi_cp_177_N31796,__tpi_cp_177_N31796,__tpi_cp_177_N31796,sa0,1
2167,N40209 /1 undetected,output,,N40209,N40209,1,undetected,N40209,N40209,N40209,sa1,1
2168,N5784 /1 undetected,output,,N5784,N5784,1,undetected,N5784,N5784,N5784,sa1,1
2169,N29180 /1 undetected,output,,N29180,N29180,1,undetected,N29180,N29180,N29180,sa1,1
2170,N952 /1 undetected,output,,N952,N952,1,undetected,N952,N952,N952,sa1,1
2171,N952 /0 undetected,output,,N952,N952,0,undetected,N952,N952,N952,sa0,1
2172,N20344 /1 undetected,output,,N20344,N20344,1,undetected,N20344,N20344,N20344,sa1,1
2173,N44462 /1 undetected,output,,N44462,N44462,1,undetected,N44462,N44462,N44462,sa1,1
2174,N3306 /1 undetected,output,,N3306,N3306,1,undetected,N3306,N3306,N3306,sa1,1
2175,N47337 /1 undetected,output,,N47337,N47337,1,undetected,N47337,N47337,N47337,sa1,1
2176,N45783 /1 undetected,output,,N45783,N45783,1,undetected,N45783,N45783,N45783,sa1,1
2177,N3305 /1 undetected,output,,N3305,N3305,1,undetected,N3305,N3305,N3305,sa1,1
2178,N46114 /1 undetected,output,,N46114,N46114,1,undetected,N46114,N46114,N46114,sa1,1
2179,N45044 /1 undetected,output,,N45044,N45044,1,undetected,N45044,N45044,N45044,sa1,1
2180,N951 /1 undetected,output,,N951,N951,1,undetected,N951,N951,N951,sa1,1
2181,N951 /0 undetected,output,,N951,N951,0,undetected,N951,N951,N951,sa0,1
2182,N20342 /1 undetected,output,,N20342,N20342,1,undetected,N20342,N20342,N20342,sa1,1
2183,N44461 /1 undetected,output,,N44461,N44461,1,undetected,N44461,N44461,N44461,sa1,1
2184,N3304 /1 undetected,output,,N3304,N3304,1,undetected,N3304,N3304,N3304,sa1,1
2185,N47336 /1 undetected,output,,N47336,N47336,1,undetected,N47336,N47336,N47336,sa1,1
2186,N45779 /1 undetected,output,,N45779,N45779,1,undetected,N45779,N45779,N45779,sa1,1
2187,N3303 /1 undetected,output,,N3303,N3303,1,undetected,N3303,N3303,N3303,sa1,1
2188,N46113 /1 undetected,output,,N46113,N46113,1,undetected,N46113,N46113,N46113,sa1,1
2189,N45106 /1 undetected,output,,N45106,N45106,1,undetected,N45106,N45106,N45106,sa1,1
2190,N950 /1 undetected,output,,N950,N950,1,undetected,N950,N950,N950,sa1,1
2191,N950 /0 undetected,output,,N950,N950,0,undetected,N950,N950,N950,sa0,1
2192,N20340 /1 undetected,output,,N20340,N20340,1,undetected,N20340,N20340,N20340,sa1,1
2193,N44460 /1 undetected,output,,N44460,N44460,1,undetected,N44460,N44460,N44460,sa1,1
2194,N3362 /1 undetected,output,,N3362,N3362,1,undetected,N3362,N3362,N3362,sa1,1
2195,N47365 /1 undetected,output,,N47365,N47365,1,undetected,N47365,N47365,N47365,sa1,1
2196,N45898 /1 undetected,output,,N45898,N45898,1,undetected,N45898,N45898,N45898,sa1,1
2197,N3361 /1 undetected,output,,N3361,N3361,1,undetected,N3361,N3361,N3361,sa1,1
2198,N46142 /1 undetected,output,,N46142,N46142,1,undetected,N46142,N46142,N46142,sa1,1
2199,N45173 /1 undetected,output,,N45173,N45173,1,undetected,N45173,N45173,N45173,sa1,1
2200,N920 /1 undetected,output,,N920,N920,1,undetected,N920,N920,N920,sa1,1
2201,N920 /0 undetected,output,,N920,N920,0,undetected,N920,N920,N920,sa0,1
2202,N20316 /1 undetected,output,,N20316,N20316,1,undetected,N20316,N20316,N20316,sa1,1
2203,N3372 /1 undetected,output,,N3372,N3372,1,undetected,N3372,N3372,N3372,sa1,1
2204,N47451 /1 undetected,output,,N47451,N47451,1,undetected,N47451,N47451,N47451,sa1,1
2205,N43006 /1 undetected,output,,N43006,N43006,1,undetected,N43006,N43006,N43006,sa1,1
2206,N3371 /1 undetected,output,,N3371,N3371,1,undetected,N3371,N3371,N3371,sa1,1
2207,N46146 /1 undetected,output,,N46146,N46146,1,undetected,N46146,N46146,N46146,sa1,1
2208,N45784 /1 undetected,output,,N45784,N45784,1,undetected,N45784,N45784,N45784,sa1,1
2209,N3370 /1 undetected,output,,N3370,N3370,1,undetected,N3370,N3370,N3370,sa1,1
2210,N47369 /1 undetected,output,,N47369,N47369,1,undetected,N47369,N47369,N47369,sa1,1
2211,N45045 /1 undetected,output,,N45045,N45045,1,undetected,N45045,N45045,N45045,sa1,1
2212,N919 /1 undetected,output,,N919,N919,1,undetected,N919,N919,N919,sa1,1
2213,N919 /0 undetected,output,,N919,N919,0,undetected,N919,N919,N919,sa0,1
2214,N20314 /1 undetected,output,,N20314,N20314,1,undetected,N20314,N20314,N20314,sa1,1
2215,N3369 /1 undetected,output,,N3369,N3369,1,undetected,N3369,N3369,N3369,sa1,1
2216,N47450 /1 undetected,output,,N47450,N47450,1,undetected,N47450,N47450,N47450,sa1,1
2217,N43668 /1 undetected,output,,N43668,N43668,1,undetected,N43668,N43668,N43668,sa1,1
2218,N3368 /1 undetected,output,,N3368,N3368,1,undetected,N3368,N3368,N3368,sa1,1
2219,N46145 /1 undetected,output,,N46145,N46145,1,undetected,N46145,N46145,N46145,sa1,1
2220,N45780 /1 undetected,output,,N45780,N45780,1,undetected,N45780,N45780,N45780,sa1,1
2221,N3367 /1 undetected,output,,N3367,N3367,1,undetected,N3367,N3367,N3367,sa1,1
2222,N47368 /1 undetected,output,,N47368,N47368,1,undetected,N47368,N47368,N47368,sa1,1
2223,N45107 /1 undetected,output,,N45107,N45107,1,undetected,N45107,N45107,N45107,sa1,1
2224,N918 /1 undetected,output,,N918,N918,1,undetected,N918,N918,N918,sa1,1
2225,N918 /0 undetected,output,,N918,N918,0,undetected,N918,N918,N918,sa0,1
2226,N20312 /1 undetected,output,,N20312,N20312,1,undetected,N20312,N20312,N20312,sa1,1
2227,N3454 /1 undetected,output,,N3454,N3454,1,undetected,N3454,N3454,N3454,sa1,1
2228,N47477 /1 undetected,output,,N47477,N47477,1,undetected,N47477,N47477,N47477,sa1,1
2229,N43617 /1 undetected,output,,N43617,N43617,1,undetected,N43617,N43617,N43617,sa1,1
2230,N3453 /1 undetected,output,,N3453,N3453,1,undetected,N3453,N3453,N3453,sa1,1
2231,N46174 /1 undetected,output,,N46174,N46174,1,undetected,N46174,N46174,N46174,sa1,1
2232,N45899 /1 undetected,output,,N45899,N45899,1,undetected,N45899,N45899,N45899,sa1,1
2233,N3452 /1 undetected,output,,N3452,N3452,1,undetected,N3452,N3452,N3452,sa1,1
2234,N47397 /1 undetected,output,,N47397,N47397,1,undetected,N47397,N47397,N47397,sa1,1
2235,N45174 /1 undetected,output,,N45174,N45174,1,undetected,N45174,N45174,N45174,sa1,1
2236,N57543 /1 undetected,output,,N57543,N57543,1,undetected,N57543,N57543,N57543,sa1,1
2237,N54438 /1 undetected,output,,N54438,N54438,1,undetected,N54438,N54438,N54438,sa1,1
2238,N10176 /1 undetected,output,,N10176,N10176,1,undetected,N10176,N10176,N10176,sa1,1
2239,N10176 /0 undetected,output,,N10176,N10176,0,undetected,N10176,N10176,N10176,sa0,1
2240,N43682 /1 undetected,output,,N43682,N43682,1,undetected,N43682,N43682,N43682,sa1,1
2241,N10093 /1 undetected,output,,N10093,N10093,1,undetected,N10093,N10093,N10093,sa1,1
2242,N10175 /1 undetected,output,,N10175,N10175,1,undetected,N10175,N10175,N10175,sa1,1
2243,N10175 /0 undetected,output,,N10175,N10175,0,undetected,N10175,N10175,N10175,sa0,1
2244,N43632 /1 undetected,output,,N43632,N43632,1,undetected,N43632,N43632,N43632,sa1,1
2245,N10094 /1 undetected,output,,N10094,N10094,1,undetected,N10094,N10094,N10094,sa1,1
2246,N10097 /1 undetected,output,,N10097,N10097,1,undetected,N10097,N10097,N10097,sa1,1
2247,N10097 /0 undetected,output,,N10097,N10097,0,undetected,N10097,N10097,N10097,sa0,1
2248,test_en->__tpi_cp_296_N12369 /0 undetected,input_edge,test_en,__tpi_cp_296_N12369,__tpi_cp_296_N12369,0,undetected,__tpi_cp_296_N12369,__tpi_cp_296_N12369,__tpi_cp_296_N12369,sa0,1
2249,test_en->__tpi_cp_94_N31790 /0 undetected,input_edge,test_en,__tpi_cp_94_N31790,__tpi_cp_94_N31790,0,undetected,__tpi_cp_94_N31790,__tpi_cp_94_N31790,__tpi_cp_94_N31790,sa0,1
2250,test_en->__tpi_cp_209_N31789 /0 undetected,input_edge,test_en,__tpi_cp_209_N31789,__tpi_cp_209_N31789,0,undetected,__tpi_cp_209_N31789,__tpi_cp_209_N31789,__tpi_cp_209_N31789,sa0,1
2251,test_en->__tpi_cp_123_N12323 /0 undetected,input_edge,test_en,__tpi_cp_123_N12323,__tpi_cp_123_N12323,0,undetected,__tpi_cp_123_N12323,__tpi_cp_123_N12323,__tpi_cp_123_N12323,sa0,1
2252,N12563 /1 undetected,output,,N12563,N12563,1,undetected,N12563,N12563,N12563,sa1,1
2253,N12563 /0 undetected,output,,N12563,N12563,0,undetected,N12563,N12563,N12563,sa0,1
2254,N43847 /1 undetected,output,,N43847,N43847,1,undetected,N43847,N43847,N43847,sa1,1
2255,N12482 /1 undetected,output,,N12482,N12482,1,undetected,N12482,N12482,N12482,sa1,1
2256,N12561 /1 undetected,output,,N12561,N12561,1,undetected,N12561,N12561,N12561,sa1,1
2257,N12561 /0 undetected,output,,N12561,N12561,0,undetected,N12561,N12561,N12561,sa0,1
2258,N43843 /1 undetected,output,,N43843,N43843,1,undetected,N43843,N43843,N43843,sa1,1
2259,N12484 /1 undetected,output,,N12484,N12484,1,undetected,N12484,N12484,N12484,sa1,1
2260,N14568 /1 undetected,output,,N14568,N14568,1,undetected,N14568,N14568,N14568,sa1,1
2261,N14520 /1 undetected,output,,N14520,N14520,1,undetected,N14520,N14520,N14520,sa1,1
2262,N14518 /1 undetected,output,,N14518,N14518,1,undetected,N14518,N14518,N14518,sa1,1
2263,N14537 /1 undetected,output,,N14537,N14537,1,undetected,N14537,N14537,N14537,sa1,1
2264,N33470 /1 undetected,output,,N33470,N33470,1,undetected,N33470,N33470,N33470,sa1,1
2265,N33469 /1 undetected,output,,N33469,N33469,1,undetected,N33469,N33469,N33469,sa1,1
2266,N12562 /1 undetected,output,,N12562,N12562,1,undetected,N12562,N12562,N12562,sa1,1
2267,N12562 /0 undetected,output,,N12562,N12562,0,undetected,N12562,N12562,N12562,sa0,1
2268,N43849 /1 undetected,output,,N43849,N43849,1,undetected,N43849,N43849,N43849,sa1,1
2269,N12481 /1 undetected,output,,N12481,N12481,1,undetected,N12481,N12481,N12481,sa1,1
2270,N12560 /1 undetected,output,,N12560,N12560,1,undetected,N12560,N12560,N12560,sa1,1
2271,N12560 /0 undetected,output,,N12560,N12560,0,undetected,N12560,N12560,N12560,sa0,1
2272,N43845 /1 undetected,output,,N43845,N43845,1,undetected,N43845,N43845,N43845,sa1,1
2273,N12483 /1 undetected,output,,N12483,N12483,1,undetected,N12483,N12483,N12483,sa1,1
2274,N8669 /1 undetected,output,,N8669,N8669,1,undetected,N8669,N8669,N8669,sa1,1
2275,N8669 /0 undetected,output,,N8669,N8669,0,undetected,N8669,N8669,N8669,sa0,1
2276,N57930 /1 undetected,output,,N57930,N57930,1,undetected,N57930,N57930,N57930,sa1,1
2277,N57981 /1 undetected,output,,N57981,N57981,1,undetected,N57981,N57981,N57981,sa1,1
2278,test_en->__tpi_cp_319_N25874 /0 undetected,input_edge,test_en,__tpi_cp_319_N25874,__tpi_cp_319_N25874,0,undetected,__tpi_cp_319_N25874,__tpi_cp_319_N25874,__tpi_cp_319_N25874,sa0,1
2279,test_en->__tpi_cp_332_N12376 /0 undetected,input_edge,test_en,__tpi_cp_332_N12376,__tpi_cp_332_N12376,0,undetected,__tpi_cp_332_N12376,__tpi_cp_332_N12376,__tpi_cp_332_N12376,sa0,1
2280,test_en->__tpi_cp_171_N31797 /0 undetected,input_edge,test_en,__tpi_cp_171_N31797,__tpi_cp_171_N31797,0,undetected,__tpi_cp_171_N31797,__tpi_cp_171_N31797,__tpi_cp_171_N31797,sa0,1
2281,test_en->__tpi_cp_213_N12250 /0 undetected,input_edge,test_en,__tpi_cp_213_N12250,__tpi_cp_213_N12250,0,undetected,__tpi_cp_213_N12250,__tpi_cp_213_N12250,__tpi_cp_213_N12250,sa0,1
2282,N57980 /1 undetected,output,,N57980,N57980,1,undetected,N57980,N57980,N57980,sa1,1
2283,N57929 /1 undetected,output,,N57929,N57929,1,undetected,N57929,N57929,N57929,sa1,1
2284,N46107 /1 undetected,output,,N46107,N46107,1,undetected,N46107,N46107,N46107,sa1,1
2285,N55247 /1 undetected,output,,N55247,N55247,1,undetected,N55247,N55247,N55247,sa1,1
2286,N953 /1 undetected,output,,N953,N953,1,undetected,N953,N953,N953,sa1,1
2287,N953 /0 undetected,output,,N953,N953,0,undetected,N953,N953,N953,sa0,1
2288,N20346 /1 undetected,output,,N20346,N20346,1,undetected,N20346,N20346,N20346,sa1,1
2289,N44463 /1 undetected,output,,N44463,N44463,1,undetected,N44463,N44463,N44463,sa1,1
2290,N3308 /1 undetected,output,,N3308,N3308,1,undetected,N3308,N3308,N3308,sa1,1
2291,N47338 /1 undetected,output,,N47338,N47338,1,undetected,N47338,N47338,N47338,sa1,1
2292,N45787 /1 undetected,output,,N45787,N45787,1,undetected,N45787,N45787,N45787,sa1,1
2293,N3307 /1 undetected,output,,N3307,N3307,1,undetected,N3307,N3307,N3307,sa1,1
2294,N46115 /1 undetected,output,,N46115,N46115,1,undetected,N46115,N46115,N46115,sa1,1
2295,N44985 /1 undetected,output,,N44985,N44985,1,undetected,N44985,N44985,N44985,sa1,1
2296,N921 /1 undetected,output,,N921,N921,1,undetected,N921,N921,N921,sa1,1
2297,N921 /0 undetected,output,,N921,N921,0,undetected,N921,N921,N921,sa0,1
2298,N20318 /1 undetected,output,,N20318,N20318,1,undetected,N20318,N20318,N20318,sa1,1
2299,N3375 /1 undetected,output,,N3375,N3375,1,undetected,N3375,N3375,N3375,sa1,1
2300,N47452 /1 undetected,output,,N47452,N47452,1,undetected,N47452,N47452,N47452,sa1,1
2301,N43053 /1 undetected,output,,N43053,N43053,1,undetected,N43053,N43053,N43053,sa1,1
2302,N3374 /1 undetected,output,,N3374,N3374,1,undetected,N3374,N3374,N3374,sa1,1
2303,N46147 /1 undetected,output,,N46147,N46147,1,undetected,N46147,N46147,N46147,sa1,1
2304,N45788 /1 undetected,output,,N45788,N45788,1,undetected,N45788,N45788,N45788,sa1,1
2305,N3373 /1 undetected,output,,N3373,N3373,1,undetected,N3373,N3373,N3373,sa1,1
2306,N47370 /1 undetected,output,,N47370,N47370,1,undetected,N47370,N47370,N47370,sa1,1
2307,N44986 /1 undetected,output,,N44986,N44986,1,undetected,N44986,N44986,N44986,sa1,1
2308,N14567 /0 undetected,output,,N14567,N14567,0,undetected,N14567,N14567,N14567,sa0,1
2309,N10174 /1 undetected,output,,N10174,N10174,1,undetected,N10174,N10174,N10174,sa1,1
2310,N10174 /0 undetected,output,,N10174,N10174,0,undetected,N10174,N10174,N10174,sa0,1
2311,N10173 /1 undetected,output,,N10173,N10173,1,undetected,N10173,N10173,N10173,sa1,1
2312,N55171 /1 undetected,output,,N55171,N55171,1,undetected,N55171,N55171,N55171,sa1,1
2313,N44930 /1 undetected,output,,N44930,N44930,1,undetected,N44930,N44930,N44930,sa1,1
2314,N10124 /1 undetected,output,,N10124,N10124,1,undetected,N10124,N10124,N10124,sa1,1
2315,N42869 /1 undetected,output,,N42869,N42869,1,undetected,N42869,N42869,N42869,sa1,1
2316,N10090 /1 undetected,output,,N10090,N10090,1,undetected,N10090,N10090,N10090,sa1,1
2317,N957 /1 undetected,output,,N957,N957,1,undetected,N957,N957,N957,sa1,1
2318,N957 /0 undetected,output,,N957,N957,0,undetected,N957,N957,N957,sa0,1
2319,N20354 /1 undetected,output,,N20354,N20354,1,undetected,N20354,N20354,N20354,sa1,1
2320,N44467 /1 undetected,output,,N44467,N44467,1,undetected,N44467,N44467,N44467,sa1,1
2321,N3320 /1 undetected,output,,N3320,N3320,1,undetected,N3320,N3320,N3320,sa1,1
2322,N47344 /1 undetected,output,,N47344,N47344,1,undetected,N47344,N47344,N47344,sa1,1
2323,N45803 /1 undetected,output,,N45803,N45803,1,undetected,N45803,N45803,N45803,sa1,1
2324,N3319 /1 undetected,output,,N3319,N3319,1,undetected,N3319,N3319,N3319,sa1,1
2325,N46121 /1 undetected,output,,N46121,N46121,1,undetected,N46121,N46121,N46121,sa1,1
2326,N44715 /1 undetected,output,,N44715,N44715,1,undetected,N44715,N44715,N44715,sa1,1
2327,N955 /1 undetected,output,,N955,N955,1,undetected,N955,N955,N955,sa1,1
2328,N955 /0 undetected,output,,N955,N955,0,undetected,N955,N955,N955,sa0,1
2329,N20350 /1 undetected,output,,N20350,N20350,1,undetected,N20350,N20350,N20350,sa1,1
2330,N44465 /1 undetected,output,,N44465,N44465,1,undetected,N44465,N44465,N44465,sa1,1
2331,N3312 /1 undetected,output,,N3312,N3312,1,undetected,N3312,N3312,N3312,sa1,1
2332,N47340 /1 undetected,output,,N47340,N47340,1,undetected,N47340,N47340,N47340,sa1,1
2333,N45795 /1 undetected,output,,N45795,N45795,1,undetected,N45795,N45795,N45795,sa1,1
2334,N3311 /1 undetected,output,,N3311,N3311,1,undetected,N3311,N3311,N3311,sa1,1
2335,N46117 /1 undetected,output,,N46117,N46117,1,undetected,N46117,N46117,N46117,sa1,1
2336,N44849 /1 undetected,output,,N44849,N44849,1,undetected,N44849,N44849,N44849,sa1,1
2337,N954 /1 undetected,output,,N954,N954,1,undetected,N954,N954,N954,sa1,1
2338,N954 /0 undetected,output,,N954,N954,0,undetected,N954,N954,N954,sa0,1
2339,N20348 /1 undetected,output,,N20348,N20348,1,undetected,N20348,N20348,N20348,sa1,1
2340,N44464 /1 undetected,output,,N44464,N44464,1,undetected,N44464,N44464,N44464,sa1,1
2341,N3310 /1 undetected,output,,N3310,N3310,1,undetected,N3310,N3310,N3310,sa1,1
2342,N47339 /1 undetected,output,,N47339,N47339,1,undetected,N47339,N47339,N47339,sa1,1
2343,N45791 /1 undetected,output,,N45791,N45791,1,undetected,N45791,N45791,N45791,sa1,1
2344,N3309 /1 undetected,output,,N3309,N3309,1,undetected,N3309,N3309,N3309,sa1,1
2345,N46116 /1 undetected,output,,N46116,N46116,1,undetected,N46116,N46116,N46116,sa1,1
2346,N44912 /1 undetected,output,,N44912,N44912,1,undetected,N44912,N44912,N44912,sa1,1
2347,N925 /1 undetected,output,,N925,N925,1,undetected,N925,N925,N925,sa1,1
2348,N925 /0 undetected,output,,N925,N925,0,undetected,N925,N925,N925,sa0,1
2349,N20326 /1 undetected,output,,N20326,N20326,1,undetected,N20326,N20326,N20326,sa1,1
2350,N3391 /1 undetected,output,,N3391,N3391,1,undetected,N3391,N3391,N3391,sa1,1
2351,N47456 /1 undetected,output,,N47456,N47456,1,undetected,N47456,N47456,N47456,sa1,1
2352,N42908 /1 undetected,output,,N42908,N42908,1,undetected,N42908,N42908,N42908,sa1,1
2353,N3390 /1 undetected,output,,N3390,N3390,1,undetected,N3390,N3390,N3390,sa1,1
2354,N46153 /1 undetected,output,,N46153,N46153,1,undetected,N46153,N46153,N46153,sa1,1
2355,N45804 /1 undetected,output,,N45804,N45804,1,undetected,N45804,N45804,N45804,sa1,1
2356,N3389 /1 undetected,output,,N3389,N3389,1,undetected,N3389,N3389,N3389,sa1,1
2357,N47376 /1 undetected,output,,N47376,N47376,1,undetected,N47376,N47376,N47376,sa1,1
2358,N44716 /1 undetected,output,,N44716,N44716,1,undetected,N44716,N44716,N44716,sa1,1
2359,N923 /1 undetected,output,,N923,N923,1,undetected,N923,N923,N923,sa1,1
2360,N923 /0 undetected,output,,N923,N923,0,undetected,N923,N923,N923,sa0,1
2361,N20322 /1 undetected,output,,N20322,N20322,1,undetected,N20322,N20322,N20322,sa1,1
2362,N3381 /1 undetected,output,,N3381,N3381,1,undetected,N3381,N3381,N3381,sa1,1
2363,N47454 /1 undetected,output,,N47454,N47454,1,undetected,N47454,N47454,N47454,sa1,1
2364,N42500 /1 undetected,output,,N42500,N42500,1,undetected,N42500,N42500,N42500,sa1,1
2365,N3380 /1 undetected,output,,N3380,N3380,1,undetected,N3380,N3380,N3380,sa1,1
2366,N46149 /1 undetected,output,,N46149,N46149,1,undetected,N46149,N46149,N46149,sa1,1
2367,N45796 /1 undetected,output,,N45796,N45796,1,undetected,N45796,N45796,N45796,sa1,1
2368,N3379 /1 undetected,output,,N3379,N3379,1,undetected,N3379,N3379,N3379,sa1,1
2369,N47372 /1 undetected,output,,N47372,N47372,1,undetected,N47372,N47372,N47372,sa1,1
2370,N44850 /1 undetected,output,,N44850,N44850,1,undetected,N44850,N44850,N44850,sa1,1
2371,N922 /1 undetected,output,,N922,N922,1,undetected,N922,N922,N922,sa1,1
2372,N922 /0 undetected,output,,N922,N922,0,undetected,N922,N922,N922,sa0,1
2373,N20320 /1 undetected,output,,N20320,N20320,1,undetected,N20320,N20320,N20320,sa1,1
2374,N3378 /1 undetected,output,,N3378,N3378,1,undetected,N3378,N3378,N3378,sa1,1
2375,N47453 /1 undetected,output,,N47453,N47453,1,undetected,N47453,N47453,N47453,sa1,1
2376,N42853 /1 undetected,output,,N42853,N42853,1,undetected,N42853,N42853,N42853,sa1,1
2377,N3377 /1 undetected,output,,N3377,N3377,1,undetected,N3377,N3377,N3377,sa1,1
2378,N46148 /1 undetected,output,,N46148,N46148,1,undetected,N46148,N46148,N46148,sa1,1
2379,N45792 /1 undetected,output,,N45792,N45792,1,undetected,N45792,N45792,N45792,sa1,1
2380,N3376 /1 undetected,output,,N3376,N3376,1,undetected,N3376,N3376,N3376,sa1,1
2381,N47371 /1 undetected,output,,N47371,N47371,1,undetected,N47371,N47371,N47371,sa1,1
2382,N44913 /1 undetected,output,,N44913,N44913,1,undetected,N44913,N44913,N44913,sa1,1
2383,N47279 /1 undetected,output,,N47279,N47279,1,undetected,N47279,N47279,N47279,sa1,1
2384,N47278 /1 undetected,output,,N47278,N47278,1,undetected,N47278,N47278,N47278,sa1,1
2385,N47277 /1 undetected,output,,N47277,N47277,1,undetected,N47277,N47277,N47277,sa1,1
2386,N959 /1 undetected,output,,N959,N959,1,undetected,N959,N959,N959,sa1,1
2387,N959 /0 undetected,output,,N959,N959,0,undetected,N959,N959,N959,sa0,1
2388,N20358 /1 undetected,output,,N20358,N20358,1,undetected,N20358,N20358,N20358,sa1,1
2389,N44469 /1 undetected,output,,N44469,N44469,1,undetected,N44469,N44469,N44469,sa1,1
2390,N3364 /1 undetected,output,,N3364,N3364,1,undetected,N3364,N3364,N3364,sa1,1
2391,N47366 /1 undetected,output,,N47366,N47366,1,undetected,N47366,N47366,N47366,sa1,1
2392,N45859 /1 undetected,output,,N45859,N45859,1,undetected,N45859,N45859,N45859,sa1,1
2393,N3363 /1 undetected,output,,N3363,N3363,1,undetected,N3363,N3363,N3363,sa1,1
2394,N46143 /1 undetected,output,,N46143,N46143,1,undetected,N46143,N46143,N46143,sa1,1
2395,N44597 /1 undetected,output,,N44597,N44597,1,undetected,N44597,N44597,N44597,sa1,1
2396,N958 /1 undetected,output,,N958,N958,1,undetected,N958,N958,N958,sa1,1
2397,N958 /0 undetected,output,,N958,N958,0,undetected,N958,N958,N958,sa0,1
2398,N20356 /1 undetected,output,,N20356,N20356,1,undetected,N20356,N20356,N20356,sa1,1
2399,N44468 /1 undetected,output,,N44468,N44468,1,undetected,N44468,N44468,N44468,sa1,1
2400,N3342 /1 undetected,output,,N3342,N3342,1,undetected,N3342,N3342,N3342,sa1,1
2401,N47355 /1 undetected,output,,N47355,N47355,1,undetected,N47355,N47355,N47355,sa1,1
2402,N45816 /1 undetected,output,,N45816,N45816,1,undetected,N45816,N45816,N45816,sa1,1
2403,N3341 /1 undetected,output,,N3341,N3341,1,undetected,N3341,N3341,N3341,sa1,1
2404,N46132 /1 undetected,output,,N46132,N46132,1,undetected,N46132,N46132,N46132,sa1,1
2405,N44649 /1 undetected,output,,N44649,N44649,1,undetected,N44649,N44649,N44649,sa1,1
2406,N956 /1 undetected,output,,N956,N956,1,undetected,N956,N956,N956,sa1,1
2407,N956 /0 undetected,output,,N956,N956,0,undetected,N956,N956,N956,sa0,1
2408,N20352 /1 undetected,output,,N20352,N20352,1,undetected,N20352,N20352,N20352,sa1,1
2409,N44466 /1 undetected,output,,N44466,N44466,1,undetected,N44466,N44466,N44466,sa1,1
2410,N3314 /1 undetected,output,,N3314,N3314,1,undetected,N3314,N3314,N3314,sa1,1
2411,N47341 /1 undetected,output,,N47341,N47341,1,undetected,N47341,N47341,N47341,sa1,1
2412,N45799 /1 undetected,output,,N45799,N45799,1,undetected,N45799,N45799,N45799,sa1,1
2413,N3313 /1 undetected,output,,N3313,N3313,1,undetected,N3313,N3313,N3313,sa1,1
2414,N46118 /1 undetected,output,,N46118,N46118,1,undetected,N46118,N46118,N46118,sa1,1
2415,N44785 /1 undetected,output,,N44785,N44785,1,undetected,N44785,N44785,N44785,sa1,1
2416,N927 /1 undetected,output,,N927,N927,1,undetected,N927,N927,N927,sa1,1
2417,N927 /0 undetected,output,,N927,N927,0,undetected,N927,N927,N927,sa0,1
2418,N20330 /1 undetected,output,,N20330,N20330,1,undetected,N20330,N20330,N20330,sa1,1
2419,N3457 /1 undetected,output,,N3457,N3457,1,undetected,N3457,N3457,N3457,sa1,1
2420,N47478 /1 undetected,output,,N47478,N47478,1,undetected,N47478,N47478,N47478,sa1,1
2421,N43352 /1 undetected,output,,N43352,N43352,1,undetected,N43352,N43352,N43352,sa1,1
2422,N3456 /1 undetected,output,,N3456,N3456,1,undetected,N3456,N3456,N3456,sa1,1
2423,N46175 /1 undetected,output,,N46175,N46175,1,undetected,N46175,N46175,N46175,sa1,1
2424,N45860 /1 undetected,output,,N45860,N45860,1,undetected,N45860,N45860,N45860,sa1,1
2425,N3455 /1 undetected,output,,N3455,N3455,1,undetected,N3455,N3455,N3455,sa1,1
2426,N47398 /1 undetected,output,,N47398,N47398,1,undetected,N47398,N47398,N47398,sa1,1
2427,N44598 /1 undetected,output,,N44598,N44598,1,undetected,N44598,N44598,N44598,sa1,1
2428,N926 /1 undetected,output,,N926,N926,1,undetected,N926,N926,N926,sa1,1
2429,N926 /0 undetected,output,,N926,N926,0,undetected,N926,N926,N926,sa0,1
2430,N20328 /1 undetected,output,,N20328,N20328,1,undetected,N20328,N20328,N20328,sa1,1
2431,N3424 /1 undetected,output,,N3424,N3424,1,undetected,N3424,N3424,N3424,sa1,1
2432,N47467 /1 undetected,output,,N47467,N47467,1,undetected,N47467,N47467,N47467,sa1,1
2433,N43387 /1 undetected,output,,N43387,N43387,1,undetected,N43387,N43387,N43387,sa1,1
2434,N3423 /1 undetected,output,,N3423,N3423,1,undetected,N3423,N3423,N3423,sa1,1
2435,N46164 /1 undetected,output,,N46164,N46164,1,undetected,N46164,N46164,N46164,sa1,1
2436,N45817 /1 undetected,output,,N45817,N45817,1,undetected,N45817,N45817,N45817,sa1,1
2437,N3422 /1 undetected,output,,N3422,N3422,1,undetected,N3422,N3422,N3422,sa1,1
2438,N47387 /1 undetected,output,,N47387,N47387,1,undetected,N47387,N47387,N47387,sa1,1
2439,N44650 /1 undetected,output,,N44650,N44650,1,undetected,N44650,N44650,N44650,sa1,1
2440,N924 /1 undetected,output,,N924,N924,1,undetected,N924,N924,N924,sa1,1
2441,N924 /0 undetected,output,,N924,N924,0,undetected,N924,N924,N924,sa0,1
2442,N20324 /1 undetected,output,,N20324,N20324,1,undetected,N20324,N20324,N20324,sa1,1
2443,N3384 /1 undetected,output,,N3384,N3384,1,undetected,N3384,N3384,N3384,sa1,1
2444,N47455 /1 undetected,output,,N47455,N47455,1,undetected,N47455,N47455,N47455,sa1,1
2445,N42708 /1 undetected,output,,N42708,N42708,1,undetected,N42708,N42708,N42708,sa1,1
2446,N3383 /1 undetected,output,,N3383,N3383,1,undetected,N3383,N3383,N3383,sa1,1
2447,N46150 /1 undetected,output,,N46150,N46150,1,undetected,N46150,N46150,N46150,sa1,1
2448,N45800 /1 undetected,output,,N45800,N45800,1,undetected,N45800,N45800,N45800,sa1,1
2449,N3382 /1 undetected,output,,N3382,N3382,1,undetected,N3382,N3382,N3382,sa1,1
2450,N47373 /1 undetected,output,,N47373,N47373,1,undetected,N47373,N47373,N47373,sa1,1
2451,N44786 /1 undetected,output,,N44786,N44786,1,undetected,N44786,N44786,N44786,sa1,1
2452,N960 /1 undetected,output,,N960,N960,1,undetected,N960,N960,N960,sa1,1
2453,N960 /0 undetected,output,,N960,N960,0,undetected,N960,N960,N960,sa0,1
2454,N3366 /1 undetected,output,,N3366,N3366,1,undetected,N3366,N3366,N3366,sa1,1
2455,N47367 /1 undetected,output,,N47367,N47367,1,undetected,N47367,N47367,N47367,sa1,1
2456,N45902 /1 undetected,output,,N45902,N45902,1,undetected,N45902,N45902,N45902,sa1,1
2457,N1704 /1 undetected,output,,N1704,N1704,1,undetected,N1704,N1704,N1704,sa1,1
2458,N44453 /1 undetected,output,,N44453,N44453,1,undetected,N44453,N44453,N44453,sa1,1
2459,N3365 /1 undetected,output,,N3365,N3365,1,undetected,N3365,N3365,N3365,sa1,1
2460,N46144 /1 undetected,output,,N46144,N46144,1,undetected,N46144,N46144,N46144,sa1,1
2461,N44546 /1 undetected,output,,N44546,N44546,1,undetected,N44546,N44546,N44546,sa1,1
2462,N14566 /1 undetected,output,,N14566,N14566,1,undetected,N14566,N14566,N14566,sa1,1
2463,N14521 /1 undetected,output,,N14521,N14521,1,undetected,N14521,N14521,N14521,sa1,1
2464,N14517 /1 undetected,output,,N14517,N14517,1,undetected,N14517,N14517,N14517,sa1,1
2465,N14536 /1 undetected,output,,N14536,N14536,1,undetected,N14536,N14536,N14536,sa1,1
2466,N33468 /1 undetected,output,,N33468,N33468,1,undetected,N33468,N33468,N33468,sa1,1
2467,N33467 /1 undetected,output,,N33467,N33467,1,undetected,N33467,N33467,N33467,sa1,1
2468,test_en->__tpi_cp_166_N31798 /0 undetected,input_edge,test_en,__tpi_cp_166_N31798,__tpi_cp_166_N31798,0,undetected,__tpi_cp_166_N31798,__tpi_cp_166_N31798,__tpi_cp_166_N31798,sa0,1
2469,N2690 /1 undetected,output,,N2690,N2690,1,undetected,N2690,N2690,N2690,sa1,1
2470,N53115 /1 undetected,output,,N53115,N53115,1,undetected,N53115,N53115,N53115,sa1,1
2471,N57927 /1 undetected,output,,N57927,N57927,1,undetected,N57927,N57927,N57927,sa1,1
2472,N57977 /1 undetected,output,,N57977,N57977,1,undetected,N57977,N57977,N57977,sa1,1
2473,N46108 /1 undetected,output,,N46108,N46108,1,undetected,N46108,N46108,N46108,sa1,1
2474,N55248 /1 undetected,output,,N55248,N55248,1,undetected,N55248,N55248,N55248,sa1,1
2475,N57976 /1 undetected,output,,N57976,N57976,1,undetected,N57976,N57976,N57976,sa1,1
2476,N57926 /1 undetected,output,,N57926,N57926,1,undetected,N57926,N57926,N57926,sa1,1
2477,N14565 /0 undetected,output,,N14565,N14565,0,undetected,N14565,N14565,N14565,sa0,1
2478,N10179 /1 undetected,output,,N10179,N10179,1,undetected,N10179,N10179,N10179,sa1,1
2479,N10179 /0 undetected,output,,N10179,N10179,0,undetected,N10179,N10179,N10179,sa0,1
2480,N42515 /1 undetected,output,,N42515,N42515,1,undetected,N42515,N42515,N42515,sa1,1
2481,N10091 /1 undetected,output,,N10091,N10091,1,undetected,N10091,N10091,N10091,sa1,1
2482,test_en->__tpi_cp_300_N23686 /0 undetected,input_edge,test_en,__tpi_cp_300_N23686,__tpi_cp_300_N23686,0,undetected,__tpi_cp_300_N23686,__tpi_cp_300_N23686,__tpi_cp_300_N23686,sa0,1
2483,N46084 /1 undetected,output,,N46084,N46084,1,undetected,N46084,N46084,N46084,sa1,1
2484,N55224 /1 undetected,output,,N55224,N55224,1,undetected,N55224,N55224,N55224,sa1,1
2485,test_en->__tpi_cp_279_N23682 /0 undetected,input_edge,test_en,__tpi_cp_279_N23682,__tpi_cp_279_N23682,0,undetected,__tpi_cp_279_N23682,__tpi_cp_279_N23682,__tpi_cp_279_N23682,sa0,1
2486,N46080 /1 undetected,output,,N46080,N46080,1,undetected,N46080,N46080,N46080,sa1,1
2487,N55220 /1 undetected,output,,N55220,N55220,1,undetected,N55220,N55220,N55220,sa1,1
2488,test_en->__tpi_cp_252_N23681 /0 undetected,input_edge,test_en,__tpi_cp_252_N23681,__tpi_cp_252_N23681,0,undetected,__tpi_cp_252_N23681,__tpi_cp_252_N23681,__tpi_cp_252_N23681,sa0,1
2489,N46079 /1 undetected,output,,N46079,N46079,1,undetected,N46079,N46079,N46079,sa1,1
2490,N55219 /1 undetected,output,,N55219,N55219,1,undetected,N55219,N55219,N55219,sa1,1
2491,test_en->__tpi_cp_271_N23680 /0 undetected,input_edge,test_en,__tpi_cp_271_N23680,__tpi_cp_271_N23680,0,undetected,__tpi_cp_271_N23680,__tpi_cp_271_N23680,__tpi_cp_271_N23680,sa0,1
2492,N46078 /1 undetected,output,,N46078,N46078,1,undetected,N46078,N46078,N46078,sa1,1
2493,N55218 /1 undetected,output,,N55218,N55218,1,undetected,N55218,N55218,N55218,sa1,1
2494,N1440 /1 undetected,output,,N1440,N1440,1,undetected,N1440,N1440,N1440,sa1,1
2495,N20739 /1 undetected,output,,N20739,N20739,1,undetected,N20739,N20739,N20739,sa1,1
2496,N20738 /1 undetected,output,,N20738,N20738,1,undetected,N20738,N20738,N20738,sa1,1
2497,N1439 /1 undetected,output,,N1439,N1439,1,undetected,N1439,N1439,N1439,sa1,1
2498,N20737 /1 undetected,output,,N20737,N20737,1,undetected,N20737,N20737,N20737,sa1,1
2499,N1943 /1 undetected,output,,N1943,N1943,1,undetected,N1943,N1943,N1943,sa1,1
2500,N39403 /1 undetected,output,,N39403,N39403,1,undetected,N39403,N39403,N39403,sa1,1
2501,N1942 /1 undetected,output,,N1942,N1942,1,undetected,N1942,N1942,N1942,sa1,1
2502,N39401 /1 undetected,output,,N39401,N39401,1,undetected,N39401,N39401,N39401,sa1,1
2503,N1944 /1 undetected,output,,N1944,N1944,1,undetected,N1944,N1944,N1944,sa1,1
2504,N39405 /1 undetected,output,,N39405,N39405,1,undetected,N39405,N39405,N39405,sa1,1
2505,N1438 /1 undetected,output,,N1438,N1438,1,undetected,N1438,N1438,N1438,sa1,1
2506,N20736 /1 undetected,output,,N20736,N20736,1,undetected,N20736,N20736,N20736,sa1,1
2507,N20735 /1 undetected,output,,N20735,N20735,1,undetected,N20735,N20735,N20735,sa1,1
2508,N1941 /1 undetected,output,,N1941,N1941,1,undetected,N1941,N1941,N1941,sa1,1
2509,N39399 /1 undetected,output,,N39399,N39399,1,undetected,N39399,N39399,N39399,sa1,1
2510,N1940 /1 undetected,output,,N1940,N1940,1,undetected,N1940,N1940,N1940,sa1,1
2511,N39397 /1 undetected,output,,N39397,N39397,1,undetected,N39397,N39397,N39397,sa1,1
2512,N1939 /1 undetected,output,,N1939,N1939,1,undetected,N1939,N1939,N1939,sa1,1
2513,N39395 /1 undetected,output,,N39395,N39395,1,undetected,N39395,N39395,N39395,sa1,1
2514,N1938 /1 undetected,output,,N1938,N1938,1,undetected,N1938,N1938,N1938,sa1,1
2515,N39393 /1 undetected,output,,N39393,N39393,1,undetected,N39393,N39393,N39393,sa1,1
2516,N1437 /1 undetected,output,,N1437,N1437,1,undetected,N1437,N1437,N1437,sa1,1
2517,N20734 /1 undetected,output,,N20734,N20734,1,undetected,N20734,N20734,N20734,sa1,1
2518,N20733 /1 undetected,output,,N20733,N20733,1,undetected,N20733,N20733,N20733,sa1,1
2519,N1937 /1 undetected,output,,N1937,N1937,1,undetected,N1937,N1937,N1937,sa1,1
2520,N39449 /1 undetected,output,,N39449,N39449,1,undetected,N39449,N39449,N39449,sa1,1
2521,N1936 /1 undetected,output,,N1936,N1936,1,undetected,N1936,N1936,N1936,sa1,1
2522,N39447 /1 undetected,output,,N39447,N39447,1,undetected,N39447,N39447,N39447,sa1,1
2523,N1935 /1 undetected,output,,N1935,N1935,1,undetected,N1935,N1935,N1935,sa1,1
2524,N39391 /1 undetected,output,,N39391,N39391,1,undetected,N39391,N39391,N39391,sa1,1
2525,N1934 /1 undetected,output,,N1934,N1934,1,undetected,N1934,N1934,N1934,sa1,1
2526,N39445 /1 undetected,output,,N39445,N39445,1,undetected,N39445,N39445,N39445,sa1,1
2527,N1436 /1 undetected,output,,N1436,N1436,1,undetected,N1436,N1436,N1436,sa1,1
2528,N20732 /1 undetected,output,,N20732,N20732,1,undetected,N20732,N20732,N20732,sa1,1
2529,N20731 /1 undetected,output,,N20731,N20731,1,undetected,N20731,N20731,N20731,sa1,1
2530,N1933 /1 undetected,output,,N1933,N1933,1,undetected,N1933,N1933,N1933,sa1,1
2531,N39443 /1 undetected,output,,N39443,N39443,1,undetected,N39443,N39443,N39443,sa1,1
2532,N1932 /1 undetected,output,,N1932,N1932,1,undetected,N1932,N1932,N1932,sa1,1
2533,N39441 /1 undetected,output,,N39441,N39441,1,undetected,N39441,N39441,N39441,sa1,1
2534,N1931 /1 undetected,output,,N1931,N1931,1,undetected,N1931,N1931,N1931,sa1,1
2535,N39439 /1 undetected,output,,N39439,N39439,1,undetected,N39439,N39439,N39439,sa1,1
2536,N1930 /1 undetected,output,,N1930,N1930,1,undetected,N1930,N1930,N1930,sa1,1
2537,N39437 /1 undetected,output,,N39437,N39437,1,undetected,N39437,N39437,N39437,sa1,1
2538,N1435 /1 undetected,output,,N1435,N1435,1,undetected,N1435,N1435,N1435,sa1,1
2539,N20730 /1 undetected,output,,N20730,N20730,1,undetected,N20730,N20730,N20730,sa1,1
2540,N20729 /1 undetected,output,,N20729,N20729,1,undetected,N20729,N20729,N20729,sa1,1
2541,N1434 /1 undetected,output,,N1434,N1434,1,undetected,N1434,N1434,N1434,sa1,1
2542,N20728 /1 undetected,output,,N20728,N20728,1,undetected,N20728,N20728,N20728,sa1,1
2543,N1928 /1 undetected,output,,N1928,N1928,1,undetected,N1928,N1928,N1928,sa1,1
2544,N39433 /1 undetected,output,,N39433,N39433,1,undetected,N39433,N39433,N39433,sa1,1
2545,N1927 /1 undetected,output,,N1927,N1927,1,undetected,N1927,N1927,N1927,sa1,1
2546,N39431 /1 undetected,output,,N39431,N39431,1,undetected,N39431,N39431,N39431,sa1,1
2547,N1929 /1 undetected,output,,N1929,N1929,1,undetected,N1929,N1929,N1929,sa1,1
2548,N39435 /1 undetected,output,,N39435,N39435,1,undetected,N39435,N39435,N39435,sa1,1
2549,N1433 /1 undetected,output,,N1433,N1433,1,undetected,N1433,N1433,N1433,sa1,1
2550,N20727 /1 undetected,output,,N20727,N20727,1,undetected,N20727,N20727,N20727,sa1,1
2551,N20726 /1 undetected,output,,N20726,N20726,1,undetected,N20726,N20726,N20726,sa1,1
2552,N1926 /1 undetected,output,,N1926,N1926,1,undetected,N1926,N1926,N1926,sa1,1
2553,N39429 /1 undetected,output,,N39429,N39429,1,undetected,N39429,N39429,N39429,sa1,1
2554,N1925 /1 undetected,output,,N1925,N1925,1,undetected,N1925,N1925,N1925,sa1,1
2555,N39427 /1 undetected,output,,N39427,N39427,1,undetected,N39427,N39427,N39427,sa1,1
2556,N1924 /1 undetected,output,,N1924,N1924,1,undetected,N1924,N1924,N1924,sa1,1
2557,N39425 /1 undetected,output,,N39425,N39425,1,undetected,N39425,N39425,N39425,sa1,1
2558,N1923 /1 undetected,output,,N1923,N1923,1,undetected,N1923,N1923,N1923,sa1,1
2559,N39423 /1 undetected,output,,N39423,N39423,1,undetected,N39423,N39423,N39423,sa1,1
2560,N1432 /1 undetected,output,,N1432,N1432,1,undetected,N1432,N1432,N1432,sa1,1
2561,N20725 /1 undetected,output,,N20725,N20725,1,undetected,N20725,N20725,N20725,sa1,1
2562,N20724 /1 undetected,output,,N20724,N20724,1,undetected,N20724,N20724,N20724,sa1,1
2563,N1922 /1 undetected,output,,N1922,N1922,1,undetected,N1922,N1922,N1922,sa1,1
2564,N39421 /1 undetected,output,,N39421,N39421,1,undetected,N39421,N39421,N39421,sa1,1
2565,N1921 /1 undetected,output,,N1921,N1921,1,undetected,N1921,N1921,N1921,sa1,1
2566,N39419 /1 undetected,output,,N39419,N39419,1,undetected,N39419,N39419,N39419,sa1,1
2567,N1920 /1 undetected,output,,N1920,N1920,1,undetected,N1920,N1920,N1920,sa1,1
2568,N39417 /1 undetected,output,,N39417,N39417,1,undetected,N39417,N39417,N39417,sa1,1
2569,N1919 /1 undetected,output,,N1919,N1919,1,undetected,N1919,N1919,N1919,sa1,1
2570,N39415 /1 undetected,output,,N39415,N39415,1,undetected,N39415,N39415,N39415,sa1,1
2571,N1431 /1 undetected,output,,N1431,N1431,1,undetected,N1431,N1431,N1431,sa1,1
2572,N20723 /1 undetected,output,,N20723,N20723,1,undetected,N20723,N20723,N20723,sa1,1
2573,N20722 /1 undetected,output,,N20722,N20722,1,undetected,N20722,N20722,N20722,sa1,1
2574,N1918 /1 undetected,output,,N1918,N1918,1,undetected,N1918,N1918,N1918,sa1,1
2575,N39413 /1 undetected,output,,N39413,N39413,1,undetected,N39413,N39413,N39413,sa1,1
2576,N1917 /1 undetected,output,,N1917,N1917,1,undetected,N1917,N1917,N1917,sa1,1
2577,N39411 /1 undetected,output,,N39411,N39411,1,undetected,N39411,N39411,N39411,sa1,1
2578,N1916 /1 undetected,output,,N1916,N1916,1,undetected,N1916,N1916,N1916,sa1,1
2579,N39409 /1 undetected,output,,N39409,N39409,1,undetected,N39409,N39409,N39409,sa1,1
2580,N1915 /1 undetected,output,,N1915,N1915,1,undetected,N1915,N1915,N1915,sa1,1
2581,N39407 /1 undetected,output,,N39407,N39407,1,undetected,N39407,N39407,N39407,sa1,1
2582,N46109 /1 undetected,output,,N46109,N46109,1,undetected,N46109,N46109,N46109,sa1,1
2583,N55249 /1 undetected,output,,N55249,N55249,1,undetected,N55249,N55249,N55249,sa1,1
2584,N46098 /1 undetected,output,,N46098,N46098,1,undetected,N46098,N46098,N46098,sa1,1
2585,N55238 /1 undetected,output,,N55238,N55238,1,undetected,N55238,N55238,N55238,sa1,1
2586,N46087 /1 undetected,output,,N46087,N46087,1,undetected,N46087,N46087,N46087,sa1,1
2587,N55227 /1 undetected,output,,N55227,N55227,1,undetected,N55227,N55227,N55227,sa1,1
2588,N3997 /1 undetected,output,,N3997,N3997,1,undetected,N3997,N3997,N3997,sa1,1
2589,N46085 /1 undetected,output,,N46085,N46085,1,undetected,N46085,N46085,N46085,sa1,1
2590,N3995 /1 undetected,output,,N3995,N3995,1,undetected,N3995,N3995,N3995,sa1,1
2591,N42487 /1 undetected,output,,N42487,N42487,1,undetected,N42487,N42487,N42487,sa1,1
2592,N8609 /1 undetected,output,,N8609,N8609,1,undetected,N8609,N8609,N8609,sa1,1
2593,N8611 /1 undetected,output,,N8611,N8611,1,undetected,N8611,N8611,N8611,sa1,1
2594,N54215 /1 undetected,output,,N54215,N54215,1,undetected,N54215,N54215,N54215,sa1,1
2595,N42379 /1 undetected,output,,N42379,N42379,1,undetected,N42379,N42379,N42379,sa1,1
2596,N46083 /1 undetected,output,,N46083,N46083,1,undetected,N46083,N46083,N46083,sa1,1
2597,N55223 /1 undetected,output,,N55223,N55223,1,undetected,N55223,N55223,N55223,sa1,1
2598,N46082 /1 undetected,output,,N46082,N46082,1,undetected,N46082,N46082,N46082,sa1,1
2599,N55222 /1 undetected,output,,N55222,N55222,1,undetected,N55222,N55222,N55222,sa1,1
2600,N46081 /1 undetected,output,,N46081,N46081,1,undetected,N46081,N46081,N46081,sa1,1
2601,N55221 /1 undetected,output,,N55221,N55221,1,undetected,N55221,N55221,N55221,sa1,1
2602,N10183 /1 undetected,output,,N10183,N10183,1,undetected,N10183,N10183,N10183,sa1,1
2603,N10183 /0 undetected,output,,N10183,N10183,0,undetected,N10183,N10183,N10183,sa0,1
2604,N42724 /1 undetected,output,,N42724,N42724,1,undetected,N42724,N42724,N42724,sa1,1
2605,N10089 /1 undetected,output,,N10089,N10089,1,undetected,N10089,N10089,N10089,sa1,1
2606,N4182 /1 undetected,output,,N4182,N4182,1,undetected,N4182,N4182,N4182,sa1,1
2607,N21261 /1 undetected,output,,N21261,N21261,1,undetected,N21261,N21261,N21261,sa1,1
2608,N53134 /1 undetected,output,,N53134,N53134,1,undetected,N53134,N53134,N53134,sa1,1
2609,N50423 /1 undetected,output,,N50423,N50423,1,undetected,N50423,N50423,N50423,sa1,1
2610,N14564 /1 undetected,output,,N14564,N14564,1,undetected,N14564,N14564,N14564,sa1,1
2611,N14522 /1 undetected,output,,N14522,N14522,1,undetected,N14522,N14522,N14522,sa1,1
2612,N14516 /1 undetected,output,,N14516,N14516,1,undetected,N14516,N14516,N14516,sa1,1
2613,N14535 /1 undetected,output,,N14535,N14535,1,undetected,N14535,N14535,N14535,sa1,1
2614,N33466 /1 undetected,output,,N33466,N33466,1,undetected,N33466,N33466,N33466,sa1,1
2615,N33465 /1 undetected,output,,N33465,N33465,1,undetected,N33465,N33465,N33465,sa1,1
2616,N57924 /1 undetected,output,,N57924,N57924,1,undetected,N57924,N57924,N57924,sa1,1
2617,N57973 /1 undetected,output,,N57973,N57973,1,undetected,N57973,N57973,N57973,sa1,1
2618,N10083 /1 undetected,output,,N10083,N10083,1,undetected,N10083,N10083,N10083,sa1,1
2619,N10083 /0 undetected,output,,N10083,N10083,0,undetected,N10083,N10083,N10083,sa0,1
2620,N10181 /1 undetected,output,,N10181,N10181,1,undetected,N10181,N10181,N10181,sa1,1
2621,N43363 /1 undetected,output,,N43363,N43363,1,undetected,N43363,N43363,N43363,sa1,1
2622,N10081 /1 undetected,output,,N10081,N10081,1,undetected,N10081,N10081,N10081,sa1,1
2623,N10180 /1 undetected,output,,N10180,N10180,1,undetected,N10180,N10180,N10180,sa1,1
2624,N30305 /1 undetected,output,,N30305,N30305,1,undetected,N30305,N30305,N30305,sa1,1
2625,N44558 /1 undetected,output,,N44558,N44558,1,undetected,N44558,N44558,N44558,sa1,1
2626,N10082 /1 undetected,output,,N10082,N10082,1,undetected,N10082,N10082,N10082,sa1,1
2627,N30304 /1 undetected,output,,N30304,N30304,1,undetected,N30304,N30304,N30304,sa1,1
2628,N42223 /1 undetected,output,,N42223,N42223,1,undetected,N42223,N42223,N42223,sa1,1
2629,N50343 /1 undetected,output,,N50343,N50343,1,undetected,N50343,N50343,N50343,sa1,1
2630,N53114 /1 undetected,output,,N53114,N53114,1,undetected,N53114,N53114,N53114,sa1,1
2631,N57972 /1 undetected,output,,N57972,N57972,1,undetected,N57972,N57972,N57972,sa1,1
2632,N57923 /1 undetected,output,,N57923,N57923,1,undetected,N57923,N57923,N57923,sa1,1
2633,N44130 /1 undetected,output,,N44130,N44130,1,undetected,N44130,N44130,N44130,sa1,1
2634,N3524 /1 undetected,output,,N3524,N3524,1,undetected,N3524,N3524,N3524,sa1,1
2635,N39389 /1 undetected,output,,N39389,N39389,1,undetected,N39389,N39389,N39389,sa1,1
2636,N3528 /1 undetected,output,,N3528,N3528,1,undetected,N3528,N3528,N3528,sa1,1
2637,N39387 /1 undetected,output,,N39387,N39387,1,undetected,N39387,N39387,N39387,sa1,1
2638,N44131 /1 undetected,output,,N44131,N44131,1,undetected,N44131,N44131,N44131,sa1,1
2639,N14563 /0 undetected,output,,N14563,N14563,0,undetected,N14563,N14563,N14563,sa0,1
2640,N14282 /1 undetected,output,,N14282,N14282,1,undetected,N14282,N14282,N14282,sa1,1
2641,N57692 /1 undetected,output,,N57692,N57692,1,undetected,N57692,N57692,N57692,sa1,1
2642,N57662 /1 undetected,output,,N57662,N57662,1,undetected,N57662,N57662,N57662,sa1,1
2643,N14562 /1 undetected,output,,N14562,N14562,1,undetected,N14562,N14562,N14562,sa1,1
2644,N14523 /1 undetected,output,,N14523,N14523,1,undetected,N14523,N14523,N14523,sa1,1
2645,N14515 /1 undetected,output,,N14515,N14515,1,undetected,N14515,N14515,N14515,sa1,1
2646,N14534 /1 undetected,output,,N14534,N14534,1,undetected,N14534,N14534,N14534,sa1,1
2647,N33464 /1 undetected,output,,N33464,N33464,1,undetected,N33464,N33464,N33464,sa1,1
2648,N33463 /1 undetected,output,,N33463,N33463,1,undetected,N33463,N33463,N33463,sa1,1
2649,N10077 /1 undetected,output,,N10077,N10077,1,undetected,N10077,N10077,N10077,sa1,1
2650,N10077 /0 undetected,output,,N10077,N10077,0,undetected,N10077,N10077,N10077,sa0,1
2651,N57654 /1 undetected,output,,N57654,N57654,1,undetected,N57654,N57654,N57654,sa1,1
2652,N57748 /1 undetected,output,,N57748,N57748,1,undetected,N57748,N57748,N57748,sa1,1
2653,N57921 /1 undetected,output,,N57921,N57921,1,undetected,N57921,N57921,N57921,sa1,1
2654,N57969 /1 undetected,output,,N57969,N57969,1,undetected,N57969,N57969,N57969,sa1,1
2655,N8608 /0 undetected,output,,N8608,N8608,0,undetected,N8608,N8608,N8608,sa0,1
2656,N961 /1 undetected,output,,N961,N961,1,undetected,N961,N961,N961,sa1,1
2657,N961 /0 undetected,output,,N961,N961,0,undetected,N961,N961,N961,sa0,1
2658,N46111 /1 undetected,output,,N46111,N46111,1,undetected,N46111,N46111,N46111,sa1,1
2659,N44434 /1 undetected,output,,N44434,N44434,1,undetected,N44434,N44434,N44434,sa1,1
2660,N14250 /0 undetected,output,,N14250,N14250,0,undetected,N14250,N14250,N14250,sa0,1
2661,N57660 /1 undetected,output,,N57660,N57660,1,undetected,N57660,N57660,N57660,sa1,1
2662,N57659 /1 undetected,output,,N57659,N57659,1,undetected,N57659,N57659,N57659,sa1,1
2663,N57747 /1 undetected,output,,N57747,N57747,1,undetected,N57747,N57747,N57747,sa1,1
2664,N57668 /1 undetected,output,,N57668,N57668,1,undetected,N57668,N57668,N57668,sa1,1
2665,N57968 /1 undetected,output,,N57968,N57968,1,undetected,N57968,N57968,N57968,sa1,1
2666,N57920 /1 undetected,output,,N57920,N57920,1,undetected,N57920,N57920,N57920,sa1,1
2667,N14561 /0 undetected,output,,N14561,N14561,0,undetected,N14561,N14561,N14561,sa0,1
2668,N14284 /1 undetected,output,,N14284,N14284,1,undetected,N14284,N14284,N14284,sa1,1
2669,N14176 /1 undetected,output,,N14176,N14176,1,undetected,N14176,N14176,N14176,sa1,1
2670,N57699 /1 undetected,output,,N57699,N57699,1,undetected,N57699,N57699,N57699,sa1,1
2671,N962 /1 undetected,output,,N962,N962,1,undetected,N962,N962,N962,sa1,1
2672,N44163 /1 undetected,output,,N44163,N44163,1,undetected,N44163,N44163,N44163,sa1,1
2673,N14246 /1 undetected,output,,N14246,N14246,1,undetected,N14246,N14246,N14246,sa1,1
2674,N14180 /1 undetected,output,,N14180,N14180,1,undetected,N14180,N14180,N14180,sa1,1
2675,N14174 /1 undetected,output,,N14174,N14174,1,undetected,N14174,N14174,N14174,sa1,1
2676,N14175 /1 undetected,output,,N14175,N14175,1,undetected,N14175,N14175,N14175,sa1,1
2677,N57698 /1 undetected,output,,N57698,N57698,1,undetected,N57698,N57698,N57698,sa1,1
2678,N14200 /1 undetected,output,,N14200,N14200,1,undetected,N14200,N14200,N14200,sa1,1
2679,N57657 /1 undetected,output,,N57657,N57657,1,undetected,N57657,N57657,N57657,sa1,1
2680,N14273 /1 undetected,output,,N14273,N14273,1,undetected,N14273,N14273,N14273,sa1,1
2681,N40370 /1 undetected,output,,N40370,N40370,1,undetected,N40370,N40370,N40370,sa1,1
2682,N14560 /1 undetected,output,,N14560,N14560,1,undetected,N14560,N14560,N14560,sa1,1
2683,N14524 /1 undetected,output,,N14524,N14524,1,undetected,N14524,N14524,N14524,sa1,1
2684,N14514 /1 undetected,output,,N14514,N14514,1,undetected,N14514,N14514,N14514,sa1,1
2685,N14533 /1 undetected,output,,N14533,N14533,1,undetected,N14533,N14533,N14533,sa1,1
2686,N33462 /1 undetected,output,,N33462,N33462,1,undetected,N33462,N33462,N33462,sa1,1
2687,N33461 /1 undetected,output,,N33461,N33461,1,undetected,N33461,N33461,N33461,sa1,1
2688,N57696 /1 undetected,output,,N57696,N57696,1,undetected,N57696,N57696,N57696,sa1,1
2689,N14254 /1 undetected,output,,N14254,N14254,1,undetected,N14254,N14254,N14254,sa1,1
2690,N57702 /1 undetected,output,,N57702,N57702,1,undetected,N57702,N57702,N57702,sa1,1
2691,N57666 /1 undetected,output,,N57666,N57666,1,undetected,N57666,N57666,N57666,sa1,1
2692,N14258 /1 undetected,output,,N14258,N14258,1,undetected,N14258,N14258,N14258,sa1,1
2693,N57706 /1 undetected,output,,N57706,N57706,1,undetected,N57706,N57706,N57706,sa1,1
2694,N57663 /1 undetected,output,,N57663,N57663,1,undetected,N57663,N57663,N57663,sa1,1
2695,N57743 /1 undetected,output,,N57743,N57743,1,undetected,N57743,N57743,N57743,sa1,1
2696,N57736 /1 undetected,output,,N57736,N57736,1,undetected,N57736,N57736,N57736,sa1,1
2697,N57918 /1 undetected,output,,N57918,N57918,1,undetected,N57918,N57918,N57918,sa1,1
2698,N57965 /1 undetected,output,,N57965,N57965,1,undetected,N57965,N57965,N57965,sa1,1
2699,N54128 /1 undetected,output,,N54128,N54128,1,undetected,N54128,N54128,N54128,sa1,1
2700,N54194 /1 undetected,output,,N54194,N54194,1,undetected,N54194,N54194,N54194,sa1,1
2701,N14288 /1 undetected,output,,N14288,N14288,1,undetected,N14288,N14288,N14288,sa1,1
2702,N57707 /1 undetected,output,,N57707,N57707,1,undetected,N57707,N57707,N57707,sa1,1
2703,N57665 /1 undetected,output,,N57665,N57665,1,undetected,N57665,N57665,N57665,sa1,1
2704,N14286 /1 undetected,output,,N14286,N14286,1,undetected,N14286,N14286,N14286,sa1,1
2705,N57703 /1 undetected,output,,N57703,N57703,1,undetected,N57703,N57703,N57703,sa1,1
2706,N57656 /1 undetected,output,,N57656,N57656,1,undetected,N57656,N57656,N57656,sa1,1
2707,N57742 /1 undetected,output,,N57742,N57742,1,undetected,N57742,N57742,N57742,sa1,1
2708,N57671 /1 undetected,output,,N57671,N57671,1,undetected,N57671,N57671,N57671,sa1,1
2709,N57677 /1 undetected,output,,N57677,N57677,1,undetected,N57677,N57677,N57677,sa1,1
2710,N57964 /1 undetected,output,,N57964,N57964,1,undetected,N57964,N57964,N57964,sa1,1
2711,N14212 /1 undetected,output,,N14212,N14212,1,undetected,N14212,N14212,N14212,sa1,1
2712,N14199 /1 undetected,output,,N14199,N14199,1,undetected,N14199,N14199,N14199,sa1,1
2713,N33275 /1 undetected,output,,N33275,N33275,1,undetected,N33275,N33275,N33275,sa1,1
2714,N33274 /1 undetected,output,,N33274,N33274,1,undetected,N33274,N33274,N33274,sa1,1
2715,N14178 /1 undetected,output,,N14178,N14178,1,undetected,N14178,N14178,N14178,sa1,1
2716,N14201 /1 undetected,output,,N14201,N14201,1,undetected,N14201,N14201,N14201,sa1,1
2717,N33277 /1 undetected,output,,N33277,N33277,1,undetected,N33277,N33277,N33277,sa1,1
2718,N33276 /1 undetected,output,,N33276,N33276,1,undetected,N33276,N33276,N33276,sa1,1
2719,N14173 /1 undetected,output,,N14173,N14173,1,undetected,N14173,N14173,N14173,sa1,1
2720,N14198 /1 undetected,output,,N14198,N14198,1,undetected,N14198,N14198,N14198,sa1,1
2721,N38463 /1 undetected,output,,N38463,N38463,1,undetected,N38463,N38463,N38463,sa1,1
2722,N38462 /1 undetected,output,,N38462,N38462,1,undetected,N38462,N38462,N38462,sa1,1
2723,N38460 /1 undetected,output,,N38460,N38460,1,undetected,N38460,N38460,N38460,sa1,1
2724,N38459 /1 undetected,output,,N38459,N38459,1,undetected,N38459,N38459,N38459,sa1,1
2725,N38457 /1 undetected,output,,N38457,N38457,1,undetected,N38457,N38457,N38457,sa1,1
2726,N38456 /1 undetected,output,,N38456,N38456,1,undetected,N38456,N38456,N38456,sa1,1
2727,N14559 /0 undetected,output,,N14559,N14559,0,undetected,N14559,N14559,N14559,sa0,1
2728,N54193 /1 undetected,output,,N54193,N54193,1,undetected,N54193,N54193,N54193,sa1,1
2729,N54136 /1 undetected,output,,N54136,N54136,1,undetected,N54136,N54136,N54136,sa1,1
2730,N44476 /1 undetected,output,,N44476,N44476,1,undetected,N44476,N44476,N44476,sa1,1
2731,N14243 /1 undetected,output,,N14243,N14243,1,undetected,N14243,N14243,N14243,sa1,1
2732,N14182 /1 undetected,output,,N14182,N14182,1,undetected,N14182,N14182,N14182,sa1,1
2733,N14186 /1 undetected,output,,N14186,N14186,1,undetected,N14186,N14186,N14186,sa1,1
2734,N14558 /1 undetected,output,,N14558,N14558,1,undetected,N14558,N14558,N14558,sa1,1
2735,N14513 /1 undetected,output,,N14513,N14513,1,undetected,N14513,N14513,N14513,sa1,1
2736,N33459 /1 undetected,output,,N33459,N33459,1,undetected,N33459,N33459,N33459,sa1,1
2737,N8551 /1 undetected,output,,N8551,N8551,1,undetected,N8551,N8551,N8551,sa1,1
2738,N8393 /1 undetected,output,,N8393,N8393,1,undetected,N8393,N8393,N8393,sa1,1
2739,N57669 /1 undetected,output,,N57669,N57669,1,undetected,N57669,N57669,N57669,sa1,1
2740,N57710 /1 undetected,output,,N57710,N57710,1,undetected,N57710,N57710,N57710,sa1,1
2741,N57714 /1 undetected,output,,N57714,N57714,1,undetected,N57714,N57714,N57714,sa1,1
2742,N57731 /1 undetected,output,,N57731,N57731,1,undetected,N57731,N57731,N57731,sa1,1
2743,N14247 /0 undetected,output,,N14247,N14247,0,undetected,N14247,N14247,N14247,sa0,1
2744,N14244 /0 undetected,output,,N14244,N14244,0,undetected,N14244,N14244,N14244,sa0,1
2745,N54134 /1 undetected,output,,N54134,N54134,1,undetected,N54134,N54134,N54134,sa1,1
2746,N57715 /1 undetected,output,,N57715,N57715,1,undetected,N57715,N57715,N57715,sa1,1
2747,N57674 /1 undetected,output,,N57674,N57674,1,undetected,N57674,N57674,N57674,sa1,1
2748,N57711 /1 undetected,output,,N57711,N57711,1,undetected,N57711,N57711,N57711,sa1,1
2749,N57653 /1 undetected,output,,N57653,N57653,1,undetected,N57653,N57653,N57653,sa1,1
2750,N33280 /1 undetected,output,,N33280,N33280,1,undetected,N33280,N33280,N33280,sa1,1
2751,N14181 /1 undetected,output,,N14181,N14181,1,undetected,N14181,N14181,N14181,sa1,1
2752,N33278 /1 undetected,output,,N33278,N33278,1,undetected,N33278,N33278,N33278,sa1,1
2753,N14177 /1 undetected,output,,N14177,N14177,1,undetected,N14177,N14177,N14177,sa1,1
2754,N14172 /1 undetected,output,,N14172,N14172,1,undetected,N14172,N14172,N14172,sa1,1
2755,N22734 /1 undetected,output,,N22734,N22734,1,undetected,N22734,N22734,N22734,sa1,1
2756,N57596 /1 undetected,output,,N57596,N57596,1,undetected,N57596,N57596,N57596,sa1,1
2757,N14179 /1 undetected,output,,N14179,N14179,1,undetected,N14179,N14179,N14179,sa1,1
2758,N14196 /1 undetected,output,,N14196,N14196,1,undetected,N14196,N14196,N14196,sa1,1
2759,N38454 /1 undetected,output,,N38454,N38454,1,undetected,N38454,N38454,N38454,sa1,1
2760,N38453 /1 undetected,output,,N38453,N38453,1,undetected,N38453,N38453,N38453,sa1,1
2761,N38451 /1 undetected,output,,N38451,N38451,1,undetected,N38451,N38451,N38451,sa1,1
2762,N38450 /1 undetected,output,,N38450,N38450,1,undetected,N38450,N38450,N38450,sa1,1
2763,N14557 /0 undetected,output,,N14557,N14557,0,undetected,N14557,N14557,N14557,sa0,1
2764,N8392 /1 undetected,output,,N8392,N8392,1,undetected,N8392,N8392,N8392,sa1,1
2765,N29097 /1 undetected,output,,N29097,N29097,1,undetected,N29097,N29097,N29097,sa1,1
2766,N54204 /1 undetected,output,,N54204,N54204,1,undetected,N54204,N54204,N54204,sa1,1
2767,N54203 /1 undetected,output,,N54203,N54203,1,undetected,N54203,N54203,N54203,sa1,1
2768,N54198 /1 undetected,output,,N54198,N54198,1,undetected,N54198,N54198,N54198,sa1,1
2769,N8574 /1 undetected,output,,N8574,N8574,1,undetected,N8574,N8574,N8574,sa1,1
2770,N54169 /1 undetected,output,,N54169,N54169,1,undetected,N54169,N54169,N54169,sa1,1
2771,N54202 /1 undetected,output,,N54202,N54202,1,undetected,N54202,N54202,N54202,sa1,1
2772,N8570 /1 undetected,output,,N8570,N8570,1,undetected,N8570,N8570,N8570,sa1,1
2773,N8498 /1 undetected,output,,N8498,N8498,1,undetected,N8498,N8498,N8498,sa1,1
2774,N38238 /1 undetected,output,,N38238,N38238,1,undetected,N38238,N38238,N38238,sa1,1
2775,N38237 /1 undetected,output,,N38237,N38237,1,undetected,N38237,N38237,N38237,sa1,1
2776,N38235 /1 undetected,output,,N38235,N38235,1,undetected,N38235,N38235,N38235,sa1,1
2777,N38234 /1 undetected,output,,N38234,N38234,1,undetected,N38234,N38234,N38234,sa1,1
2778,N38232 /1 undetected,output,,N38232,N38232,1,undetected,N38232,N38232,N38232,sa1,1
2779,N38231 /1 undetected,output,,N38231,N38231,1,undetected,N38231,N38231,N38231,sa1,1
2780,N38229 /1 undetected,output,,N38229,N38229,1,undetected,N38229,N38229,N38229,sa1,1
2781,N38228 /1 undetected,output,,N38228,N38228,1,undetected,N38228,N38228,N38228,sa1,1
2782,N8497 /1 undetected,output,,N8497,N8497,1,undetected,N8497,N8497,N8497,sa1,1
2783,N8496 /1 undetected,output,,N8496,N8496,1,undetected,N8496,N8496,N8496,sa1,1
2784,N38226 /1 undetected,output,,N38226,N38226,1,undetected,N38226,N38226,N38226,sa1,1
2785,N38225 /1 undetected,output,,N38225,N38225,1,undetected,N38225,N38225,N38225,sa1,1
2786,N38223 /1 undetected,output,,N38223,N38223,1,undetected,N38223,N38223,N38223,sa1,1
2787,N38222 /1 undetected,output,,N38222,N38222,1,undetected,N38222,N38222,N38222,sa1,1
2788,N8495 /1 undetected,output,,N8495,N8495,1,undetected,N8495,N8495,N8495,sa1,1
2789,N38220 /1 undetected,output,,N38220,N38220,1,undetected,N38220,N38220,N38220,sa1,1
2790,N38219 /1 undetected,output,,N38219,N38219,1,undetected,N38219,N38219,N38219,sa1,1
2791,N38217 /1 undetected,output,,N38217,N38217,1,undetected,N38217,N38217,N38217,sa1,1
2792,N38216 /1 undetected,output,,N38216,N38216,1,undetected,N38216,N38216,N38216,sa1,1
2793,N8494 /1 undetected,output,,N8494,N8494,1,undetected,N8494,N8494,N8494,sa1,1
2794,N38214 /1 undetected,output,,N38214,N38214,1,undetected,N38214,N38214,N38214,sa1,1
2795,N38213 /1 undetected,output,,N38213,N38213,1,undetected,N38213,N38213,N38213,sa1,1
2796,N38211 /1 undetected,output,,N38211,N38211,1,undetected,N38211,N38211,N38211,sa1,1
2797,N38210 /1 undetected,output,,N38210,N38210,1,undetected,N38210,N38210,N38210,sa1,1
2798,N38208 /1 undetected,output,,N38208,N38208,1,undetected,N38208,N38208,N38208,sa1,1
2799,N38207 /1 undetected,output,,N38207,N38207,1,undetected,N38207,N38207,N38207,sa1,1
2800,N38205 /1 undetected,output,,N38205,N38205,1,undetected,N38205,N38205,N38205,sa1,1
2801,N38204 /1 undetected,output,,N38204,N38204,1,undetected,N38204,N38204,N38204,sa1,1
2802,N8493 /1 undetected,output,,N8493,N8493,1,undetected,N8493,N8493,N8493,sa1,1
2803,N8492 /1 undetected,output,,N8492,N8492,1,undetected,N8492,N8492,N8492,sa1,1
2804,N38202 /1 undetected,output,,N38202,N38202,1,undetected,N38202,N38202,N38202,sa1,1
2805,N38201 /1 undetected,output,,N38201,N38201,1,undetected,N38201,N38201,N38201,sa1,1
2806,N38199 /1 undetected,output,,N38199,N38199,1,undetected,N38199,N38199,N38199,sa1,1
2807,N38198 /1 undetected,output,,N38198,N38198,1,undetected,N38198,N38198,N38198,sa1,1
2808,N8491 /1 undetected,output,,N8491,N8491,1,undetected,N8491,N8491,N8491,sa1,1
2809,N38196 /1 undetected,output,,N38196,N38196,1,undetected,N38196,N38196,N38196,sa1,1
2810,N38195 /1 undetected,output,,N38195,N38195,1,undetected,N38195,N38195,N38195,sa1,1
2811,N38193 /1 undetected,output,,N38193,N38193,1,undetected,N38193,N38193,N38193,sa1,1
2812,N38192 /1 undetected,output,,N38192,N38192,1,undetected,N38192,N38192,N38192,sa1,1
2813,N8601 /1 undetected,output,,N8601,N8601,1,undetected,N8601,N8601,N8601,sa1,1
2814,N8527 /1 undetected,output,,N8527,N8527,1,undetected,N8527,N8527,N8527,sa1,1
2815,N54166 /1 undetected,output,,N54166,N54166,1,undetected,N54166,N54166,N54166,sa1,1
2816,N8605 /1 undetected,output,,N8605,N8605,1,undetected,N8605,N8605,N8605,sa1,1
2817,N54170 /1 undetected,output,,N54170,N54170,1,undetected,N54170,N54170,N54170,sa1,1
2818,N54130 /1 undetected,output,,N54130,N54130,1,undetected,N54130,N54130,N54130,sa1,1
2819,N8595 /1 undetected,output,,N8595,N8595,1,undetected,N8595,N8595,N8595,sa1,1
2820,N54153 /1 undetected,output,,N54153,N54153,1,undetected,N54153,N54153,N54153,sa1,1
2821,N54127 /1 undetected,output,,N54127,N54127,1,undetected,N54127,N54127,N54127,sa1,1
2822,N8587 /1 undetected,output,,N8587,N8587,1,undetected,N8587,N8587,N8587,sa1,1
2823,N8442 /1 undetected,output,,N8442,N8442,1,undetected,N8442,N8442,N8442,sa1,1
2824,N22150 /1 undetected,output,,N22150,N22150,1,undetected,N22150,N22150,N22150,sa1,1
2825,N22149 /1 undetected,output,,N22149,N22149,1,undetected,N22149,N22149,N22149,sa1,1
2826,N8441 /1 undetected,output,,N8441,N8441,1,undetected,N8441,N8441,N8441,sa1,1
2827,N37941 /1 undetected,output,,N37941,N37941,1,undetected,N37941,N37941,N37941,sa1,1
2828,N37940 /1 undetected,output,,N37940,N37940,1,undetected,N37940,N37940,N37940,sa1,1
2829,N37938 /1 undetected,output,,N37938,N37938,1,undetected,N37938,N37938,N37938,sa1,1
2830,N37937 /1 undetected,output,,N37937,N37937,1,undetected,N37937,N37937,N37937,sa1,1
2831,N8440 /1 undetected,output,,N8440,N8440,1,undetected,N8440,N8440,N8440,sa1,1
2832,N37935 /1 undetected,output,,N37935,N37935,1,undetected,N37935,N37935,N37935,sa1,1
2833,N37934 /1 undetected,output,,N37934,N37934,1,undetected,N37934,N37934,N37934,sa1,1
2834,N37932 /1 undetected,output,,N37932,N37932,1,undetected,N37932,N37932,N37932,sa1,1
2835,N37931 /1 undetected,output,,N37931,N37931,1,undetected,N37931,N37931,N37931,sa1,1
2836,N8439 /1 undetected,output,,N8439,N8439,1,undetected,N8439,N8439,N8439,sa1,1
2837,N37929 /1 undetected,output,,N37929,N37929,1,undetected,N37929,N37929,N37929,sa1,1
2838,N37928 /1 undetected,output,,N37928,N37928,1,undetected,N37928,N37928,N37928,sa1,1
2839,N37926 /1 undetected,output,,N37926,N37926,1,undetected,N37926,N37926,N37926,sa1,1
2840,N37925 /1 undetected,output,,N37925,N37925,1,undetected,N37925,N37925,N37925,sa1,1
2841,N8438 /1 undetected,output,,N8438,N8438,1,undetected,N8438,N8438,N8438,sa1,1
2842,N37923 /1 undetected,output,,N37923,N37923,1,undetected,N37923,N37923,N37923,sa1,1
2843,N37922 /1 undetected,output,,N37922,N37922,1,undetected,N37922,N37922,N37922,sa1,1
2844,N37920 /1 undetected,output,,N37920,N37920,1,undetected,N37920,N37920,N37920,sa1,1
2845,N37919 /1 undetected,output,,N37919,N37919,1,undetected,N37919,N37919,N37919,sa1,1
2846,N37917 /1 undetected,output,,N37917,N37917,1,undetected,N37917,N37917,N37917,sa1,1
2847,N37916 /1 undetected,output,,N37916,N37916,1,undetected,N37916,N37916,N37916,sa1,1
2848,N8437 /1 undetected,output,,N8437,N8437,1,undetected,N8437,N8437,N8437,sa1,1
2849,N22139 /1 undetected,output,,N22139,N22139,1,undetected,N22139,N22139,N22139,sa1,1
2850,N22138 /1 undetected,output,,N22138,N22138,1,undetected,N22138,N22138,N22138,sa1,1
2851,N8436 /1 undetected,output,,N8436,N8436,1,undetected,N8436,N8436,N8436,sa1,1
2852,N37914 /1 undetected,output,,N37914,N37914,1,undetected,N37914,N37914,N37914,sa1,1
2853,N37913 /1 undetected,output,,N37913,N37913,1,undetected,N37913,N37913,N37913,sa1,1
2854,N37911 /1 undetected,output,,N37911,N37911,1,undetected,N37911,N37911,N37911,sa1,1
2855,N37910 /1 undetected,output,,N37910,N37910,1,undetected,N37910,N37910,N37910,sa1,1
2856,N8435 /1 undetected,output,,N8435,N8435,1,undetected,N8435,N8435,N8435,sa1,1
2857,N37908 /1 undetected,output,,N37908,N37908,1,undetected,N37908,N37908,N37908,sa1,1
2858,N37907 /1 undetected,output,,N37907,N37907,1,undetected,N37907,N37907,N37907,sa1,1
2859,N37905 /1 undetected,output,,N37905,N37905,1,undetected,N37905,N37905,N37905,sa1,1
2860,N37904 /1 undetected,output,,N37904,N37904,1,undetected,N37904,N37904,N37904,sa1,1
2861,N37902 /1 undetected,output,,N37902,N37902,1,undetected,N37902,N37902,N37902,sa1,1
2862,N37901 /1 undetected,output,,N37901,N37901,1,undetected,N37901,N37901,N37901,sa1,1
2863,N8434 /1 undetected,output,,N8434,N8434,1,undetected,N8434,N8434,N8434,sa1,1
2864,N37899 /1 undetected,output,,N37899,N37899,1,undetected,N37899,N37899,N37899,sa1,1
2865,N37898 /1 undetected,output,,N37898,N37898,1,undetected,N37898,N37898,N37898,sa1,1
2866,N37896 /1 undetected,output,,N37896,N37896,1,undetected,N37896,N37896,N37896,sa1,1
2867,N37895 /1 undetected,output,,N37895,N37895,1,undetected,N37895,N37895,N37895,sa1,1
2868,N8433 /1 undetected,output,,N8433,N8433,1,undetected,N8433,N8433,N8433,sa1,1
2869,N37893 /1 undetected,output,,N37893,N37893,1,undetected,N37893,N37893,N37893,sa1,1
2870,N37892 /1 undetected,output,,N37892,N37892,1,undetected,N37892,N37892,N37892,sa1,1
2871,N37890 /1 undetected,output,,N37890,N37890,1,undetected,N37890,N37890,N37890,sa1,1
2872,N37889 /1 undetected,output,,N37889,N37889,1,undetected,N37889,N37889,N37889,sa1,1
2873,N37887 /1 undetected,output,,N37887,N37887,1,undetected,N37887,N37887,N37887,sa1,1
2874,N37886 /1 undetected,output,,N37886,N37886,1,undetected,N37886,N37886,N37886,sa1,1
2875,N8596 /1 undetected,output,,N8596,N8596,1,undetected,N8596,N8596,N8596,sa1,1
2876,N39334 /1 undetected,output,,N39334,N39334,1,undetected,N39334,N39334,N39334,sa1,1
2877,N54164 /1 undetected,output,,N54164,N54164,1,undetected,N54164,N54164,N54164,sa1,1
2878,N54201 /1 undetected,output,,N54201,N54201,1,undetected,N54201,N54201,N54201,sa1,1
2879,N54200 /1 undetected,output,,N54200,N54200,1,undetected,N54200,N54200,N54200,sa1,1
2880,N54199 /1 undetected,output,,N54199,N54199,1,undetected,N54199,N54199,N54199,sa1,1
2881,N14185 /1 undetected,output,,N14185,N14185,1,undetected,N14185,N14185,N14185,sa1,1
2882,N38448 /1 undetected,output,,N38448,N38448,1,undetected,N38448,N38448,N38448,sa1,1
2883,N38444 /1 undetected,output,,N38444,N38444,1,undetected,N38444,N38444,N38444,sa1,1
2884,N8556 /1 undetected,output,,N8556,N8556,1,undetected,N8556,N8556,N8556,sa1,1
2885,N8490 /1 undetected,output,,N8490,N8490,1,undetected,N8490,N8490,N8490,sa1,1
2886,N22250 /1 undetected,output,,N22250,N22250,1,undetected,N22250,N22250,N22250,sa1,1
2887,N8488 /1 undetected,output,,N8488,N8488,1,undetected,N8488,N8488,N8488,sa1,1
2888,N29094 /1 undetected,output,,N29094,N29094,1,undetected,N29094,N29094,N29094,sa1,1
2889,N29093 /1 undetected,output,,N29093,N29093,1,undetected,N29093,N29093,N29093,sa1,1
2890,N8487 /1 undetected,output,,N8487,N8487,1,undetected,N8487,N8487,N8487,sa1,1
2891,N29092 /1 undetected,output,,N29092,N29092,1,undetected,N29092,N29092,N29092,sa1,1
2892,N29091 /1 undetected,output,,N29091,N29091,1,undetected,N29091,N29091,N29091,sa1,1
2893,N8489 /1 undetected,output,,N8489,N8489,1,undetected,N8489,N8489,N8489,sa1,1
2894,N29096 /1 undetected,output,,N29096,N29096,1,undetected,N29096,N29096,N29096,sa1,1
2895,N29095 /1 undetected,output,,N29095,N29095,1,undetected,N29095,N29095,N29095,sa1,1
2896,N54125 /1 undetected,output,,N54125,N54125,1,undetected,N54125,N54125,N54125,sa1,1
2897,N54207 /1 undetected,output,,N54207,N54207,1,undetected,N54207,N54207,N54207,sa1,1
2898,N8599 /1 undetected,output,,N8599,N8599,1,undetected,N8599,N8599,N8599,sa1,1
2899,N8524 /1 undetected,output,,N8524,N8524,1,undetected,N8524,N8524,N8524,sa1,1
2900,N54161 /1 undetected,output,,N54161,N54161,1,undetected,N54161,N54161,N54161,sa1,1
2901,N54206 /1 undetected,output,,N54206,N54206,1,undetected,N54206,N54206,N54206,sa1,1
2902,N8585 /1 undetected,output,,N8585,N8585,1,undetected,N8585,N8585,N8585,sa1,1
2903,N8432 /1 undetected,output,,N8432,N8432,1,undetected,N8432,N8432,N8432,sa1,1
2904,N22127 /1 undetected,output,,N22127,N22127,1,undetected,N22127,N22127,N22127,sa1,1
2905,N22126 /1 undetected,output,,N22126,N22126,1,undetected,N22126,N22126,N22126,sa1,1
2906,N8431 /1 undetected,output,,N8431,N8431,1,undetected,N8431,N8431,N8431,sa1,1
2907,N37884 /1 undetected,output,,N37884,N37884,1,undetected,N37884,N37884,N37884,sa1,1
2908,N37883 /1 undetected,output,,N37883,N37883,1,undetected,N37883,N37883,N37883,sa1,1
2909,N37881 /1 undetected,output,,N37881,N37881,1,undetected,N37881,N37881,N37881,sa1,1
2910,N37880 /1 undetected,output,,N37880,N37880,1,undetected,N37880,N37880,N37880,sa1,1
2911,N8430 /1 undetected,output,,N8430,N8430,1,undetected,N8430,N8430,N8430,sa1,1
2912,N37878 /1 undetected,output,,N37878,N37878,1,undetected,N37878,N37878,N37878,sa1,1
2913,N37877 /1 undetected,output,,N37877,N37877,1,undetected,N37877,N37877,N37877,sa1,1
2914,N37875 /1 undetected,output,,N37875,N37875,1,undetected,N37875,N37875,N37875,sa1,1
2915,N37874 /1 undetected,output,,N37874,N37874,1,undetected,N37874,N37874,N37874,sa1,1
2916,N37872 /1 undetected,output,,N37872,N37872,1,undetected,N37872,N37872,N37872,sa1,1
2917,N37871 /1 undetected,output,,N37871,N37871,1,undetected,N37871,N37871,N37871,sa1,1
2918,N8429 /1 undetected,output,,N8429,N8429,1,undetected,N8429,N8429,N8429,sa1,1
2919,N37869 /1 undetected,output,,N37869,N37869,1,undetected,N37869,N37869,N37869,sa1,1
2920,N37868 /1 undetected,output,,N37868,N37868,1,undetected,N37868,N37868,N37868,sa1,1
2921,N37866 /1 undetected,output,,N37866,N37866,1,undetected,N37866,N37866,N37866,sa1,1
2922,N37865 /1 undetected,output,,N37865,N37865,1,undetected,N37865,N37865,N37865,sa1,1
2923,N8428 /1 undetected,output,,N8428,N8428,1,undetected,N8428,N8428,N8428,sa1,1
2924,N37863 /1 undetected,output,,N37863,N37863,1,undetected,N37863,N37863,N37863,sa1,1
2925,N37862 /1 undetected,output,,N37862,N37862,1,undetected,N37862,N37862,N37862,sa1,1
2926,N37860 /1 undetected,output,,N37860,N37860,1,undetected,N37860,N37860,N37860,sa1,1
2927,N37859 /1 undetected,output,,N37859,N37859,1,undetected,N37859,N37859,N37859,sa1,1
2928,N37857 /1 undetected,output,,N37857,N37857,1,undetected,N37857,N37857,N37857,sa1,1
2929,N37856 /1 undetected,output,,N37856,N37856,1,undetected,N37856,N37856,N37856,sa1,1
2930,N8427 /1 undetected,output,,N8427,N8427,1,undetected,N8427,N8427,N8427,sa1,1
2931,N22115 /1 undetected,output,,N22115,N22115,1,undetected,N22115,N22115,N22115,sa1,1
2932,N22114 /1 undetected,output,,N22114,N22114,1,undetected,N22114,N22114,N22114,sa1,1
2933,N8426 /1 undetected,output,,N8426,N8426,1,undetected,N8426,N8426,N8426,sa1,1
2934,N37854 /1 undetected,output,,N37854,N37854,1,undetected,N37854,N37854,N37854,sa1,1
2935,N37853 /1 undetected,output,,N37853,N37853,1,undetected,N37853,N37853,N37853,sa1,1
2936,N37851 /1 undetected,output,,N37851,N37851,1,undetected,N37851,N37851,N37851,sa1,1
2937,N37850 /1 undetected,output,,N37850,N37850,1,undetected,N37850,N37850,N37850,sa1,1
2938,N8425 /1 undetected,output,,N8425,N8425,1,undetected,N8425,N8425,N8425,sa1,1
2939,N37848 /1 undetected,output,,N37848,N37848,1,undetected,N37848,N37848,N37848,sa1,1
2940,N37847 /1 undetected,output,,N37847,N37847,1,undetected,N37847,N37847,N37847,sa1,1
2941,N37845 /1 undetected,output,,N37845,N37845,1,undetected,N37845,N37845,N37845,sa1,1
2942,N37844 /1 undetected,output,,N37844,N37844,1,undetected,N37844,N37844,N37844,sa1,1
2943,N37842 /1 undetected,output,,N37842,N37842,1,undetected,N37842,N37842,N37842,sa1,1
2944,N37841 /1 undetected,output,,N37841,N37841,1,undetected,N37841,N37841,N37841,sa1,1
2945,N8424 /1 undetected,output,,N8424,N8424,1,undetected,N8424,N8424,N8424,sa1,1
2946,N37839 /1 undetected,output,,N37839,N37839,1,undetected,N37839,N37839,N37839,sa1,1
2947,N37838 /1 undetected,output,,N37838,N37838,1,undetected,N37838,N37838,N37838,sa1,1
2948,N37836 /1 undetected,output,,N37836,N37836,1,undetected,N37836,N37836,N37836,sa1,1
2949,N37835 /1 undetected,output,,N37835,N37835,1,undetected,N37835,N37835,N37835,sa1,1
2950,N8423 /1 undetected,output,,N8423,N8423,1,undetected,N8423,N8423,N8423,sa1,1
2951,N37833 /1 undetected,output,,N37833,N37833,1,undetected,N37833,N37833,N37833,sa1,1
2952,N37832 /1 undetected,output,,N37832,N37832,1,undetected,N37832,N37832,N37832,sa1,1
2953,N37830 /1 undetected,output,,N37830,N37830,1,undetected,N37830,N37830,N37830,sa1,1
2954,N37829 /1 undetected,output,,N37829,N37829,1,undetected,N37829,N37829,N37829,sa1,1
2955,N37827 /1 undetected,output,,N37827,N37827,1,undetected,N37827,N37827,N37827,sa1,1
2956,N37826 /1 undetected,output,,N37826,N37826,1,undetected,N37826,N37826,N37826,sa1,1
2957,N8561 /0 undetected,output,,N8561,N8561,0,undetected,N8561,N8561,N8561,sa0,1
2958,N8552 /0 undetected,output,,N8552,N8552,0,undetected,N8552,N8552,N8552,sa0,1
2959,N54157 /1 undetected,output,,N54157,N54157,1,undetected,N54157,N54157,N54157,sa1,1
2960,N8566 /1 undetected,output,,N8566,N8566,1,undetected,N8566,N8566,N8566,sa1,1
2961,N22195 /1 undetected,output,,N22195,N22195,1,undetected,N22195,N22195,N22195,sa1,1
2962,N22194 /1 undetected,output,,N22194,N22194,1,undetected,N22194,N22194,N22194,sa1,1
2963,N8461 /1 undetected,output,,N8461,N8461,1,undetected,N8461,N8461,N8461,sa1,1
2964,N38052 /1 undetected,output,,N38052,N38052,1,undetected,N38052,N38052,N38052,sa1,1
2965,N38051 /1 undetected,output,,N38051,N38051,1,undetected,N38051,N38051,N38051,sa1,1
2966,N38049 /1 undetected,output,,N38049,N38049,1,undetected,N38049,N38049,N38049,sa1,1
2967,N38048 /1 undetected,output,,N38048,N38048,1,undetected,N38048,N38048,N38048,sa1,1
2968,N8460 /1 undetected,output,,N8460,N8460,1,undetected,N8460,N8460,N8460,sa1,1
2969,N38046 /1 undetected,output,,N38046,N38046,1,undetected,N38046,N38046,N38046,sa1,1
2970,N38045 /1 undetected,output,,N38045,N38045,1,undetected,N38045,N38045,N38045,sa1,1
2971,N38043 /1 undetected,output,,N38043,N38043,1,undetected,N38043,N38043,N38043,sa1,1
2972,N38042 /1 undetected,output,,N38042,N38042,1,undetected,N38042,N38042,N38042,sa1,1
2973,N8459 /1 undetected,output,,N8459,N8459,1,undetected,N8459,N8459,N8459,sa1,1
2974,N38040 /1 undetected,output,,N38040,N38040,1,undetected,N38040,N38040,N38040,sa1,1
2975,N38039 /1 undetected,output,,N38039,N38039,1,undetected,N38039,N38039,N38039,sa1,1
2976,N38037 /1 undetected,output,,N38037,N38037,1,undetected,N38037,N38037,N38037,sa1,1
2977,N38036 /1 undetected,output,,N38036,N38036,1,undetected,N38036,N38036,N38036,sa1,1
2978,N8458 /1 undetected,output,,N8458,N8458,1,undetected,N8458,N8458,N8458,sa1,1
2979,N38034 /1 undetected,output,,N38034,N38034,1,undetected,N38034,N38034,N38034,sa1,1
2980,N38033 /1 undetected,output,,N38033,N38033,1,undetected,N38033,N38033,N38033,sa1,1
2981,N38031 /1 undetected,output,,N38031,N38031,1,undetected,N38031,N38031,N38031,sa1,1
2982,N38030 /1 undetected,output,,N38030,N38030,1,undetected,N38030,N38030,N38030,sa1,1
2983,N38028 /1 undetected,output,,N38028,N38028,1,undetected,N38028,N38028,N38028,sa1,1
2984,N38027 /1 undetected,output,,N38027,N38027,1,undetected,N38027,N38027,N38027,sa1,1
2985,N8457 /1 undetected,output,,N8457,N8457,1,undetected,N8457,N8457,N8457,sa1,1
2986,N22184 /1 undetected,output,,N22184,N22184,1,undetected,N22184,N22184,N22184,sa1,1
2987,N22183 /1 undetected,output,,N22183,N22183,1,undetected,N22183,N22183,N22183,sa1,1
2988,N8456 /1 undetected,output,,N8456,N8456,1,undetected,N8456,N8456,N8456,sa1,1
2989,N38025 /1 undetected,output,,N38025,N38025,1,undetected,N38025,N38025,N38025,sa1,1
2990,N38024 /1 undetected,output,,N38024,N38024,1,undetected,N38024,N38024,N38024,sa1,1
2991,N38022 /1 undetected,output,,N38022,N38022,1,undetected,N38022,N38022,N38022,sa1,1
2992,N38021 /1 undetected,output,,N38021,N38021,1,undetected,N38021,N38021,N38021,sa1,1
2993,N8455 /1 undetected,output,,N8455,N8455,1,undetected,N8455,N8455,N8455,sa1,1
2994,N38019 /1 undetected,output,,N38019,N38019,1,undetected,N38019,N38019,N38019,sa1,1
2995,N38018 /1 undetected,output,,N38018,N38018,1,undetected,N38018,N38018,N38018,sa1,1
2996,N38016 /1 undetected,output,,N38016,N38016,1,undetected,N38016,N38016,N38016,sa1,1
2997,N38015 /1 undetected,output,,N38015,N38015,1,undetected,N38015,N38015,N38015,sa1,1
2998,N8454 /1 undetected,output,,N8454,N8454,1,undetected,N8454,N8454,N8454,sa1,1
2999,N38013 /1 undetected,output,,N38013,N38013,1,undetected,N38013,N38013,N38013,sa1,1
3000,N38012 /1 undetected,output,,N38012,N38012,1,undetected,N38012,N38012,N38012,sa1,1
3001,N38010 /1 undetected,output,,N38010,N38010,1,undetected,N38010,N38010,N38010,sa1,1
3002,N38009 /1 undetected,output,,N38009,N38009,1,undetected,N38009,N38009,N38009,sa1,1
3003,N8453 /1 undetected,output,,N8453,N8453,1,undetected,N8453,N8453,N8453,sa1,1
3004,N38007 /1 undetected,output,,N38007,N38007,1,undetected,N38007,N38007,N38007,sa1,1
3005,N38006 /1 undetected,output,,N38006,N38006,1,undetected,N38006,N38006,N38006,sa1,1
3006,N38004 /1 undetected,output,,N38004,N38004,1,undetected,N38004,N38004,N38004,sa1,1
3007,N38003 /1 undetected,output,,N38003,N38003,1,undetected,N38003,N38003,N38003,sa1,1
3008,N38001 /1 undetected,output,,N38001,N38001,1,undetected,N38001,N38001,N38001,sa1,1
3009,N38000 /1 undetected,output,,N38000,N38000,1,undetected,N38000,N38000,N38000,sa1,1
3010,N8554 /1 undetected,output,,N8554,N8554,1,undetected,N8554,N8554,N8554,sa1,1
3011,N8507 /1 undetected,output,,N8507,N8507,1,undetected,N8507,N8507,N8507,sa1,1
3012,N38334 /1 undetected,output,,N38334,N38334,1,undetected,N38334,N38334,N38334,sa1,1
3013,N38333 /1 undetected,output,,N38333,N38333,1,undetected,N38333,N38333,N38333,sa1,1
3014,N38331 /1 undetected,output,,N38331,N38331,1,undetected,N38331,N38331,N38331,sa1,1
3015,N38330 /1 undetected,output,,N38330,N38330,1,undetected,N38330,N38330,N38330,sa1,1
3016,N38328 /1 undetected,output,,N38328,N38328,1,undetected,N38328,N38328,N38328,sa1,1
3017,N38327 /1 undetected,output,,N38327,N38327,1,undetected,N38327,N38327,N38327,sa1,1
3018,N38325 /1 undetected,output,,N38325,N38325,1,undetected,N38325,N38325,N38325,sa1,1
3019,N38324 /1 undetected,output,,N38324,N38324,1,undetected,N38324,N38324,N38324,sa1,1
3020,N8506 /1 undetected,output,,N8506,N8506,1,undetected,N8506,N8506,N8506,sa1,1
3021,N38322 /1 undetected,output,,N38322,N38322,1,undetected,N38322,N38322,N38322,sa1,1
3022,N38321 /1 undetected,output,,N38321,N38321,1,undetected,N38321,N38321,N38321,sa1,1
3023,N38319 /1 undetected,output,,N38319,N38319,1,undetected,N38319,N38319,N38319,sa1,1
3024,N38318 /1 undetected,output,,N38318,N38318,1,undetected,N38318,N38318,N38318,sa1,1
3025,N38316 /1 undetected,output,,N38316,N38316,1,undetected,N38316,N38316,N38316,sa1,1
3026,N38315 /1 undetected,output,,N38315,N38315,1,undetected,N38315,N38315,N38315,sa1,1
3027,N38313 /1 undetected,output,,N38313,N38313,1,undetected,N38313,N38313,N38313,sa1,1
3028,N38312 /1 undetected,output,,N38312,N38312,1,undetected,N38312,N38312,N38312,sa1,1
3029,N8505 /1 undetected,output,,N8505,N8505,1,undetected,N8505,N8505,N8505,sa1,1
3030,N38310 /1 undetected,output,,N38310,N38310,1,undetected,N38310,N38310,N38310,sa1,1
3031,N38309 /1 undetected,output,,N38309,N38309,1,undetected,N38309,N38309,N38309,sa1,1
3032,N38307 /1 undetected,output,,N38307,N38307,1,undetected,N38307,N38307,N38307,sa1,1
3033,N38306 /1 undetected,output,,N38306,N38306,1,undetected,N38306,N38306,N38306,sa1,1
3034,N38304 /1 undetected,output,,N38304,N38304,1,undetected,N38304,N38304,N38304,sa1,1
3035,N38303 /1 undetected,output,,N38303,N38303,1,undetected,N38303,N38303,N38303,sa1,1
3036,N38301 /1 undetected,output,,N38301,N38301,1,undetected,N38301,N38301,N38301,sa1,1
3037,N38300 /1 undetected,output,,N38300,N38300,1,undetected,N38300,N38300,N38300,sa1,1
3038,N8504 /1 undetected,output,,N8504,N8504,1,undetected,N8504,N8504,N8504,sa1,1
3039,N38298 /1 undetected,output,,N38298,N38298,1,undetected,N38298,N38298,N38298,sa1,1
3040,N38297 /1 undetected,output,,N38297,N38297,1,undetected,N38297,N38297,N38297,sa1,1
3041,N38295 /1 undetected,output,,N38295,N38295,1,undetected,N38295,N38295,N38295,sa1,1
3042,N38294 /1 undetected,output,,N38294,N38294,1,undetected,N38294,N38294,N38294,sa1,1
3043,N38292 /1 undetected,output,,N38292,N38292,1,undetected,N38292,N38292,N38292,sa1,1
3044,N38291 /1 undetected,output,,N38291,N38291,1,undetected,N38291,N38291,N38291,sa1,1
3045,N38289 /1 undetected,output,,N38289,N38289,1,undetected,N38289,N38289,N38289,sa1,1
3046,N38288 /1 undetected,output,,N38288,N38288,1,undetected,N38288,N38288,N38288,sa1,1
3047,N8553 /1 undetected,output,,N8553,N8553,1,undetected,N8553,N8553,N8553,sa1,1
3048,N8511 /1 undetected,output,,N8511,N8511,1,undetected,N8511,N8511,N8511,sa1,1
3049,N38379 /1 undetected,output,,N38379,N38379,1,undetected,N38379,N38379,N38379,sa1,1
3050,N38378 /1 undetected,output,,N38378,N38378,1,undetected,N38378,N38378,N38378,sa1,1
3051,N38376 /1 undetected,output,,N38376,N38376,1,undetected,N38376,N38376,N38376,sa1,1
3052,N38375 /1 undetected,output,,N38375,N38375,1,undetected,N38375,N38375,N38375,sa1,1
3053,N38373 /1 undetected,output,,N38373,N38373,1,undetected,N38373,N38373,N38373,sa1,1
3054,N38372 /1 undetected,output,,N38372,N38372,1,undetected,N38372,N38372,N38372,sa1,1
3055,N38370 /1 undetected,output,,N38370,N38370,1,undetected,N38370,N38370,N38370,sa1,1
3056,N38367 /1 undetected,output,,N38367,N38367,1,undetected,N38367,N38367,N38367,sa1,1
3057,N38366 /1 undetected,output,,N38366,N38366,1,undetected,N38366,N38366,N38366,sa1,1
3058,N38364 /1 undetected,output,,N38364,N38364,1,undetected,N38364,N38364,N38364,sa1,1
3059,N38363 /1 undetected,output,,N38363,N38363,1,undetected,N38363,N38363,N38363,sa1,1
3060,N38361 /1 undetected,output,,N38361,N38361,1,undetected,N38361,N38361,N38361,sa1,1
3061,N38360 /1 undetected,output,,N38360,N38360,1,undetected,N38360,N38360,N38360,sa1,1
3062,N8509 /1 undetected,output,,N8509,N8509,1,undetected,N8509,N8509,N8509,sa1,1
3063,N38358 /1 undetected,output,,N38358,N38358,1,undetected,N38358,N38358,N38358,sa1,1
3064,N38357 /1 undetected,output,,N38357,N38357,1,undetected,N38357,N38357,N38357,sa1,1
3065,N38355 /1 undetected,output,,N38355,N38355,1,undetected,N38355,N38355,N38355,sa1,1
3066,N38354 /1 undetected,output,,N38354,N38354,1,undetected,N38354,N38354,N38354,sa1,1
3067,N38352 /1 undetected,output,,N38352,N38352,1,undetected,N38352,N38352,N38352,sa1,1
3068,N38351 /1 undetected,output,,N38351,N38351,1,undetected,N38351,N38351,N38351,sa1,1
3069,N38349 /1 undetected,output,,N38349,N38349,1,undetected,N38349,N38349,N38349,sa1,1
3070,N38348 /1 undetected,output,,N38348,N38348,1,undetected,N38348,N38348,N38348,sa1,1
3071,N38346 /1 undetected,output,,N38346,N38346,1,undetected,N38346,N38346,N38346,sa1,1
3072,N38345 /1 undetected,output,,N38345,N38345,1,undetected,N38345,N38345,N38345,sa1,1
3073,N38343 /1 undetected,output,,N38343,N38343,1,undetected,N38343,N38343,N38343,sa1,1
3074,N38342 /1 undetected,output,,N38342,N38342,1,undetected,N38342,N38342,N38342,sa1,1
3075,N38340 /1 undetected,output,,N38340,N38340,1,undetected,N38340,N38340,N38340,sa1,1
3076,N38339 /1 undetected,output,,N38339,N38339,1,undetected,N38339,N38339,N38339,sa1,1
3077,N38337 /1 undetected,output,,N38337,N38337,1,undetected,N38337,N38337,N38337,sa1,1
3078,N38336 /1 undetected,output,,N38336,N38336,1,undetected,N38336,N38336,N38336,sa1,1
3079,N8528 /1 undetected,output,,N8528,N8528,1,undetected,N8528,N8528,N8528,sa1,1
3080,N22317 /1 undetected,output,,N22317,N22317,1,undetected,N22317,N22317,N22317,sa1,1
3081,N8500 /1 undetected,output,,N8500,N8500,1,undetected,N8500,N8500,N8500,sa1,1
3082,N38250 /1 undetected,output,,N38250,N38250,1,undetected,N38250,N38250,N38250,sa1,1
3083,N38249 /1 undetected,output,,N38249,N38249,1,undetected,N38249,N38249,N38249,sa1,1
3084,N38247 /1 undetected,output,,N38247,N38247,1,undetected,N38247,N38247,N38247,sa1,1
3085,N38246 /1 undetected,output,,N38246,N38246,1,undetected,N38246,N38246,N38246,sa1,1
3086,N8499 /1 undetected,output,,N8499,N8499,1,undetected,N8499,N8499,N8499,sa1,1
3087,N38244 /1 undetected,output,,N38244,N38244,1,undetected,N38244,N38244,N38244,sa1,1
3088,N38243 /1 undetected,output,,N38243,N38243,1,undetected,N38243,N38243,N38243,sa1,1
3089,N38241 /1 undetected,output,,N38241,N38241,1,undetected,N38241,N38241,N38241,sa1,1
3090,N38240 /1 undetected,output,,N38240,N38240,1,undetected,N38240,N38240,N38240,sa1,1
3091,N8501 /1 undetected,output,,N8501,N8501,1,undetected,N8501,N8501,N8501,sa1,1
3092,N38262 /1 undetected,output,,N38262,N38262,1,undetected,N38262,N38262,N38262,sa1,1
3093,N38261 /1 undetected,output,,N38261,N38261,1,undetected,N38261,N38261,N38261,sa1,1
3094,N38259 /1 undetected,output,,N38259,N38259,1,undetected,N38259,N38259,N38259,sa1,1
3095,N38258 /1 undetected,output,,N38258,N38258,1,undetected,N38258,N38258,N38258,sa1,1
3096,N38256 /1 undetected,output,,N38256,N38256,1,undetected,N38256,N38256,N38256,sa1,1
3097,N38255 /1 undetected,output,,N38255,N38255,1,undetected,N38255,N38255,N38255,sa1,1
3098,N38253 /1 undetected,output,,N38253,N38253,1,undetected,N38253,N38253,N38253,sa1,1
3099,N38252 /1 undetected,output,,N38252,N38252,1,undetected,N38252,N38252,N38252,sa1,1
3100,N8503 /1 undetected,output,,N8503,N8503,1,undetected,N8503,N8503,N8503,sa1,1
3101,N38286 /1 undetected,output,,N38286,N38286,1,undetected,N38286,N38286,N38286,sa1,1
3102,N38285 /1 undetected,output,,N38285,N38285,1,undetected,N38285,N38285,N38285,sa1,1
3103,N38283 /1 undetected,output,,N38283,N38283,1,undetected,N38283,N38283,N38283,sa1,1
3104,N38282 /1 undetected,output,,N38282,N38282,1,undetected,N38282,N38282,N38282,sa1,1
3105,N38280 /1 undetected,output,,N38280,N38280,1,undetected,N38280,N38280,N38280,sa1,1
3106,N38279 /1 undetected,output,,N38279,N38279,1,undetected,N38279,N38279,N38279,sa1,1
3107,N38277 /1 undetected,output,,N38277,N38277,1,undetected,N38277,N38277,N38277,sa1,1
3108,N38276 /1 undetected,output,,N38276,N38276,1,undetected,N38276,N38276,N38276,sa1,1
3109,N8502 /1 undetected,output,,N8502,N8502,1,undetected,N8502,N8502,N8502,sa1,1
3110,N38274 /1 undetected,output,,N38274,N38274,1,undetected,N38274,N38274,N38274,sa1,1
3111,N38273 /1 undetected,output,,N38273,N38273,1,undetected,N38273,N38273,N38273,sa1,1
3112,N38271 /1 undetected,output,,N38271,N38271,1,undetected,N38271,N38271,N38271,sa1,1
3113,N38270 /1 undetected,output,,N38270,N38270,1,undetected,N38270,N38270,N38270,sa1,1
3114,N38268 /1 undetected,output,,N38268,N38268,1,undetected,N38268,N38268,N38268,sa1,1
3115,N38267 /1 undetected,output,,N38267,N38267,1,undetected,N38267,N38267,N38267,sa1,1
3116,N38265 /1 undetected,output,,N38265,N38265,1,undetected,N38265,N38265,N38265,sa1,1
3117,N38264 /1 undetected,output,,N38264,N38264,1,undetected,N38264,N38264,N38264,sa1,1
3118,N54159 /1 undetected,output,,N54159,N54159,1,undetected,N54159,N54159,N54159,sa1,1
3119,N54205 /1 undetected,output,,N54205,N54205,1,undetected,N54205,N54205,N54205,sa1,1
3120,N8560 /1 undetected,output,,N8560,N8560,1,undetected,N8560,N8560,N8560,sa1,1
3121,N22103 /1 undetected,output,,N22103,N22103,1,undetected,N22103,N22103,N22103,sa1,1
3122,N22102 /1 undetected,output,,N22102,N22102,1,undetected,N22102,N22102,N22102,sa1,1
3123,N8421 /1 undetected,output,,N8421,N8421,1,undetected,N8421,N8421,N8421,sa1,1
3124,N37824 /1 undetected,output,,N37824,N37824,1,undetected,N37824,N37824,N37824,sa1,1
3125,N37823 /1 undetected,output,,N37823,N37823,1,undetected,N37823,N37823,N37823,sa1,1
3126,N37821 /1 undetected,output,,N37821,N37821,1,undetected,N37821,N37821,N37821,sa1,1
3127,N37820 /1 undetected,output,,N37820,N37820,1,undetected,N37820,N37820,N37820,sa1,1
3128,N8420 /1 undetected,output,,N8420,N8420,1,undetected,N8420,N8420,N8420,sa1,1
3129,N37818 /1 undetected,output,,N37818,N37818,1,undetected,N37818,N37818,N37818,sa1,1
3130,N37817 /1 undetected,output,,N37817,N37817,1,undetected,N37817,N37817,N37817,sa1,1
3131,N37815 /1 undetected,output,,N37815,N37815,1,undetected,N37815,N37815,N37815,sa1,1
3132,N37814 /1 undetected,output,,N37814,N37814,1,undetected,N37814,N37814,N37814,sa1,1
3133,N37812 /1 undetected,output,,N37812,N37812,1,undetected,N37812,N37812,N37812,sa1,1
3134,N37811 /1 undetected,output,,N37811,N37811,1,undetected,N37811,N37811,N37811,sa1,1
3135,N8419 /1 undetected,output,,N8419,N8419,1,undetected,N8419,N8419,N8419,sa1,1
3136,N37809 /1 undetected,output,,N37809,N37809,1,undetected,N37809,N37809,N37809,sa1,1
3137,N37808 /1 undetected,output,,N37808,N37808,1,undetected,N37808,N37808,N37808,sa1,1
3138,N37806 /1 undetected,output,,N37806,N37806,1,undetected,N37806,N37806,N37806,sa1,1
3139,N37805 /1 undetected,output,,N37805,N37805,1,undetected,N37805,N37805,N37805,sa1,1
3140,N8418 /1 undetected,output,,N8418,N8418,1,undetected,N8418,N8418,N8418,sa1,1
3141,N37803 /1 undetected,output,,N37803,N37803,1,undetected,N37803,N37803,N37803,sa1,1
3142,N37802 /1 undetected,output,,N37802,N37802,1,undetected,N37802,N37802,N37802,sa1,1
3143,N37800 /1 undetected,output,,N37800,N37800,1,undetected,N37800,N37800,N37800,sa1,1
3144,N37799 /1 undetected,output,,N37799,N37799,1,undetected,N37799,N37799,N37799,sa1,1
3145,N37797 /1 undetected,output,,N37797,N37797,1,undetected,N37797,N37797,N37797,sa1,1
3146,N37796 /1 undetected,output,,N37796,N37796,1,undetected,N37796,N37796,N37796,sa1,1
3147,N8417 /1 undetected,output,,N8417,N8417,1,undetected,N8417,N8417,N8417,sa1,1
3148,N22091 /1 undetected,output,,N22091,N22091,1,undetected,N22091,N22091,N22091,sa1,1
3149,N22090 /1 undetected,output,,N22090,N22090,1,undetected,N22090,N22090,N22090,sa1,1
3150,N8416 /1 undetected,output,,N8416,N8416,1,undetected,N8416,N8416,N8416,sa1,1
3151,N37794 /1 undetected,output,,N37794,N37794,1,undetected,N37794,N37794,N37794,sa1,1
3152,N37793 /1 undetected,output,,N37793,N37793,1,undetected,N37793,N37793,N37793,sa1,1
3153,N37791 /1 undetected,output,,N37791,N37791,1,undetected,N37791,N37791,N37791,sa1,1
3154,N37790 /1 undetected,output,,N37790,N37790,1,undetected,N37790,N37790,N37790,sa1,1
3155,N8415 /1 undetected,output,,N8415,N8415,1,undetected,N8415,N8415,N8415,sa1,1
3156,N37788 /1 undetected,output,,N37788,N37788,1,undetected,N37788,N37788,N37788,sa1,1
3157,N37787 /1 undetected,output,,N37787,N37787,1,undetected,N37787,N37787,N37787,sa1,1
3158,N37785 /1 undetected,output,,N37785,N37785,1,undetected,N37785,N37785,N37785,sa1,1
3159,N37784 /1 undetected,output,,N37784,N37784,1,undetected,N37784,N37784,N37784,sa1,1
3160,N37782 /1 undetected,output,,N37782,N37782,1,undetected,N37782,N37782,N37782,sa1,1
3161,N37781 /1 undetected,output,,N37781,N37781,1,undetected,N37781,N37781,N37781,sa1,1
3162,N8414 /1 undetected,output,,N8414,N8414,1,undetected,N8414,N8414,N8414,sa1,1
3163,N37779 /1 undetected,output,,N37779,N37779,1,undetected,N37779,N37779,N37779,sa1,1
3164,N37778 /1 undetected,output,,N37778,N37778,1,undetected,N37778,N37778,N37778,sa1,1
3165,N37776 /1 undetected,output,,N37776,N37776,1,undetected,N37776,N37776,N37776,sa1,1
3166,N37775 /1 undetected,output,,N37775,N37775,1,undetected,N37775,N37775,N37775,sa1,1
3167,N37773 /1 undetected,output,,N37773,N37773,1,undetected,N37773,N37773,N37773,sa1,1
3168,N37772 /1 undetected,output,,N37772,N37772,1,undetected,N37772,N37772,N37772,sa1,1
3169,N8413 /1 undetected,output,,N8413,N8413,1,undetected,N8413,N8413,N8413,sa1,1
3170,N37770 /1 undetected,output,,N37770,N37770,1,undetected,N37770,N37770,N37770,sa1,1
3171,N37769 /1 undetected,output,,N37769,N37769,1,undetected,N37769,N37769,N37769,sa1,1
3172,N37767 /1 undetected,output,,N37767,N37767,1,undetected,N37767,N37767,N37767,sa1,1
3173,N37766 /1 undetected,output,,N37766,N37766,1,undetected,N37766,N37766,N37766,sa1,1
3174,N37764 /1 undetected,output,,N37764,N37764,1,undetected,N37764,N37764,N37764,sa1,1
3175,N37763 /1 undetected,output,,N37763,N37763,1,undetected,N37763,N37763,N37763,sa1,1
3176,N8523 /1 undetected,output,,N8523,N8523,1,undetected,N8523,N8523,N8523,sa1,1
3177,N8452 /1 undetected,output,,N8452,N8452,1,undetected,N8452,N8452,N8452,sa1,1
3178,N22173 /1 undetected,output,,N22173,N22173,1,undetected,N22173,N22173,N22173,sa1,1
3179,N22172 /1 undetected,output,,N22172,N22172,1,undetected,N22172,N22172,N22172,sa1,1
3180,N8451 /1 undetected,output,,N8451,N8451,1,undetected,N8451,N8451,N8451,sa1,1
3181,N37998 /1 undetected,output,,N37998,N37998,1,undetected,N37998,N37998,N37998,sa1,1
3182,N37997 /1 undetected,output,,N37997,N37997,1,undetected,N37997,N37997,N37997,sa1,1
3183,N37995 /1 undetected,output,,N37995,N37995,1,undetected,N37995,N37995,N37995,sa1,1
3184,N37994 /1 undetected,output,,N37994,N37994,1,undetected,N37994,N37994,N37994,sa1,1
3185,N8450 /1 undetected,output,,N8450,N8450,1,undetected,N8450,N8450,N8450,sa1,1
3186,N37992 /1 undetected,output,,N37992,N37992,1,undetected,N37992,N37992,N37992,sa1,1
3187,N37991 /1 undetected,output,,N37991,N37991,1,undetected,N37991,N37991,N37991,sa1,1
3188,N37989 /1 undetected,output,,N37989,N37989,1,undetected,N37989,N37989,N37989,sa1,1
3189,N37988 /1 undetected,output,,N37988,N37988,1,undetected,N37988,N37988,N37988,sa1,1
3190,N8449 /1 undetected,output,,N8449,N8449,1,undetected,N8449,N8449,N8449,sa1,1
3191,N37986 /1 undetected,output,,N37986,N37986,1,undetected,N37986,N37986,N37986,sa1,1
3192,N37985 /1 undetected,output,,N37985,N37985,1,undetected,N37985,N37985,N37985,sa1,1
3193,N37983 /1 undetected,output,,N37983,N37983,1,undetected,N37983,N37983,N37983,sa1,1
3194,N37982 /1 undetected,output,,N37982,N37982,1,undetected,N37982,N37982,N37982,sa1,1
3195,N8448 /1 undetected,output,,N8448,N8448,1,undetected,N8448,N8448,N8448,sa1,1
3196,N37980 /1 undetected,output,,N37980,N37980,1,undetected,N37980,N37980,N37980,sa1,1
3197,N37979 /1 undetected,output,,N37979,N37979,1,undetected,N37979,N37979,N37979,sa1,1
3198,N37977 /1 undetected,output,,N37977,N37977,1,undetected,N37977,N37977,N37977,sa1,1
3199,N37976 /1 undetected,output,,N37976,N37976,1,undetected,N37976,N37976,N37976,sa1,1
3200,N37974 /1 undetected,output,,N37974,N37974,1,undetected,N37974,N37974,N37974,sa1,1
3201,N37973 /1 undetected,output,,N37973,N37973,1,undetected,N37973,N37973,N37973,sa1,1
3202,N8447 /1 undetected,output,,N8447,N8447,1,undetected,N8447,N8447,N8447,sa1,1
3203,N22162 /1 undetected,output,,N22162,N22162,1,undetected,N22162,N22162,N22162,sa1,1
3204,N22161 /1 undetected,output,,N22161,N22161,1,undetected,N22161,N22161,N22161,sa1,1
3205,N8446 /1 undetected,output,,N8446,N8446,1,undetected,N8446,N8446,N8446,sa1,1
3206,N37971 /1 undetected,output,,N37971,N37971,1,undetected,N37971,N37971,N37971,sa1,1
3207,N37970 /1 undetected,output,,N37970,N37970,1,undetected,N37970,N37970,N37970,sa1,1
3208,N37968 /1 undetected,output,,N37968,N37968,1,undetected,N37968,N37968,N37968,sa1,1
3209,N37967 /1 undetected,output,,N37967,N37967,1,undetected,N37967,N37967,N37967,sa1,1
3210,N8445 /1 undetected,output,,N8445,N8445,1,undetected,N8445,N8445,N8445,sa1,1
3211,N37965 /1 undetected,output,,N37965,N37965,1,undetected,N37965,N37965,N37965,sa1,1
3212,N37964 /1 undetected,output,,N37964,N37964,1,undetected,N37964,N37964,N37964,sa1,1
3213,N37962 /1 undetected,output,,N37962,N37962,1,undetected,N37962,N37962,N37962,sa1,1
3214,N37961 /1 undetected,output,,N37961,N37961,1,undetected,N37961,N37961,N37961,sa1,1
3215,N37959 /1 undetected,output,,N37959,N37959,1,undetected,N37959,N37959,N37959,sa1,1
3216,N37958 /1 undetected,output,,N37958,N37958,1,undetected,N37958,N37958,N37958,sa1,1
3217,N8444 /1 undetected,output,,N8444,N8444,1,undetected,N8444,N8444,N8444,sa1,1
3218,N37956 /1 undetected,output,,N37956,N37956,1,undetected,N37956,N37956,N37956,sa1,1
3219,N37955 /1 undetected,output,,N37955,N37955,1,undetected,N37955,N37955,N37955,sa1,1
3220,N37953 /1 undetected,output,,N37953,N37953,1,undetected,N37953,N37953,N37953,sa1,1
3221,N37952 /1 undetected,output,,N37952,N37952,1,undetected,N37952,N37952,N37952,sa1,1
3222,N8443 /1 undetected,output,,N8443,N8443,1,undetected,N8443,N8443,N8443,sa1,1
3223,N37950 /1 undetected,output,,N37950,N37950,1,undetected,N37950,N37950,N37950,sa1,1
3224,N37949 /1 undetected,output,,N37949,N37949,1,undetected,N37949,N37949,N37949,sa1,1
3225,N37947 /1 undetected,output,,N37947,N37947,1,undetected,N37947,N37947,N37947,sa1,1
3226,N37946 /1 undetected,output,,N37946,N37946,1,undetected,N37946,N37946,N37946,sa1,1
3227,N37944 /1 undetected,output,,N37944,N37944,1,undetected,N37944,N37944,N37944,sa1,1
3228,N37943 /1 undetected,output,,N37943,N37943,1,undetected,N37943,N37943,N37943,sa1,1
3229,N8390 /1 undetected,output,,N8390,N8390,1,undetected,N8390,N8390,N8390,sa1,1
3230,N38190 /1 undetected,output,,N38190,N38190,1,undetected,N38190,N38190,N38190,sa1,1
3231,N38187 /1 undetected,output,,N38187,N38187,1,undetected,N38187,N38187,N38187,sa1,1
3232,N38183 /1 undetected,output,,N38183,N38183,1,undetected,N38183,N38183,N38183,sa1,1
3233,N38181 /1 undetected,output,,N38181,N38181,1,undetected,N38181,N38181,N38181,sa1,1
3234,N38178 /1 undetected,output,,N38178,N38178,1,undetected,N38178,N38178,N38178,sa1,1
3235,N38177 /1 undetected,output,,N38177,N38177,1,undetected,N38177,N38177,N38177,sa1,1
3236,N38175 /1 undetected,output,,N38175,N38175,1,undetected,N38175,N38175,N38175,sa1,1
3237,N38174 /1 undetected,output,,N38174,N38174,1,undetected,N38174,N38174,N38174,sa1,1
3238,N38172 /1 undetected,output,,N38172,N38172,1,undetected,N38172,N38172,N38172,sa1,1
3239,N38169 /1 undetected,output,,N38169,N38169,1,undetected,N38169,N38169,N38169,sa1,1
3240,N38166 /1 undetected,output,,N38166,N38166,1,undetected,N38166,N38166,N38166,sa1,1
3241,N38165 /1 undetected,output,,N38165,N38165,1,undetected,N38165,N38165,N38165,sa1,1
3242,N38163 /1 undetected,output,,N38163,N38163,1,undetected,N38163,N38163,N38163,sa1,1
3243,N38162 /1 undetected,output,,N38162,N38162,1,undetected,N38162,N38162,N38162,sa1,1
3244,N38160 /1 undetected,output,,N38160,N38160,1,undetected,N38160,N38160,N38160,sa1,1
3245,N38159 /1 undetected,output,,N38159,N38159,1,undetected,N38159,N38159,N38159,sa1,1
3246,N38157 /1 undetected,output,,N38157,N38157,1,undetected,N38157,N38157,N38157,sa1,1
3247,N38156 /1 undetected,output,,N38156,N38156,1,undetected,N38156,N38156,N38156,sa1,1
3248,N38154 /1 undetected,output,,N38154,N38154,1,undetected,N38154,N38154,N38154,sa1,1
3249,N38153 /1 undetected,output,,N38153,N38153,1,undetected,N38153,N38153,N38153,sa1,1
3250,N8389 /1 undetected,output,,N8389,N8389,1,undetected,N8389,N8389,N8389,sa1,1
3251,N22078 /1 undetected,output,,N22078,N22078,1,undetected,N22078,N22078,N22078,sa1,1
3252,N22077 /1 undetected,output,,N22077,N22077,1,undetected,N22077,N22077,N22077,sa1,1
3253,N8411 /1 undetected,output,,N8411,N8411,1,undetected,N8411,N8411,N8411,sa1,1
3254,N37761 /1 undetected,output,,N37761,N37761,1,undetected,N37761,N37761,N37761,sa1,1
3255,N37760 /1 undetected,output,,N37760,N37760,1,undetected,N37760,N37760,N37760,sa1,1
3256,N37758 /1 undetected,output,,N37758,N37758,1,undetected,N37758,N37758,N37758,sa1,1
3257,N37757 /1 undetected,output,,N37757,N37757,1,undetected,N37757,N37757,N37757,sa1,1
3258,N8410 /1 undetected,output,,N8410,N8410,1,undetected,N8410,N8410,N8410,sa1,1
3259,N37755 /1 undetected,output,,N37755,N37755,1,undetected,N37755,N37755,N37755,sa1,1
3260,N37754 /1 undetected,output,,N37754,N37754,1,undetected,N37754,N37754,N37754,sa1,1
3261,N37752 /1 undetected,output,,N37752,N37752,1,undetected,N37752,N37752,N37752,sa1,1
3262,N37751 /1 undetected,output,,N37751,N37751,1,undetected,N37751,N37751,N37751,sa1,1
3263,N37749 /1 undetected,output,,N37749,N37749,1,undetected,N37749,N37749,N37749,sa1,1
3264,N37748 /1 undetected,output,,N37748,N37748,1,undetected,N37748,N37748,N37748,sa1,1
3265,N8409 /1 undetected,output,,N8409,N8409,1,undetected,N8409,N8409,N8409,sa1,1
3266,N37746 /1 undetected,output,,N37746,N37746,1,undetected,N37746,N37746,N37746,sa1,1
3267,N37745 /1 undetected,output,,N37745,N37745,1,undetected,N37745,N37745,N37745,sa1,1
3268,N37743 /1 undetected,output,,N37743,N37743,1,undetected,N37743,N37743,N37743,sa1,1
3269,N37742 /1 undetected,output,,N37742,N37742,1,undetected,N37742,N37742,N37742,sa1,1
3270,N37740 /1 undetected,output,,N37740,N37740,1,undetected,N37740,N37740,N37740,sa1,1
3271,N37739 /1 undetected,output,,N37739,N37739,1,undetected,N37739,N37739,N37739,sa1,1
3272,N8408 /1 undetected,output,,N8408,N8408,1,undetected,N8408,N8408,N8408,sa1,1
3273,N37737 /1 undetected,output,,N37737,N37737,1,undetected,N37737,N37737,N37737,sa1,1
3274,N37736 /1 undetected,output,,N37736,N37736,1,undetected,N37736,N37736,N37736,sa1,1
3275,N37734 /1 undetected,output,,N37734,N37734,1,undetected,N37734,N37734,N37734,sa1,1
3276,N37733 /1 undetected,output,,N37733,N37733,1,undetected,N37733,N37733,N37733,sa1,1
3277,N37731 /1 undetected,output,,N37731,N37731,1,undetected,N37731,N37731,N37731,sa1,1
3278,N37730 /1 undetected,output,,N37730,N37730,1,undetected,N37730,N37730,N37730,sa1,1
3279,N8407 /1 undetected,output,,N8407,N8407,1,undetected,N8407,N8407,N8407,sa1,1
3280,N22065 /1 undetected,output,,N22065,N22065,1,undetected,N22065,N22065,N22065,sa1,1
3281,N22064 /1 undetected,output,,N22064,N22064,1,undetected,N22064,N22064,N22064,sa1,1
3282,N8406 /1 undetected,output,,N8406,N8406,1,undetected,N8406,N8406,N8406,sa1,1
3283,N37728 /1 undetected,output,,N37728,N37728,1,undetected,N37728,N37728,N37728,sa1,1
3284,N37727 /1 undetected,output,,N37727,N37727,1,undetected,N37727,N37727,N37727,sa1,1
3285,N37725 /1 undetected,output,,N37725,N37725,1,undetected,N37725,N37725,N37725,sa1,1
3286,N37724 /1 undetected,output,,N37724,N37724,1,undetected,N37724,N37724,N37724,sa1,1
3287,N8405 /1 undetected,output,,N8405,N8405,1,undetected,N8405,N8405,N8405,sa1,1
3288,N37722 /1 undetected,output,,N37722,N37722,1,undetected,N37722,N37722,N37722,sa1,1
3289,N37721 /1 undetected,output,,N37721,N37721,1,undetected,N37721,N37721,N37721,sa1,1
3290,N37719 /1 undetected,output,,N37719,N37719,1,undetected,N37719,N37719,N37719,sa1,1
3291,N37718 /1 undetected,output,,N37718,N37718,1,undetected,N37718,N37718,N37718,sa1,1
3292,N37716 /1 undetected,output,,N37716,N37716,1,undetected,N37716,N37716,N37716,sa1,1
3293,N37715 /1 undetected,output,,N37715,N37715,1,undetected,N37715,N37715,N37715,sa1,1
3294,N8404 /1 undetected,output,,N8404,N8404,1,undetected,N8404,N8404,N8404,sa1,1
3295,N37713 /1 undetected,output,,N37713,N37713,1,undetected,N37713,N37713,N37713,sa1,1
3296,N37712 /1 undetected,output,,N37712,N37712,1,undetected,N37712,N37712,N37712,sa1,1
3297,N37710 /1 undetected,output,,N37710,N37710,1,undetected,N37710,N37710,N37710,sa1,1
3298,N37709 /1 undetected,output,,N37709,N37709,1,undetected,N37709,N37709,N37709,sa1,1
3299,N37707 /1 undetected,output,,N37707,N37707,1,undetected,N37707,N37707,N37707,sa1,1
3300,N37706 /1 undetected,output,,N37706,N37706,1,undetected,N37706,N37706,N37706,sa1,1
3301,N8403 /1 undetected,output,,N8403,N8403,1,undetected,N8403,N8403,N8403,sa1,1
3302,N37704 /1 undetected,output,,N37704,N37704,1,undetected,N37704,N37704,N37704,sa1,1
3303,N37703 /1 undetected,output,,N37703,N37703,1,undetected,N37703,N37703,N37703,sa1,1
3304,N37701 /1 undetected,output,,N37701,N37701,1,undetected,N37701,N37701,N37701,sa1,1
3305,N37700 /1 undetected,output,,N37700,N37700,1,undetected,N37700,N37700,N37700,sa1,1
3306,N37698 /1 undetected,output,,N37698,N37698,1,undetected,N37698,N37698,N37698,sa1,1
3307,N37697 /1 undetected,output,,N37697,N37697,1,undetected,N37697,N37697,N37697,sa1,1
3308,N8525 /1 undetected,output,,N8525,N8525,1,undetected,N8525,N8525,N8525,sa1,1
3309,N8472 /1 undetected,output,,N8472,N8472,1,undetected,N8472,N8472,N8472,sa1,1
3310,N22216 /1 undetected,output,,N22216,N22216,1,undetected,N22216,N22216,N22216,sa1,1
3311,N22215 /1 undetected,output,,N22215,N22215,1,undetected,N22215,N22215,N22215,sa1,1
3312,N8471 /1 undetected,output,,N8471,N8471,1,undetected,N8471,N8471,N8471,sa1,1
3313,N38103 /1 undetected,output,,N38103,N38103,1,undetected,N38103,N38103,N38103,sa1,1
3314,N38102 /1 undetected,output,,N38102,N38102,1,undetected,N38102,N38102,N38102,sa1,1
3315,N38100 /1 undetected,output,,N38100,N38100,1,undetected,N38100,N38100,N38100,sa1,1
3316,N38099 /1 undetected,output,,N38099,N38099,1,undetected,N38099,N38099,N38099,sa1,1
3317,N8470 /1 undetected,output,,N8470,N8470,1,undetected,N8470,N8470,N8470,sa1,1
3318,N38097 /1 undetected,output,,N38097,N38097,1,undetected,N38097,N38097,N38097,sa1,1
3319,N38096 /1 undetected,output,,N38096,N38096,1,undetected,N38096,N38096,N38096,sa1,1
3320,N38094 /1 undetected,output,,N38094,N38094,1,undetected,N38094,N38094,N38094,sa1,1
3321,N38093 /1 undetected,output,,N38093,N38093,1,undetected,N38093,N38093,N38093,sa1,1
3322,N8469 /1 undetected,output,,N8469,N8469,1,undetected,N8469,N8469,N8469,sa1,1
3323,N38091 /1 undetected,output,,N38091,N38091,1,undetected,N38091,N38091,N38091,sa1,1
3324,N38090 /1 undetected,output,,N38090,N38090,1,undetected,N38090,N38090,N38090,sa1,1
3325,N38088 /1 undetected,output,,N38088,N38088,1,undetected,N38088,N38088,N38088,sa1,1
3326,N38087 /1 undetected,output,,N38087,N38087,1,undetected,N38087,N38087,N38087,sa1,1
3327,N8468 /1 undetected,output,,N8468,N8468,1,undetected,N8468,N8468,N8468,sa1,1
3328,N38085 /1 undetected,output,,N38085,N38085,1,undetected,N38085,N38085,N38085,sa1,1
3329,N38084 /1 undetected,output,,N38084,N38084,1,undetected,N38084,N38084,N38084,sa1,1
3330,N38082 /1 undetected,output,,N38082,N38082,1,undetected,N38082,N38082,N38082,sa1,1
3331,N38081 /1 undetected,output,,N38081,N38081,1,undetected,N38081,N38081,N38081,sa1,1
3332,N22206 /1 undetected,output,,N22206,N22206,1,undetected,N22206,N22206,N22206,sa1,1
3333,N22205 /1 undetected,output,,N22205,N22205,1,undetected,N22205,N22205,N22205,sa1,1
3334,N8466 /1 undetected,output,,N8466,N8466,1,undetected,N8466,N8466,N8466,sa1,1
3335,N38079 /1 undetected,output,,N38079,N38079,1,undetected,N38079,N38079,N38079,sa1,1
3336,N38078 /1 undetected,output,,N38078,N38078,1,undetected,N38078,N38078,N38078,sa1,1
3337,N38076 /1 undetected,output,,N38076,N38076,1,undetected,N38076,N38076,N38076,sa1,1
3338,N38075 /1 undetected,output,,N38075,N38075,1,undetected,N38075,N38075,N38075,sa1,1
3339,N8465 /1 undetected,output,,N8465,N8465,1,undetected,N8465,N8465,N8465,sa1,1
3340,N38073 /1 undetected,output,,N38073,N38073,1,undetected,N38073,N38073,N38073,sa1,1
3341,N38072 /1 undetected,output,,N38072,N38072,1,undetected,N38072,N38072,N38072,sa1,1
3342,N38070 /1 undetected,output,,N38070,N38070,1,undetected,N38070,N38070,N38070,sa1,1
3343,N38069 /1 undetected,output,,N38069,N38069,1,undetected,N38069,N38069,N38069,sa1,1
3344,N8464 /1 undetected,output,,N8464,N8464,1,undetected,N8464,N8464,N8464,sa1,1
3345,N38067 /1 undetected,output,,N38067,N38067,1,undetected,N38067,N38067,N38067,sa1,1
3346,N38066 /1 undetected,output,,N38066,N38066,1,undetected,N38066,N38066,N38066,sa1,1
3347,N38064 /1 undetected,output,,N38064,N38064,1,undetected,N38064,N38064,N38064,sa1,1
3348,N38063 /1 undetected,output,,N38063,N38063,1,undetected,N38063,N38063,N38063,sa1,1
3349,N8463 /1 undetected,output,,N8463,N8463,1,undetected,N8463,N8463,N8463,sa1,1
3350,N38061 /1 undetected,output,,N38061,N38061,1,undetected,N38061,N38061,N38061,sa1,1
3351,N38060 /1 undetected,output,,N38060,N38060,1,undetected,N38060,N38060,N38060,sa1,1
3352,N38058 /1 undetected,output,,N38058,N38058,1,undetected,N38058,N38058,N38058,sa1,1
3353,N38057 /1 undetected,output,,N38057,N38057,1,undetected,N38057,N38057,N38057,sa1,1
3354,N38055 /1 undetected,output,,N38055,N38055,1,undetected,N38055,N38055,N38055,sa1,1
3355,N38054 /1 undetected,output,,N38054,N38054,1,undetected,N38054,N38054,N38054,sa1,1
3356,N8557 /1 undetected,output,,N8557,N8557,1,undetected,N8557,N8557,N8557,sa1,1
3357,N22236 /1 undetected,output,,N22236,N22236,1,undetected,N22236,N22236,N22236,sa1,1
3358,N22235 /1 undetected,output,,N22235,N22235,1,undetected,N22235,N22235,N22235,sa1,1
3359,N8481 /1 undetected,output,,N8481,N8481,1,undetected,N8481,N8481,N8481,sa1,1
3360,N38151 /1 undetected,output,,N38151,N38151,1,undetected,N38151,N38151,N38151,sa1,1
3361,N38150 /1 undetected,output,,N38150,N38150,1,undetected,N38150,N38150,N38150,sa1,1
3362,N38148 /1 undetected,output,,N38148,N38148,1,undetected,N38148,N38148,N38148,sa1,1
3363,N38147 /1 undetected,output,,N38147,N38147,1,undetected,N38147,N38147,N38147,sa1,1
3364,N8480 /1 undetected,output,,N8480,N8480,1,undetected,N8480,N8480,N8480,sa1,1
3365,N38145 /1 undetected,output,,N38145,N38145,1,undetected,N38145,N38145,N38145,sa1,1
3366,N38144 /1 undetected,output,,N38144,N38144,1,undetected,N38144,N38144,N38144,sa1,1
3367,N38142 /1 undetected,output,,N38142,N38142,1,undetected,N38142,N38142,N38142,sa1,1
3368,N38141 /1 undetected,output,,N38141,N38141,1,undetected,N38141,N38141,N38141,sa1,1
3369,N8479 /1 undetected,output,,N8479,N8479,1,undetected,N8479,N8479,N8479,sa1,1
3370,N38139 /1 undetected,output,,N38139,N38139,1,undetected,N38139,N38139,N38139,sa1,1
3371,N38138 /1 undetected,output,,N38138,N38138,1,undetected,N38138,N38138,N38138,sa1,1
3372,N38136 /1 undetected,output,,N38136,N38136,1,undetected,N38136,N38136,N38136,sa1,1
3373,N38135 /1 undetected,output,,N38135,N38135,1,undetected,N38135,N38135,N38135,sa1,1
3374,N8478 /1 undetected,output,,N8478,N8478,1,undetected,N8478,N8478,N8478,sa1,1
3375,N38133 /1 undetected,output,,N38133,N38133,1,undetected,N38133,N38133,N38133,sa1,1
3376,N38132 /1 undetected,output,,N38132,N38132,1,undetected,N38132,N38132,N38132,sa1,1
3377,N38130 /1 undetected,output,,N38130,N38130,1,undetected,N38130,N38130,N38130,sa1,1
3378,N38129 /1 undetected,output,,N38129,N38129,1,undetected,N38129,N38129,N38129,sa1,1
3379,N22225 /1 undetected,output,,N22225,N22225,1,undetected,N22225,N22225,N22225,sa1,1
3380,N8476 /1 undetected,output,,N8476,N8476,1,undetected,N8476,N8476,N8476,sa1,1
3381,N38127 /1 undetected,output,,N38127,N38127,1,undetected,N38127,N38127,N38127,sa1,1
3382,N38126 /1 undetected,output,,N38126,N38126,1,undetected,N38126,N38126,N38126,sa1,1
3383,N38124 /1 undetected,output,,N38124,N38124,1,undetected,N38124,N38124,N38124,sa1,1
3384,N38123 /1 undetected,output,,N38123,N38123,1,undetected,N38123,N38123,N38123,sa1,1
3385,N8475 /1 undetected,output,,N8475,N8475,1,undetected,N8475,N8475,N8475,sa1,1
3386,N38121 /1 undetected,output,,N38121,N38121,1,undetected,N38121,N38121,N38121,sa1,1
3387,N38120 /1 undetected,output,,N38120,N38120,1,undetected,N38120,N38120,N38120,sa1,1
3388,N38118 /1 undetected,output,,N38118,N38118,1,undetected,N38118,N38118,N38118,sa1,1
3389,N38117 /1 undetected,output,,N38117,N38117,1,undetected,N38117,N38117,N38117,sa1,1
3390,N8474 /1 undetected,output,,N8474,N8474,1,undetected,N8474,N8474,N8474,sa1,1
3391,N38115 /1 undetected,output,,N38115,N38115,1,undetected,N38115,N38115,N38115,sa1,1
3392,N38114 /1 undetected,output,,N38114,N38114,1,undetected,N38114,N38114,N38114,sa1,1
3393,N38112 /1 undetected,output,,N38112,N38112,1,undetected,N38112,N38112,N38112,sa1,1
3394,N38111 /1 undetected,output,,N38111,N38111,1,undetected,N38111,N38111,N38111,sa1,1
3395,N8473 /1 undetected,output,,N8473,N8473,1,undetected,N8473,N8473,N8473,sa1,1
3396,N38109 /1 undetected,output,,N38109,N38109,1,undetected,N38109,N38109,N38109,sa1,1
3397,N38108 /1 undetected,output,,N38108,N38108,1,undetected,N38108,N38108,N38108,sa1,1
3398,N38106 /1 undetected,output,,N38106,N38106,1,undetected,N38106,N38106,N38106,sa1,1
3399,N38105 /1 undetected,output,,N38105,N38105,1,undetected,N38105,N38105,N38105,sa1,1
3400,N14143 /0 undetected,output,,N14143,N14143,0,undetected,N14143,N14143,N14143,sa0,1
3401,N38409 /1 undetected,output,,N38409,N38409,1,undetected,N38409,N38409,N38409,sa1,1
3402,N38406 /1 undetected,output,,N38406,N38406,1,undetected,N38406,N38406,N38406,sa1,1
3403,N38402 /1 undetected,output,,N38402,N38402,1,undetected,N38402,N38402,N38402,sa1,1
3404,N38400 /1 undetected,output,,N38400,N38400,1,undetected,N38400,N38400,N38400,sa1,1
3405,N40400 /1 undetected,output,,N40400,N40400,1,undetected,N40400,N40400,N40400,sa1,1
3406,N51701 /1 undetected,output,,N51701,N51701,1,undetected,N51701,N51701,N51701,sa1,1
3407,N39361 /1 undetected,output,,N39361,N39361,1,undetected,N39361,N39361,N39361,sa1,1
3408,N45914 /1 undetected,output,,N45914,N45914,1,undetected,N45914,N45914,N45914,sa1,1
3409,N14222 /1 undetected,output,,N14222,N14222,1,undetected,N14222,N14222,N14222,sa1,1
3410,N14220 /1 undetected,output,,N14220,N14220,1,undetected,N14220,N14220,N14220,sa1,1
3411,N14216 /1 undetected,output,,N14216,N14216,1,undetected,N14216,N14216,N14216,sa1,1
3412,N14216 /0 undetected,output,,N14216,N14216,0,undetected,N14216,N14216,N14216,sa0,1
3413,N14214 /1 undetected,output,,N14214,N14214,1,undetected,N14214,N14214,N14214,sa1,1
3414,N14214 /0 undetected,output,,N14214,N14214,0,undetected,N14214,N14214,N14214,sa0,1
3415,N14210 /1 undetected,output,,N14210,N14210,1,undetected,N14210,N14210,N14210,sa1,1
3416,N14210 /0 undetected,output,,N14210,N14210,0,undetected,N14210,N14210,N14210,sa0,1
3417,N8532 /1 undetected,output,,N8532,N8532,1,undetected,N8532,N8532,N8532,sa1,1
3418,N8532 /0 undetected,output,,N8532,N8532,0,undetected,N8532,N8532,N8532,sa0,1
3419,N8520 /1 undetected,output,,N8520,N8520,1,undetected,N8520,N8520,N8520,sa1,1
3420,N8520 /0 undetected,output,,N8520,N8520,0,undetected,N8520,N8520,N8520,sa0,1
